date,hour,type,1001A,1002A,1003A,1004A,1005A,1006A,1007A,1008A,1009A,1010A,1011A,1012A,1013A,1014A,1015A,1016A,1017A,1018A,1019A,1020A,1021A,1022A,1023A,1024A,1025A,1026A,1027A,1028A,1029A,1030A,1031A,1032A,1033A,1034A,1035A,1036A,1037A,1038A,1039A,1040A,1041A,1042A,1043A,1044A,1045A,1046A,1047A,1048A,1049A,1050A,1051A,1052A,1053A,1054A,1055A,1056A,1057A,1058A,1059A,1060A,1061A,1062A,1063A,1064A,1065A,1066A,1067A,1068A,1069A,1070A,1071A,1072A,1073A,1074A,1075A,1076A,1077A,1078A,1079A,1080A,1081A,1082A,1083A,1084A,1085A,1086A,1087A,1088A,1089A,1090A,1091A,1092A,1093A,1094A,1095A,1096A,1097A,1098A,1099A,1100A,1101A,1102A,1103A,1104A,1105A,1106A,1107A,1108A,1109A,1110A,1111A,1112A,1113A,1114A,1115A,1116A,1117A,1118A,1119A,1120A,1121A,1122A,1123A,1124A,1125A,1126A,1127A,1128A,1129A,1130A,1131A,1132A,1133A,1134A,1135A,1136A,1137A,1138A,1139A,1140A,1141A,1142A,1143A,1144A,1145A,1146A,1147A,1148A,1149A,1150A,1151A,1152A,1153A,1154A,1155A,1156A,1157A,1158A,1159A,1160A,1161A,1162A,1163A,1164A,1165A,1166A,1167A,1168A,1169A,1170A,1171A,1172A,1173A,1174A,1175A,1176A,1177A,1178A,1179A,1180A,1181A,1182A,1183A,1184A,1185A,1186A,1187A,1188A,1189A,1190A,1191A,1192A,1193A,1194A,1195A,1196A,1197A,1198A,1199A,1200A,1201A,1202A,1203A,1204A,1205A,1206A,1207A,1208A,1209A,1210A,1211A,1212A,1213A,1214A,1215A,1216A,1217A,1218A,1219A,1220A,1221A,1222A,1223A,1224A,1225A,1226A,1227A,1228A,1229A,1230A,1231A,1232A,1233A,1234A,1235A,1236A,1237A,1238A,1239A,1240A,1241A,1242A,1243A,1244A,1245A,1246A,1247A,1248A,1249A,1250A,1251A,1252A,1253A,1254A,1255A,1256A,1257A,1258A,1259A,1260A,1261A,1262A,1263A,1264A,1265A,1266A,1267A,1268A,1269A,1270A,1271A,1272A,1273A,1274A,1275A,1276A,1277A,1278A,1279A,1280A,1281A,1282A,1283A,1284A,1285A,1286A,1287A,1288A,1290A,1291A,1292A,1293A,1294A,1295A,1296A,1297A,1298A,1299A,1300A,1301A,1302A,1303A,1304A,1305A,1306A,1307A,1308A,1309A,1310A,1311A,1312A,1313A,1314A,1315A,1316A,1317A,1318A,1319A,1320A,1321A,1322A,1323A,1324A,1325A,1326A,1327A,1328A,1329A,1330A,1331A,1332A,1333A,1334A,1335A,1336A,1337A,1338A,1339A,1340A,1341A,1342A,1343A,1344A,1345A,1346A,1347A,1348A,1349A,1350A,1351A,1352A,1353A,1354A,1355A,1356A,1357A,1358A,1359A,1360A,1361A,1362A,1363A,1364A,1365A,1366A,1367A,1368A,1369A,1370A,1371A,1372A,1373A,1374A,1375A,1376A,1377A,1378A,1379A,1380A,1381A,1382A,1383A,1384A,1385A,1386A,1387A,1388A,1389A,1390A,1391A,1392A,1393A,1394A,1395A,1396A,1397A,1398A,1399A,1400A,1401A,1402A,1403A,1404A,1405A,1406A,1407A,1408A,1409A,1410A,1411A,1412A,1413A,1414A,1415A,1416A,1417A,1418A,1419A,1420A,1421A,1422A,1423A,1424A,1425A,1426A,1427A,1428A,1429A,1430A,1431A,1432A,1433A,1434A,1435A,1436A,1437A,1438A,1439A,1440A,1441A,1442A,1443A,1444A,1445A,1446A,1447A,1449A,1450A,1451A,1452A,1453A,1454A,1455A,1456A,1457A,1458A,1459A,1460A,1461A,1462A,1463A,1464A,1465A,1466A,1467A,1468A,1469A,1470A,1471A,1472A,1473A,1474A,1475A,1476A,1477A,1478A,1479A,1480A,1481A,1482A,1483A,1484A,1485A,1486A,1487A,1488A,1489A,1490A,1491A,1492A,1493A,1494A,1495A,1496A,1508A,1511A,1512A,1513A,1514A,1515A,1518A,1519A,1520A,1524A,1552A,1559A,1562A,1564A,1585A,1586A,1587A,1588A,1589A,1590A,1591A,1592A,1593A,1594A,1595A,1596A,1597A,1598A,1599A,1600A,1601A,1602A,1603A,1604A,1605A,1606A,1607A,1608A,1609A,1610A,1611A,1612A,1613A,1614A,1615A,1616A,1617A,1618A,1619A,1620A,1621A,1622A,1623A,1624A,1625A,1626A,1627A,1628A,1629A,1630A,1631A,1632A,1633A,1634A,1635A,1636A,1637A,1638A,1639A,1640A,1641A,1642A,1643A,1644A,1645A,1646A,1647A,1648A,1649A,1650A,1651A,1652A,1653A,1654A,1655A,1656A,1657A,1658A,1659A,1660A,1661A,1662A,1663A,1664A,1665A,1666A,1667A,1668A,1669A,1670A,1671A,1672A,1673A,1674A,1675A,1676A,1677A,1678A,1679A,1680A,1681A,1682A,1683A,1684A,1685A,1686A,1687A,1688A,1689A,1690A,1691A,1692A,1693A,1694A,1695A,1696A,1697A,1698A,1699A,1700A,1701A,1702A,1703A,1704A,1705A,1706A,1707A,1708A,1709A,1710A,1711A,1712A,1713A,1714A,1715A,1716A,1717A,1718A,1719A,1720A,1721A,1722A,1723A,1724A,1725A,1726A,1727A,1728A,1729A,1730A,1731A,1732A,1733A,1734A,1735A,1736A,1737A,1738A,1739A,1740A,1741A,1742A,1743A,1744A,1745A,1746A,1747A,1748A,1749A,1750A,1751A,1752A,1753A,1754A,1755A,1756A,1757A,1758A,1759A,1760A,1761A,1762A,1763A,1764A,1765A,1766A,1767A,1768A,1769A,1770A,1771A,1772A,1773A,1774A,1775A,1776A,1778A,1779A,1780A,1781A,1782A,1783A,1784A,1785A,1786A,1787A,1788A,1789A,1790A,1791A,1792A,1793A,1794A,1795A,1796A,1797A,1798A,1799A,1800A,1801A,1802A,1803A,1804A,1805A,1806A,1807A,1808A,1809A,1810A,1811A,1812A,1813A,1814A,1815A,1816A,1817A,1818A,1819A,1820A,1821A,1822A,1823A,1824A,1825A,1826A,1827A,1828A,1829A,1830A,1831A,1832A,1833A,1834A,1835A,1836A,1837A,1838A,1839A,1840A,1841A,1842A,1843A,1844A,1845A,1846A,1847A,1848A,1849A,1850A,1851A,1852A,1853A,1854A,1855A,1856A,1857A,1858A,1859A,1860A,1861A,1862A,1863A,1864A,1865A,1866A,1867A,1868A,1869A,1870A,1871A,1872A,1873A,1874A,1875A,1876A,1877A,1878A,1879A,1880A,1881A,1882A,1883A,1884A,1885A,1886A,1887A,1888A,1889A,1890A,1891A,1893A,1894A,1895A,1896A,1897A,1898A,1899A,1900A,1901A,1902A,1903A,1904A,1905A,1906A,1907A,1908A,1909A,1910A,1911A,1912A,1913A,1914A,1915A,1916A,1917A,1918A,1919A,1920A,1921A,1922A,1923A,1924A,1925A,1926A,1927A,1928A,1929A,1930A,1931A,1932A,1933A,1934A,1935A,1936A,1937A,1938A,1939A,1940A,1941A,1942A,1943A,1944A,1945A,1947A,1948A,1949A,1950A,1951A,1952A,1953A,1954A,1955A,1956A,1957A,1958A,1959A,1960A,1961A,1962A,1963A,1964A,1965A,1966A,1967A,1968A,1969A,1970A,1971A,1972A,1973A,1974A,1975A,1976A,1977A,1978A,1979A,1980A,1981A,1982A,1983A,1984A,1985A,1986A,1987A,1988A,1989A,1990A,1991A,1992A,1993A,1994A,1995A,1996A,1997A,1998A,1999A,2000A,2001A,2002A,2003A,2004A,2005A,2006A,2007A,2008A,2009A,2010A,2011A,2012A,2013A,2014A,2015A,2016A,2017A,2018A,2019A,2031A,2054A,2064A,2065A,2066A,2067A,2068A,2069A,2070A,2073A,2074A,2075A,2160A,2161A,2162A,2163A,2164A,2165A,2166A,2167A,2168A,2169A,2170A,2171A,2172A,2173A,2174A,2175A,2176A,2177A,2178A,2179A,2180A,2181A,2182A,2183A,2184A,2185A,2186A,2187A,2188A,2189A,2190A,2191A,2192A,2193A,2194A,2195A,2196A,2197A,2198A,2199A,2200A,2201A,2202A,2203A,2204A,2205A,2206A,2207A,2208A,2209A,2210A,2211A,2212A,2213A,2214A,2215A,2216A,2217A,2218A,2219A,2220A,2221A,2222A,2223A,2224A,2225A,2226A,2227A,2228A,2229A,2230A,2231A,2232A,2233A,2234A,2235A,2236A,2237A,2238A,2239A,2240A,2241A,2242A,2243A,2244A,2245A,2246A,2247A,2248A,2249A,2250A,2251A,2252A,2253A,2254A,2255A,2256A,2257A,2258A,2259A,2260A,2261A,2262A,2263A,2264A,2265A,2266A,2267A,2268A,2269A,2270A,2271A,2272A,2273A,2274A,2275A,2276A,2277A,2278A,2279A,2280A,2281A,2282A,2283A,2284A,2285A,2286A,2287A,2288A,2289A,2290A,2291A,2292A,2293A,2294A,2295A,2296A,2297A,2298A,2299A,2300A,2301A,2302A,2303A,2304A,2305A,2306A,2307A,2308A,2309A,2310A,2311A,2312A,2313A,2314A,2315A,2316A,2317A,2318A,2319A,2320A,2321A,2322A,2323A,2324A,2325A,2326A,2327A,2331A,2332A,2333A,2334A,2335A,2336A,2337A,2338A,2339A,2340A,2341A,2342A,2343A,2344A,2345A,2346A,2347A,2348A,2349A,2350A,2351A,2352A,2353A,2354A,2355A,2356A,2357A,2358A,2359A,2360A,2361A,2362A,2363A,2364A,2365A,2366A,2367A,2368A,2369A,2370A,2371A,2372A,2373A,2374A,2375A,2376A,2377A,2378A,2379A,2380A,2381A,2382A,2383A,2384A,2385A,2386A,2387A,2388A,2389A,2390A,2391A,2392A,2393A,2394A,2395A,2396A,2397A,2398A,2399A,2400A,2401A,2402A,2403A,2404A,2405A,2406A,2407A,2408A,2409A,2410A,2411A,2420A,2421A,2422A,2423A,2424A,2425A,2426A,2427A,2428A,2429A,2430A,2431A,2432A,2433A,2434A,2435A,2436A,2437A,2438A,2439A,2440A,2441A,2442A,2443A,2444A,2445A,2446A,2447A,2448A,2449A,2450A,2451A,2452A,2453A,2454A,2455A,2456A,2457A,2458A,2459A,2460A,2461A,2462A,2463A,2464A,2465A,2466A,2467A,2468A,2469A,2470A,2471A,2472A,2473A,2474A,2475A,2476A,2477A,2478A,2479A,2480A,2481A,2482A,2483A,2484A,2485A,2486A,2487A,2488A,2489A,2490A,2491A,2492A,2493A,2494A,2495A,2496A,2497A,2498A,2499A,2500A,2501A,2502A,2503A,2504A,2505A,2506A,2507A,2508A,2509A,2510A,2511A,2512A,2513A,2514A,2515A,2516A,2517A,2518A,2519A,2520A,2521A,2522A,2523A,2524A,2525A,2526A,2527A,2528A,2529A,2530A,2531A,2532A,2533A,2534A,2535A,2536A,2537A,2538A,2539A,2540A,2541A,2542A,2543A,2544A,2545A,2546A,2547A,2548A,2549A,2550A,2551A,2552A,2553A,2554A,2555A,2556A,2557A,2558A,2559A,2560A,2561A,2562A,2563A,2564A,2565A,2566A,2567A,2568A,2569A,2570A,2571A,2572A,2573A,2574A,2575A,2576A,2577A,2578A,2579A,2580A,2581A,2582A,2583A,2584A,2585A,2586A,2587A,2588A,2589A,2590A,2591A,2592A,2593A,2594A,2595A,2596A,2597A,2598A,2599A,2600A,2601A,2602A,2603A,2604A,2605A,2606A,2607A,2608A,2609A,2610A,2611A,2612A,2613A,2614A,2615A,2616A,2617A,2618A,2619A,2620A,2621A,2622A,2623A,2624A,2625A,2626A,2627A,2628A,2629A,2630A,2631A,2632A,2633A,2634A,2635A,2636A,2637A,2638A,2639A,2640A,2641A,2642A,2643A,2644A,2645A,2646A,2647A,2648A,2649A,2650A,2651A,2652A,2653A,2654A,2655A,2656A,2657A,2658A,2659A,2660A,2661A,2662A,2663A,2664A,2665A,2666A,2667A,2668A,2669A,2670A,2671A,2672A,2673A,2674A,2675A,2676A,2677A,2678A,2679A,2680A,2681A,2682A,2683A,2684A,2685A,2686A,2687A,2688A,2689A,2690A,2691A,2692A,2693A,2694A,2695A,2696A,2697A,2698A,2699A,2700A,2701A,2702A,2703A,2704A,2705A,2706A,2707A,2708A,2709A,2710A,2711A,2835A,2842A,2845A,2846A,2858A,2859A,2860A,2862A,2865A,2866A,2867A,2868A,2869A,2870A,2871A,2872A,2873A,2874A,2875A,2876A,2877A,2878A,2880A,2881A,2882A,2883A,2884A,2885A,2894A,2897A,2900A,2902A,2907A,2914A,2915A,2916A,2919A,2920A,2921A,2922A,2923A,2924A,2925A,2926A,2929A,2994A,2996A,2997A,2998A,2999A,3000A,3002A,3003A,3004A,3005A,3006A,3007A,3008A,3009A,3010A,3012A,3014A,3015A,3016A,3018A,3019A,3020A,3021A,3022A,3025A,3026A,3027A,3028A,3033A,3034A,3035A,3036A,3038A,3039A,3045A,3046A,3048A,3051A,3054A,3055A,3057A,3058A,3059A,3061A,3064A,3065A,3066A,3109A,3122A,3123A,3124A,3125A,3128A,3129A,3131A,3132A,3133A,3134A,3136A,3137A,3138A,3139A,3140A,3141A,3147A,3148A,3149A,3151A,3153A,3164A,3165A,3169A,3170A,3171A,3173A,3178A,3179A,3180A,3182A,3183A,3184A,3185A,3186A,3187A,3188A,3190A,3191A,3192A,3194A,3195A,3200A,3201A,3204A,3206A,3207A,3208A,3209A,3210A,3216A,3237A,3238A,3239A,3241A,3242A,3245A,3246A,3247A,3248A,3265A,3266A,3268A,3269A,3270A,3271A,3272A,3273A,3274A,3281A,3282A,3283A,3284A,3285A,3286A,3287A,3288A,3289A,3290A,3291A,3293A,3294A,3295A,3298A,3299A,3300A,3301A,3302A,3303A,3304A,3305A,3306A,3307A,3308A,3311A,3313A,3314A,3315A,3317A,3318A,3319A,3320A,3323A,3324A,3325A,3326A,3327A,3328A,3329A,3330A,3331A,3332A,3333A,3334A,3335A,3336A,3337A,3338A,3339A,3340A,3341A,3342A,3343A,3344A,3345A,3346A,3347A,3348A,3349A,3350A,3351A,3352A,3353A,3354A,3355A,3356A,3357A,3358A,3359A,3360A,3361A,3362A,3363A,3364A,3365A,3366A,3368A,3369A,3370A,3371A,3372A,3374A,3375A,3376A,3377A,3378A,3379A,3380A,3396A,3397A,3398A,3399A,3400A,3401A,3402A,3403A,3404A,3405A,3406A,3407A,3408A,3409A,3410A,3411A,3413A,3414A,3415A,3416A,3417A,3418A,3419A,3421A,3422A,3423A,3424A,3425A,3426A,3427A,3428A,3429A,3430A,3431A,3432A,3434A,3435A,3436A,3437A,3438A,3439A,3440A,3441A,3442A,3443A,3444A,3445A,3446A,3447A,3448A,3449A,3450A,3451A,3452A,3453A,3454A,3455A,3456A,3457A,3458A,3459A,3460A,3461A,3462A,3463A,3464A,3465A,3466A,3468A,3469A,3470A,3471A,3473A,3474A,3475A,3476A,3477A,3478A,3479A,3480A,3481A,3482A,3483A,3484A,3485A,3486A,3487A,3488A,3489A,3490A,3491A,3492A,3494A,3495A,3496A,3498A,3500A,3501A,3502A,3503A,3504A,3505A,3507A,3511A,3512A,3513A,3514A,3515A,3516A,3520A,3521A,3522A,3523A,3524A,3525A,3526A,3527A,3528A,3529A,3530A,3531A,3532A,3533A,3534A,3535A,3536A,3537A,3538A,3539A,3540A,3541A,3542A,3543A,3544A,3545A,3546A,3547A,3548A,3549A,3550A,3551A,3552A,3557A,3558A,3560A,3561A,3562A,3564A,3565A,3566A,3567A,3568A,3569A,3570A,3571A,3572A,3573A,3574A,3575A,3576A,3577A,3578A,3579A,3580A,3581A,3582A,3583A,3584A,3585A,3586A,3587A,3588A,3589A,3590A,3591A,3592A,3593A,3594A,3596A,3597A,3598A,3599A,3600A,3601A,3604A,3605A,3606A,3607A,3608A,3610A,3612A,3613A,3614A,3615A,3616A,3617A,3618A,3619A,3620A,3621A,3622A,3623A,3624A,3625A,3626A,3627A,3628A,3629A,3630A,3631A,3633A,3634A,3635A,3636A,3637A,3638A,3639A,3642A,3643A,3644A,3645A,3646A,3647A,3648A,3650A,3651A,3652A,3653A,3654A,3655A,3656A,3658A,3659A,3661A,3662A,3663A,3664A,3665A,3667A,3668A,3669A,3670A,3671A,3672A,3673A,3674A,3675A,3676A,3677A,3678A,3682A,3683A,3684A,3685A,3689A,3690A,3692A,3693A,3694A,3695A,3696A,3697A,3698A,3699A,3700A,3701A,3703A,3706A,3707A,3708A,3709A,3710A,3713A,3715A,3719A,3726A,3728A,3734A,3860A,3861A,3866A,3867A
20230729,0,AQI,33,22,35,47,36,40,33,34,21,42,32,27,,,18,,14,17,19,,16,,,16,,14,19,,53,61,42,43,47,48,51,,38,37,,33,33,19,26,35,,43,,23,25,26,29,25,35,52,,41,36,,30,31,42,42,48,33,46,37,42,26,,47,12,13,16,26,21,,29,29,29,32,52,,34,40,56,45,45,49,,53,41,,,32,44,35,51,40,37,48,,28,24,49,31,37,,23,,10,14,10,22,12,9,11,18,,20,18,21,16,22,17,29,18,19,17,34,36,26,33,38,34,33,,39,28,46,41,27,23,27,22,29,,30,28,24,,8,7,9,7,8,12,12,7,10,35,,20,25,20,25,23,26,12,15,13,7,10,12,,,,17,16,,27,12,20,,,,13,,17,14,15,7,17,14,9,12,22,,,,17,11,,18,20,18,9,10,,14,9,8,9,10,9,17,15,,17,,20,18,,17,15,,13,13,13,,13,28,13,16,18,15,18,,,19,14,19,17,21,22,20,,10,,,16,,20,16,,20,22,17,,21,19,,16,16,17,17,20,15,14,13,17,13,20,9,15,18,14,13,15,17,,,18,18,18,17,,30,,15,18,14,,13,16,18,,17,11,15,11,,13,16,13,25,8,,,19,10,19,27,10,14,18,,20,19,18,13,19,43,18,17,18,19,25,21,21,19,,22,16,9,11,12,16,12,14,10,,17,28,,30,,51,50,27,48,25,52,30,30,38,43,38,51,31,34,,35,36,43,42,54,31,48,23,39,34,44,18,,27,36,38,46,53,35,33,22,22,,23,,,52,39,50,49,45,72,35,44,28,22,15,25,66,76,72,62,71,34,80,79,,27,37,33,26,24,,20,33,27,31,36,23,33,,,45,32,42,38,27,,25,19,32,26,,,27,37,19,22,17,9,14,24,28,22,31,,40,,25,24,25,30,24,18,24,25,25,37,33,28,78,22,33,26,29,18,,51,,35,30,,53,,42,25,,,,,27,,,,30,32,69,63,124,89,70,,110,17,15,11,11,15,13,15,12,13,15,38,10,17,30,44,,45,42,28,49,48,48,30,34,60,,19,22,17,38,28,28,29,15,17,16,32,19,32,25,27,28,25,,,10,,22,8,9,14,20,,20,13,,,7,8,9,11,,9,23,8,,17,20,9,12,19,7,12,10,9,7,,,,12,,,22,,18,12,11,14,12,17,17,8,10,10,,12,,,30,,16,26,39,44,49,44,47,40,,43,46,49,47,52,36,67,62,44,53,26,18,20,28,28,42,24,37,60,33,,27,34,35,,19,22,,35,38,33,36,14,,28,21,,,,28,,24,,48,47,52,56,39,42,,39,42,,72,56,,53,,44,51,60,,55,52,35,30,38,,18,16,25,27,20,17,29,53,15,13,,13,39,30,21,39,16,10,43,20,30,13,13,12,27,21,22,24,21,23,31,42,34,,30,22,22,22,19,20,23,20,35,22,22,8,8,10,,11,,9,,12,21,21,14,21,,12,23,19,,28,,33,29,32,29,18,18,20,,,,15,,14,,30,,34,,20,16,55,22,23,,23,,31,20,22,20,24,24,,17,18,16,15,22,16,,26,,,25,28,20,,,21,,26,25,15,38,24,,25,48,62,42,57,33,22,17,19,22,27,28,22,25,28,26,22,,38,18,28,16,19,20,18,14,,,,,19,29,,23,25,26,16,19,18,33,21,24,15,26,13,20,14,,24,24,,21,19,23,,27,26,,25,12,39,15,20,20,21,,21,,46,42,98,,104,85,111,28,28,24,29,38,39,,75,37,62,64,38,,,18,,,,,10,,,,,,,,,,,,,,,,10,,,,,,,,,,,,,,,,,,,,,,,,,,,,,,,,,,,,,,13,16,15,16,18,15,,16,,,,,32,29,28,25,,24,42,62,32,41,57,44,,48,58,49,,,52,63,,45,49,30,,33,,38,39,,,46,41,,,60,38,39,,,24,26,38,37,41,41,44,20,36,,28,19,10,18,19,19,26,20,38,35,51,61,42,27,,24,27,22,,15,10,15,25,26,28,15,29,10,16,13,22,,,21,17,19,18,8,23,20,17,,20,15,42,,23,23,21,35,,,18,25,28,34,23,23,,22,20,20,,17,17,24,,18,17,19,22,14,15,14,,9,18,12,17,12,11,10,10,,15,23,13,22,14,7,,10,,12,,,,10,11,9,12,10,13,,11,,9,8,12,20,18,,20,,13,16,10,,,12,11,13,,15,24,13,,,15,18,14,68,18,25,9,12,15,12,21,15,32,28,21,,9,11,12,,12,,18,16,13,22,27,23,19,27,19,,19,21,16,14,16,97,18,20,25,14,17,,17,15,17,,15,19,21,15,,15,15,,,40,14,,14,14,,17,19,19,19,17,12,10,,15,16,15,26,32,,29,27,23,51,27,,24,24,23,23,8,23,,30,28,27,,16,15,,17,15,16,11,,16,17,13,32,26,24,17,,22,47,25,20,,,18,18,25,25,26,25,28,26,28,36,22,23,18,25,,30,34,18,20,27,30,28,25,23,26,23,24,,21,21,51,51,50,55,24,19,25,24,36,37,58,64,61,62,46,26,40,20,31,34,,33,32,28,,42,57,55,17,25,,13,14,14,20,15,29,25,25,30,38,36,27,32,18,30,,,,38,32,,31,,27,19,29,24,,20,21,17,,,,,21,28,28,25,28,24,,36,,19,16,12,20,17,26,15,12,20,15,23,,,,,26,21,21,22,30,23,18,,16,15,14,26,22,,21,23,38,35,23,33,52,41,,43,54,50,39,16,10,24,25,28,,20,19,,22,17,,24,21,23,,73,,27,,11,9,16,25,16,26,40,29,31,102,13,19,24,19,,28,30,,20,18,63,,155,92,17,22,108,124,,21,22,23,29,,,34,36,49,,32,35,32,38,22,50,27,,28,,,23,26,23,20,70,63,63,100,25,,88,51,46,69,97,65,63,74,,,,51,31,,34,,59,122,112,90,22,31,41,35,19,16,17,51,42,,40,25,16,21,15,27,16,,14,,9,13,33,14,23,30,120,37,19,51,24,30,13,13,,,44,16,9,18,,24,30,26,16,,,8,,,9,18,23,19,10,12,14,14,12,16,26,36,40,22,44,,16,15,,39,20,20,19,39,40,30,11,36,,20,16,21,15,18,69,12,36,12,28,17,24,28,14,13,15,12,14,58,,35,18,30,22,24,29,24,27,22,20,22,32,31,20,18,15,24,31,,16,11,,23,21,15,13,,,33,19,26,12,18,26,28,17,11,58,18,27,16,29,15,15,38,12,,23,38,27,32,29,29,87,25,23,23,29,40,27,23,27,27,20,,29,39,56,35,19,15,23,14,9,22,14,9,16,,36,42,37,54,46,33,44,36,32,31,26,56,18,51,24,49,48,,15,42,,16,,20,12,16,11,9,9,34,33,22,18,15,35,36,22,23,15,18,20,29,24,33,23,26,52,29,18,42,45,26,,28,25,28,9,12,13,9,12,12,,9,20,23,9,18,18,19,,12,64,25,22,16,21,23,89,25,31,39,62,38,14,16,14,8,9,14,35,9,9,54,33,43,39,12,7,8,18,11,12,20,12,10,21,14,26,14,12,55,63,60,80,146,118,,39,16,30,36,36,20,51,19,36,26,31,,53,18,22,26,53,68,18,11,12,9,9,18,16,8,18,18,17,18,16,33,16,13,17,28,33,23,27,24,23,28,23,24,20,22,40,15,12,9,9,34,20,12,10,18,7,17,19,,11,8,9,8,27,28,,26,23,23,21,34,32,26,23,18,22,47,21,35,15,23,17,34,26,19,25,,28,26,21,,28,29,33,20,23,9,12,10,18,17,62,50,33,30,53,38,55,84,48,44,54,36,56,49,48,50,29,44,43,42,63,61,71,76,44,52,21,20,16,38,17,,19,21,33,26,30,12,19,27,28,25,26,39,,118,112,13,22,42,44,26,38,26,40,45,19,51,49,26,28,53,,9,8,30,46,18,20,28,12,8,17,20,14,16,29,25,24,35,25,18,14,,11,16,,24,21,17,55,58,59,32,52,32,37,51,30,45,53,27,10,13,31,20,22,22,14,40,40,18,17,35,33,44,48,30,25,20,39,21,62,26,14,27,20,,19,23,7,10,12,25,28
20230729,0,PM2.5,22,9,16,16,16,19,14,15,10,29,16,13,,,4,,5,6,6,,8,,,2,,2,6,,30,32,29,23,24,31,27,,22,23,,23,14,5,8,21,,13,,12,12,5,9,12,13,15,,26,11,,19,15,19,26,20,18,11,20,27,18,,22,5,,9,18,14,,16,20,18,20,30,,19,28,34,30,29,28,,20,14,,,13,17,24,20,28,16,14,,12,16,20,18,20,,16,,3,3,3,3,2,2,4,5,,8,8,9,9,6,7,12,8,10,6,19,9,2,11,11,3,17,,11,6,19,9,9,9,9,3,6,,7,8,6,7,,2,2,,5,,2,2,7,2,,8,8,8,8,7,9,,7,3,,,,,,,2,6,,6,7,14,,,,9,,7,2,7,2,7,7,2,2,10,,,,3,2,,7,8,8,5,7,,4,5,5,,2,4,5,8,,7,,8,8,,8,7,,6,9,9,,8,8,9,6,8,8,8,,,8,7,5,10,10,15,14,,6,,,10,,4,6,,11,7,8,6,7,6,,6,5,10,9,9,10,2,4,7,9,14,5,10,12,4,9,5,10,2,,,,,1,,12,,7,12,5,,3,11,9,,11,7,2,2,,,,5,17,5,,,,,2,,2,2,11,,5,5,8,5,10,30,6,7,9,5,5,12,14,8,,15,6,4,6,8,11,6,8,7,,8,5,,19,,25,24,18,13,12,23,21,17,25,21,23,24,18,18,,17,21,21,16,38,19,33,14,13,19,19,12,,10,17,23,32,37,24,23,15,13,21,10,,,25,20,19,18,13,12,20,14,10,10,10,17,43,41,52,44,45,22,59,54,,17,21,16,16,10,,14,21,14,15,21,14,23,,,29,22,29,20,16,,1,12,8,18,,,1,8,7,14,11,2,5,9,19,12,7,,13,,17,14,16,20,10,6,7,7,8,9,23,18,57,15,22,16,20,10,,22,,12,11,,27,,29,17,,,,,9,,,,21,20,13,25,94,21,19,,40,7,9,7,6,1,1,5,3,1,7,19,2,9,7,12,,18,16,11,34,14,22,9,9,19,,8,13,8,26,19,19,20,10,6,7,22,7,22,14,5,18,10,,,7,,4,4,6,4,14,,14,,,,2,1,6,2,,3,2,5,,5,2,,,7,2,3,1,2,,,,,3,,,7,,7,2,7,4,1,5,,5,2,5,,2,,,7,,5,18,14,29,17,22,26,18,,26,32,34,30,34,25,48,44,27,29,12,8,7,14,18,25,14,8,19,14,,14,19,18,,11,15,,17,26,14,25,9,,16,12,,,,19,,15,,24,20,24,21,27,29,,27,28,,52,36,,34,,23,26,26,,32,30,8,8,9,,9,11,10,16,14,10,8,23,10,7,15,9,27,8,11,21,11,6,30,14,21,9,9,8,13,9,9,11,12,5,18,7,6,,21,10,15,13,4,5,16,8,24,8,5,4,5,3,,6,,6,,8,10,8,5,5,,7,16,3,,19,,21,15,16,19,11,,5,,,,4,,1,,20,,10,,7,8,,9,14,,16,,12,14,5,9,13,10,,6,12,6,2,15,9,,9,,,6,16,8,11,,14,,12,12,8,5,12,,17,26,35,29,32,23,9,9,11,,1,14,15,16,17,16,14,,6,8,12,,7,5,8,5,,,,,10,16,,15,14,3,5,4,12,23,6,10,6,16,8,2,8,,16,12,,9,12,14,,12,18,,15,4,2,3,5,5,5,2,2,34,32,29,73,,34,41,36,8,10,11,10,2,5,,30,9,22,36,24,,,5,,,,,2,,,,,,,,,,,,,,,,,,,,,,,,,,,,,,,,,,,,,,,,,,,,,,,,,,,,,,1,,4,7,12,4,,2,,,,19,14,5,12,12,,13,20,25,14,18,17,14,,33,23,29,,,36,45,,29,34,20,,23,,17,23,,,32,22,,,23,24,27,,,12,9,13,6,18,9,19,3,22,11,19,13,7,12,13,13,13,14,20,20,26,16,11,16,,11,10,9,,10,,7,7,18,13,8,4,7,7,3,6,,,5,6,8,6,5,8,2,7,,2,10,16,8,8,6,9,4,,,10,5,17,10,7,10,,13,5,5,,11,10,10,,11,5,3,14,4,7,8,,6,10,8,4,8,1,6,6,,10,5,8,5,4,2,,1,,8,,,,1,2,2,8,6,1,,7,,4,4,4,1,,,3,31,8,9,7,12,4,2,6,2,9,7,9,7,3,,2,3,6,49,4,12,4,7,5,8,7,10,14,8,11,,4,3,8,,8,,12,11,6,15,12,16,5,14,8,,9,13,11,9,11,10,10,9,17,6,3,,3,2,6,,,,7,2,,2,3,5,,1,5,7,5,,,4,4,13,7,9,8,7,,5,8,8,6,11,,11,9,10,24,8,,12,2,16,8,3,1,,10,15,10,,5,5,,6,8,11,6,,10,7,8,22,18,8,11,,8,26,10,14,,,10,11,8,16,11,8,6,17,19,20,13,16,12,12,,21,20,6,11,9,15,17,7,11,14,11,14,,11,12,23,29,27,24,10,12,4,12,11,12,41,46,36,44,24,18,16,14,20,19,18,23,20,18,,29,31,31,5,4,,7,7,6,7,5,20,17,12,21,25,25,17,22,12,3,,,,26,20,,19,4,5,9,4,7,,11,8,10,,,,,8,5,7,9,5,13,,16,,13,11,5,11,7,11,7,7,9,2,6,,,,,9,5,9,8,21,14,11,,9,3,7,18,15,,9,9,14,6,15,23,36,24,,30,38,26,27,11,4,14,17,13,,14,13,,12,5,,4,5,9,,38,,2,,1,5,3,7,4,11,28,20,18,76,5,6,4,8,,8,5,,8,8,17,,36,27,4,6,35,40,,2,5,14,16,,,18,9,23,,13,12,22,26,2,35,7,,6,,,5,3,3,2,22,29,25,46,9,,41,7,8,28,27,24,27,29,,,,18,14,,6,,14,56,60,32,7,10,27,14,1,3,1,33,19,,25,7,9,12,8,7,6,,4,,,3,23,9,9,11,48,18,4,14,12,21,7,7,,,17,11,6,3,,11,13,17,11,,8,2,,,,6,5,7,2,5,4,,2,4,13,25,28,11,29,,6,3,,17,10,13,13,7,24,21,2,24,,8,7,3,5,5,38,,13,,19,5,7,19,8,4,6,6,6,21,,18,5,15,6,7,14,10,10,15,5,4,22,,10,11,7,11,14,,6,6,,14,6,7,6,,,23,11,12,8,8,3,11,8,2,16,12,10,11,18,2,7,26,2,,9,23,8,17,7,4,26,15,5,6,10,10,8,7,6,8,9,20,20,10,19,10,12,5,9,7,2,7,6,4,4,17,22,16,20,38,28,21,29,20,11,18,13,31,12,33,8,26,15,7,2,28,,9,4,5,8,7,6,3,4,17,14,6,7,2,24,25,15,16,10,8,14,20,15,21,10,18,36,19,10,18,11,18,,19,15,19,2,,9,,,,,,12,16,,12,12,9,,6,15,7,10,11,1,10,66,15,17,10,39,16,3,8,9,2,2,8,3,3,3,29,10,9,21,7,3,2,6,7,8,7,7,1,8,1,5,4,7,14,16,18,16,48,56,,14,8,20,15,20,6,34,13,19,18,14,25,29,2,2,18,37,49,2,6,6,3,3,11,11,4,7,10,6,2,8,18,3,9,8,7,11,16,10,12,13,14,2,14,9,13,28,2,2,,2,7,7,2,3,12,,,2,,2,5,2,1,5,12,,5,13,9,5,4,14,6,11,12,14,21,14,16,8,5,5,14,12,9,9,,6,14,6,,16,20,21,7,16,6,8,6,8,7,44,26,21,15,32,26,39,45,31,12,20,25,36,26,23,35,18,9,8,12,21,25,25,24,16,22,7,2,7,22,,7,13,13,23,5,21,2,13,13,13,14,8,5,66,79,56,8,10,26,26,12,15,10,25,20,9,26,26,8,5,24,,6,5,14,12,6,14,11,,,,14,,6,12,6,16,24,17,3,7,6,5,6,,2,5,4,17,36,42,4,31,12,14,17,17,19,23,11,5,5,20,4,5,11,4,26,28,8,8,18,13,19,15,3,3,2,23,8,44,13,6,17,10,2,4,16,2,7,5,17,11
20230729,0,PM2.5_24h,15,10,12,9,13,14,17,11,7,15,12,17,,,23,,27,26,24,,26,,17,22,,21,22,,19,25,21,17,18,16,14,,31,32,,44,27,6,10,22,,17,,23,22,18,9,10,11,11,,21,7,,12,16,11,20,16,16,16,15,17,19,,19,20,17,21,24,21,,19,22,25,23,20,,13,19,22,18,19,14,,13,12,,,12,14,13,13,16,13,8,,10,10,10,10,12,,11,12,11,13,11,13,11,11,10,11,14,11,12,10,10,8,7,8,10,13,9,13,10,9,12,12,10,14,,12,10,23,9,5,9,6,4,6,,4,7,4,9,3,4,3,3,4,3,4,8,6,7,,6,8,8,10,7,9,1,4,1,,3,,,,,9,9,,8,8,9,,,,12,,5,6,4,4,7,4,6,4,7,,,,8,6,,10,10,11,6,5,,5,4,5,1,8,5,4,7,,5,,7,6,,9,6,,5,6,8,,8,6,10,5,8,6,4,,,7,6,4,10,9,11,12,,7,,,4,,4,7,,10,11,9,5,7,6,,6,6,7,6,2,8,4,4,8,10,11,5,10,13,5,7,6,10,4,,2,3,2,4,,7,,8,7,3,,5,7,12,,8,12,4,7,,8,7,11,15,7,,,4,2,3,4,5,6,25,,13,17,17,17,15,28,16,10,8,12,9,16,16,9,,11,8,6,11,7,13,9,6,9,15,5,10,3,15,,14,12,12,9,12,15,12,11,11,11,16,19,12,11,,11,10,10,14,16,17,15,15,11,13,13,10,,12,15,18,14,16,15,14,14,15,14,12,,,11,10,11,12,10,9,14,13,13,11,11,9,40,41,44,39,43,34,39,39,,11,14,13,11,10,,14,17,10,15,19,8,14,,,14,16,15,13,15,,3,5,8,7,,,6,6,8,22,15,13,16,17,20,18,11,,15,8,16,14,18,14,8,7,6,6,8,6,12,10,27,7,11,11,10,7,,15,,6,10,,23,,29,27,,,,,11,,,,16,16,16,20,72,21,11,,25,10,8,8,10,9,9,8,7,6,9,24,6,9,7,10,,12,11,12,13,11,14,11,16,13,,8,8,7,19,14,12,16,7,8,6,9,11,13,11,10,6,6,,,11,,7,6,6,7,22,,20,6,,,12,8,9,8,,3,9,6,,6,3,2,4,6,4,5,5,4,1,,,,6,,,6,,8,8,11,12,2,4,1,10,6,12,,6,,,8,,10,12,11,13,12,12,14,11,,17,28,24,19,21,18,30,26,16,24,7,7,10,12,10,9,10,11,11,24,,21,13,10,,12,10,,11,10,10,12,12,,17,9,,,12,15,,22,,17,17,14,15,20,20,,21,20,,46,26,,37,,24,26,24,,31,30,6,6,5,,10,9,11,11,13,8,8,10,11,8,8,9,11,6,9,18,7,5,17,15,9,12,12,12,8,8,8,7,9,8,12,4,6,,8,9,14,13,6,6,13,8,18,10,7,8,7,6,,7,7,9,,7,9,9,6,7,,10,9,4,,23,,23,17,19,24,21,21,5,,,,16,,18,,24,,17,,18,15,10,15,19,,18,,11,14,8,7,16,18,,13,11,7,10,13,9,,14,,,7,19,17,15,12,13,11,15,13,17,7,12,20,36,29,30,25,33,25,7,8,8,9,12,9,10,10,13,13,10,,9,9,11,16,6,3,5,1,,,,,7,8,,9,8,12,8,8,12,14,13,17,10,14,14,11,10,,13,8,,15,17,20,,11,12,,12,4,5,3,7,4,7,4,5,23,25,18,27,,24,25,17,11,17,11,10,4,13,,17,9,25,28,24,,,4,,,,,3,,,,,,,,,,,,,,,,6,,,,,,,,,,,,,,,,,,,,,,,,,,,,,,,,,,,,,,8,6,9,14,15,12,7,7,5,,,8,11,10,14,11,,20,14,15,10,13,14,17,,24,17,18,,,18,24,,20,18,16,,16,,13,14,,,22,13,,,16,13,21,,,10,11,9,6,15,11,15,12,14,25,22,14,8,11,7,10,6,8,9,10,16,14,10,14,,10,10,9,,3,1,5,6,12,11,8,8,7,11,6,12,,,10,9,9,10,10,10,11,5,6,4,10,15,5,11,12,14,8,,,12,5,6,9,11,14,,10,7,6,,11,11,7,,11,9,5,14,5,7,10,,7,9,8,6,10,4,9,10,,9,4,5,4,9,5,,4,,7,,,,5,4,6,10,7,5,,8,,7,6,6,2,2,4,4,13,9,9,7,12,3,4,4,6,8,7,5,7,6,,7,7,6,19,6,4,4,11,10,9,10,7,11,8,9,,9,6,6,8,11,,10,8,9,9,10,12,8,11,10,,11,12,11,6,8,6,7,6,6,6,5,,33,24,29,,18,16,14,19,,20,22,13,,13,12,18,11,14,,13,16,18,15,5,9,7,,11,11,15,2,8,,7,2,10,15,14,12,14,18,22,15,4,3,,12,16,16,,11,8,,9,7,8,10,,19,16,15,16,12,10,14,,8,16,13,20,17,15,17,17,6,11,15,11,8,8,12,12,12,12,13,13,14,14,14,10,14,18,15,19,9,12,12,13,12,11,12,11,35,34,33,33,16,26,28,27,29,21,33,42,42,35,31,40,38,13,19,19,23,29,21,22,,28,30,32,6,7,,3,8,6,8,5,12,13,8,9,9,10,6,9,11,3,,,,14,12,,12,6,4,6,7,6,,6,6,5,,,,,6,7,10,8,5,12,,13,,6,6,6,7,7,8,12,11,9,6,12,,,,,11,7,11,10,13,7,14,,12,8,10,9,11,6,12,6,10,7,15,15,23,16,,22,22,17,16,10,6,8,12,16,,12,9,,12,6,,4,5,4,,11,,3,,2,4,7,7,9,7,13,14,13,29,5,5,4,14,,17,18,,9,8,16,,14,15,7,7,18,23,,3,4,16,14,,,16,11,18,,12,9,14,16,2,19,8,,10,,,8,7,5,3,22,27,18,25,7,,17,12,12,13,13,29,19,22,18,,,15,12,,11,,6,23,21,21,14,6,18,12,23,25,21,20,14,,18,6,10,11,7,6,9,,4,,2,8,7,13,7,8,24,8,6,9,10,13,8,8,,,18,6,5,21,,15,10,15,10,,6,5,,,2,5,5,3,9,4,6,1,1,4,16,15,13,11,25,,23,19,,13,10,11,11,5,24,12,6,16,,8,3,4,23,17,20,8,16,6,12,5,5,23,6,13,13,14,12,6,,15,7,10,12,4,5,15,14,16,19,15,5,2,10,9,8,8,26,,7,9,3,10,7,8,7,,,28,7,25,9,6,2,12,8,9,19,21,8,15,17,4,16,12,4,,9,23,17,24,17,5,13,7,6,5,7,9,6,7,5,5,13,17,10,10,12,9,13,8,8,7,3,5,8,6,15,14,17,11,11,15,13,14,15,14,17,16,9,10,10,17,10,11,11,8,17,22,,19,5,5,6,8,5,6,6,17,20,13,15,11,27,27,8,10,7,6,16,10,10,20,21,11,23,21,10,20,17,8,,11,10,7,6,8,8,5,5,4,,3,22,22,5,12,16,15,,10,8,22,17,13,11,13,42,27,19,32,31,19,3,7,8,5,5,6,4,14,5,14,7,10,18,7,2,6,7,7,6,9,9,6,7,2,6,6,3,14,13,14,19,22,22,14,10,8,12,14,18,13,23,11,9,23,13,9,23,15,14,17,18,25,27,3,8,7,7,9,10,7,16,16,20,19,25,20,13,15,6,10,15,11,8,18,12,10,8,12,3,8,12,12,7,1,4,4,6,8,12,12,6,5,18,16,11,11,12,4,6,13,10,7,7,9,6,6,5,6,4,11,39,31,18,23,16,9,9,13,11,9,8,,5,15,11,13,20,13,17,8,10,7,7,9,10,7,8,18,17,12,30,26,30,18,22,10,18,30,32,34,35,33,22,14,8,6,13,14,15,10,15,13,13,18,14,25,13,30,16,20,16,6,12,2,15,9,5,16,7,10,12,108,85,7,7,16,27,12,16,11,13,16,9,11,12,9,15,19,,7,4,15,14,7,11,7,3,1,4,16,3,9,8,9,22,15,15,4,13,8,8,6,,4,6,5,10,22,30,30,17,12,11,11,13,11,15,7,6,11,11,8,5,21,5,41,32,13,7,16,9,14,13,7,7,28,20,13,30,11,5,11,11,6,1,11,8,7,3,8,14
20230729,0,PM10,33,22,35,47,36,40,33,34,21,27,32,27,,,7,,8,17,11,,8,,,4,,6,9,,55,72,20,43,47,48,52,,38,37,,31,33,19,26,35,,43,,13,18,26,29,24,35,54,,41,36,,30,31,42,42,48,33,46,37,42,26,,47,9,13,16,24,20,,27,26,25,24,53,,34,40,62,45,45,49,,56,41,,,32,44,32,51,35,37,48,,28,24,49,31,37,,14,,9,14,7,22,12,,11,18,,20,18,21,15,22,17,29,18,19,10,34,36,17,33,38,34,33,35,39,28,46,41,27,23,27,22,29,,30,28,24,31,8,7,9,7,7,12,12,7,7,35,,20,25,20,25,23,26,12,15,13,7,10,12,,,,17,16,,27,12,17,,,,12,,17,14,15,7,17,14,9,12,22,,,,17,11,,18,20,18,9,7,,14,9,7,9,10,9,17,15,,17,,20,18,,17,15,,13,12,11,,13,28,10,16,18,15,18,,,19,14,19,17,21,22,14,,10,,,16,,20,16,,20,22,17,26,21,19,,16,12,17,17,20,1,8,13,17,9,9,5,9,14,14,7,15,17,3,,3,5,5,7,,30,,15,12,5,,11,11,18,,17,7,5,7,,7,12,5,12,,,,19,9,19,27,7,14,2,,9,6,11,5,3,3,7,17,18,19,25,21,19,19,,18,16,8,10,12,7,10,14,7,6,17,28,,30,,51,50,27,48,25,53,29,30,38,43,38,51,31,34,,35,36,43,42,36,31,34,23,39,34,44,5,,27,36,38,23,23,26,25,7,17,,18,,,54,39,50,49,45,93,35,44,28,22,12,24,82,102,74,54,91,34,73,107,,27,37,33,26,19,,20,27,27,31,36,23,30,,,45,29,42,38,27,,25,19,32,25,,,27,11,19,22,17,9,14,24,24,22,31,,40,,14,24,25,30,14,14,14,11,25,37,33,28,27,19,33,26,26,18,,52,,35,30,,56,,34,21,,,,,7,,,,22,32,88,76,172,128,90,,170,17,10,11,11,15,10,15,12,13,9,38,10,17,30,44,,45,42,28,41,48,48,29,34,70,,19,22,17,30,26,28,27,15,17,12,25,19,28,25,27,28,25,,,7,,22,7,7,14,17,,18,7,,,7,5,8,9,,8,23,5,,17,20,9,12,19,,2,5,5,7,,,,12,,,22,,18,12,7,14,12,17,17,7,2,10,,12,,,30,,16,16,39,29,39,44,32,31,,43,30,40,47,54,32,68,63,44,56,26,18,20,20,21,42,24,37,70,33,,27,34,35,,19,12,,35,30,33,26,14,,28,21,,,,14,,16,,48,47,53,62,31,34,,32,42,,44,62,,56,,44,52,69,,59,54,19,18,7,,18,16,25,27,20,17,29,55,14,7,,10,31,30,21,39,12,10,32,12,27,13,5,12,27,18,22,24,19,13,31,42,34,,22,10,6,15,11,11,20,7,16,20,16,8,7,10,,11,12,9,,4,21,21,14,21,,10,16,10,,28,,33,29,32,27,7,4,4,,,,10,,12,,27,,12,,20,9,60,17,18,,20,,31,19,22,8,24,21,,10,14,14,6,13,13,,13,,,10,28,20,36,,21,,26,25,15,38,24,,20,48,74,35,63,20,14,17,19,22,27,28,13,25,28,26,22,,38,18,28,9,19,20,18,14,,,,,15,29,,23,25,26,12,19,18,22,21,24,15,26,13,20,11,,18,17,,18,17,21,,13,15,,22,1,39,6,7,8,4,,4,,39,34,51,,158,120,171,16,19,23,24,10,9,,100,21,73,77,38,,,17,,,,,9,,,,,,,,,,,,,,,,7,,,,,,,,,,,,,,,,,,,,,,,,,,,,,,,,,,,,,,9,10,15,10,18,7,6,8,1,,,29,32,29,28,19,,18,42,74,32,41,64,44,,46,66,49,,,42,57,,45,46,30,,29,,38,39,,,38,41,,,70,38,37,,,12,18,28,25,23,13,17,20,36,,25,13,10,6,17,12,26,19,38,35,51,72,42,27,,24,27,14,,13,10,15,25,20,28,9,16,10,16,13,22,,,14,11,7,9,7,22,5,8,,20,13,42,,13,11,14,9,,,16,7,10,2,16,16,,16,20,20,,17,17,24,,18,17,19,22,14,15,14,,7,18,12,17,10,11,10,10,,11,23,13,22,14,5,,3,,8,,,,1,11,4,9,10,13,,11,,9,8,7,11,8,,17,,13,16,7,7,,6,10,3,8,15,24,13,6,,6,18,14,12,18,25,2,8,15,12,21,14,32,28,21,,7,8,3,,8,,14,13,13,22,27,22,19,27,19,,19,21,13,14,16,143,18,20,14,14,17,,11,7,8,,15,12,21,5,,2,4,13,,40,10,8,5,5,,10,13,11,10,17,11,7,,8,7,7,26,32,,29,27,23,52,27,,18,14,12,16,7,23,,30,28,27,,11,11,,17,15,8,8,,14,9,9,26,26,24,17,27,7,47,25,14,14,20,16,4,17,20,22,22,28,26,24,36,22,15,11,25,,23,34,18,20,27,30,28,25,21,21,23,24,,21,21,52,51,50,60,24,19,5,24,36,37,56,73,72,73,46,23,40,20,31,34,,31,32,28,,42,64,60,15,25,,13,14,14,9,15,26,18,25,30,38,33,27,27,16,30,,,,25,32,,31,,27,19,29,24,,20,21,17,,,,,10,14,11,18,12,24,,36,,15,15,12,20,17,26,15,12,11,11,12,,,,,26,21,11,9,26,23,18,,14,9,3,20,21,,16,2,38,35,23,26,34,41,,33,42,50,37,10,10,24,25,28,,17,5,,16,4,,,14,23,,96,,4,,4,7,16,25,16,26,38,28,24,20,13,19,24,19,,24,11,,20,7,75,,259,133,13,18,166,197,,10,6,23,29,,,34,36,49,,32,35,29,34,7,17,27,,12,,,22,4,13,6,89,75,76,149,25,,126,51,46,87,143,80,76,98,,,,51,31,,34,,68,193,173,129,22,31,41,35,8,7,4,52,39,,40,22,16,21,15,27,16,,14,,5,6,18,14,23,30,190,37,19,52,24,23,13,11,,,44,15,6,6,,22,15,22,14,,,8,,,7,18,23,19,10,12,14,14,12,16,26,36,34,22,44,,10,2,,39,6,20,19,39,40,23,11,36,14,20,16,11,7,8,87,12,36,12,27,17,24,18,14,2,10,7,8,66,,35,18,30,22,24,29,18,16,20,4,22,27,31,20,18,15,18,31,,16,11,7,23,9,15,12,,,26,19,20,11,18,5,28,17,3,66,14,27,12,29,9,8,18,12,,15,38,22,32,29,29,123,25,23,23,29,40,27,23,27,27,20,36,25,35,61,13,19,15,23,14,9,22,14,9,9,33,36,42,37,45,46,33,44,36,32,31,26,61,14,52,24,49,48,56,5,42,,16,7,20,10,16,7,9,9,26,25,22,11,6,24,29,16,15,9,5,19,19,24,33,23,20,18,29,16,42,45,16,,24,25,27,7,9,10,7,12,12,,7,19,17,9,18,15,19,,12,77,20,21,13,14,17,113,25,31,39,73,38,14,16,14,6,4,14,35,5,9,57,33,43,39,12,2,8,18,11,3,20,12,10,21,14,26,14,12,59,76,70,109,241,185,,30,12,30,36,36,20,51,18,36,22,31,50,56,18,5,24,44,72,5,11,12,7,4,18,14,8,2,5,,12,1,24,8,13,17,28,33,14,27,24,23,20,14,24,20,22,25,15,12,9,9,34,20,12,10,12,2,17,14,,3,5,8,8,15,28,3,15,21,9,13,34,32,26,23,12,22,47,21,35,15,7,9,34,26,19,25,,28,26,19,,28,23,33,20,23,7,8,10,18,17,16,50,33,19,56,33,42,118,48,44,58,14,62,49,48,24,23,44,43,42,76,71,92,102,44,54,8,19,14,38,7,3,13,21,21,26,22,12,19,27,12,22,26,16,,186,174,13,22,42,44,26,36,26,40,37,14,52,49,26,18,56,,4,3,30,46,18,20,28,12,2,2,6,14,16,29,18,15,17,23,18,10,24,11,16,,10,7,17,60,65,38,32,54,32,37,51,30,45,56,27,10,9,31,14,22,22,14,40,30,18,17,35,33,44,48,14,25,,39,21,71,26,14,27,20,6,10,23,7,9,12,22,28
20230729,0,PM10_24h,24,19,23,22,24,30,30,22,16,26,21,28,,,33,,37,40,36,,35,,36,35,,33,19,,33,44,37,32,33,39,37,,57,46,,56,44,17,28,30,,36,,36,32,31,25,25,30,40,,27,21,,31,24,25,40,34,35,40,37,33,27,,39,28,30,30,34,36,,40,38,41,42,25,,24,30,39,29,28,23,,24,24,,,23,24,30,30,25,28,26,,27,18,28,22,24,,27,21,18,18,18,25,16,16,16,19,23,26,26,26,27,26,17,20,25,28,26,23,27,23,39,34,33,29,41,36,30,31,43,20,22,20,19,22,,22,20,19,21,12,10,14,10,11,12,18,12,11,25,,18,21,18,20,18,19,8,8,8,4,5,12,,,,20,20,,29,14,13,,,,17,,14,16,13,11,18,11,13,10,21,,,,17,10,,19,20,26,9,9,,13,9,11,12,7,12,11,10,,12,,15,15,,17,13,,13,12,11,,15,24,13,15,16,15,18,,,18,14,17,22,24,21,33,,13,,,17,,17,13,,20,23,20,16,21,17,,15,13,12,12,9,9,10,10,18,15,16,12,19,19,21,16,18,18,8,,14,15,15,15,,14,,18,13,4,,11,7,18,,18,21,18,17,,25,19,22,23,7,,,15,11,14,21,10,14,32,34,28,34,32,33,32,45,38,22,22,25,26,24,22,18,,29,22,12,15,14,14,18,20,10,11,19,28,31,27,,29,30,24,21,28,29,22,18,22,30,27,59,23,23,,24,24,23,41,28,30,28,26,24,21,23,16,,27,29,31,26,29,25,22,28,28,28,23,,,24,21,23,29,22,25,27,23,24,20,15,16,67,66,68,53,71,58,58,64,,24,27,23,23,12,,18,18,16,25,18,16,13,,,27,23,23,24,21,,12,11,16,15,,,13,8,22,22,23,18,32,30,26,23,29,,27,11,24,22,24,22,11,13,8,8,17,14,17,16,17,16,16,13,18,13,,31,,13,15,,41,,46,39,,,,,22,,,,24,34,58,57,81,77,60,,87,21,17,27,22,26,17,18,18,18,20,38,15,26,21,19,,24,21,19,20,27,30,31,34,33,,19,16,17,25,20,22,19,17,15,16,19,21,25,24,18,17,20,,,11,,17,8,5,9,34,,31,16,,,21,19,24,21,,11,15,12,,14,24,15,14,10,8,11,10,9,13,,,,12,,,17,,20,19,13,20,10,13,15,13,10,16,,13,,,23,,16,16,25,17,22,23,21,20,,31,33,34,37,39,25,47,39,32,42,16,17,17,26,21,37,20,21,28,34,,35,20,19,,19,16,,18,18,17,19,19,,35,15,,,32,24,,24,,26,25,27,29,33,36,,29,37,,64,47,,52,,35,45,54,,48,49,16,18,16,,16,18,28,24,23,16,29,26,22,18,22,14,24,26,21,32,16,15,30,25,30,23,30,38,14,14,18,18,14,11,28,17,30,,13,12,12,17,21,30,20,14,16,21,17,23,13,14,,15,16,16,,4,18,17,15,15,,15,16,4,,35,,41,31,35,35,47,34,34,,,,33,,30,,38,,23,,30,29,37,28,40,,35,,27,26,26,21,25,31,,21,22,22,18,18,16,,22,,,15,29,27,29,16,28,26,23,23,27,39,22,37,36,46,52,37,60,38,18,18,15,15,15,19,15,18,19,19,16,,28,17,29,23,11,12,11,10,,,,,11,22,,10,26,18,20,13,19,18,26,24,25,23,21,23,20,,21,16,,23,23,34,,16,18,,20,8,12,12,12,8,11,,9,32,29,24,38,,116,95,73,20,27,22,19,35,32,,49,51,94,104,87,,,14,,,,,10,,,,,,,,,,,,,,,,14,,,,,,,,,,,,,,,,,,,,,,,,,,,,,,,,,,,,,,18,18,29,22,29,21,22,19,17,,,13,27,29,32,32,,23,21,28,11,21,25,31,,31,36,32,,,29,39,,22,24,23,,23,,47,39,,,37,26,,,40,40,30,,,17,21,18,24,26,27,18,35,38,39,36,32,20,23,20,31,25,20,28,23,33,36,33,34,,22,21,14,,8,5,17,18,23,18,26,18,17,34,16,30,,,25,14,13,11,9,20,20,10,9,22,11,36,,15,21,18,17,,,20,7,17,7,21,20,,12,21,20,,22,20,22,,18,20,13,24,19,18,17,,16,17,18,23,17,11,15,17,,13,19,7,15,22,11,,11,,9,,,,12,13,8,13,15,17,,14,,12,16,14,14,19,19,18,13,10,8,9,11,,7,11,8,9,9,12,9,13,,16,9,11,28,10,22,5,15,19,17,22,13,28,26,23,,10,18,18,22,25,,21,14,15,22,23,19,19,21,20,,22,25,24,13,19,33,17,17,14,14,14,,50,38,35,,39,33,42,26,,36,33,27,,26,22,25,24,20,,31,29,30,23,22,17,19,,23,22,22,17,27,,17,19,16,29,20,19,26,32,31,31,19,26,,31,30,29,,14,16,,20,15,12,15,,26,24,22,31,22,18,33,22,17,25,23,25,28,23,25,37,25,19,25,24,24,21,17,26,20,25,21,22,23,21,26,19,21,29,29,24,25,22,22,26,19,17,21,19,61,67,72,62,38,38,36,49,47,42,46,66,56,62,54,58,74,21,25,41,40,32,32,36,,35,52,49,19,14,,10,12,15,15,13,12,10,14,20,12,13,14,15,13,14,,,,17,20,,19,,20,16,16,22,,13,13,15,,,,,15,16,16,15,15,34,,23,,6,9,14,14,13,19,17,9,14,18,10,,,,,31,20,13,13,24,15,21,,18,17,18,13,11,12,20,7,27,14,14,18,23,26,,21,26,24,26,17,9,20,18,21,,22,16,,18,8,,5,9,8,,33,,5,,5,6,16,16,16,14,20,21,21,20,8,10,8,24,,38,32,,15,15,46,,54,53,15,19,83,91,,8,8,27,29,,,24,27,29,,25,22,19,24,6,26,21,,20,,,16,11,9,9,90,76,56,84,23,,62,51,49,42,41,48,84,77,97,,,70,51,,39,,48,58,74,90,21,15,29,28,43,35,30,39,25,,26,19,16,20,13,20,17,,11,,9,17,14,20,16,17,80,22,16,32,21,19,12,12,,,33,8,8,32,,27,20,29,16,,9,8,,,10,19,20,11,14,15,15,13,8,20,30,28,19,28,42,,33,26,,23,17,15,14,30,24,17,17,23,33,29,17,23,33,25,38,13,28,19,15,18,8,31,14,17,17,17,16,22,,28,20,19,30,10,13,28,25,25,35,41,20,29,26,24,17,18,46,,18,16,13,22,16,14,11,,,33,25,34,14,16,6,26,18,16,51,30,24,18,19,17,28,7,15,,16,42,38,47,34,17,52,19,17,18,24,34,20,18,22,21,23,23,16,41,33,22,20,16,19,12,9,13,18,13,23,27,34,24,24,29,29,23,28,30,41,38,25,28,13,30,19,22,34,24,26,34,,32,12,16,12,19,12,13,12,38,42,38,24,28,36,35,14,11,9,9,19,14,19,32,28,12,26,26,15,40,26,13,,13,15,13,12,18,13,16,15,16,,8,36,28,18,16,22,21,,18,29,36,36,20,22,22,70,44,31,52,53,25,11,7,14,13,14,12,42,19,16,24,17,20,30,16,5,8,15,11,19,20,18,18,17,12,14,15,6,51,63,58,65,81,63,21,18,13,19,30,38,44,40,14,22,30,24,17,38,47,21,28,28,38,40,17,18,12,12,18,18,13,33,34,43,36,45,32,28,24,14,28,31,13,18,28,18,14,12,16,10,17,14,29,16,11,15,20,19,20,18,24,9,12,31,34,18,19,25,17,15,26,7,20,11,12,22,15,12,17,10,15,48,57,34,33,23,12,18,34,30,19,18,,22,18,22,30,27,24,26,20,18,9,8,15,22,14,17,26,28,19,53,37,39,48,48,42,35,46,50,59,57,40,30,39,29,30,48,48,42,46,28,37,29,48,27,39,32,44,26,28,18,17,16,15,27,19,18,18,18,51,61,344,294,13,12,27,42,30,46,26,28,27,17,23,23,28,23,36,,13,21,34,44,18,16,18,13,5,13,21,19,32,17,19,30,16,22,19,22,30,14,16,,12,11,14,38,37,46,43,28,24,25,28,26,26,29,25,21,18,18,23,11,50,18,48,50,21,14,30,22,27,30,12,24,40,38,36,42,32,12,22,19,8,7,16,17,10,13,18,35
20230729,0,SO2,3,3,3,3,3,3,1,3,3,3,3,3,,,5,,2,4,6,,4,,,5,,3,2,,2,1,3,3,3,1,5,,1,2,,1,2,4,2,5,,4,,2,3,3,8,4,6,9,,5,2,,1,1,8,5,6,8,7,4,3,3,,4,4,8,1,3,2,,6,4,3,4,7,,3,15,7,8,10,3,,6,6,,,7,7,6,5,6,13,47,,6,14,32,21,19,,9,,3,6,4,7,5,5,6,5,,4,4,4,5,3,5,4,4,3,2,7,5,6,3,6,6,5,6,4,4,5,8,4,8,6,3,4,,2,6,6,5,4,3,3,6,15,5,4,6,7,5,,6,8,8,6,8,6,6,8,4,4,4,4,,,,6,8,,6,7,4,,,,6,,3,5,8,5,9,5,8,5,6,,,,8,5,,1,5,5,7,6,,7,5,7,4,6,7,4,2,,5,,6,5,,6,4,,4,5,6,,6,3,5,5,2,4,7,,,3,4,4,4,6,5,4,,5,,,1,,6,3,,4,2,3,5,4,4,,2,4,4,3,3,4,4,3,5,4,4,3,5,5,8,8,8,7,1,,4,2,2,3,,3,,8,7,8,,5,4,10,,8,5,6,4,,4,7,4,6,5,,,3,5,12,6,4,5,1,1,3,2,1,1,3,2,3,6,8,7,5,6,5,5,,6,6,6,4,4,1,4,2,5,3,1,5,,4,,5,6,9,6,6,6,5,9,4,5,5,4,4,8,,5,7,5,7,5,7,6,5,8,12,5,7,,9,5,9,7,7,8,12,5,6,4,4,,,9,8,8,4,5,6,6,5,7,16,7,9,4,10,7,5,5,8,6,35,,6,5,7,7,8,,5,5,4,7,6,4,7,,,6,8,6,4,5,,3,3,2,1,,,1,3,4,3,3,5,3,5,7,5,3,,17,,7,2,6,5,9,14,9,12,10,12,7,5,3,6,6,6,2,4,,4,,4,7,,5,,4,5,,,,,4,,,,18,16,6,6,13,5,5,,6,10,4,10,13,6,3,4,3,4,7,1,6,4,7,12,,25,8,31,13,5,9,8,6,6,,5,6,4,4,4,6,3,3,2,5,2,5,2,2,8,7,8,,,4,,3,2,4,1,6,,6,2,,,2,2,1,11,,9,9,7,,9,9,11,8,6,7,4,4,8,6,,,,10,,,5,,4,8,6,7,5,8,6,5,4,4,,6,,,57,,9,7,8,5,5,9,6,8,,8,8,4,6,7,4,7,9,4,20,1,6,1,7,4,7,4,5,5,6,,6,8,8,,4,4,,10,6,1,28,4,,15,5,,,,4,,4,,7,5,8,8,8,10,,12,8,,8,6,,7,,13,8,12,,9,8,13,14,16,,7,5,3,3,4,3,3,5,5,5,6,3,8,4,4,6,5,6,6,5,5,9,3,2,5,5,6,6,4,6,5,3,7,,5,5,4,4,2,4,5,5,3,3,2,3,5,2,,6,8,6,,5,11,6,9,9,,11,10,7,,3,,1,4,6,3,8,5,4,,,,1,,3,,6,,2,,3,6,4,3,3,,6,,4,2,4,2,8,5,,12,10,8,5,7,1,,4,,,8,4,6,3,,7,17,12,13,5,3,2,,18,15,14,13,16,6,2,2,3,7,6,6,18,12,10,13,5,,8,10,18,6,5,4,6,2,,,,,1,2,,1,1,8,7,9,4,5,3,7,3,2,5,3,4,,4,3,,8,2,5,,6,4,,5,7,5,5,9,4,6,4,4,4,6,4,4,,43,8,3,18,22,12,5,9,2,,5,8,7,11,10,,,4,,,,,3,,,,,,,,,,,,,,,,5,,,,,,,,,,,,,,,,,,,,,,,,,,,,,,,,,,,,,,6,3,1,3,1,2,2,4,2,,,2,10,10,8,8,,8,4,6,6,4,6,12,,8,7,5,,,4,4,,26,27,3,,5,,18,24,,,5,3,,,2,3,19,,,3,3,7,10,11,5,6,2,3,8,11,5,3,4,6,7,13,6,8,14,8,6,3,4,,8,8,5,,7,5,7,6,4,4,5,4,8,5,6,4,,,5,9,6,9,9,13,5,9,,4,8,17,11,3,2,4,1,,,5,5,3,1,5,3,,6,9,6,,6,4,6,,4,8,4,7,5,2,3,,4,3,4,9,2,3,4,3,,5,5,6,6,9,7,,5,,7,,,,2,6,7,6,4,4,,3,,10,6,5,6,5,,6,3,29,4,7,9,5,5,6,3,3,3,7,2,2,,8,3,4,5,8,6,26,11,14,15,11,11,9,8,6,,5,1,2,,3,,2,5,4,5,4,5,8,17,1,,3,3,6,3,4,4,5,4,1,8,9,,4,5,7,,7,2,5,4,,4,3,4,,2,8,5,7,4,,5,5,4,7,9,4,4,,4,6,4,6,5,,6,7,8,5,5,5,6,5,6,7,4,5,,9,11,3,,7,8,,7,4,4,1,,6,4,6,10,11,2,9,11,8,22,7,4,6,7,7,7,4,4,2,2,4,7,4,5,3,5,6,6,,9,11,13,4,8,11,11,3,11,6,10,7,,5,5,6,5,7,5,3,5,5,7,11,9,9,9,7,9,7,17,21,7,7,10,8,5,20,12,,7,4,3,6,4,,6,7,6,4,6,5,3,5,5,3,2,1,1,3,10,,,,6,7,,8,6,8,9,9,8,,7,8,6,,,,,5,5,5,6,6,3,,4,,4,5,8,25,13,27,2,4,9,4,4,,,,,2,1,4,4,20,3,1,,4,7,6,5,6,,8,8,5,8,5,8,32,31,,7,13,7,6,6,9,5,8,10,,8,6,,7,7,,6,7,3,,10,,8,,8,8,1,4,7,7,5,8,7,8,5,5,5,8,,73,11,,4,8,6,,8,5,4,3,4,3,,5,5,7,6,,,3,6,5,,10,8,21,12,11,11,5,,5,,,6,5,4,6,5,4,4,4,5,,7,8,10,7,6,11,3,2,,,,6,6,,5,,4,8,7,9,26,1,5,5,5,5,4,3,10,,5,2,7,2,4,2,2,,3,,6,1,3,4,6,8,3,9,4,5,6,8,5,3,,,2,4,6,6,,8,14,6,4,,5,4,,,2,4,6,4,7,6,2,4,5,5,6,6,8,7,7,,4,2,,7,1,11,5,5,14,3,6,19,4,4,6,3,2,4,9,2,17,3,2,2,5,4,8,5,10,9,8,8,,2,4,9,3,3,5,4,6,5,4,4,7,5,2,9,2,1,4,82,3,5,5,6,8,5,4,,,1,4,10,7,7,6,6,3,3,5,3,10,7,14,6,3,4,3,,7,13,4,11,68,5,6,6,7,5,7,5,9,2,5,6,3,6,20,21,11,10,2,7,7,7,6,6,2,4,4,6,5,8,8,4,6,6,4,6,7,7,26,3,8,7,7,6,6,2,6,8,,7,9,6,5,10,2,3,2,4,4,2,1,8,5,4,8,3,6,8,8,4,9,7,6,8,8,10,7,11,13,2,,3,6,3,3,5,12,10,3,5,,1,5,4,4,9,7,8,,6,8,5,7,6,4,4,6,10,29,6,10,5,1,1,3,5,5,5,6,4,4,3,3,10,14,4,3,5,6,4,6,6,5,6,6,2,4,2,7,5,10,3,7,5,9,,8,5,9,6,5,5,7,9,3,5,8,9,1,1,5,3,7,6,8,4,3,6,5,3,3,4,2,6,3,3,1,10,8,4,22,6,9,7,9,13,5,3,3,2,6,4,6,4,3,3,8,3,4,7,5,6,2,5,7,,5,3,4,3,6,4,8,6,5,2,4,3,1,7,3,20,2,40,9,3,5,5,5,5,2,3,3,,8,5,7,10,7,6,6,6,2,4,4,1,6,5,2,12,7,5,7,16,6,8,3,2,1,3,4,5,3,4,3,5,7,9,3,8,7,10,7,10,2,3,5,2,7,9,2,7,5,5,9,6,4,4,3,2,5,9,4,4,7,4,6,10,11,7,28,9,10,11,3,9,12,6,10,8,,6,3,5,2,5,5,1,4,5,6,6,7,2,3,7,3,4,7,4,3,7,1,4,,5,6,3,11,6,7,8,5,3,1,3,3,3,6,7,4,3,25,16,11,4,5,3,2,3,3,3,3,10,6,3,2,7,6,4,7,5,4,4,7,6,7,6,10,3,8,6,7
20230729,0,SO2_24h,4,3,3,3,3,3,2,3,3,3,3,3,,,5,,2,5,5,,4,,4,5,,3,3,,2,2,2,3,3,2,6,,2,3,,2,3,4,2,5,,5,,2,3,4,8,3,6,9,,4,3,,2,2,9,10,8,14,11,5,2,2,,4,5,10,2,4,3,,6,6,3,5,7,,3,5,6,6,4,3,,6,6,,,8,7,7,6,5,8,14,,6,8,13,8,12,,11,4,4,8,5,7,5,4,6,6,6,4,4,4,5,3,5,4,4,3,2,8,5,6,4,6,7,5,6,3,4,5,8,4,8,6,3,5,,2,6,6,5,4,3,3,6,7,6,4,6,7,5,,6,8,8,6,8,6,6,8,4,4,4,4,,,,6,8,,6,8,5,,,,6,,3,5,7,5,10,6,8,6,6,,,,8,5,,3,5,4,8,6,,7,5,7,4,6,7,4,3,,4,,6,5,,6,4,,4,5,6,,6,4,5,5,2,4,7,,,3,4,4,4,6,5,5,,5,,,2,,6,3,,3,2,3,5,4,4,,2,3,4,3,2,5,4,3,5,4,4,4,5,5,8,8,8,8,2,,4,2,2,3,,3,,8,6,8,,6,4,8,,7,5,6,5,,4,7,5,6,5,,,4,6,9,6,5,5,1,1,3,2,1,6,2,2,3,10,7,8,9,6,8,5,,6,6,3,5,4,2,4,2,5,2,2,5,8,8,,5,5,10,8,8,6,6,8,4,5,6,5,4,7,,5,7,5,8,5,8,5,6,7,11,5,7,,8,4,8,6,7,8,11,7,8,6,6,,,10,9,7,3,5,4,6,4,7,12,6,9,12,11,12,7,8,17,9,8,,6,6,7,7,7,,5,5,4,6,6,4,6,,,6,8,5,3,4,,3,3,3,2,,,2,6,4,3,4,5,4,5,4,3,3,,9,6,8,3,6,5,7,9,9,12,15,11,8,5,3,6,6,6,2,5,,4,,4,6,,7,,7,9,,,,,5,,,,9,12,5,5,14,5,5,,7,10,3,11,11,7,4,3,4,6,8,2,6,4,7,14,,13,9,14,7,5,8,10,9,7,,5,6,4,4,4,6,3,3,2,5,2,5,2,3,9,7,8,,,5,,4,2,4,2,7,,7,3,,,4,3,3,12,,8,7,7,,11,9,10,8,6,6,2,3,5,6,,,,10,,,5,,6,8,7,8,5,7,6,5,4,4,,10,,,14,,10,9,12,6,6,9,6,8,,8,8,13,11,6,4,8,9,4,10,1,5,2,7,5,7,5,6,5,7,,7,6,7,,4,5,,7,6,2,5,5,,16,5,,,3,5,,4,,7,5,8,8,8,11,,12,9,,8,6,,7,,11,8,9,,9,8,12,14,16,,7,5,4,5,4,4,3,17,5,6,6,4,7,5,5,6,6,6,6,14,14,10,5,6,5,5,6,6,4,6,5,3,7,,5,5,4,4,2,4,6,6,2,3,2,4,5,2,,6,8,6,,4,11,8,10,9,,12,10,7,,3,,2,4,6,2,8,8,5,,,,1,,3,,6,,3,,2,6,4,4,4,,7,,4,2,4,2,7,5,,11,9,9,7,8,3,,4,,,7,5,6,3,6,7,7,7,6,5,4,2,5,17,16,12,15,25,11,1,2,3,6,6,6,6,8,6,7,4,,9,8,16,6,5,4,6,2,,,,,2,3,,5,1,8,7,7,4,5,4,7,2,1,6,4,4,,4,3,,8,2,5,,6,4,,5,7,5,5,9,4,6,10,5,5,6,5,4,,22,31,3,17,30,8,9,9,2,,6,8,6,6,5,,,4,,,,,4,,,,,,,,,,,,,,,,5,,,,,,,,,,,,,,,,,,,,,,,,,,,,,,,,,,,,,,7,2,2,2,1,2,2,4,2,,,3,9,9,8,8,,7,5,6,4,4,6,12,,9,10,5,,,3,3,,14,12,2,,5,,24,26,,,5,3,,,8,4,13,,,4,3,7,10,11,5,7,4,4,8,8,5,3,6,8,9,9,4,6,10,8,6,3,4,,6,6,9,,7,4,8,5,5,4,6,4,8,6,7,5,,,6,8,7,9,10,12,5,9,6,5,6,14,10,2,2,4,1,,,7,7,3,2,5,3,,7,9,5,,6,5,8,,4,8,5,8,5,2,3,,3,3,4,8,3,4,5,5,,5,6,6,7,9,8,,6,,7,,,,3,7,9,6,4,4,,4,,7,6,5,6,6,8,6,1,9,4,8,10,5,5,6,4,4,4,4,2,2,,8,3,4,5,7,6,29,13,14,16,16,12,12,9,8,,6,10,13,15,11,,2,5,5,5,11,8,10,14,2,,4,3,7,4,4,4,5,5,2,7,10,,5,5,7,,6,3,6,6,,5,5,4,,2,9,3,8,5,,6,5,4,7,9,4,4,,5,7,5,6,7,,10,8,8,4,5,4,6,6,6,7,4,4,,7,9,7,,6,7,,7,5,5,2,,6,4,6,9,10,5,20,13,10,21,16,4,7,6,6,7,4,4,2,2,4,4,4,6,3,5,6,7,10,11,9,10,4,7,8,8,2,8,5,9,6,5,6,5,11,7,7,7,9,7,6,10,7,15,6,8,6,9,7,12,10,7,8,9,9,6,9,7,,8,4,3,6,4,,6,7,6,3,6,5,2,5,3,2,1,1,2,3,10,,,,6,15,,8,6,7,8,8,7,,7,7,6,,,,,5,5,6,6,7,2,,4,,4,4,8,9,7,11,2,5,6,5,5,,,,,2,2,4,4,13,5,1,,3,8,7,6,7,3,8,8,5,10,4,6,25,30,,14,10,8,5,7,9,5,8,15,,8,6,,8,7,,6,7,4,,7,,7,,8,8,2,5,7,7,5,7,6,8,5,5,4,8,,70,33,,6,7,6,,6,4,4,3,4,4,,5,5,8,8,,,7,6,3,,10,10,14,10,11,11,7,,9,,,7,5,4,6,6,4,4,5,5,,8,7,9,6,6,17,3,3,3,,,7,6,,5,,4,10,8,10,16,2,5,6,6,5,4,3,10,,5,2,7,2,4,2,2,,4,,6,3,3,4,7,8,9,7,5,7,7,7,5,3,,,2,4,5,6,,8,11,6,4,,5,6,,,2,4,5,4,7,6,2,5,5,6,6,5,5,6,7,,4,3,,6,6,8,5,5,15,3,8,11,4,4,6,3,2,5,11,3,23,4,2,3,5,5,8,5,8,8,9,6,,2,5,7,3,3,6,2,6,5,5,4,8,5,4,9,3,1,5,27,4,6,6,6,9,5,4,,,6,4,6,7,7,6,6,3,6,6,3,8,8,16,6,4,4,4,,5,11,6,16,26,5,5,6,7,6,7,5,7,2,5,6,3,6,8,28,10,10,3,7,6,7,6,6,2,4,7,8,8,8,8,5,8,6,4,7,8,8,11,2,7,9,7,8,2,2,6,8,,6,9,6,4,10,3,4,2,6,5,2,1,8,5,4,7,3,6,8,10,4,9,8,12,9,9,7,6,10,12,2,,3,6,3,3,7,10,9,5,6,,1,3,4,4,7,8,8,,6,7,5,8,6,7,5,6,11,28,10,10,5,2,1,4,5,4,4,6,8,5,3,3,13,12,4,2,6,6,4,9,5,5,6,6,2,5,2,7,4,9,2,6,6,8,14,8,6,8,6,5,7,6,8,4,6,7,6,1,3,5,4,4,6,8,4,3,6,6,3,3,4,4,6,4,5,7,10,8,5,16,6,16,7,9,8,4,3,2,2,6,4,6,6,4,3,10,3,4,7,6,5,2,5,6,60,5,4,6,4,10,5,7,7,5,2,4,3,2,7,4,11,13,9,6,4,3,6,4,5,2,3,3,,8,5,7,9,6,6,6,5,3,5,4,1,6,3,2,15,9,6,8,14,6,8,1,1,1,3,3,4,3,4,5,9,7,9,3,8,7,10,7,7,2,6,5,2,8,13,2,7,5,7,8,7,5,4,3,2,5,10,6,7,7,4,6,5,11,8,32,10,7,11,5,9,9,13,11,8,,6,3,6,2,6,5,3,4,6,7,7,7,2,4,7,3,4,6,4,4,8,2,4,,4,6,2,12,4,7,9,4,3,2,3,2,3,6,13,4,4,12,12,8,7,4,4,3,3,3,3,3,10,6,3,2,10,6,4,10,5,4,4,6,6,7,6,12,5,8,6,14
20230729,0,NO2,28,3,20,30,31,28,38,30,12,6,41,18,,,5,,13,11,9,,9,,,8,,12,14,,11,17,18,6,14,13,19,,8,13,,10,8,11,51,29,,50,,5,4,9,12,14,16,16,,17,10,,17,16,15,28,30,24,48,12,20,21,,20,21,15,20,9,17,,4,9,8,10,26,,11,33,20,41,21,44,,53,51,,,57,58,60,40,29,41,23,,29,13,18,17,13,,11,12,15,12,9,10,18,17,17,24,,17,8,10,12,11,7,2,14,14,8,12,24,6,4,16,13,18,17,16,5,12,20,8,2,6,7,2,,7,12,5,,8,12,7,6,8,6,12,9,9,2,,2,2,3,2,2,2,9,8,2,7,6,5,,,,7,8,,11,10,9,,,,18,,9,18,8,9,16,11,10,8,18,,,,7,11,,21,22,19,8,6,,6,11,8,6,6,4,2,4,,4,,5,7,,14,10,,11,13,14,,10,6,18,13,3,5,4,,,2,2,2,5,3,1,5,,13,,,8,,3,8,,2,3,4,7,2,1,,24,32,12,10,9,13,5,7,15,10,6,10,7,12,7,12,10,10,1,,4,2,4,3,,4,,19,28,4,,11,16,8,,14,21,29,21,,25,32,26,44,4,,,5,6,13,8,6,8,12,5,8,11,6,6,4,4,11,25,30,21,36,25,41,23,,27,14,12,10,17,19,24,23,11,,27,1,,15,,42,45,18,38,26,43,11,28,20,16,18,12,20,47,,11,8,14,24,10,11,12,6,20,20,27,15,,16,32,33,14,10,7,6,8,11,14,9,,,21,17,24,24,22,22,15,14,27,22,24,34,46,51,109,36,40,21,64,70,,14,19,12,11,5,,35,65,36,11,38,34,18,,,69,43,57,25,27,,17,26,24,26,,,29,2,14,21,8,12,13,23,13,17,18,,25,,12,17,12,20,16,29,23,13,26,39,15,12,38,18,15,17,11,12,,28,,25,17,,59,,24,28,,,,,11,,,,17,28,13,20,19,21,16,,8,23,13,18,17,10,6,24,7,4,5,6,5,30,8,54,,21,43,42,76,39,28,23,26,56,,10,13,9,3,2,6,2,7,12,6,2,8,3,9,3,7,2,,,16,,6,2,5,5,7,,12,8,,,6,8,4,22,,9,22,15,,18,10,11,12,8,1,2,2,3,7,,,,9,,,21,,14,5,2,3,14,2,4,6,4,6,,5,,,19,,17,8,17,12,11,16,15,6,,16,24,24,13,22,12,16,18,19,35,25,18,16,5,5,5,32,16,26,18,,12,11,12,,6,8,,19,13,20,12,4,,20,13,,,,18,,12,,45,38,37,41,6,8,,4,3,,30,22,,22,,14,12,13,,13,12,20,16,7,,3,4,3,6,15,3,3,32,17,11,21,5,28,6,9,25,7,6,9,18,7,12,20,21,11,11,15,8,11,1,8,8,7,,7,11,12,6,12,10,7,15,8,7,6,10,10,9,,6,8,8,,5,14,17,12,9,,15,14,1,,5,,5,8,9,5,5,2,2,,,,4,,6,,9,,3,,12,8,8,8,10,,4,,27,36,15,8,9,14,,12,18,11,9,10,7,,4,,,2,9,8,11,,7,14,18,15,11,4,3,,12,18,21,14,20,11,4,7,5,12,20,6,20,21,17,22,21,,11,27,32,10,19,12,8,15,,,,,6,18,,14,4,15,8,12,18,6,21,13,19,21,16,12,14,,10,9,,16,12,18,,11,19,,15,17,7,27,11,12,15,8,7,12,23,16,12,,18,15,10,8,13,21,13,1,4,,5,2,38,26,10,,,36,,,,,6,,,,,,,,,,,,,,,,4,,,,,,,,,,,,,,,,,,,,,,,,,,,,,,,,,,,,,,5,6,7,7,5,4,5,7,1,,,5,20,20,15,16,,13,17,12,19,7,23,14,,15,19,15,,,15,25,,41,40,60,,32,,11,10,,,12,22,,,9,8,18,,,12,8,3,8,14,5,5,11,11,8,6,6,2,3,10,7,22,27,19,31,9,8,18,19,,22,18,4,,2,2,10,19,6,7,8,11,18,15,12,11,,,12,13,9,15,9,13,3,6,,11,13,1,10,9,8,9,5,,,11,12,8,2,14,13,,4,9,13,,14,9,23,,12,14,16,12,12,7,4,,6,9,7,10,8,6,8,7,,11,2,2,4,19,13,,10,,12,,,,1,7,4,4,6,6,,5,,15,15,16,3,5,,2,2,10,12,7,4,,3,6,3,8,8,14,3,6,,5,4,6,8,7,10,4,3,6,6,9,5,17,10,6,,6,2,3,,6,,8,3,8,5,12,7,10,18,23,,10,14,6,2,4,2,3,6,9,9,1,,18,9,6,,12,2,10,4,,4,2,9,,7,6,4,7,7,,6,1,7,4,9,11,8,,8,2,5,22,16,,24,30,5,9,5,4,10,11,8,9,16,11,,10,11,13,,6,7,,2,4,4,8,,2,5,6,15,25,7,17,16,13,34,10,7,5,5,10,9,4,6,5,1,5,34,18,34,16,29,7,9,,16,14,3,20,7,6,18,4,19,5,6,9,,9,9,52,17,25,31,16,7,4,12,17,26,42,23,23,25,10,9,20,15,19,13,11,12,12,12,,11,18,19,6,23,,6,6,16,9,21,8,11,11,15,18,31,22,20,5,37,,,,20,19,,26,24,36,36,40,31,,30,14,13,,,,,5,2,2,4,3,13,,16,,35,6,15,16,18,26,4,18,14,15,6,,,,,20,6,6,4,21,25,18,,6,6,7,9,18,,11,9,18,13,11,13,28,30,,16,19,12,12,8,15,34,12,12,,8,12,,8,17,,6,9,14,,15,,4,,3,5,9,6,17,10,44,26,17,13,2,8,5,6,,16,12,,19,12,12,,7,8,33,21,15,12,,5,3,31,26,,,22,24,69,,28,10,24,18,12,3,23,,10,,,19,8,12,20,16,9,73,112,12,,11,13,13,5,6,19,17,24,,,,15,13,,26,,15,7,4,6,25,4,8,20,5,9,6,9,11,,66,7,19,20,3,9,11,,12,,5,10,24,14,34,40,6,16,13,17,27,11,7,9,,,23,2,12,7,,29,18,22,3,,8,12,,,17,15,12,2,13,10,9,6,6,13,10,42,18,6,25,,8,4,,22,5,7,12,9,12,8,6,12,7,27,8,4,15,3,88,5,14,12,8,14,35,19,13,9,7,7,9,23,,10,9,41,7,13,45,2,2,6,5,3,33,8,8,29,21,8,10,26,10,9,2,28,10,18,26,,,13,8,13,19,7,4,6,20,21,9,10,6,17,33,5,5,12,6,,4,24,23,15,22,21,10,6,5,6,8,9,7,5,9,6,14,,40,10,45,12,15,8,1,7,3,1,18,5,6,,30,29,25,24,17,12,41,43,8,9,17,27,8,23,15,18,13,6,18,24,,11,8,18,8,16,5,4,4,11,9,8,8,6,7,2,9,16,9,35,24,22,12,24,23,16,22,38,6,46,38,18,,29,9,24,6,24,14,7,6,7,,3,13,23,18,22,17,15,,12,65,6,11,4,8,2,32,8,16,8,26,23,5,7,18,5,1,15,12,8,4,12,9,73,42,4,7,11,6,6,21,12,5,8,2,3,2,6,2,18,19,11,18,7,8,,6,6,11,16,8,14,15,7,17,15,13,,19,4,7,17,13,33,11,5,9,10,9,12,12,8,2,4,9,7,12,12,8,12,16,7,14,12,30,21,16,12,45,16,24,17,12,7,11,4,12,14,16,12,3,12,6,3,21,,11,9,7,9,13,33,12,12,6,13,3,7,7,1,12,17,23,22,13,7,16,4,7,14,19,4,6,,6,3,19,6,11,14,29,27,22,10,11,16,2,8,1,53,14,13,10,19,2,69,18,18,28,9,22,19,24,6,2,7,20,26,36,21,57,44,20,30,10,4,32,10,11,7,10,22,16,9,10,10,12,12,10,8,11,2,12,11,18,14,23,22,12,19,11,8,31,6,16,20,23,24,16,59,,6,4,2,4,21,8,16,6,9,33,18,5,21,10,21,27,16,14,17,3,,16,21,,9,3,4,19,16,24,3,16,23,26,35,9,43,43,12,17,25,45,40,10,5,7,24,8,9,3,26,21,67,41,6,2,5,11,7,14,6,2,18,12,5,10,16,9,5,17,15,8
20230729,0,NO2_24h,22,8,12,15,23,20,28,13,13,22,30,21,,,16,,19,19,20,,19,,24,14,,12,15,,7,14,12,5,12,12,11,,17,17,,16,12,11,23,21,,21,,11,8,12,7,9,8,10,,12,8,,13,13,9,26,17,20,20,8,16,19,,15,16,14,20,9,12,,10,18,17,17,21,,8,18,19,19,14,20,,18,23,,,21,21,24,22,13,26,16,,15,11,12,15,15,,10,14,13,11,10,11,13,14,9,11,14,18,13,10,11,13,6,3,13,9,15,11,14,9,10,15,19,24,20,22,8,13,20,10,5,10,9,3,,10,14,9,13,10,15,10,10,11,11,16,14,10,6,,4,5,9,4,3,11,8,9,2,8,7,6,,,,7,8,,9,8,10,,,,16,,15,23,11,14,19,15,14,12,17,,,,13,11,,22,22,20,8,6,,5,7,9,6,5,7,2,3,,6,,6,8,,16,13,,13,14,15,,13,8,20,14,9,6,7,,,2,6,4,6,3,2,8,,17,,,10,,5,11,,3,3,4,5,2,2,,18,19,10,9,8,9,7,7,17,13,9,11,9,14,9,19,11,13,2,,4,3,4,3,,3,,11,13,12,,6,7,7,,14,14,18,14,,19,18,24,22,4,,,7,10,14,9,7,11,14,8,13,19,8,11,9,10,15,21,23,17,25,18,23,18,,17,17,9,9,12,11,15,19,10,13,11,4,29,14,,18,20,17,15,23,18,19,11,17,22,20,30,24,22,,17,12,9,28,15,21,11,14,9,14,16,13,,20,21,22,14,12,10,9,15,18,16,14,,,15,12,21,15,11,8,14,22,15,23,14,14,32,29,59,28,36,19,30,41,,13,18,15,14,6,,16,31,17,28,32,24,19,,,30,37,23,22,30,,5,8,11,13,,,9,2,12,22,10,11,15,19,14,16,17,,14,10,19,24,17,19,13,15,16,10,20,17,18,12,22,10,14,14,9,10,,18,,16,13,,29,,36,35,,,,,13,,,,15,20,29,39,49,35,13,,26,18,14,16,19,13,10,12,10,9,12,13,5,17,6,22,,19,18,17,14,19,14,14,13,14,,10,10,11,5,2,6,3,10,13,8,2,7,3,8,2,4,2,,,11,,8,3,5,5,10,,11,9,,,14,15,14,22,,6,12,10,,14,13,10,13,8,3,2,2,2,7,,,,4,,,9,,7,6,6,4,13,2,4,6,3,5,,5,,,7,,4,8,8,9,11,10,12,6,,11,18,14,14,14,14,10,12,12,15,10,10,9,7,6,5,13,9,8,12,,11,8,5,,6,6,,6,5,9,4,8,,24,10,,,5,9,,17,,19,16,13,17,12,18,,8,12,,15,17,,17,,11,13,11,,11,10,24,20,12,,6,6,7,10,13,7,3,15,11,7,11,4,13,12,12,24,8,7,16,8,6,8,11,12,8,9,14,7,9,2,13,11,10,,8,12,14,11,11,14,10,23,7,10,8,14,12,12,,8,10,11,,7,13,17,12,7,,15,14,2,,11,,13,15,17,13,15,6,10,,,,8,,10,,13,,6,,12,10,10,10,16,,7,,18,18,11,12,9,12,,10,16,10,12,10,5,,4,,,3,9,15,8,4,5,9,7,10,9,4,4,7,10,19,20,14,22,13,6,6,7,16,13,11,8,12,11,13,12,,13,14,26,25,12,10,4,7,,,,,4,10,,7,4,11,8,11,13,6,15,10,13,13,12,15,11,,15,13,,13,8,21,,13,18,,18,7,8,20,15,10,11,11,13,19,23,19,16,,18,22,21,12,13,14,13,4,6,,6,5,29,22,8,,,14,,,,,6,,,,,,,,,,,,,,,,4,,,,,,,,,,,,,,,,,,,,,,,,,,,,,,,,,,,,,,8,7,7,9,6,6,6,7,3,,,3,14,14,14,13,,11,9,7,11,6,12,20,,16,18,7,,,8,11,,13,15,20,,18,,18,18,,,13,15,,,8,8,11,,,12,9,5,8,15,9,6,10,10,9,7,6,5,5,9,12,13,17,15,17,10,9,14,11,,11,10,7,,5,5,9,11,11,8,9,7,14,17,11,13,,,7,12,10,14,9,11,6,8,5,11,12,2,14,8,8,11,4,,,10,13,8,2,14,11,,5,8,11,,11,10,16,,10,8,12,12,10,8,4,,6,9,7,14,9,7,11,11,,9,4,5,5,21,20,,11,,13,,,,5,11,10,8,5,6,,7,,15,17,17,2,2,2,2,2,7,9,7,6,,5,6,3,4,6,4,3,6,,3,4,7,7,7,8,4,6,7,6,12,8,9,11,7,,4,5,5,10,10,,3,3,6,8,9,6,9,12,9,,9,12,6,3,5,3,3,6,7,7,4,,25,18,14,,15,8,16,9,,9,8,9,,6,6,5,8,6,,10,4,8,6,8,10,7,,10,5,7,10,11,,16,12,5,8,6,6,13,10,12,14,11,10,,8,8,9,,5,6,,4,4,5,8,,3,6,6,12,12,8,9,10,9,11,11,5,5,5,6,7,5,7,6,4,5,20,8,14,10,16,5,7,8,9,10,2,7,5,4,6,4,9,5,10,4,4,7,9,32,21,26,23,16,8,10,16,15,17,15,18,18,21,10,17,23,10,10,15,15,11,10,15,,10,11,16,8,10,,7,3,11,8,10,6,7,8,11,8,14,13,9,5,12,,,,7,9,,9,17,21,19,23,18,,11,10,8,,,,,7,5,8,7,6,16,,10,,10,4,6,8,9,11,5,10,11,14,8,,,,,11,6,9,9,14,18,13,,6,8,8,7,7,8,14,15,15,12,9,9,22,22,,10,8,11,12,12,13,11,11,10,,14,10,,11,10,,5,8,9,,7,,7,,4,5,8,8,11,9,12,11,12,11,3,7,6,8,,18,14,,10,11,18,,12,10,20,20,19,17,,5,5,16,24,,,17,15,19,,10,9,12,8,7,6,16,,8,,,11,14,8,11,22,22,30,39,9,,15,8,10,8,10,11,17,15,12,,,13,12,,29,,13,12,10,38,17,2,7,13,13,17,12,8,15,,24,8,16,21,4,13,16,,13,,4,10,7,9,21,14,21,10,9,14,13,6,8,9,,,17,2,16,14,,19,16,21,3,,7,12,,,12,15,15,2,12,9,6,11,7,16,7,33,15,16,18,,16,9,,15,10,6,5,6,10,9,4,8,10,16,6,2,17,10,24,4,19,8,6,14,11,16,7,10,9,8,9,9,,5,9,36,5,8,18,3,3,4,12,10,19,4,9,15,17,20,15,20,7,13,2,25,12,12,13,,,17,8,10,16,7,4,7,16,11,19,11,6,21,15,4,11,5,7,,6,32,20,19,17,12,22,11,4,9,9,10,7,10,11,6,11,16,21,18,10,22,17,6,7,11,3,2,14,6,12,19,29,20,16,20,14,15,23,31,15,15,15,12,7,10,11,11,6,4,16,13,,15,8,16,7,20,4,5,6,15,13,7,7,10,17,10,7,11,8,22,15,15,5,14,12,9,18,21,7,31,24,6,,8,7,8,6,22,13,6,6,4,,3,14,19,13,14,12,11,,13,21,11,15,3,8,4,26,10,8,13,17,8,8,7,20,13,9,8,11,11,3,9,5,22,17,8,7,14,10,7,19,18,12,16,4,2,2,5,2,15,35,10,29,16,5,22,6,6,4,23,16,13,11,4,13,11,10,5,10,11,12,17,9,14,17,5,10,11,10,12,14,10,8,14,20,16,16,16,10,10,12,10,14,6,20,19,10,10,14,9,12,12,7,15,7,6,7,11,10,11,6,12,6,4,15,22,10,16,17,8,14,18,12,14,5,15,2,3,3,2,2,8,18,14,11,7,12,7,7,13,13,4,4,,9,6,16,5,9,15,20,18,15,15,12,19,2,9,2,14,14,13,15,18,11,27,12,13,14,15,18,19,18,16,7,6,12,12,19,13,11,8,14,15,10,13,18,11,15,16,6,17,14,12,12,9,16,11,12,13,11,3,23,9,13,10,12,17,12,14,18,4,26,8,15,11,18,15,21,28,,6,4,13,12,18,7,8,8,10,20,20,13,10,9,13,24,11,17,14,8,18,18,16,,7,6,4,7,8,16,16,8,13,17,16,11,32,18,11,12,16,17,28,8,9,6,19,17,10,4,20,13,30,22,5,3,18,11,15,14,12,5,8,10,5,7,10,8,5,6,12,14
20230729,0,O3,62,23,68,45,58,60,35,23,41,41,42,57,,,56,,44,49,60,,50,,,49,,42,59,,108,92,101,104,103,110,113,,46,34,,38,33,47,8,27,,7,,72,80,77,71,79,77,87,,85,59,,79,80,47,25,11,28,7,2,94,75,,83,38,40,43,81,66,,92,88,91,102,73,,27,76,94,54,81,29,,43,68,,,51,52,37,54,10,3,16,,7,24,22,22,23,,32,,32,23,30,34,26,27,27,22,,42,50,51,51,53,54,82,41,42,53,87,57,82,72,67,78,69,69,75,73,75,70,16,19,18,21,18,,22,15,17,20,10,15,18,14,16,16,17,16,16,20,,21,22,22,23,21,20,18,16,19,15,18,27,,,,20,19,,25,21,24,,,,5,,20,21,11,21,13,12,16,16,9,,,,18,14,,12,7,10,19,16,,16,18,17,23,19,24,26,29,,34,,26,22,,12,17,,18,17,20,,17,21,13,16,21,21,25,,,27,26,27,44,48,45,36,,18,,,23,,16,17,,43,36,37,,16,16,,14,6,22,30,30,28,43,32,17,19,26,27,21,22,22,20,20,26,,,56,57,55,52,,37,,29,35,43,,39,31,23,,38,12,12,16,,8,14,16,10,19,,,25,29,19,30,31,30,56,58,61,59,55,41,59,53,57,33,15,32,18,20,19,20,,21,39,28,33,23,18,16,15,31,27,15,40,,68,,37,41,71,58,63,22,74,73,76,96,76,83,71,67,,95,93,59,94,106,98,71,70,43,46,36,48,,50,20,26,84,84,84,87,68,70,59,72,,,107,89,97,68,55,57,103,103,24,40,34,22,38,6,6,40,40,28,37,9,,56,47,53,55,75,,16,4,10,40,1,25,30,,,5,16,4,25,14,,47,55,94,43,,,67,116,24,38,36,26,22,34,39,39,7,,42,,47,46,46,44,75,56,75,78,74,61,64,62,26,44,58,57,59,49,,40,,42,49,,49,,81,80,,,,,84,,,,90,72,82,86,87,79,69,,76,23,45,28,27,25,39,13,35,39,45,86,18,4,26,62,,120,64,81,37,82,110,95,90,46,,38,25,38,71,49,49,58,39,40,49,57,51,60,51,67,62,70,,,17,,29,24,20,17,64,,58,41,,,21,24,25,16,,27,4,18,,19,32,25,24,36,22,36,32,27,22,,,,22,,,8,,16,29,33,28,21,27,28,22,30,23,,25,,,73,,32,24,26,140,156,119,150,125,,62,50,51,59,46,53,49,22,26,18,4,14,13,88,89,85,2,19,8,30,,37,44,40,,45,46,,55,60,43,51,32,,19,26,,,,22,,74,,51,48,48,57,104,116,,110,111,,50,64,,61,,115,118,120,,117,114,111,94,120,,35,29,36,31,22,36,67,22,41,39,28,41,6,37,19,7,31,31,9,30,49,37,29,34,63,65,49,67,67,73,56,65,59,,66,68,68,69,59,63,70,62,64,70,68,25,24,27,,18,18,20,,27,37,39,41,32,,36,35,58,,87,,94,90,96,91,56,57,63,,,,47,,42,,96,,108,,46,50,51,68,72,,64,,27,32,31,64,75,74,,52,45,51,48,56,50,,83,,,77,26,35,,,44,44,32,41,44,81,72,,53,40,35,51,37,56,70,54,48,49,50,54,38,36,45,29,31,,49,38,32,49,2,33,26,36,,,,,58,53,,53,33,34,49,44,33,39,28,32,23,9,19,55,43,,74,76,,66,60,73,,84,61,,77,38,56,48,61,62,66,65,65,51,58,62,55,,121,122,108,88,89,74,92,119,123,,94,116,62,66,91,,,8,,,,,32,,,,,,,,,,,,,,,,31,,,,,,,,,,,,,,,,,,,,,,,,,,,,,,,,,,,,,,39,50,44,51,53,47,44,50,45,,,,78,72,79,80,,75,71,92,78,93,44,132,,126,120,82,,,81,69,,40,30,16,,47,,121,118,,,92,53,,,107,116,87,,,76,83,119,118,130,131,138,39,28,44,41,45,32,24,28,26,21,20,23,11,91,97,89,76,,46,52,70,,27,26,18,12,82,74,47,91,4,9,4,66,,,66,54,60,55,15,73,61,53,,31,37,20,63,72,72,66,109,,,57,78,89,108,72,71,,68,16,11,,14,17,9,,20,12,16,15,6,26,32,,23,21,25,25,30,21,26,28,,29,44,38,32,10,18,,30,,30,,,,30,30,28,28,30,31,,24,,22,23,36,64,56,,62,,25,27,26,,,37,34,41,,17,6,21,,,48,12,29,32,27,32,26,38,36,33,34,27,24,38,40,,26,35,35,,32,,26,32,38,39,40,38,36,29,29,,33,32,42,22,38,30,27,32,27,34,29,,52,48,54,,46,58,50,46,,46,46,,,51,44,,44,44,,52,59,50,58,32,25,26,,48,50,48,12,17,,27,12,52,25,22,18,74,74,73,73,24,28,,78,82,76,,49,47,,27,25,47,35,,49,52,41,26,21,70,52,67,69,45,73,34,69,72,57,57,78,77,81,78,79,30,24,18,38,23,19,41,,24,39,46,20,45,41,20,61,73,83,68,76,,8,10,8,4,30,17,59,56,79,63,51,54,45,69,66,54,45,67,59,46,40,54,55,5,34,35,,53,54,47,52,17,,31,44,35,61,36,65,67,63,59,58,38,65,59,6,26,,,,36,36,,34,6,4,7,2,14,,16,30,38,,,,,67,88,87,80,87,25,,23,,20,26,21,38,24,35,18,32,62,48,71,,,,,6,22,65,69,36,16,28,,50,47,42,74,67,,66,73,12,11,12,15,26,19,,17,28,37,33,24,9,18,43,14,,26,16,,68,52,,74,66,66,,46,,86,,34,26,27,28,28,12,30,73,98,106,31,23,22,52,,87,93,,48,56,108,,141,135,48,68,107,109,,66,70,61,75,,,80,64,17,,64,98,91,60,69,134,78,,89,,,72,82,73,62,100,102,64,18,62,,92,96,92,135,138,92,104,98,,,,99,96,,48,,88,77,89,77,37,52,100,52,58,50,54,103,134,,14,80,6,13,24,21,18,,32,,26,39,68,28,21,3,122,87,17,16,9,42,15,39,,,76,41,18,57,,74,93,82,34,,26,12,,,15,13,17,28,18,21,20,24,27,14,80,25,41,48,59,,51,47,,33,61,53,46,103,104,87,29,47,68,29,38,67,47,56,5,30,99,16,54,19,29,54,18,40,48,38,44,46,,80,50,17,56,59,49,76,84,63,64,50,55,10,45,29,3,76,97,109,30,26,31,35,67,19,9,,,102,30,83,30,27,81,73,2,25,114,50,34,16,52,46,48,27,28,,71,90,84,97,86,68,107,18,24,18,21,21,16,32,18,20,49,16,83,124,48,111,10,19,22,21,20,28,10,24,51,80,73,53,60,74,78,87,60,86,96,67,43,72,26,14,59,105,46,,46,41,,47,26,16,24,17,33,26,26,108,104,49,55,47,89,92,31,27,38,29,12,36,40,28,8,51,39,15,55,11,6,81,,59,43,51,26,13,22,27,25,19,,26,61,46,27,32,50,48,,38,5,78,68,36,67,71,47,60,26,58,58,29,18,27,13,23,27,23,35,14,26,91,23,66,62,19,21,25,21,24,6,19,20,21,20,19,28,17,27,89,83,88,82,78,81,,122,49,29,83,114,51,59,47,102,38,74,48,100,51,70,77,81,54,57,24,19,27,28,28,28,18,55,56,54,57,50,103,50,33,33,76,16,24,6,18,53,89,24,76,17,46,64,41,22,22,22,14,9,31,32,27,22,28,58,,35,20,26,13,84,67,79,82,71,73,65,56,59,61,16,28,53,48,50,53,22,71,52,37,21,42,38,,26,28,66,86,76,28,35,35,41,27,22,21,50,16,45,12,34,94,96,97,128,24,104,94,83,35,29,30,21,88,92,103,90,50,68,72,37,47,95,70,65,64,22,82,52,,48,55,50,17,43,18,60,57,87,79,58,122,91,102,90,18,16,80,114,69,121,33,59,142,59,93,101,14,87,28,,20,23,94,94,32,57,44,26,24,,14,28,20,80,79,74,71,47,24,44,9,15,16,,75,66,26,106,71,41,58,70,15,29,46,78,46,45,12,10,8,77,23,30,58,39,22,42,36,45,39,33,38,63,95,34,64,83,57,67,58,28,54,14,,58,32,18,22,15,31,89
20230729,0,O3_24h,116,85,125,122,119,124,91,125,116,86,114,96,,,194,,172,187,174,,202,,141,186,,144,242,,154,156,150,158,149,165,162,,179,188,,190,188,97,65,95,,91,,139,150,145,137,139,127,139,,156,141,,134,138,147,120,126,136,125,107,155,146,,153,197,177,170,158,152,,162,163,165,170,120,,129,126,132,125,132,119,,148,156,,,180,163,135,154,89,92,81,,96,73,86,82,83,,93,79,66,62,65,104,78,76,67,73,70,97,101,101,105,107,93,106,97,97,102,120,82,103,99,95,101,91,98,99,103,96,97,33,34,33,39,32,,38,38,34,32,49,53,60,45,51,51,51,47,58,28,,32,33,33,33,32,26,36,36,38,32,39,50,,,,58,62,,69,65,64,,,,48,,30,35,23,32,31,27,28,34,33,,,,41,45,,47,49,61,49,47,,45,36,32,38,34,37,38,40,,43,,58,58,,25,27,,33,34,49,,30,36,26,30,34,28,35,,,36,30,33,45,48,50,37,,25,,,41,,40,33,,44,45,42,32,34,32,,69,72,52,58,55,51,54,55,58,54,64,65,62,64,59,61,60,65,,,63,64,62,59,,44,,63,71,67,,68,63,57,,64,113,128,112,,108,134,125,138,28,,,42,52,32,52,50,48,128,127,145,129,121,117,125,106,134,101,133,116,120,106,127,116,,106,158,88,115,88,108,96,109,93,103,126,103,33,144,,122,134,154,105,125,109,120,111,114,121,131,115,100,109,,146,140,95,121,168,166,164,167,109,102,91,124,,111,111,104,158,166,148,161,154,142,127,153,,,129,128,152,68,75,79,103,126,93,94,101,102,183,163,178,157,141,186,190,171,,96,95,102,95,78,,82,61,72,41,37,60,59,,,67,47,56,87,40,,146,120,143,120,,,142,135,72,92,76,87,96,87,92,89,85,,78,80,74,73,81,82,134,131,130,141,120,131,86,86,85,80,70,88,84,82,,84,,83,74,,155,,165,164,,,,,150,,,,170,175,101,107,113,100,95,,113,119,129,124,127,128,98,93,91,95,99,137,78,118,95,158,,157,157,156,153,158,176,171,167,166,,65,64,68,71,56,54,58,58,56,68,77,87,100,93,75,77,81,,,81,,52,60,58,49,144,,137,112,,,130,140,134,118,,82,77,102,,77,67,75,60,65,37,52,46,49,36,,,,68,,,75,,81,91,88,100,37,46,48,43,55,46,,89,,,80,,101,69,92,143,159,146,152,157,,110,93,96,94,105,101,138,117,109,116,59,59,59,196,198,174,63,59,58,127,,100,101,95,,83,102,,64,60,66,94,87,,95,80,,,93,90,,144,,164,157,154,154,137,145,,142,142,,142,130,,123,,170,156,172,,163,163,140,139,146,,95,84,89,87,80,86,120,117,118,106,114,106,105,80,71,70,73,72,70,80,72,88,84,88,114,116,110,117,115,110,109,108,108,,109,98,90,89,91,94,125,101,132,115,123,49,51,56,,41,40,44,,48,79,76,80,66,,77,73,76,,112,,118,113,127,122,131,140,148,,,,100,,102,,122,,117,,103,101,103,113,112,,114,,111,111,117,82,108,100,,136,122,124,121,124,125,,108,,,114,82,79,76,77,86,88,89,96,155,97,142,215,108,100,107,106,106,103,71,76,94,91,120,102,99,95,88,96,100,,92,94,106,124,58,70,71,61,,,,,110,113,,114,81,86,87,87,104,84,73,78,78,75,80,79,78,,84,80,,100,94,86,,108,108,,100,67,83,88,88,88,114,92,96,85,228,99,100,,149,149,147,163,176,139,148,125,131,,135,123,118,119,125,,,95,,,,,47,,,,,,,,,,,,,,,,46,,,,,,,,,,,,,,,,,,,,,,,,,,,,,,,,,,,,,,90,101,99,101,104,93,91,91,92,,,,138,134,126,121,,127,133,151,133,138,142,152,,156,151,122,,,121,121,,126,121,127,,127,,170,173,,,121,108,,,151,154,155,,,116,124,138,145,172,170,165,119,110,121,150,174,94,84,96,86,89,92,89,86,135,134,135,128,,101,101,112,,40,36,37,42,129,112,136,112,62,65,65,90,,,94,96,98,96,91,97,102,90,111,89,102,105,63,108,108,110,145,,,115,100,105,126,110,101,,89,56,59,,62,59,68,,72,73,83,79,59,61,67,,54,58,60,48,64,51,76,82,,70,46,40,47,40,56,,91,,91,,,,60,61,64,58,76,80,,64,,38,46,56,66,69,56,66,,44,47,43,,,52,52,55,,48,47,41,,,61,47,35,38,38,34,68,68,78,70,74,52,58,63,58,,60,63,68,67,64,,50,53,64,64,66,64,61,64,47,,71,62,67,63,61,46,47,51,53,64,58,,130,133,141,,111,121,115,115,,120,119,102,,103,102,106,99,101,,105,109,108,107,83,76,78,,100,99,96,72,74,,92,74,76,96,110,114,111,107,109,104,88,85,,114,112,111,,98,98,,85,79,101,103,,91,97,90,98,91,103,103,98,109,107,101,93,91,93,87,90,94,103,100,102,101,90,102,99,100,96,107,89,104,94,88,82,82,87,83,82,104,90,85,83,96,56,81,82,99,95,115,94,116,164,137,139,148,155,127,184,161,150,111,128,131,123,133,102,116,87,84,97,,142,143,160,89,82,,90,82,81,78,103,72,76,74,78,132,135,141,136,15,144,,,,101,101,,97,70,68,73,71,72,,117,108,103,,,,,71,95,93,91,102,83,,100,,84,74,95,100,85,104,80,79,81,73,83,,,,,74,84,78,79,93,91,70,,91,70,75,85,90,101,98,99,56,58,42,42,89,86,,74,78,78,80,40,46,72,84,48,,82,71,,79,93,,100,96,107,,105,,106,,54,54,76,81,85,83,136,124,130,130,80,73,69,80,,166,170,,120,130,150,,149,151,104,108,150,150,,89,88,151,146,,,152,160,142,,152,151,124,124,101,145,147,,142,,,142,120,125,116,132,127,179,163,125,,112,114,113,160,153,160,153,152,130,,,121,111,,114,,108,128,136,97,99,60,132,127,176,200,199,160,155,,126,116,54,56,36,39,38,,96,,63,111,141,93,76,71,147,128,74,76,88,99,36,72,,,149,49,24,203,,183,164,185,88,,60,41,,,46,44,40,37,59,68,42,43,48,38,115,55,62,49,140,,176,110,,103,96,78,82,157,146,113,99,72,114,71,60,67,169,125,152,48,124,76,110,78,84,146,46,88,94,88,83,102,,141,107,51,109,114,136,101,109,108,153,108,141,92,63,112,49,83,130,150,83,75,64,68,78,77,74,,,188,66,164,79,54,100,108,50,97,153,108,55,50,130,60,108,55,71,,115,193,167,187,180,120,144,30,46,33,46,38,36,44,33,39,88,147,157,178,153,129,59,68,32,31,42,40,52,51,115,108,108,126,147,152,145,116,112,120,173,149,102,111,63,104,92,127,68,144,176,162,,199,51,75,60,55,81,64,66,123,125,103,106,93,123,120,99,100,95,74,84,61,93,78,54,71,81,79,81,103,110,128,,157,74,142,52,91,64,97,48,60,,56,138,138,79,81,87,80,,71,144,107,104,87,102,123,172,108,103,142,131,113,35,39,30,29,31,64,68,69,62,126,110,162,152,53,48,48,33,43,51,26,38,46,34,36,48,45,41,120,113,115,109,105,131,38,170,66,100,117,198,142,133,93,180,133,158,102,163,124,130,145,148,165,162,65,53,53,62,87,85,40,129,122,139,127,119,117,101,102,87,127,92,72,38,62,103,128,124,152,76,112,131,144,123,55,96,82,72,96,93,98,50,49,133,58,106,143,141,110,146,130,119,127,87,83,65,57,61,72,50,95,138,135,117,152,72,80,86,84,85,69,70,,41,89,110,114,118,122,74,83,83,31,35,30,50,38,46,155,163,142,140,172,148,158,167,156,170,164,190,177,168,162,134,153,150,136,159,160,162,186,170,166,118,120,101,111,104,130,103,110,105,72,99,43,93,81,91,99,89,132,116,115,109,90,88,121,164,130,153,74,90,177,152,132,127,95,157,160,,48,59,120,116,84,74,111,46,41,126,125,86,91,136,133,96,103,101,92,104,28,27,57,,107,92,51,159,121,137,126,126,68,101,135,120,129,158,45,78,108,155,94,64,120,65,192,186,79,112,93,99,157,164,107,66,132,119,80,113,76,35,109,67,97,106,94,102,54,65,63,160
20230729,0,O3_8h,73,42,93,62,83,87,62,74,61,49,84,68,,,104,,83,89,105,,83,,67,77,,77,101,,128,126,119,127,124,130,139,,78,70,,70,67,55,42,49,,54,,110,124,118,105,103,97,115,,122,102,,107,105,96,68,59,75,61,21,123,90,,114,86,78,78,112,110,,132,137,133,140,92,,57,94,98,96,99,72,,104,117,,,122,120,94,104,44,40,44,,49,47,49,47,49,,60,47,47,40,44,49,48,49,46,45,43,65,66,76,78,77,76,91,64,64,66,103,74,90,83,78,83,80,81,85,88,79,80,20,23,21,26,21,,26,20,21,22,18,23,28,20,23,24,25,22,24,22,,23,23,24,25,21,18,26,24,26,22,25,28,,,,34,36,,41,38,40,,,,13,,21,19,13,22,15,14,16,19,13,,,,18,20,,17,10,14,27,24,,24,27,23,29,26,29,33,35,,39,,31,29,,15,21,,22,22,24,,21,25,16,22,22,23,27,,,29,25,26,42,46,46,34,,16,,,29,,25,21,,41,37,35,20,20,19,,23,17,32,40,36,42,48,45,30,30,38,40,34,32,34,28,35,39,,,59,61,58,55,,38,,50,55,56,,57,52,36,,52,38,42,41,,35,46,41,53,25,,,32,37,23,38,40,35,92,94,97,100,84,80,95,83,109,34,21,35,30,26,37,26,,33,59,52,74,51,57,50,57,54,58,70,65,,109,,88,86,125,85,94,50,74,80,95,109,101,98,73,85,,123,108,82,101,125,118,122,109,83,76,67,93,,82,68,64,123,127,121,117,103,97,85,105,,,118,105,119,55,59,65,81,94,59,59,66,62,77,51,49,61,62,66,76,56,,71,55,67,67,73,,48,20,43,35,17,44,43,,,25,27,24,51,27,,104,93,113,72,,,108,124,37,38,44,39,55,45,44,45,34,,60,,53,54,60,62,103,91,94,104,92,95,75,71,54,63,64,76,73,64,,64,,64,62,,108,,118,115,,,,,122,,,,115,109,88,90,98,88,82,,96,55,73,54,53,50,58,47,54,58,58,107,50,44,73,116,,135,123,131,112,121,142,137,130,120,,47,38,43,57,47,46,50,44,41,54,54,54,60,51,69,65,72,,,34,,32,28,25,22,104,,99,71,,,36,42,40,30,,42,25,34,,32,38,33,36,41,24,38,34,33,24,,,,36,,,28,,33,40,44,40,29,36,39,27,36,27,,35,,,64,,58,42,55,116,133,123,119,130,,78,66,70,66,64,69,62,50,56,45,32,29,28,140,141,122,31,40,40,51,,54,70,70,,47,48,,56,47,50,69,40,,26,59,,,78,52,,92,,112,104,105,110,100,110,,107,106,,84,79,,77,,150,142,153,,148,147,113,102,118,,47,42,50,42,39,46,82,59,74,78,69,80,50,40,28,24,37,33,20,50,53,51,47,52,91,97,79,94,92,88,64,75,72,,74,82,77,79,74,76,82,78,84,84,78,31,32,34,,26,27,29,,35,58,57,61,49,,60,53,63,,78,,90,89,77,83,91,105,110,,,,68,,69,,100,,105,,73,75,77,69,66,,70,,56,68,67,70,78,78,,94,86,92,86,90,94,,92,,,94,60,54,50,67,59,57,56,64,72,85,90,93,73,58,56,62,50,73,66,71,70,68,89,75,70,68,66,68,67,,70,71,59,74,30,51,47,50,,,,,90,78,,80,56,56,64,61,61,59,50,55,46,40,43,51,52,,75,76,,75,78,77,,66,55,,70,46,71,65,70,69,84,74,70,62,115,81,81,,140,132,125,129,126,110,121,114,118,,100,117,85,95,106,,,35,,,,,41,,,,,,,,,,,,,,,,34,,,,,,,,,,,,,,,,,,,,,,,,,,,,,,,,,,,,,,52,68,61,68,70,61,62,62,62,,,,97,92,91,96,,86,94,113,112,110,87,128,,125,121,102,,,96,93,,92,79,66,,79,,135,130,,,113,78,,,130,134,132,,,85,92,122,126,145,142,146,72,64,80,73,75,46,41,44,45,56,57,54,45,107,116,105,97,,59,64,90,,31,28,27,26,80,77,90,93,18,23,18,68,,,76,73,77,72,44,72,70,67,82,58,59,48,50,75,74,71,116,,,86,86,93,112,68,68,,75,30,25,,28,30,26,,39,28,36,32,20,39,48,,34,35,39,34,42,34,46,49,,50,40,36,33,18,28,,52,,51,,,,46,46,45,43,41,43,,42,,25,27,42,62,62,,63,,36,38,39,,,44,44,47,,30,24,28,,,55,22,29,30,30,31,48,50,52,48,48,38,41,46,46,,45,44,48,56,42,,37,42,48,46,51,49,46,47,36,,51,48,54,40,50,39,36,41,36,45,36,,107,91,98,,89,98,91,68,,68,65,71,,75,60,79,59,68,,79,87,80,82,48,41,43,,66,62,64,36,39,,47,41,59,59,65,71,90,91,90,89,36,36,,80,84,81,,64,66,,35,47,58,52,,74,78,70,60,56,74,87,87,93,89,85,58,75,75,71,69,82,88,90,83,84,52,54,56,59,58,42,63,54,49,58,57,55,64,62,57,70,82,77,71,82,13,27,24,55,41,61,55,72,89,88,100,92,99,92,104,100,90,73,87,92,71,68,69,68,14,49,47,,77,96,94,64,51,,58,64,52,64,54,63,69,67,67,105,87,97,103,11,98,,,,72,76,,72,30,34,39,32,37,,70,64,48,,,,,61,74,79,72,81,40,,58,,66,38,52,50,46,54,59,66,66,61,72,,,,,37,49,72,73,52,35,45,,60,40,42,76,79,75,72,75,23,22,32,31,57,55,,56,64,48,47,27,16,55,54,25,,53,46,,67,74,,86,80,86,,82,,89,,38,34,47,61,58,52,95,102,108,112,47,43,38,64,,124,128,,90,85,131,,137,137,73,80,127,132,,76,75,117,110,,,117,120,88,,120,121,100,104,92,136,110,,116,,,109,96,96,90,112,108,126,100,82,,98,106,99,131,129,122,130,126,,,,111,102,,59,,95,100,104,89,63,52,97,96,93,78,96,124,130,,61,98,15,18,27,23,24,,54,,35,72,106,56,54,44,135,104,36,44,50,73,22,49,,,108,41,17,102,,110,116,112,41,,33,18,,,24,17,19,34,35,38,30,25,28,16,80,37,46,40,86,,100,63,,68,57,68,64,119,126,86,45,65,67,52,51,64,87,99,100,36,99,32,79,32,66,104,37,68,67,57,61,79,,114,58,32,76,83,82,85,95,87,113,71,96,28,53,45,11,76,106,139,47,46,36,45,67,45,42,,,138,46,113,55,32,87,77,11,64,135,78,43,26,96,54,69,43,47,,94,127,132,148,134,93,124,20,31,21,27,24,20,27,21,25,61,94,130,140,125,108,16,36,22,23,28,35,18,31,75,83,77,76,110,119,117,95,93,93,117,98,65,84,35,44,75,111,52,119,82,111,,87,36,36,41,26,49,43,43,110,107,69,74,58,87,84,63,58,64,54,40,47,62,47,32,61,62,48,61,36,32,102,,99,59,103,37,20,30,44,29,32,,31,102,93,48,45,58,53,,31,81,94,84,42,89,87,81,78,61,103,91,64,21,30,15,23,23,40,48,33,35,77,51,132,118,25,31,34,24,27,15,20,20,20,20,26,31,23,35,101,98,105,88,90,102,,123,37,59,90,133,87,66,74,116,47,123,78,118,66,102,94,117,117,90,41,29,35,38,50,47,26,98,78,99,100,94,102,63,52,50,90,44,46,22,32,64,98,64,126,45,79,106,53,46,28,52,30,24,45,44,35,29,38,106,,65,38,40,44,121,103,95,104,75,74,62,52,58,61,36,57,88,91,65,78,47,72,53,54,46,55,54,,25,59,82,83,87,58,51,57,66,26,28,22,48,23,43,101,105,108,98,108,108,88,137,122,123,70,68,69,64,126,117,107,118,91,102,117,116,128,126,106,92,98,62,92,91,111,72,63,72,26,66,26,82,65,86,92,73,120,101,106,98,44,56,91,145,88,136,53,78,134,106,107,112,36,112,97,,30,37,81,85,55,66,78,33,32,25,26,39,51,108,109,84,70,68,34,49,20,17,22,,84,71,33,132,90,68,87,94,40,55,89,85,76,108,26,27,32,130,48,43,98,54,68,69,50,61,63,61,106,108,92,49,108,106,66,95,59,28,75,32,85,87,68,37,27,33,43,130
20230729,0,O3_8h_24h,102,73,116,106,111,117,85,114,103,73,106,91,,,170,,146,157,163,,165,,114,147,,128,189,,144,148,140,143,140,149,154,,154,146,,148,146,73,58,62,,80,,127,137,135,127,128,118,128,,143,131,,126,127,136,108,111,117,107,82,142,124,,140,147,138,132,144,141,,138,144,140,144,117,,102,117,118,112,120,113,,142,146,,,170,156,128,143,79,82,74,,85,68,79,74,78,,86,58,61,49,57,71,62,65,57,61,59,82,85,92,93,96,88,95,77,83,87,103,74,90,84,78,83,80,82,85,91,79,83,29,30,29,34,28,,33,35,30,29,34,39,46,34,38,39,40,36,44,26,,30,31,31,31,28,24,34,32,34,30,33,40,,,,48,54,,60,54,57,,,,32,,26,26,20,28,22,20,24,26,24,,,,29,33,,33,31,35,39,36,,36,34,29,36,32,35,37,38,,41,,49,49,,18,24,,26,26,43,,24,30,20,24,29,26,32,,,34,28,30,42,46,46,34,,20,,,36,,35,30,,42,40,38,28,30,28,,50,47,43,50,47,46,49,47,47,43,53,54,50,49,48,44,51,54,,,59,61,58,55,,38,,57,62,61,,62,58,50,,55,97,96,88,,91,106,98,104,25,,,39,47,28,47,47,43,109,110,114,112,100,97,110,96,116,92,104,94,101,90,105,96,,89,121,76,105,76,96,81,92,80,89,112,87,20,136,,106,113,143,96,108,88,97,89,103,110,107,99,87,96,,132,108,82,105,143,152,136,155,102,92,84,110,,102,99,93,146,146,139,136,144,132,117,142,,,118,108,120,62,68,71,81,94,88,84,81,83,146,139,136,119,115,157,140,146,,87,81,86,81,73,,54,41,55,35,32,50,47,,,48,29,41,69,29,,126,114,127,111,,,130,125,55,77,64,76,78,75,77,80,70,,70,64,60,62,68,70,122,116,114,122,107,114,75,72,65,67,64,80,74,75,,67,,70,62,,143,,152,152,,,,,140,,,,156,160,97,101,102,94,90,,99,96,109,99,104,100,83,81,78,80,83,107,67,93,88,153,,148,153,152,141,146,162,162,158,153,,57,56,58,57,47,46,50,50,50,63,62,80,88,84,71,66,72,,,70,,42,50,46,40,122,,117,98,,,106,114,112,78,,69,61,75,,60,57,58,48,56,31,45,40,43,32,,,,58,,,62,,65,76,74,81,34,42,46,38,49,40,,69,,,71,,75,62,77,116,133,123,119,130,,98,77,81,78,91,85,113,101,93,100,50,51,50,142,143,125,57,55,57,98,,85,87,83,,55,66,,58,53,58,71,68,,69,67,,,84,83,,132,,152,145,144,147,124,130,,128,130,,125,120,,113,,162,152,165,,158,157,122,115,126,,82,72,80,76,71,75,107,100,102,98,100,98,90,70,59,61,64,60,58,72,61,74,74,78,95,99,84,96,93,88,94,100,99,,100,86,80,81,80,82,97,82,106,97,107,42,43,46,,37,36,39,,43,68,65,69,57,,66,62,67,,101,,110,105,110,108,118,128,134,,,,86,,88,,111,,114,,95,93,96,100,100,,102,,90,98,103,77,97,94,,116,109,112,101,114,109,,106,,,104,79,68,72,67,82,85,86,89,110,91,116,172,90,72,78,82,69,89,67,73,89,86,110,96,79,74,72,78,80,,82,84,83,94,45,58,58,52,,,,,107,106,,109,69,75,77,77,88,71,69,71,66,68,69,67,65,,75,76,,86,86,78,,95,96,,93,55,78,76,76,76,97,82,82,67,128,84,85,,145,144,143,153,156,133,142,114,118,,125,117,107,114,116,,,73,,,,,46,,,,,,,,,,,,,,,,43,,,,,,,,,,,,,,,,,,,,,,,,,,,,,,,,,,,,,,75,89,85,90,94,82,81,80,82,,,,113,110,103,107,,114,123,141,127,131,128,128,,127,121,120,,,115,107,,118,117,114,,116,,148,151,,,119,100,,,144,147,149,,,102,113,134,139,160,157,156,110,102,112,122,129,82,76,82,76,79,82,76,77,125,127,125,120,,84,86,103,,36,33,34,38,97,87,114,101,51,51,51,78,,,91,85,81,80,85,84,84,76,98,81,88,89,50,96,89,95,125,,,102,86,94,113,82,77,,78,44,43,,47,46,52,,58,56,64,58,44,53,60,,47,52,55,42,57,47,65,69,,64,43,37,38,33,47,,78,,78,,,,55,56,57,53,60,61,,58,,33,39,50,63,64,51,63,,40,42,41,,,46,47,49,,42,43,38,,,55,39,32,34,34,32,63,63,69,62,67,49,52,55,53,,53,54,59,56,56,,44,49,58,55,60,58,55,58,42,,66,59,62,56,55,44,42,48,45,58,51,,126,114,122,,103,112,107,102,,102,100,90,,92,90,95,89,91,,100,105,104,102,73,67,70,,91,88,87,67,69,,83,68,67,83,93,96,103,101,102,98,80,77,,102,104,104,,90,90,,78,75,92,89,,85,90,83,92,82,94,95,92,97,98,95,79,86,85,82,85,86,96,94,93,93,80,90,87,87,83,94,84,93,88,82,79,78,81,78,77,81,84,77,71,87,44,70,69,89,81,95,87,96,122,113,128,134,141,120,151,138,125,99,111,116,102,109,96,94,64,71,78,,123,125,140,81,76,,82,74,72,70,96,65,71,69,70,121,121,127,123,14,130,,,,86,88,,82,59,57,65,61,60,,104,94,74,,,,,66,90,88,82,94,60,,82,,82,63,84,80,72,81,75,74,74,68,78,,,,,65,73,75,76,71,64,66,,79,51,54,83,88,90,88,92,46,49,38,37,74,70,,68,73,71,70,38,38,66,70,37,,71,63,,69,86,,95,90,103,,98,,96,,47,46,64,74,77,72,129,118,123,124,65,65,59,68,,154,158,,114,112,146,,145,146,94,99,143,144,,86,84,144,137,,,141,149,137,,141,139,119,120,96,141,137,,136,,,132,111,117,107,126,118,158,149,120,,104,109,101,144,139,149,145,145,116,,,114,103,,104,,100,112,123,93,82,52,118,114,160,161,171,145,130,,111,98,37,36,33,34,32,,83,,55,100,127,85,69,59,145,104,59,71,80,84,31,62,,,135,41,19,175,,154,155,162,80,,52,32,,,34,33,32,36,50,58,37,32,40,29,103,41,50,40,127,,156,94,,90,69,73,70,141,141,106,80,68,102,63,55,64,151,114,139,42,106,65,102,64,80,119,44,88,82,75,77,94,,131,75,32,96,101,123,96,105,102,139,93,128,81,60,95,31,76,116,146,75,64,58,58,68,65,63,,,168,60,148,68,48,93,96,32,89,150,99,51,44,126,55,91,45,64,,107,172,158,171,161,96,140,27,42,28,37,35,31,37,29,36,82,138,149,157,148,116,40,60,29,30,39,38,36,41,99,99,96,104,127,134,129,95,99,108,147,140,94,84,52,90,85,111,60,132,141,153,,164,43,60,54,45,66,57,59,116,115,92,95,84,109,108,89,91,83,64,74,50,75,65,47,65,68,64,74,76,77,118,,126,69,128,45,62,54,80,42,53,,50,122,117,74,64,72,68,,60,138,104,98,84,93,104,126,93,97,133,128,99,29,33,17,23,24,54,56,61,55,108,97,156,146,40,41,42,32,41,36,24,30,32,30,33,43,35,39,112,106,111,95,92,121,19,123,57,86,90,156,131,110,85,116,104,148,88,152,101,114,117,136,152,142,57,41,45,52,77,72,36,110,99,122,116,113,111,91,88,75,106,76,70,34,48,89,114,112,138,60,103,120,110,98,48,82,66,59,81,77,75,38,47,118,36,93,113,118,96,143,124,111,120,79,74,62,52,58,61,40,91,115,122,91,126,66,77,74,72,75,66,66,,36,83,99,105,108,98,62,69,73,27,32,25,48,32,43,144,152,132,127,140,127,146,163,150,160,135,142,133,138,139,118,127,137,125,147,148,146,165,157,154,105,108,89,106,101,123,91,96,81,54,76,37,84,65,86,92,78,120,104,106,100,69,82,112,157,106,147,66,80,134,134,109,113,71,144,145,,42,52,108,108,69,71,105,41,39,86,79,69,84,129,126,86,94,94,81,93,24,20,40,,97,75,42,151,108,124,112,115,61,88,125,110,112,148,37,64,81,152,64,56,114,60,146,148,70,100,84,92,147,153,92,62,123,114,74,106,73,32,97,52,92,103,82,79,49,58,58,150
20230729,0,CO,0.7,0.4,0.6,0.6,0.5,0.4,0.5,0.3,0.4,0.3,0.6,0.3,,,0.6,,0.6,0.5,0.6,,0.5,,,0.4,,0.4,0.6,,0.6,0.4,0.5,0.6,0.5,0.4,0.8,,0.2,0.4,,0.4,0.4,0.6,0.1,0.2,,0.2,,0.4,0.5,0.4,0.2,0.3,0.5,0.4,,0.3,0.2,,0.3,0.2,0.6,0.6,0.5,0.6,0.5,0.4,0.4,0.5,,0.4,0.2,0.1,,0.5,0.4,,0.4,0.4,0.4,0.5,0.6,,0.5,1.3,0.6,0.8,0.7,0.6,,0.6,0.7,,,0.5,0.6,0.6,0.4,0.6,0.6,0.6,,0.6,0.5,0.5,0.6,0.3,,0.3,,0.1,0.3,0.5,0.4,,0.1,0.5,0.5,,0.5,0.5,0.4,0.3,0.3,0.2,0.6,0.3,0.3,0.5,0.7,0.6,0.5,0.7,0.5,0.4,0.6,0.5,0.6,0.3,0.4,0.5,0.4,0.3,0.4,0.6,0.4,,0.3,0.4,0.3,0.4,0.2,0.4,0.1,0.5,0.3,0.4,0.2,0.3,0.4,0.3,,0.4,0.4,0.4,0.4,0.4,0.5,0.3,0.3,0.3,0.3,0.3,0.2,,,,0.4,0.2,,0.3,0.2,0.3,,,,0.4,,0.7,0.6,,0.6,0.5,0.5,0.2,0.5,0.6,,,,0.4,0.4,,0.4,0.8,0.4,0.3,0.4,,0.5,0.6,0.4,0.6,0.7,0.3,0.3,0.3,,0.3,,0.5,0.4,,0.5,0.6,,0.4,0.5,0.4,,0.6,0.4,0.5,0.6,0.4,0.4,0.3,,,0.4,0.4,0.4,0.3,0.4,0.4,0.3,,0.4,,,0.4,,0.5,0.3,,0.4,0.4,0.3,0.2,0.4,0.3,,0.4,0.4,0.4,0.4,0.3,0.4,0.4,0.4,0.3,0.4,0.4,0.2,0.3,0.3,0.5,0.4,0.4,0.3,,,0.3,0.2,0.4,0.4,,0.2,,0.5,0.4,0.6,,0.6,0.6,0.9,,0.4,0.4,0.2,0.5,,0.6,0.6,0.5,0.6,0.3,,,0.2,0.4,0.4,0.1,0.4,0.3,0.4,0.4,0.4,0.3,0.4,0.4,0.4,0.3,0.5,0.7,0.6,0.5,0.7,0.5,0.5,0.7,,0.5,0.5,0.3,0.4,0.4,0.3,0.4,0.3,0.5,0.5,0.6,0.4,,0.7,,0.6,0.6,0.6,0.7,0.8,0.7,0.6,0.4,0.9,0.7,0.7,1,0.7,0.7,,0.7,0.7,0.9,0.6,0.5,0.5,0.5,0.5,0.5,0.7,0.4,0.7,,0.6,0.7,0.5,0.4,0.5,0.3,0.4,0.5,0.4,0.5,0.4,,,1.1,0.7,1,0.7,0.8,0.6,0.9,0.7,0.5,0.4,0.4,0.5,1,0.9,1.2,1,0.8,0.7,0.9,1.1,,0.4,0.5,0.4,0.4,0.2,,0.9,1.3,0.7,0.5,0.7,0.7,0.9,,,1.2,0.4,1.1,0.8,1,,0.5,0.5,0.4,0.7,,,0.7,0.5,0.7,0.6,0.1,0.7,0.5,0.6,0.6,0.5,0.5,,0.7,,0.5,0.3,0.5,0.5,0.3,0.3,0.3,0.2,0.2,0.3,0.7,0.7,0.7,0.6,0.6,0.8,0.6,0.5,,0.9,,0.7,0.6,,0.6,,0.4,0.5,,,,,0.6,,,,0.5,0.5,0.3,0.3,0.2,0.4,0.3,,0.3,,0.3,0.1,0.1,0.4,0.4,0.5,0.4,0.3,0.3,,0.3,0.5,0.4,0.5,,1.1,0.8,0.7,0.9,0.7,0.6,0.5,0.5,0.9,,0.5,0.4,0.4,0.5,0.7,0.8,0.4,0.4,0.3,0.3,0.2,0.1,0.4,0.1,0.5,0.6,0.6,,,0.5,,0.1,0.7,0.1,0.3,0.5,,0.4,0.6,,,0.1,0.2,0.2,0.1,,0.2,0.7,0.2,,0.3,0.3,0.4,0.3,0.2,0.5,0.1,0.1,0.3,,,,,0.3,,,0.5,,0.5,0.3,0.2,0.3,0.2,0.3,0.4,0.2,0.2,0.4,,,,,0.8,,0.6,0.4,0.6,0.6,0.5,0.7,0.7,0.6,,0.8,0.6,0.8,0.6,0.8,0.6,0.7,0.8,0.8,1.2,0.6,0.6,0.6,0.6,0.5,0.6,0.6,0.6,0.7,0.8,,0.6,0.4,0.4,,0.5,0.6,,0.8,0.8,0.8,0.8,0.8,,0.6,1,,,,0.2,,0.5,,0.6,0.6,0.5,0.6,0.8,0.7,,0.7,0.8,,1.2,0.9,,0.8,,1.1,1.3,1,,1.1,1,0.3,0.2,0.2,,0.4,0.7,0.6,0.4,1,0.3,0.5,0.6,0.4,0.3,0.5,0.3,0.8,0.2,0.5,2.8,0.6,0.6,0.5,0.3,0.5,0.4,0.7,0.5,0.6,0.8,0.6,0.6,0.7,0.7,0.5,0.3,0.3,,0.3,0.4,0.4,0.3,0.4,0.3,0.4,0.4,0.4,0.3,0.3,0.4,0.4,0.5,,0.6,0.5,0.4,,0.4,0.6,0.8,0.4,0.7,,0.8,0.6,0.4,,0.9,,0.5,0.5,0.5,0.4,0.5,0.2,0.1,,,,0.3,,0.5,,0.5,,0.8,,0.4,0.6,0.3,0.5,0.4,,0.5,,0.5,0.4,0.5,0.3,0.5,0.4,,0.6,0.7,0.5,0.4,0.5,0.6,,0.6,,,0.3,0.2,0.3,0.2,,0.5,0.6,0.6,0.6,0.5,0.4,0.5,,0.3,0.7,0.9,0.6,1,0.6,0.3,0.3,0.5,0.5,0.5,0.5,0.7,0.6,0.7,0.6,0.6,,0.7,1.2,1.2,0.7,0.5,0.6,0.6,0.6,,,,,0.4,0.5,,0.6,0.3,0.3,0.2,0.3,0.3,0.2,0.7,0.7,0.5,0.3,0.5,0.5,0.5,,0.6,0.8,,0.8,0.4,0.7,,0.6,0.5,,0.6,0.3,0.6,0.5,0.4,0.5,0.4,0.4,0.4,0.8,1,1,0.7,,0.5,0.6,0.4,0.5,0.6,0.6,0.3,0.2,0.1,,0.3,0.3,0.3,0.3,0.3,,,0.4,,,,,0.3,,,,,,,,,,,,,,,,0.2,,,,,,,,,,,,,,,,,,,,,,,,,,,,,,,,,,,,,,0.3,0.3,0.5,0.4,0.4,0.4,0.4,0.4,0.4,,,,1,0.8,0.8,0.9,,0.7,0.7,0.5,0.5,0.6,0.5,0.6,,0.7,0.6,1.2,,,1.3,1.5,,0.8,0.7,0.5,,0.5,,0.7,0.5,,,0.6,0.6,,,0.5,0.4,0.5,,,0.3,0.3,0.2,0.2,0.5,0.5,0.5,0.7,0.6,,0.6,0.5,0.3,0.2,0.3,0.4,0.9,1,0.8,1,0.8,0.8,0.8,0.8,,0.5,0.3,0.6,,0.2,0.1,0.7,0.4,0.4,0.2,,0.1,0.5,0.5,0.6,,,,,0.4,0.2,0.4,0.1,0.5,,0.4,,0.6,0.9,0.6,0.4,0.5,0.4,0.4,0.4,,,0.8,0.5,0.3,0.3,0.4,0.4,,0.1,0.3,0.3,,0.3,0.3,0.4,,0.3,0.3,0.2,0.3,0.2,0.2,0.3,,0.1,0.1,0.2,0.5,0.2,0.4,0.4,0.5,,0.4,0.3,0.3,0.2,0.2,0.3,,0.5,,0.5,,,,0.1,0.2,0.2,0.3,0.6,0.5,,0.3,,0.2,0.2,0.3,0.6,0.7,,0.6,,0.6,0.5,0.7,,,0.5,0.5,0.4,,0.5,0.4,0.2,,,0.6,0.5,0.2,0.3,0.3,0.2,0.4,0.3,0.1,0.3,0.3,1.1,0.4,0.4,0.9,,0.3,0.3,0.3,,0.4,,1.1,0.6,0.9,0.9,0.6,0.6,0.6,0.7,0.6,,0.7,0.7,0.6,1,1.1,0.9,0.9,1.1,0.6,0.4,0.7,,0.5,0.3,0.3,,0.5,0.5,0.4,0.4,,0.4,0.2,0.4,,0.5,0.2,0.3,0.5,0.4,,0.3,0.3,0.2,0.3,0.8,0.4,0.4,,0.3,0.2,0.3,0.4,0.5,,0.6,0.4,0.6,0.8,0.4,0.4,0.6,0.5,0.5,0.5,0.5,0.6,,0.5,0.5,0.3,,0.5,0.5,,0.5,0.4,0.5,0.5,,0.5,0.5,0.6,0.7,0.6,0.3,0.9,1.4,0.7,2.9,0.7,0.3,0.3,0.4,0.4,0.1,0.4,0.6,0.6,0.6,0.7,0.8,0.5,0.5,0.4,0.4,0.5,0.7,,0.6,0.6,0.7,0.6,1.3,0.7,0.6,0.5,0.8,0.8,0.8,0.3,,0.5,0.5,0.8,0.7,1.1,0.6,0.5,0.5,0.3,0.7,0.7,0.7,0.9,0.9,0.8,0.7,0.6,0.8,0.7,0.7,0.8,0.6,0.6,0.5,0.9,0.7,,0.4,0.5,0.6,0.3,0.7,,0.3,0.5,0.3,0.2,0.2,0.4,0.4,0.4,0.5,0.6,0.5,0.6,0.8,0.3,0.7,,,,0.5,0.3,,0.5,0.2,0.3,0.3,0.3,0.4,,0.5,0.4,0.6,,,,,0.3,0.4,0.3,0.3,0.3,,,0.5,,0.4,0.3,0.8,1.3,1,1.5,0.3,0.6,0.6,0.5,0.5,,,,,0.4,0.2,0.3,0.4,0.3,0.5,0.5,,0.4,0.5,0.4,0.2,0.3,,0.6,0.6,0.7,0.6,0.4,0.6,0.7,0.8,,0.5,0.5,0.5,0.6,0.4,0.4,0.6,0.6,0.8,,0.4,0.3,,0.4,0.5,,0.3,0.3,0.5,,0.9,,0.1,,0.5,0.4,0.4,0.6,0.5,0.5,0.7,0.9,0.7,0.8,0.3,0.4,0.5,0.3,,0.6,0.2,,0.5,0.4,0.4,,0.3,0.5,0.3,0.5,0.3,0.2,,0.3,0.3,0.1,,,,0.2,0.6,0.4,,0.4,0.5,0.6,0.4,0.5,0.4,0.5,,0.5,,,0.3,0.2,0.4,0.3,0.3,0.3,0.6,1.5,0.5,,0.3,0.3,0.4,0.3,0.2,0.3,0.4,0.4,,,,0.5,0.4,,0.4,,0.6,0.4,0.3,0.2,1.1,0.1,0.7,0.8,0.4,0.3,0.6,0.4,0.6,,0.6,0.6,0.4,0.5,0.4,0.3,0.5,,0.4,,0.1,0.2,0.6,0.4,0.8,0.9,0.4,0.3,0.3,0.5,0.7,0.4,0.4,0.3,,,0.5,0.4,0.4,0.3,,0.5,0.4,0.5,0.5,,0.3,0.4,,,0.3,0.5,0.2,0.3,0.4,0.2,0.8,0.5,0.3,0.5,0.4,0.6,0.7,0.5,0.9,,0.4,0.4,,0.6,0.6,0.2,0.3,0.4,0.5,0.1,,0.6,0.4,0.7,0.3,0.3,0.7,0.6,0.9,,0.6,0.3,0.4,0.5,0.3,0.5,0.8,0.3,0.6,0.5,0.5,0.7,,0.3,0.1,0.7,0.4,0.5,0.6,0.5,0.5,0.5,0.1,0.4,0.5,0.5,0.5,0.8,0.5,0.6,0.4,0.8,0.3,0.4,0.2,0.4,0.4,0.5,0.4,,,0.4,0.3,0.4,0.7,0.3,0.1,0.4,0.4,0.2,0.3,0.5,0.3,0.4,0.6,0.9,0.3,0.6,0.3,,0.9,0.3,0.4,0.4,0.7,0.4,0.3,0.3,0.5,0.4,0.4,0.6,0.4,0.5,0.4,0.5,0.3,0.8,0.6,0.5,0.7,0.4,0.5,0.3,0.4,0.4,0.5,0.2,0.4,0.4,0.5,0.8,0.6,0.7,0.3,0.3,0.7,0.6,0.7,0.9,0.5,0.5,0.6,1,0.6,0.8,0.5,0.9,0.6,,0.2,0.3,,0.2,,0.4,0.4,0.7,0.6,0.4,0.4,0.5,0.5,0.4,0.1,0.2,0.7,0.5,0.5,0.3,0.6,0.6,0.3,0.7,0.8,0.7,0.7,0.5,0.8,0.6,0.4,0.7,0.7,0.5,,0.6,0.4,0.5,0.3,0.5,0.2,0.2,0.2,0.1,,0.3,0.6,0.6,0.4,0.7,0.9,0.8,,0.3,0.3,0.5,0.5,0.5,0.5,0.6,0.9,0.5,0.5,0.6,0.8,0.7,0.5,0.3,0.5,0.7,0.4,0.7,0.5,0.9,0.3,0.7,0.3,0.4,0.6,0.6,0.6,0.2,0.5,0.4,0.8,0.5,0.3,0.5,0.4,0.3,0.5,0.4,0.1,0.3,0.3,0.4,0.5,0.2,0.4,,0.6,0.6,0.5,0.6,0.5,0.5,0.8,0.4,0.7,0.8,0.5,0.4,0.4,0.1,0.3,0.4,1.3,1.1,0.1,0.3,0.3,0.3,0.4,0.5,0.6,0.4,0.4,0.6,0.2,0.1,0.3,0.4,0.4,0.3,1.2,0.4,0.6,0.5,0.8,0.8,0.5,0.4,0.5,0.5,0.9,0.5,0.5,0.1,0.4,0.4,0.7,0.3,0.4,0.6,0.3,,0.1,0.4,0.2,,0.3,0.4,0.2,0.3,0.2,0.2,0.4,0.5,0.4,0.5,0.6,0.3,0.2,0.6,0.3,0.4,0.6,0.7,0.6,0.6,0.5,0.4,0.3,0.4,0.5,0.6,0.6,,0.4,0.5,0.3,0.3,0.4,0.7,0.6,0.6,0.7,0.4,0.5,0.4,0.4,0.4,0.5,0.5,0.5,0.5,0.9,1,0.7,0.7,0.8,0.5,0.8,0.4,1.3,0.8,0.4,0.2,0.7,0.2,0.3,0.3,0.3,0.3,0.4,0.4,0.7,0.5,0.4,0.4,0.8,0.6,0.1,0.1,0.3,0.3,0.5,0.7,0.8,0.4,0.5,0.5,0.5,0.5,0.6,0.1,0.2,0.7,0.8,0.4,0.6,0.8,0.9,1,0.4,0.4,1.1,0.8,0.7,0.9,1,0.4,0.5,0.5,,0.6,0.2,0.5,0.5,0.5,0.4,0.5,0.5,0.1,0.4,0.1,0.4,0.3,0.4,0.4,0.8,0.5,0.5,0.5,0.4,0.6,0.5,0.4,,0.8,0.3,0.5,0.2,1.4,1.2,0.2,1.4,0.4,0.3,0.5,0.4,0.6,0.6,0.6,0.3,0.6,1.3,0.7,0.5,0.2,0.2,0.6,0.5,0.3,0.4,0.5,0.4,0.7,0.5,0.6,0.3,0.2,0.4,0.2,0.6,0.2,0.3,0.6,0.3,0.5,0.6,0.6,0.4,0.5,0.1,0.6,0.3
20230729,0,CO_24h,0.6,0.4,0.5,0.5,0.4,0.3,0.4,0.2,0.4,0.4,0.4,0.4,,,0.7,,0.7,0.6,0.8,,0.7,,0.4,0.8,,0.6,0.7,,0.5,0.3,0.4,0.5,0.4,0.4,0.6,,0.7,0.8,,0.9,0.8,0.6,0.2,0.3,,0.3,,0.4,0.5,0.5,0.2,0.2,0.4,0.4,,0.3,0.3,,0.3,0.2,0.6,0.5,0.5,0.5,0.5,0.4,0.3,0.4,,0.3,0.5,0.4,0.3,0.5,0.5,,0.5,0.4,0.5,0.5,1,,0.5,0.6,0.8,0.9,0.6,0.5,,0.4,0.7,,,0.5,0.5,0.5,0.4,0.4,0.6,0.6,,0.7,0.5,0.6,0.6,0.4,,0.4,0.5,0.1,0.3,0.5,0.4,0.1,0.1,0.5,0.5,0.3,0.5,0.5,0.4,0.3,0.4,0.3,0.6,0.5,0.4,0.4,0.6,0.6,0.5,0.7,0.3,0.4,0.6,0.6,0.9,0.3,0.4,0.5,0.4,0.3,0.4,0.6,0.4,,0.4,0.4,0.3,0.4,0.3,0.4,0.1,0.5,0.4,0.4,0.2,0.3,0.4,0.4,,0.4,0.4,0.4,0.4,0.5,0.5,0.3,0.3,0.4,0.3,0.3,0.2,,,,0.4,0.3,,0.3,0.2,0.3,,,,0.4,,0.7,0.7,,0.6,0.5,0.4,0.2,0.6,0.6,,,,0.6,0.5,,0.6,0.7,0.6,0.3,0.4,,0.5,0.6,0.5,0.6,0.7,0.4,0.3,0.3,,0.3,,0.5,0.4,,0.5,0.6,,0.4,0.5,0.5,,0.6,0.4,0.5,0.6,0.4,0.4,0.3,,,0.4,0.4,0.4,0.4,0.4,0.4,0.4,,0.5,,,0.4,,0.5,0.3,,0.4,0.4,0.3,0.3,0.4,0.3,,0.4,0.4,0.3,0.3,0.3,0.5,0.4,0.4,0.3,0.4,0.5,0.3,0.3,0.3,0.5,0.4,0.4,0.3,,,0.2,0.2,0.4,0.4,,0.2,,0.5,0.3,0.6,,0.5,0.5,1.2,,0.3,0.4,0.2,0.5,,0.6,0.5,0.5,0.5,0.3,,,0.2,0.4,0.4,0.2,0.5,0.3,0.4,0.5,0.5,0.4,0.5,0.5,0.4,0.4,0.6,1.1,0.7,0.5,1.2,0.5,0.7,0.6,,0.5,0.6,0.3,0.5,0.4,0.3,0.4,0.1,0.5,0.5,0.6,0.5,0.7,0.6,,0.5,0.4,0.6,0.6,0.7,0.5,0.6,0.3,0.8,0.7,0.7,0.8,0.6,0.6,,0.6,0.6,0.8,0.5,0.5,0.5,0.3,0.5,0.4,0.6,0.3,0.6,,0.5,0.6,0.5,0.3,0.5,0.3,0.4,0.5,0.5,0.5,0.4,,,0.8,0.6,0.8,0.6,0.7,0.5,0.8,0.7,0.5,0.5,0.4,0.5,0.9,0.8,0.9,0.8,0.7,0.8,0.8,0.8,,0.4,0.4,0.4,0.3,0.3,,0.8,0.9,0.6,0.5,0.6,0.7,0.7,,,0.8,0.4,0.9,0.7,1,,0.2,0.3,0.4,0.5,,,0.5,0.6,0.7,0.5,0.3,0.6,0.5,0.6,0.6,0.4,0.5,,0.7,0.6,0.5,0.4,0.6,0.6,0.2,0.3,0.3,0.2,0.1,0.2,0.6,0.6,0.5,0.5,0.5,0.6,0.5,0.5,,0.6,,0.6,0.6,,0.4,,0.5,0.6,,,,,0.7,,,,0.4,0.4,0.6,0.4,0.5,0.5,0.4,,0.4,,0.4,0.2,0.3,0.4,0.5,0.4,0.5,0.4,0.6,0.5,0.3,0.5,0.4,0.5,,0.7,0.8,0.5,0.7,0.6,0.5,0.6,0.5,0.8,,0.5,0.4,0.4,0.5,0.6,0.7,0.5,0.5,0.4,0.3,0.3,0.2,0.5,0.1,0.4,0.5,0.6,,,0.6,,0.1,0.7,0.1,0.3,0.6,,0.4,0.6,,,0.2,0.3,0.3,0.2,,0.2,0.1,0.3,,0.2,0.3,0.4,0.3,0.2,0.6,0.1,0.1,0.3,0.1,,,,0.2,,,0.5,,0.6,0.2,0.3,0.3,0.1,0.3,0.4,0.2,0.2,0.4,,,,,0.6,,0.5,0.4,0.5,0.7,0.6,0.7,0.7,0.6,,0.6,0.5,0.7,0.6,0.6,0.5,0.6,0.6,0.6,0.8,0.6,0.5,0.6,0.6,0.5,0.6,0.5,0.5,0.6,0.8,,0.6,0.4,0.4,,0.4,0.5,,0.5,0.6,0.6,0.5,0.9,,0.6,0.8,,,0.3,0.2,,0.5,,0.5,0.6,0.5,0.5,1,1.1,,0.7,1,,1,0.8,,0.8,,0.9,0.8,0.9,,0.8,0.8,0.3,0.3,0.3,,0.5,0.8,0.7,0.6,0.9,0.4,0.6,0.6,0.6,0.3,0.6,0.3,0.6,0.3,0.8,2.1,0.7,0.6,0.6,0.4,0.5,0.5,0.7,0.5,0.5,0.7,0.5,0.6,0.6,0.7,0.6,0.3,0.3,,0.3,0.4,0.4,0.4,0.5,0.3,0.2,0.4,0.4,0.3,0.3,0.4,0.5,0.5,,0.6,0.5,0.4,,0.4,0.5,0.7,0.4,0.7,,0.8,0.6,0.7,,0.9,,0.6,0.5,0.5,0.4,0.7,0.4,0.3,,,,0.4,,0.6,,0.5,,0.7,,0.4,0.6,0.3,0.5,0.5,,0.6,,0.5,0.4,0.5,0.4,0.6,0.4,,0.6,0.7,0.5,0.5,0.5,0.1,,0.6,,,0.3,0.3,0.4,0.2,0.7,0.5,0.5,0.5,0.5,0.5,0.6,0.6,0.6,0.3,0.8,0.8,0.7,1.2,0.6,0.3,0.3,0.5,0.5,0.5,0.6,0.6,0.5,0.6,0.5,0.6,,0.8,0.7,1.1,2.1,0.4,0.5,0.6,0.5,,,,,0.4,0.4,,0.4,0.4,0.3,0.2,0.3,0.2,0.2,0.7,0.8,0.6,0.4,0.6,0.7,0.5,,0.6,0.7,,0.9,0.4,0.7,,0.6,0.6,,0.7,0.3,0.6,0.5,0.5,0.4,0.4,0.4,0.5,0.4,0.5,0.6,0.5,,0.5,0.6,0.4,0.6,0.5,0.4,0.3,0.2,0.1,,0.3,0.3,0.3,0.3,0.2,,,0.3,,,,,0.3,,,,,,,,,,,,,,,,0.2,,,,,,,,,,,,,,,,,,,,,,,,,,,,,,,,,,,,,,0.3,0.4,0.5,0.5,0.5,0.4,0.4,0.4,0.4,,,,0.6,0.8,0.7,0.8,,0.6,0.6,0.5,0.5,0.5,0.4,0.6,,0.5,0.5,0.6,,,0.7,0.7,,0.6,0.6,0.5,,0.5,,0.8,0.6,,,0.5,0.5,,,0.5,0.4,0.6,,,0.4,0.4,0.2,0.2,0.5,0.5,0.5,0.7,0.6,0.2,0.6,0.6,0.3,0.3,0.4,0.7,0.6,0.6,0.6,0.7,0.8,0.8,0.8,0.8,,0.3,0.2,0.6,,0.3,0.1,0.5,0.4,0.4,0.3,0.1,0.2,0.5,0.6,0.5,0.1,,,0.1,0.4,0.3,0.5,0.1,0.5,,0.4,0.4,0.4,0.6,0.4,0.1,0.5,0.5,0.5,0.4,,,0.8,0.5,0.4,0.4,0.4,0.4,,0.1,0.2,0.3,,0.4,0.2,0.4,,0.3,0.3,0.2,0.3,0.2,0.3,0.3,,0.1,0.2,0.2,0.5,0.2,0.4,0.4,0.6,,0.4,0.3,0.4,0.2,0.3,0.3,,0.5,,0.5,,,,0.2,0.2,0.3,0.4,0.5,0.5,,0.4,,0.3,0.3,0.3,0.6,0.6,0.5,0.6,,0.7,0.6,0.8,,,0.5,0.4,0.5,,0.5,0.4,0.2,,,0.6,0.5,0.2,0.3,0.3,0.2,0.4,0.4,0.3,0.3,1,0.7,0.5,0.4,0.8,,0.3,0.4,0.4,0.3,0.5,,1.1,0.6,0.9,0.8,0.5,0.6,0.6,0.7,0.5,,0.6,0.8,0.5,0.9,1.1,0.9,0.9,1,0.6,0.3,0.7,,1,0.5,0.5,,0.7,0.7,0.6,0.5,,0.5,0.4,0.5,,0.5,0.2,0.3,0.4,0.4,,0.4,0.4,0.3,0.4,0.8,0.3,0.4,,0.3,0.2,0.3,0.3,0.7,,0.5,0.3,0.6,0.8,0.4,0.3,0.7,0.6,0.7,0.6,0.5,0.5,,0.6,0.5,0.3,,0.5,0.5,,0.4,0.4,0.5,0.5,,0.6,0.6,0.6,0.7,0.5,0.3,0.6,0.6,0.6,0.8,0.7,0.4,0.3,0.6,0.4,0.3,0.4,0.6,0.6,0.7,0.7,0.6,0.5,0.5,0.4,0.4,0.5,0.6,0.5,0.6,0.5,0.8,0.6,0.7,0.7,0.5,0.5,0.3,0.5,1.1,0.3,0.6,0.6,0.7,0.9,0.8,1.1,0.6,0.4,0.5,0.4,0.7,0.7,0.7,0.8,0.9,0.8,0.6,0.6,0.8,0.7,0.8,0.8,0.6,0.6,0.4,0.7,0.6,,0.5,0.4,0.5,0.3,0.6,,0.3,0.5,0.3,0.2,0.2,0.3,0.4,0.4,0.4,0.4,0.4,0.5,0.6,0.2,0.4,,,,0.4,0.4,,0.4,0.2,0.3,0.2,0.3,0.4,,0.5,0.4,0.5,,,,,0.3,0.4,0.4,0.4,0.4,,,0.5,,0.3,0.3,0.7,0.6,0.8,0.7,0.3,0.6,0.7,0.5,0.6,,,,,0.3,0.3,0.3,0.4,0.3,0.5,0.5,,0.4,0.5,0.4,0.3,0.1,0.7,0.6,0.6,0.7,0.5,0.3,0.4,0.7,0.6,,0.5,0.4,0.3,0.5,0.5,0.4,0.6,0.6,0.8,,0.4,0.3,,0.4,0.5,,0.3,0.3,0.4,,0.4,,0.1,,0.5,0.4,0.5,0.7,0.8,0.4,0.6,0.8,0.7,0.7,0.3,0.4,0.5,0.4,,1,0.5,,0.4,0.5,0.3,,0.3,0.4,0.2,0.4,0.4,0.4,,0.4,0.3,0.1,,,,0.3,0.4,,,0.4,0.5,0.5,0.4,0.6,0.4,0.5,,0.5,,,0.3,0.2,0.4,0.3,0.4,0.4,0.3,0.7,0.5,,0.4,0.3,0.3,0.3,0.2,0.3,0.4,0.3,0.3,,,0.5,0.4,,0.4,,0.8,0.3,0.3,0.5,1,0.1,0.6,0.6,0.8,0.7,0.7,0.4,0.6,,0.6,0.6,0.4,0.6,0.4,0.3,0.5,,0.4,,0.1,0.3,0.4,0.5,0.8,0.8,0.4,0.3,0.2,0.5,0.8,0.3,0.4,0.3,,,0.3,0.3,0.4,0.5,,0.4,0.4,0.5,0.5,,0.4,0.4,,,0.3,0.5,0.3,0.3,0.4,0.2,0.8,0.5,0.3,0.5,0.6,0.5,0.6,0.6,0.9,,0.6,0.5,,0.5,0.5,0.3,0.2,0.2,0.5,0.3,,0.5,0.5,0.8,0.3,0.3,0.8,0.7,0.6,,0.5,0.4,0.3,0.6,0.2,0.6,0.8,0.3,0.6,0.5,0.6,0.3,,0.3,0.2,0.7,0.4,0.4,0.4,0.5,0.5,0.6,0.2,0.5,0.3,0.6,0.5,0.5,0.4,0.5,0.6,0.6,0.2,0.5,0.1,0.5,0.5,0.5,0.4,,,0.5,0.3,0.4,0.6,0.3,0.1,0.5,0.3,0.2,0.3,0.5,0.3,0.5,0.5,0.8,0.4,0.5,0.4,,0.9,0.5,0.5,0.5,0.6,0.3,0.3,0.4,0.5,0.4,0.4,0.5,0.4,0.5,0.5,0.5,0.4,0.6,0.6,0.6,0.6,0.5,0.5,0.3,0.4,0.4,0.6,0.2,0.3,0.4,0.5,0.7,0.6,0.6,0.2,0.5,0.6,0.5,0.7,0.8,0.5,0.5,0.5,0.9,0.6,0.5,0.4,0.7,0.5,0.1,0.5,0.4,,0.4,0.5,0.4,0.4,0.6,0.6,0.4,0.4,0.5,0.5,0.4,0.1,0.2,0.8,0.4,0.4,0.2,0.4,0.5,0.4,0.5,0.6,0.7,0.6,0.4,0.7,0.5,0.4,0.5,0.5,0.3,,0.5,0.3,0.3,0.3,0.5,0.2,,0.2,0.2,,0.3,0.7,0.6,0.3,0.7,0.7,0.7,,0.4,0.2,0.6,0.5,0.5,0.6,0.6,0.8,0.5,0.5,0.7,0.7,0.6,0.5,0.4,0.5,0.7,0.5,0.6,0.5,0.9,0.4,0.4,0.3,0.5,0.6,0.6,0.7,0.3,0.5,0.3,0.8,0.5,0.5,0.6,0.4,0.3,0.5,0.4,0.1,0.3,0.4,0.4,0.5,0.3,0.4,0.6,0.6,0.6,0.4,0.5,0.5,0.4,0.7,0.4,0.6,0.7,0.4,0.3,0.4,0.3,0.4,0.4,0.6,0.7,0.4,0.3,0.3,0.3,0.4,0.5,0.6,0.4,0.5,0.7,0.5,0.3,0.7,0.5,0.4,0.3,0.9,0.4,0.7,0.4,0.6,0.7,0.4,0.4,0.5,0.4,0.7,0.5,0.5,0.3,0.4,0.5,0.7,0.4,0.4,0.4,0.4,,0.1,0.4,0.3,0.5,0.3,0.5,0.3,0.4,0.3,0.2,0.4,0.5,0.4,0.5,0.4,0.2,0.1,0.6,0.2,0.4,0.7,0.6,0.6,0.7,0.5,0.5,0.4,0.4,0.4,0.6,0.6,,0.4,0.5,0.3,0.3,0.5,0.7,0.6,0.6,0.8,0.5,0.5,0.4,0.4,0.4,0.5,0.5,0.6,0.6,1.1,1,0.7,0.6,0.7,0.4,0.5,0.9,1.2,1.1,0.9,0.3,0.8,0.2,0.3,0.3,0.2,0.2,0.3,0.2,0.5,0.4,0.5,0.5,0.5,0.5,0.2,0.6,0.3,0.3,0.3,0.7,0.8,0.4,0.5,0.4,0.4,0.5,0.6,0.1,0.3,0.7,0.8,0.4,0.5,0.5,0.8,0.8,0.5,0.3,0.8,0.8,0.7,0.7,0.7,0.4,0.6,0.6,,0.6,0.2,0.6,0.5,0.5,0.4,0.4,0.5,0.2,0.4,0.2,0.4,0.3,0.4,0.3,0.7,0.4,0.5,0.5,0.4,0.6,0.6,0.4,,0.4,0.3,0.5,0.2,0.7,1.1,0.4,0.7,0.4,0.3,0.4,0.4,0.5,0.5,0.5,0.3,0.6,1.1,0.6,0.5,0.4,0.2,0.9,1,0.4,0.4,0.5,0.4,0.6,0.5,0.6,0.3,0.6,0.3,0.2,0.6,0.3,0.3,0.4,0.3,0.7,0.5,0.5,0.3,0.5,0.1,0.6,0.4
20230729,1,AQI,29,22,35,42,35,47,34,39,20,30,48,26,,,17,,13,18,15,,14,,,11,,11,16,,48,50,33,43,45,39,35,,25,30,,35,30,19,24,33,,38,,18,20,20,31,30,34,46,,39,35,,30,27,30,32,40,31,39,39,44,39,,53,15,11,15,36,24,,33,28,34,30,51,,34,43,54,44,39,48,,27,27,,,26,46,44,38,39,39,40,,20,22,37,30,26,,23,15,11,14,9,21,11,9,10,16,,22,19,24,23,25,19,25,24,20,24,34,43,24,43,44,41,35,,48,42,45,44,28,26,27,24,27,,29,29,25,,5,6,7,5,6,23,,6,5,44,,21,24,21,24,22,26,10,10,10,8,10,12,,,,22,17,,22,14,16,,,,14,,12,18,10,17,19,14,9,14,28,,,,22,13,,19,21,21,9,8,,14,7,8,7,7,7,17,14,,19,,16,16,,17,15,,13,15,13,,12,27,12,19,18,16,23,,,17,14,18,20,22,20,23,,8,,,20,,19,16,,28,22,22,,20,20,,16,17,18,18,20,11,16,16,14,13,20,9,12,13,9,12,15,15,,,18,18,18,16,,26,,14,11,12,,16,13,19,,13,10,14,12,,13,13,15,23,7,,,24,9,17,22,10,10,19,,17,19,17,14,17,43,18,20,17,13,22,18,19,19,,23,13,10,13,17,15,10,17,10,10,19,27,,32,,47,49,33,44,29,47,25,26,37,40,36,53,34,33,,32,38,40,37,48,32,50,22,29,27,38,25,,23,41,44,43,54,33,34,29,21,30,24,,,54,47,52,55,44,33,36,34,26,22,18,22,74,61,74,65,71,42,78,70,,27,35,31,29,27,,36,39,25,23,32,14,39,,,36,28,44,42,24,,18,26,24,26,,,36,26,22,26,24,17,27,19,24,28,31,,30,,28,24,30,28,25,18,22,22,29,23,36,35,92,26,35,30,31,18,,44,,35,28,,45,,35,25,,,,,22,,,,26,33,111,120,145,146,120,,137,22,18,29,15,21,13,18,14,14,13,31,12,17,13,42,,39,35,44,52,60,48,27,27,73,,24,18,15,36,28,28,29,13,13,16,35,24,35,29,20,26,23,,,12,,17,7,9,12,16,,25,12,,,23,28,17,12,,9,18,10,,22,24,12,12,15,7,11,10,9,,,,,7,,,32,,18,12,10,14,14,17,,9,11,8,,8,,,19,,19,25,33,32,38,38,47,35,,48,37,40,46,57,45,55,73,52,51,31,23,13,30,26,38,18,45,51,22,,26,21,26,,19,19,,36,38,34,35,13,,36,18,,,,12,,31,,47,34,51,51,37,38,,39,40,,59,58,,57,,42,46,55,,52,53,34,29,35,,17,12,18,26,16,16,28,57,21,17,18,16,39,31,22,36,26,14,30,22,33,25,18,26,19,18,18,19,18,19,39,40,36,,25,26,32,32,18,18,28,19,26,20,20,8,13,8,,12,,18,,13,16,18,10,15,,13,12,18,,30,,29,28,34,35,17,16,19,,,,13,,26,,27,,29,,18,19,39,18,22,,23,,24,20,22,19,26,25,,13,15,16,14,19,22,,23,,,19,26,20,,65,24,34,26,28,21,33,25,,46,48,,50,50,26,22,25,19,20,36,26,23,28,26,26,22,,36,21,36,14,22,21,16,12,,,,,23,27,,24,18,28,14,15,18,22,15,22,14,23,17,16,13,,29,23,,23,19,21,,22,25,,22,16,16,17,20,20,,,19,,42,39,134,,94,70,109,28,26,24,26,39,40,,75,35,43,63,41,,,27,,,,,14,,,,,,,,,,,,,,,,10,,,,,,,,,,,,,,,,,,,,,,,,,,,,,,,,,,,,,,11,15,15,15,19,15,,14,,,,,28,33,24,24,,30,40,45,29,39,54,51,,54,62,45,,,55,68,,41,37,33,,32,,41,38,,,65,27,,,31,36,45,,,26,25,37,37,41,42,42,18,48,,28,23,16,19,18,19,28,23,37,34,46,54,39,43,,23,23,19,,15,15,27,83,25,24,24,26,18,10,18,16,,,26,15,18,14,9,25,20,23,,20,11,43,,19,23,18,31,,,25,24,24,30,22,21,,19,20,21,,12,17,17,,17,22,7,21,16,10,16,,8,13,13,12,10,15,10,9,,18,20,12,28,13,7,,8,,13,,,,9,17,8,13,14,14,,10,,12,15,11,20,20,,22,,12,,12,,,10,13,11,,12,17,13,,,17,18,11,68,11,34,11,12,17,25,9,16,31,24,17,,14,12,12,,12,,23,9,19,18,26,22,21,20,17,,18,18,20,17,23,85,20,18,19,12,18,,14,14,15,,17,15,17,14,,13,13,17,,19,13,15,12,13,,17,19,15,17,15,17,16,,15,14,18,30,39,,38,28,29,44,31,40,22,22,23,21,14,22,,41,26,33,,14,14,,17,14,19,15,,15,16,12,30,26,48,28,,23,62,19,28,,,20,21,24,35,27,27,25,26,27,38,23,25,19,26,,42,32,17,23,27,30,38,24,30,23,22,25,,22,26,57,53,54,51,28,19,26,21,37,52,67,36,43,32,46,29,47,27,39,29,46,40,30,29,,35,54,53,14,21,,13,19,13,14,14,22,32,21,29,20,37,27,28,18,32,,,,36,28,,28,,18,27,22,31,,19,19,16,,,,,20,25,26,23,26,24,,28,,12,16,13,16,16,24,13,16,20,18,19,,,,,16,16,20,21,30,20,19,,15,13,15,25,25,23,20,22,32,28,22,30,59,42,,33,54,43,49,9,8,22,22,28,,19,13,,23,13,,20,18,19,,64,,21,,10,8,13,20,31,29,45,27,32,102,15,22,22,21,,45,30,,22,19,58,,124,133,20,18,104,125,,21,23,24,29,,,29,36,51,,31,33,39,37,21,40,22,,24,,,22,21,29,27,74,71,69,88,22,,153,48,50,34,35,61,78,109,,,,37,32,,45,,69,108,103,118,30,31,36,34,15,14,14,45,46,,37,25,16,20,15,24,18,,16,,7,12,18,15,23,24,106,32,16,50,25,28,14,12,,,42,19,9,16,,23,28,30,16,,10,6,,,14,20,24,14,15,14,14,17,8,19,26,37,33,24,52,,16,14,,20,26,22,19,87,36,35,10,32,,22,14,20,12,14,68,10,30,18,27,7,21,18,19,13,14,12,14,28,,36,21,37,25,21,27,26,24,20,19,,32,39,19,19,13,22,30,,22,12,9,36,20,14,12,,,31,18,36,12,15,26,22,12,11,54,19,28,16,40,13,15,39,12,,18,34,25,30,25,30,78,25,25,24,28,40,27,22,29,27,21,,39,37,52,34,19,15,22,14,19,21,21,9,19,,33,40,43,,53,33,47,38,32,32,25,48,26,48,24,53,38,19,12,38,,14,,19,8,16,10,8,10,27,27,27,18,13,33,38,32,13,17,14,20,25,25,33,27,25,59,30,16,35,30,24,,29,23,26,8,12,18,8,9,12,,9,22,16,9,26,16,15,,13,61,28,20,15,20,24,70,36,42,25,33,36,14,14,13,9,10,12,39,,8,54,30,50,33,17,8,16,20,10,12,22,20,12,21,14,26,17,9,90,169,112,138,151,115,17,33,16,34,38,35,20,42,19,34,38,29,,51,20,17,29,45,77,15,10,14,8,9,16,16,8,17,17,,15,14,27,14,12,12,34,32,13,23,26,24,25,18,25,24,19,35,15,12,12,8,19,23,12,12,18,9,17,18,,12,12,5,7,22,30,25,24,22,19,19,28,28,22,25,18,22,44,,34,12,21,16,36,39,18,18,,27,19,16,27,34,28,33,20,25,10,12,13,21,17,21,59,29,26,52,48,42,72,42,34,51,22,39,40,43,36,25,40,34,38,63,59,76,87,44,50,19,17,33,35,17,14,15,25,35,30,30,14,32,20,30,23,18,42,196,92,103,14,22,45,42,21,38,32,41,37,17,52,50,28,21,54,,17,10,30,36,19,20,28,10,8,17,15,9,14,22,22,24,32,20,25,13,,13,18,,39,16,20,59,57,50,17,55,35,32,71,30,44,42,29,22,13,35,19,18,19,15,39,22,19,17,40,31,92,34,26,22,19,39,17,65,25,13,27,16,17,18,23,10,17,9,22,28
20230729,1,PM2.5,18,9,17,12,15,28,14,18,8,21,33,12,,,3,,2,5,4,,6,,,2,,2,7,,29,35,23,25,26,27,16,,14,21,,24,8,6,16,23,,13,,9,7,7,16,13,8,12,,21,2,,10,17,20,22,14,16,12,21,29,25,,37,8,,9,25,14,,17,19,20,18,30,,19,30,32,29,26,26,,15,13,,,11,26,15,16,27,15,15,,12,14,15,16,16,,16,,3,2,3,3,2,2,4,4,,8,8,11,9,8,9,12,9,11,10,22,11,4,13,13,3,20,,12,6,23,10,8,7,7,6,7,,6,7,7,6,,,2,,2,,2,2,2,7,,8,8,8,9,7,9,3,7,2,4,,,,,,11,7,,10,9,11,,,,9,,5,5,7,5,9,7,2,5,12,,,,9,3,,7,9,8,5,5,,4,4,5,,2,4,2,8,,8,,6,8,,8,7,,6,10,9,,8,7,8,7,8,8,9,,,8,7,6,12,9,14,16,,4,,,14,,4,7,,16,8,10,5,5,6,,7,5,11,9,12,5,2,2,7,9,14,2,8,9,2,7,5,10,2,,,,,,,12,,9,5,7,,7,9,8,,8,7,2,2,,,,2,7,2,,,,,2,,2,2,13,,5,6,8,6,9,30,6,5,5,5,5,12,13,6,,12,5,4,6,9,10,5,7,5,3,13,7,,19,,23,24,22,13,13,19,17,15,25,19,18,29,20,18,,17,23,20,15,33,22,35,14,12,16,18,17,,10,16,23,30,38,23,21,20,14,21,12,,,28,24,22,18,11,12,18,14,10,11,11,15,45,39,49,44,45,29,57,49,,16,24,14,15,10,,22,27,14,16,21,9,15,,,25,17,27,15,11,,12,8,1,12,,,20,10,2,18,3,7,,5,14,19,5,,15,,19,15,17,19,9,7,7,7,8,12,25,17,68,18,24,19,21,12,,21,,15,13,,22,,24,17,,,,,11,,,,18,17,41,38,111,50,47,,55,5,7,6,5,,1,5,2,1,8,19,2,8,6,17,,26,18,19,23,19,17,9,14,24,,7,10,7,25,19,19,20,8,6,6,24,14,24,20,6,18,15,,,8,,6,4,6,3,9,,17,3,,,16,19,8,7,,6,12,7,,7,5,,5,10,,4,3,1,,,,,2,,,22,,9,3,7,4,1,5,,5,2,2,,5,,,7,,6,17,13,14,12,11,26,14,,27,25,28,30,39,23,39,53,34,31,10,10,7,14,17,26,12,8,14,15,,11,14,13,,13,13,,17,26,14,23,9,,16,12,,,,8,,11,,28,14,17,22,17,24,,27,28,,42,36,,40,,21,30,21,,33,35,6,9,8,,7,8,8,14,10,9,8,21,14,8,12,11,27,7,13,21,10,6,21,15,23,17,12,13,9,8,8,8,12,6,27,4,10,,9,18,22,22,4,5,19,6,18,9,5,4,6,5,,8,,7,,9,10,3,5,3,,9,8,2,,18,,20,14,16,24,10,,6,,,,6,,1,,6,,9,,12,13,,11,14,,10,,7,14,12,2,18,11,,8,10,5,5,13,15,,10,,,12,14,10,12,10,14,20,12,11,12,7,12,,32,29,,32,31,18,14,12,8,2,3,14,16,17,17,16,14,,10,10,10,3,7,5,7,2,,,,,9,16,,15,9,15,6,7,12,12,5,15,4,16,9,2,9,,20,16,,8,12,13,,12,17,,13,4,2,4,5,14,5,3,2,29,29,27,102,,31,34,34,8,14,11,14,1,3,,25,8,9,16,8,,,7,,,,,,,,,,,,,,,,,,,,,,,,,,,,,,,,,,,,,,,,,,,,,,,,,,,,,,,,,,,1,,5,7,13,10,,2,,,,22,9,12,14,12,,14,14,24,15,15,27,18,,34,22,14,,,39,49,,20,19,23,,22,,15,16,,,47,18,,,21,17,21,,,15,10,18,2,20,8,19,4,29,8,19,12,7,10,12,12,13,9,19,21,24,17,7,16,,11,7,7,,10,10,7,5,17,13,8,7,8,7,2,7,,,18,7,6,9,4,6,1,6,,2,6,15,7,6,4,4,6,,,17,5,12,5,10,14,,13,5,5,,8,10,10,,11,7,2,12,2,7,11,,4,6,2,5,3,3,7,6,,12,2,8,8,5,1,,2,,9,,,,5,1,4,9,5,1,,7,,6,6,5,3,,,4,33,8,9,8,7,,4,9,2,9,8,8,8,2,,1,4,6,49,2,3,4,6,1,17,5,9,16,7,10,,1,6,3,,7,,2,4,5,11,13,12,9,12,8,,10,12,12,9,10,9,11,10,2,5,3,,4,2,3,,,,5,5,,4,5,5,,1,5,7,2,6,,5,5,10,4,9,8,6,,5,7,12,8,17,,18,7,6,23,13,28,14,2,16,10,4,2,,10,15,9,,7,8,,9,7,13,,,9,8,8,18,18,8,19,,9,28,11,13,,,14,13,8,24,7,5,5,15,11,22,16,17,13,15,,29,19,7,16,13,8,15,8,16,14,12,9,,10,9,24,28,23,25,10,9,3,7,9,10,32,13,14,12,22,20,20,14,16,14,14,24,21,19,,24,34,37,6,5,,7,5,4,7,4,15,22,10,20,14,24,18,19,12,6,,,,25,19,,19,5,5,5,11,9,,10,8,9,,,,,5,,6,8,7,8,,19,,8,11,4,8,8,10,9,6,9,7,13,,,,,7,8,9,8,18,8,11,,7,2,10,12,15,6,8,8,13,5,15,21,42,29,,23,38,27,34,6,3,15,1,19,,13,7,,8,5,,,4,10,,29,,,,1,4,4,9,4,10,24,18,15,76,5,6,6,8,,8,5,,8,5,12,,39,37,6,6,36,41,,4,4,10,14,,,18,14,26,,12,7,27,25,1,25,9,,7,,,4,4,2,2,24,24,22,34,7,,62,6,12,18,21,7,17,33,,,,17,16,,14,,4,44,39,43,8,17,22,12,2,3,,29,31,,25,12,8,11,8,6,8,,5,,2,5,7,10,9,11,46,15,1,14,12,19,9,8,,,22,13,6,3,,10,8,15,11,,7,,,,2,7,4,5,6,2,6,9,,6,14,25,20,13,31,,3,6,,8,11,15,13,19,25,24,2,22,,8,7,4,4,5,32,1,21,12,14,2,7,12,13,5,7,8,6,9,,18,5,15,5,7,12,12,11,11,5,5,22,13,11,12,7,14,4,,6,7,,16,7,8,6,,,18,8,25,5,6,2,10,8,,12,13,8,11,14,2,10,27,2,,8,23,6,15,6,5,32,7,6,,10,10,8,6,6,9,10,18,24,3,29,10,12,10,9,8,,5,7,6,3,13,19,17,23,40,29,23,30,22,12,22,13,31,18,33,7,30,26,4,2,24,,4,4,8,5,7,7,2,5,10,5,5,8,,23,26,22,9,11,8,14,17,17,23,17,17,42,20,11,14,9,2,,17,16,18,3,2,12,,,,,2,12,11,,17,8,10,,6,12,12,7,10,8,7,51,25,29,8,12,15,4,5,9,2,2,3,6,,,29,10,15,22,7,5,11,7,7,8,8,8,2,8,1,7,3,5,22,19,41,49,57,44,6,16,6,20,18,18,10,29,13,19,18,17,14,29,4,1,17,31,56,2,5,5,4,4,11,11,5,8,10,7,2,3,15,7,5,8,9,10,9,13,18,14,17,12,15,5,11,24,2,2,,,5,7,7,2,12,1,2,2,,3,6,3,,6,17,17,4,15,10,5,3,12,5,12,12,15,27,15,10,6,4,5,15,13,9,6,,6,13,2,12,17,19,22,5,17,6,8,7,10,6,6,34,11,12,36,33,29,42,29,7,18,15,27,18,26,25,17,6,4,7,22,19,19,26,23,12,7,2,10,14,,5,6,17,24,21,21,2,13,14,21,16,12,12,56,50,49,8,9,28,29,9,14,10,26,11,9,29,24,9,6,26,,6,7,15,10,7,12,11,,,,10,,8,9,11,16,22,14,5,8,7,7,7,,9,5,6,16,40,35,5,39,13,12,42,16,19,17,8,9,5,19,4,3,9,4,24,15,9,8,20,13,17,14,7,3,4,18,5,47,14,5,8,11,3,4,16,7,9,5,12,14
20230729,1,PM2.5_24h,15,10,12,10,13,15,16,12,7,16,13,17,,,23,,26,25,24,,26,,17,21,,21,22,,20,25,22,17,18,16,14,,31,32,,43,27,6,10,23,,17,,23,21,17,9,10,11,11,,20,7,,12,17,12,20,16,17,17,15,18,19,,20,18,16,20,24,20,,19,22,25,23,20,,14,20,23,19,19,14,,14,12,,,12,15,14,14,16,13,9,,10,10,11,11,12,,12,11,10,12,11,13,11,10,10,11,14,11,11,10,10,8,7,8,10,13,9,13,9,8,12,12,10,14,,12,9,22,9,6,9,6,4,6,,4,7,4,9,3,4,3,3,4,3,4,7,6,7,,6,8,8,10,7,10,1,4,1,1,3,,,,,9,9,,8,8,10,,,,12,,5,6,5,5,7,4,6,4,8,,,,8,6,,10,10,11,6,5,,5,4,5,1,8,5,4,7,,5,,7,6,,9,6,,6,7,8,,8,6,10,5,8,6,5,,,7,6,4,10,9,12,13,,7,,,5,,4,7,,11,11,9,5,7,6,,7,6,7,6,3,8,4,4,8,10,11,4,10,12,5,7,6,10,4,,2,3,2,4,,8,,9,7,4,,6,8,12,,8,11,4,7,,8,6,11,14,7,,,4,2,3,4,5,6,25,,13,16,17,17,14,28,16,10,8,11,9,15,16,9,,12,8,6,11,8,13,8,6,9,13,5,10,3,15,,14,13,12,9,12,15,12,11,11,11,17,19,12,11,,12,11,11,14,17,17,15,15,11,13,13,11,,12,15,18,15,17,15,14,14,15,14,12,,,12,11,12,12,10,9,14,13,13,10,11,10,40,40,44,39,42,34,40,40,,12,14,13,12,10,,14,18,10,15,19,8,15,,,15,15,16,13,15,,3,5,7,7,,,7,6,7,22,15,13,15,16,19,18,11,,14,9,15,13,17,14,8,7,6,6,8,7,12,10,27,7,11,11,9,7,,15,,6,9,,23,,29,27,,,,,11,,,,16,17,16,20,73,22,13,,26,10,9,8,10,9,9,8,7,6,9,24,6,9,7,10,,13,11,12,14,11,14,11,16,13,,8,8,7,20,14,13,16,7,8,6,9,12,13,12,10,6,6,,,11,,7,5,6,7,21,,19,5,,,12,8,9,8,,4,9,6,,6,3,2,4,7,4,5,5,4,1,,,,5,,,7,,8,7,10,11,2,4,1,9,6,12,,6,,,8,,9,12,12,13,12,12,14,11,,17,28,25,20,22,18,30,27,16,24,7,8,10,12,10,10,10,11,11,24,,21,13,10,,12,10,,11,11,10,13,12,,17,9,,,12,14,,21,,18,17,14,15,20,20,,22,21,,46,27,,38,,24,27,24,,30,30,6,6,5,,10,10,11,11,13,8,8,11,12,8,9,9,12,6,10,17,7,5,17,15,10,12,12,12,8,8,8,7,9,8,13,4,6,,9,9,14,13,6,6,13,8,17,10,7,8,7,6,,8,7,9,,7,9,9,6,7,,10,9,4,,23,,23,17,19,24,21,21,6,,,,15,,17,,23,,17,,17,14,9,14,19,,17,,10,14,8,7,17,17,,12,11,6,9,13,9,,14,,,7,18,16,15,12,13,12,15,12,17,7,12,21,35,29,30,25,33,24,7,7,8,9,12,9,10,11,13,13,10,,8,8,11,15,6,3,5,1,,,,,7,8,,9,8,12,8,8,12,14,12,18,10,14,14,11,10,,13,7,,14,16,19,,11,12,,13,4,5,3,7,5,7,3,5,23,25,17,29,,22,23,18,11,16,11,10,4,11,,17,9,25,27,24,,,4,,,,,3,,,,,,,,,,,,,,,,6,,,,,,,,,,,,,,,,,,,,,,,,,,,,,,,,,,,,,,8,5,8,13,15,11,6,7,5,,,8,11,10,14,10,,20,14,15,10,14,15,17,,24,17,18,,,19,25,,20,18,16,,16,,13,13,,,23,13,,,16,14,22,,,10,10,10,6,15,11,15,12,14,24,22,14,8,11,7,11,6,8,10,10,17,14,10,14,,10,10,9,,3,1,5,6,13,11,8,8,7,10,5,11,,,10,9,9,10,10,10,11,5,5,4,10,15,5,11,12,14,8,,,12,5,6,9,11,14,,10,7,6,,11,11,7,,11,9,5,14,4,7,10,,7,9,8,6,10,4,8,10,,9,3,5,4,8,5,,3,,7,,,,5,4,6,9,6,5,,8,,7,6,6,2,1,4,4,14,9,9,7,12,3,4,4,5,8,7,5,7,6,,7,7,6,20,6,4,4,10,9,9,10,7,11,8,9,,9,7,6,8,11,,10,8,9,9,10,12,8,11,9,,11,12,11,6,8,6,7,6,6,6,5,,31,23,28,,17,16,14,17,,19,20,12,,12,11,17,10,13,,12,16,18,15,5,9,7,,10,10,14,3,8,,7,2,9,15,14,12,14,17,22,14,4,3,,12,16,16,,11,8,,9,7,8,10,,18,15,15,16,12,10,14,,9,16,13,20,17,15,17,17,7,12,15,11,8,8,12,12,13,12,13,13,14,15,14,10,14,18,15,18,9,12,11,12,12,11,12,11,35,33,32,33,16,26,28,27,29,21,33,40,40,34,31,38,37,13,19,18,21,28,21,21,,28,30,32,6,7,,3,8,6,8,5,12,13,8,10,9,11,7,10,11,4,,,,14,12,,13,6,4,6,7,6,,6,6,6,,,,,6,7,10,8,5,12,,13,,6,6,6,7,7,8,12,10,9,6,11,,,,,10,7,11,10,13,7,14,,11,8,10,9,11,6,11,6,10,7,15,16,23,16,,23,23,17,17,10,6,9,12,15,,12,9,,12,6,,4,5,4,,11,,3,,2,4,7,7,9,7,14,14,13,34,5,5,4,13,,16,17,,9,8,16,,15,16,7,6,19,24,,3,4,16,14,,,17,11,18,,12,9,14,16,2,19,8,,10,,,7,7,5,3,22,27,17,25,7,,18,12,12,13,13,29,19,23,18,,,14,12,,11,,6,24,21,22,14,7,18,12,22,25,21,20,14,,18,6,10,11,8,6,9,,4,,2,8,7,13,7,8,25,8,6,9,11,13,8,8,,,18,7,5,21,,15,10,15,10,,6,5,,,2,5,5,4,9,4,6,2,1,4,15,15,14,12,25,,22,18,,12,10,11,11,6,24,12,6,16,,8,4,4,23,16,20,8,16,6,12,4,5,22,6,13,13,14,12,7,,15,7,11,12,4,6,15,14,16,18,14,6,2,9,10,8,8,25,,6,9,2,10,7,8,7,,,27,7,24,10,6,2,12,8,8,19,20,8,15,17,4,16,13,4,,9,23,16,24,16,5,14,7,6,5,7,9,7,7,5,5,13,17,11,9,14,9,13,8,8,7,3,5,8,6,15,14,17,12,11,16,13,14,16,15,18,16,9,10,10,17,10,12,12,8,17,23,,19,5,6,6,8,5,6,6,17,19,13,14,10,27,26,9,10,8,6,16,10,11,20,20,11,24,21,10,20,16,8,,12,11,8,6,8,9,5,5,3,,2,20,21,4,12,16,15,,10,8,21,16,13,12,12,42,26,20,31,31,19,3,6,8,5,5,5,3,12,5,15,7,11,18,7,2,6,7,7,6,9,9,6,7,2,6,6,3,14,14,15,20,24,23,14,11,8,12,14,18,13,23,11,10,22,13,10,23,14,13,16,19,27,27,3,8,7,7,9,10,7,16,15,19,18,24,20,12,13,7,10,14,11,8,18,12,11,8,12,3,9,12,11,7,1,4,4,6,8,11,12,6,4,16,15,10,11,12,4,6,13,11,7,7,9,6,6,5,6,5,10,38,31,18,22,16,8,9,13,11,9,8,,5,15,10,13,19,13,17,7,10,7,7,9,10,7,8,19,16,12,30,27,30,19,21,10,17,30,32,33,35,33,22,13,7,6,14,14,15,11,16,13,13,16,14,25,12,28,15,20,17,7,13,2,14,9,5,15,7,10,14,107,85,7,7,17,27,11,16,11,13,16,9,12,13,9,15,19,,7,4,16,13,8,11,7,3,1,4,16,3,9,8,9,22,15,14,5,13,8,8,6,,4,5,5,11,23,31,29,18,12,11,13,14,11,15,7,6,10,12,8,5,20,5,41,31,12,7,16,9,14,13,7,7,27,20,12,31,10,5,12,11,6,1,11,8,7,3,9,14
20230729,1,PM10,29,22,35,42,35,47,34,39,20,23,47,26,,,6,,5,18,9,,9,,,4,,7,10,,48,45,13,43,45,36,35,,25,26,,33,30,19,24,33,,38,,13,16,10,31,30,34,46,,39,35,,30,27,30,31,40,31,39,39,44,39,,56,7,11,14,31,24,,33,23,34,30,51,,34,42,58,44,39,48,,27,27,,,26,46,44,38,32,39,40,,20,22,37,30,26,,3,9,8,14,7,21,11,,10,16,,22,19,24,23,25,19,21,24,20,24,34,43,16,43,44,41,35,45,48,42,45,44,28,26,27,24,27,,29,29,25,31,5,5,7,5,5,23,,5,5,44,,21,24,21,24,22,26,10,9,10,8,10,12,,,,22,17,,22,14,14,,,,14,,12,18,10,17,19,14,9,14,28,,,,22,13,,19,21,21,9,5,,14,7,7,7,5,7,17,14,,19,,16,16,,17,15,,13,11,11,,12,27,12,19,18,16,23,,,17,14,18,20,22,19,15,,8,,,17,,19,16,,28,22,22,24,20,20,,16,17,18,18,20,8,4,6,14,7,9,9,12,12,9,12,15,14,4,,4,6,5,7,,26,,14,9,2,,16,5,19,,8,7,5,12,,5,7,15,20,5,,,24,5,17,22,7,9,4,3,11,7,4,12,6,6,17,20,17,13,22,15,19,19,,23,8,5,8,13,7,10,17,7,,19,27,,32,,47,49,33,44,29,47,24,26,37,40,36,56,34,33,,32,38,40,37,36,30,35,22,29,27,38,8,,23,41,44,20,30,25,34,18,15,7,23,,,58,47,54,59,44,28,36,34,26,22,14,19,98,72,97,79,92,30,66,89,,27,35,31,29,21,,36,28,25,23,32,14,39,,,33,28,44,42,24,,7,26,7,26,,,36,14,22,22,24,17,27,19,24,19,31,,30,,21,24,30,28,15,18,11,10,16,19,36,35,46,25,35,30,31,17,,44,,35,28,,45,,35,17,,,,,7,,,,21,33,172,190,208,242,190,,223,22,10,29,15,21,10,18,14,14,11,31,12,17,13,42,,39,35,44,53,70,48,22,27,95,,24,18,15,28,25,24,27,12,11,16,20,24,26,29,16,17,23,,,5,,17,7,5,12,12,,13,6,,,12,5,17,12,,5,18,9,,22,24,12,12,14,7,5,7,5,5,,,,7,,,31,,18,12,9,14,14,17,22,7,2,5,,7,,,19,,19,12,33,27,25,20,44,9,,48,37,35,46,63,45,53,58,53,51,31,23,13,30,23,37,17,45,51,15,,26,21,26,,4,14,,36,31,34,35,11,,36,16,,,,11,,31,,47,34,52,52,33,25,,26,27,,39,65,,55,,42,46,59,,53,55,13,17,11,,17,12,18,26,16,16,28,63,21,17,7,13,29,31,22,36,26,14,23,12,26,22,18,26,16,15,18,19,16,13,24,40,36,,14,16,7,20,17,7,23,15,18,20,12,4,13,6,,5,,18,,4,16,18,10,15,,13,12,5,,30,,27,27,34,32,14,9,3,,,,11,,26,,25,,10,,18,7,39,18,18,,9,,24,13,22,4,19,25,,13,11,11,9,15,7,,18,,,10,26,20,27,79,24,34,26,28,21,33,17,,45,48,70,50,50,14,22,25,19,20,36,26,20,28,26,26,22,,36,21,36,10,22,21,16,12,,,,,15,27,,24,18,28,9,15,17,22,15,16,14,20,17,16,7,,19,16,,17,19,16,,22,16,,14,7,,14,9,10,,,6,,29,36,37,,138,90,168,11,26,19,18,16,14,,100,8,43,76,41,,,27,,,,,14,,,,,,,,,,,,,,,,5,,,,,,,,,,,,,,,,,,,,,,,,,,,,,,,,,,,,,,10,15,15,7,11,7,8,13,6,,,33,28,33,21,19,,30,40,45,29,39,58,51,,58,74,45,,,44,66,,41,37,30,,31,,41,38,,,41,27,,,31,36,45,,,13,17,19,23,22,15,14,18,48,,17,23,16,19,17,19,28,23,37,34,46,58,39,43,,23,23,15,,13,12,27,116,25,24,6,15,18,9,18,16,,,19,8,6,14,9,25,7,6,,20,8,43,,6,11,14,5,,,19,5,16,2,22,21,,17,20,21,,12,17,17,,17,22,2,21,16,9,16,,8,13,13,12,7,15,,2,,13,20,9,28,13,4,,8,,3,,,,5,17,1,7,14,14,,10,,12,15,5,12,11,,22,,12,,12,10,,9,8,8,12,11,17,13,,,15,18,11,20,10,34,11,10,17,10,8,16,31,24,17,,14,6,6,,10,,23,8,19,18,26,22,21,20,17,,18,18,20,17,23,120,20,18,19,12,18,,11,3,1,,17,11,17,3,,7,7,13,,19,7,8,5,5,,12,12,13,9,15,17,16,,11,5,6,30,39,,38,28,29,44,31,34,17,15,7,18,14,22,,41,25,33,,4,4,,17,14,7,6,,14,10,10,30,26,48,27,23,13,74,12,28,28,18,10,7,9,17,21,16,18,26,27,38,18,17,10,26,,27,32,17,23,27,30,38,24,30,23,15,23,,22,26,64,55,58,51,28,19,17,17,37,53,84,9,43,19,46,25,47,27,39,29,46,40,24,29,,33,58,48,10,21,,13,19,13,11,14,17,17,21,29,16,37,27,24,11,32,,,,19,27,,28,,18,27,22,31,,19,19,16,,,,,9,12,11,12,17,24,,25,,8,14,13,16,16,24,10,16,20,13,12,,,,,16,16,10,8,30,20,19,,9,6,8,25,20,14,13,3,32,28,19,25,43,42,,26,36,43,39,7,8,22,6,26,,16,13,,11,12,,2,9,19,,78,,6,,6,7,13,20,31,29,45,22,22,21,12,22,22,21,,17,8,,22,13,66,,198,216,11,17,158,200,,8,8,24,29,,,29,36,52,,31,33,30,37,6,21,18,,13,,,16,8,5,8,97,92,87,126,22,,255,48,50,15,20,71,106,168,,,,37,32,,45,,87,165,155,185,30,31,36,34,8,7,3,45,46,,37,25,16,20,15,24,18,,16,,5,6,16,15,23,24,161,32,16,50,25,23,14,12,,,42,17,8,7,,23,24,30,15,,10,6,,,14,20,24,14,15,14,14,17,7,19,22,37,33,24,53,,8,2,,20,26,18,19,124,32,26,10,28,17,22,14,8,7,7,86,7,27,9,27,7,11,14,3,4,11,8,10,28,,36,21,37,25,17,27,26,9,16,2,,27,39,19,19,13,13,17,,22,12,2,36,12,14,12,,,21,18,15,12,15,4,22,12,2,58,9,28,12,40,11,10,16,12,,10,34,21,29,19,30,105,25,25,24,28,40,27,22,29,27,21,40,39,37,53,15,19,12,22,14,19,21,21,4,5,22,33,40,43,38,55,30,47,38,32,30,25,48,24,48,24,55,34,19,5,38,,7,,19,1,16,8,8,10,20,13,27,12,6,22,27,16,11,17,7,16,22,23,33,27,19,22,30,10,35,30,13,,29,22,25,4,12,10,2,9,12,,7,22,12,9,26,11,9,,5,71,28,20,14,14,14,87,35,39,25,22,36,14,14,13,6,2,12,39,2,7,58,30,39,33,17,2,6,20,7,4,22,20,12,21,14,26,17,9,129,288,173,226,252,180,10,10,11,34,38,33,20,41,17,34,38,29,26,52,20,5,29,40,82,6,10,14,,5,10,15,3,2,17,,15,6,18,12,12,11,34,32,9,23,18,24,25,8,23,24,19,21,15,12,12,7,19,23,12,12,12,2,17,7,,5,12,5,7,16,30,4,11,20,3,11,28,28,22,25,12,22,44,,34,12,6,7,36,39,18,18,,27,15,15,20,34,13,33,20,23,8,8,13,21,17,21,67,29,24,48,35,33,93,31,34,52,16,37,40,43,12,5,40,34,38,75,67,101,123,44,50,13,1,19,35,5,12,12,18,26,28,17,14,32,8,15,18,18,14,342,133,156,14,22,45,41,20,38,32,41,12,14,54,50,28,14,58,,17,,29,36,19,20,28,10,2,2,4,8,14,20,21,17,17,18,25,10,32,13,18,,39,9,20,68,64,50,17,50,35,32,91,30,44,42,29,22,7,35,14,18,19,8,39,19,19,17,40,31,134,34,19,22,10,39,17,68,25,13,27,15,9,9,22,5,17,9,22,28
20230729,1,PM10_24h,24,19,23,23,25,32,30,24,17,26,22,28,,,32,,36,40,36,,35,,36,35,,32,19,,33,44,36,31,33,38,37,,56,46,,56,44,17,27,30,,37,,35,31,30,25,25,30,40,,27,22,,31,24,26,40,35,35,41,37,34,28,,41,25,28,27,33,36,,39,36,40,42,27,,24,31,40,30,29,24,,25,25,,,24,26,30,31,26,28,26,,27,19,28,23,24,,27,20,18,18,17,25,16,15,16,19,23,27,26,26,27,26,17,21,25,28,27,23,27,22,39,34,33,28,40,34,29,32,42,21,23,20,20,23,,23,20,20,22,12,10,14,10,10,12,18,11,11,26,,18,21,18,21,19,19,9,9,8,4,6,12,,,,20,20,,29,14,13,,,,18,,14,17,13,11,18,11,13,10,21,,,,17,10,,19,20,26,9,9,,13,9,11,12,7,12,12,10,,12,,15,15,,17,13,,13,12,11,,14,24,13,15,17,15,18,,,18,14,17,22,24,22,34,,13,,,17,,17,13,,21,23,20,17,21,17,,15,13,12,12,10,9,10,10,18,15,16,12,18,18,20,16,17,18,8,,14,15,15,15,,15,,18,13,4,,11,8,18,,17,20,17,16,,24,18,22,22,7,,,16,10,14,21,10,14,30,33,28,32,31,32,30,42,37,21,22,24,26,24,22,18,,29,22,12,15,14,14,18,20,10,11,19,28,30,27,,30,31,24,22,28,30,22,18,23,30,27,60,24,24,,24,24,24,41,28,30,28,26,25,21,24,16,,27,29,32,26,29,25,23,28,28,28,23,,,25,22,25,30,23,25,27,24,24,20,15,16,67,65,68,53,71,57,59,66,,25,28,24,23,13,,18,18,16,25,19,15,14,,,27,23,24,24,20,,12,11,16,16,,,14,8,22,22,23,18,32,29,25,23,29,,27,11,23,22,23,21,11,13,8,8,18,15,17,15,16,15,16,13,18,12,,29,,14,15,,41,,44,38,,,,,21,,,,25,34,62,61,82,84,65,,93,22,17,27,22,26,17,18,18,18,20,37,15,26,21,20,,25,22,20,21,29,32,32,35,36,,20,16,17,25,20,22,20,17,15,16,19,22,25,24,18,17,21,,,10,,17,8,4,9,32,,30,15,,,20,19,23,21,,11,15,11,,14,24,15,14,10,8,11,10,9,13,,,,11,,,18,,20,19,13,19,11,13,15,13,9,16,,13,,,24,,17,17,26,18,22,23,22,20,,32,34,35,38,40,26,48,39,33,42,17,17,17,26,21,38,20,22,29,34,,33,20,19,,19,16,,19,19,17,20,19,,35,15,,,32,22,,24,,26,26,28,30,33,35,,29,36,,64,49,,53,,35,45,54,,48,49,16,18,16,,16,18,28,25,22,16,29,28,23,18,22,14,24,27,21,31,16,16,30,25,31,23,30,39,15,14,18,19,14,11,28,18,31,,13,12,11,17,21,29,20,14,16,21,17,22,12,13,,15,16,16,,4,18,17,15,16,,15,17,4,,35,,39,31,35,35,46,32,33,,,,30,,29,,37,,23,,29,28,37,27,39,,33,,27,26,25,21,24,30,,20,21,21,17,18,16,,22,,,14,28,26,28,19,28,26,23,23,28,39,22,38,36,46,52,37,59,38,18,18,15,15,17,20,15,18,20,20,16,,27,16,28,22,12,12,11,10,,,,,11,23,,11,24,19,19,13,19,18,26,24,24,23,21,22,19,,21,15,,22,23,33,,15,18,,19,8,11,11,12,8,11,,10,31,27,22,34,,107,87,78,20,27,21,19,34,31,,52,51,92,102,86,,,14,,,,,11,,,,,,,,,,,,,,,,14,,,,,,,,,,,,,,,,,,,,,,,,,,,,,,,,,,,,,,17,18,28,20,28,20,21,18,16,,,14,26,30,31,31,,24,22,29,12,22,27,31,,31,37,32,,,29,40,,23,25,22,,23,,46,38,,,38,26,,,38,37,31,,,17,21,18,24,27,27,18,34,38,41,36,31,19,24,20,31,26,20,29,23,34,37,33,35,,23,22,14,,8,5,18,22,24,18,24,17,17,33,16,29,,,24,14,13,12,10,21,20,10,8,22,11,36,,15,21,18,17,,,20,7,17,7,20,20,,12,21,20,,22,20,22,,18,20,12,24,19,18,17,,16,17,18,23,17,11,14,16,,13,19,7,16,21,11,,10,,8,,,,11,13,8,12,15,16,,13,,12,15,13,13,19,20,18,13,11,8,8,11,,7,11,9,9,9,12,9,13,,15,10,12,28,10,22,6,15,18,17,21,13,28,26,22,,10,18,18,22,24,,21,14,15,22,22,18,19,20,20,,21,25,23,13,19,37,17,17,15,14,14,,47,36,34,,38,32,41,24,,34,31,26,,25,21,23,22,19,,30,28,30,22,21,17,19,,22,20,20,17,28,,18,19,17,29,20,19,26,31,29,30,18,25,,32,30,29,,14,16,,20,16,12,14,,25,22,21,32,22,20,32,22,17,27,23,24,28,23,25,37,23,19,25,23,24,21,17,26,20,25,20,22,22,21,26,19,21,28,29,25,24,22,21,26,19,17,20,19,59,65,69,60,38,37,37,49,48,42,47,63,54,60,53,55,71,21,25,38,38,32,31,36,,35,51,49,18,14,,10,13,15,15,13,12,11,14,20,12,14,15,16,13,15,,,,17,20,,19,,20,16,17,22,,13,13,15,,,,,15,16,16,15,15,33,,23,,6,9,14,14,14,19,17,10,14,18,10,,,,,31,20,12,12,24,15,21,,17,16,18,14,11,12,20,6,27,15,14,18,23,27,,21,27,24,25,16,9,20,18,22,,22,15,,18,8,,5,10,8,,35,,5,,5,7,16,16,17,15,21,21,21,20,8,10,9,23,,37,31,,15,15,48,,60,59,14,19,85,97,,8,8,27,29,,,24,27,30,,25,22,19,25,6,26,22,,20,,,17,11,9,9,90,76,54,84,23,,70,51,49,41,40,49,85,81,100,,,68,50,,40,,48,62,78,94,20,16,29,28,43,35,30,40,25,,26,19,16,19,14,20,18,,11,,9,16,15,19,17,17,84,23,16,34,22,19,12,11,,,34,8,8,32,,27,20,29,16,,9,8,,,9,20,21,11,14,15,15,13,8,20,29,28,19,28,43,,33,24,,23,17,16,14,33,25,17,16,23,32,28,17,22,32,24,41,13,29,18,15,17,8,29,13,16,17,16,16,23,,28,20,19,28,10,14,28,24,24,33,40,20,29,26,24,18,18,45,,18,16,12,22,16,14,10,,,32,24,32,15,16,6,25,18,14,52,28,24,17,19,17,26,8,15,,16,41,37,45,34,18,54,20,17,18,25,35,21,19,22,22,23,24,18,40,34,21,20,16,19,12,10,13,19,13,23,26,33,25,25,29,30,23,29,30,41,38,24,28,14,30,20,24,34,24,24,34,,31,11,16,12,18,11,13,12,36,40,37,23,26,35,34,14,11,9,9,18,14,19,32,27,12,25,25,15,39,26,13,,14,16,14,12,18,13,16,15,15,,8,34,27,17,16,22,20,,18,31,35,35,20,22,22,71,43,32,52,51,26,11,7,14,13,14,11,42,18,15,26,18,21,31,15,5,8,16,11,18,20,19,18,18,12,14,15,7,55,72,63,71,88,67,20,17,12,20,29,38,42,41,14,22,30,25,18,39,45,19,27,29,41,40,17,17,11,12,18,18,12,31,33,44,35,42,31,27,22,14,28,31,13,18,28,18,14,12,16,10,17,15,28,14,10,15,20,20,19,17,22,9,12,30,30,16,19,24,17,15,24,7,19,12,11,21,16,13,17,11,15,47,55,34,32,22,12,17,33,31,19,19,,23,18,22,30,28,23,25,20,18,9,8,15,23,14,17,28,28,19,53,37,39,51,46,42,35,46,50,58,57,39,28,39,30,31,50,49,45,49,29,38,28,43,26,38,30,43,25,28,19,17,16,15,24,18,18,18,18,51,76,342,292,13,13,28,42,29,45,26,30,26,17,24,24,29,23,37,,13,20,33,43,18,16,19,13,5,12,20,19,31,16,19,28,16,21,19,22,31,15,16,,13,10,14,39,38,47,42,29,25,26,31,27,27,30,25,20,17,18,23,11,48,18,48,50,21,14,30,23,32,31,14,24,39,38,34,43,30,12,23,19,8,7,16,17,10,12,19,36
20230729,1,SO2,3,3,3,3,3,3,3,3,3,3,3,3,,,5,,2,4,6,,4,,,6,,4,2,,2,3,3,3,3,1,5,,3,2,,1,3,4,2,5,,4,,2,3,1,8,3,6,9,,5,2,,1,2,8,6,6,8,7,4,1,3,,4,5,4,1,3,2,,10,5,4,5,6,,3,10,7,5,8,4,,6,6,,,7,7,6,6,4,14,39,,5,14,24,22,14,,9,4,4,7,4,7,5,4,7,5,,4,4,4,5,3,5,4,4,3,2,8,5,6,3,6,6,5,6,4,4,6,8,4,8,6,3,4,,2,6,6,5,4,3,3,6,15,6,4,6,7,5,,6,8,8,6,8,6,6,8,4,4,4,4,,,,6,8,,6,7,4,,,,6,,3,5,7,5,10,5,8,5,6,,,,7,5,,3,5,5,7,6,,7,5,7,4,6,7,4,3,,5,,8,5,,6,4,,4,5,6,,6,4,6,5,2,4,7,,,3,4,5,4,6,5,4,,5,,,2,,6,3,,4,2,3,5,3,4,,2,3,4,4,3,4,4,3,5,4,4,2,5,5,8,8,8,9,1,,4,2,2,3,,3,,8,7,8,,5,4,10,,7,5,6,4,,4,7,4,5,5,,,3,6,10,6,4,4,1,1,3,2,1,1,3,2,3,6,8,7,5,6,5,5,,6,6,4,4,4,1,5,2,5,3,1,5,,3,,5,5,9,6,6,6,5,7,4,5,6,4,4,8,,5,7,5,7,7,9,5,5,8,12,5,6,,8,7,9,6,7,8,12,5,6,4,5,,,9,7,7,5,6,7,6,5,7,13,9,9,5,9,8,5,5,16,6,12,,7,5,8,7,10,,5,5,4,8,6,6,7,,,6,8,6,4,5,,3,3,2,1,,,3,24,4,4,3,5,3,5,6,4,3,,9,,7,2,6,5,9,14,9,12,10,11,7,5,3,6,6,6,2,5,,4,,4,6,,5,,5,5,,,,,4,,,,18,19,5,5,13,5,5,,6,11,4,9,19,6,3,4,3,5,6,1,6,4,6,14,,16,7,13,10,6,8,8,6,7,,5,5,4,3,5,6,3,3,2,5,2,5,2,3,8,7,7,,,4,,3,2,4,1,6,,6,2,,,3,1,1,15,,8,14,7,,14,9,8,9,6,7,4,4,10,6,,,,10,,,5,,4,8,7,7,5,7,6,4,4,4,,6,,,22,,9,7,8,4,4,8,5,8,,8,7,4,5,6,4,7,11,4,15,1,6,1,8,4,7,4,5,4,6,,6,8,9,,4,4,,10,5,2,19,4,,14,4,,,,4,,4,,6,6,9,8,8,10,,12,8,,8,6,,7,,10,8,10,,9,8,12,15,17,,6,5,3,4,3,3,3,4,5,6,5,3,6,4,4,6,5,6,6,4,4,20,3,2,5,5,6,6,4,6,5,3,6,,5,5,4,4,2,4,5,5,3,3,2,3,5,2,,6,8,5,,4,12,7,9,8,,11,10,6,,3,,3,4,6,3,8,5,4,,,,1,,2,,6,,2,,3,6,4,2,2,,6,,4,2,4,2,8,5,,15,10,9,6,6,2,,5,,,9,4,6,3,7,6,12,14,9,4,4,2,,30,20,18,16,11,7,2,2,3,6,6,6,16,14,11,13,5,,8,9,18,6,4,4,6,3,,,,,1,3,,1,1,7,8,9,4,5,4,7,2,2,4,4,4,,4,3,,9,2,5,,6,4,,4,7,5,6,9,4,5,4,4,5,6,5,4,,37,7,2,16,14,7,48,9,3,,6,7,6,5,6,,,5,,,,,3,,,,,,,,,,,,,,,,4,,,,,,,,,,,,,,,,,,,,,,,,,,,,,,,,,,,,,,7,3,1,3,1,2,2,3,2,,,2,10,10,9,8,,9,4,5,6,4,5,12,,8,7,6,,,4,4,,11,10,3,,5,,24,30,,,5,4,,,2,3,16,,,4,2,8,10,10,5,6,3,3,8,10,6,3,6,7,6,11,5,7,13,8,5,3,4,,9,9,5,,8,6,5,7,4,2,7,3,7,6,6,4,,,6,9,7,9,10,14,6,9,,4,7,15,11,2,2,4,1,,,8,7,6,1,6,3,,7,8,5,,6,4,7,,4,8,4,7,5,2,3,,4,4,4,10,2,3,4,3,,4,5,6,6,9,7,,5,,6,,,,2,5,7,6,4,4,,3,,11,6,5,6,6,,6,1,9,3,6,9,5,4,7,3,4,3,4,4,2,,8,2,4,5,7,6,26,14,17,16,16,12,12,9,8,,4,3,1,,3,,1,5,3,5,1,5,8,12,2,,4,3,6,3,4,4,5,4,1,6,8,,3,5,7,,9,1,5,4,,4,4,4,,1,8,5,7,4,,6,5,4,7,9,5,4,,4,6,4,5,6,,10,8,7,5,5,5,6,5,6,8,4,4,,8,11,6,,6,7,,7,4,5,1,,6,3,6,9,11,2,8,10,9,18,6,4,8,8,6,6,4,4,2,2,4,6,4,6,2,4,8,8,,10,11,11,4,9,12,20,3,8,6,10,6,,5,5,6,5,7,5,3,5,5,7,14,8,6,6,6,8,6,24,27,7,7,18,9,5,20,11,,5,4,3,6,4,,8,7,6,4,6,5,2,5,4,3,2,3,1,3,10,,,,6,7,,8,6,8,9,9,7,,7,8,6,,,,,5,5,6,6,7,1,,4,,4,5,9,12,10,14,2,4,8,5,5,,,,,2,2,4,4,15,3,1,,2,7,7,5,6,2,8,8,5,8,4,7,21,16,,8,13,6,5,7,9,5,8,9,,8,6,,6,7,,7,7,4,,9,,6,,8,8,1,5,8,8,5,7,6,8,5,5,5,8,,134,44,,4,7,6,,8,5,4,3,4,4,,5,5,7,7,,,7,5,5,,11,9,16,11,11,12,5,,5,,,6,5,4,6,6,4,3,4,5,,7,13,10,6,6,9,3,2,,,,6,6,,5,,4,10,13,8,18,1,4,4,5,4,4,3,10,,5,2,7,1,4,2,2,,3,,6,2,3,4,7,8,15,9,4,4,6,8,5,3,,,2,4,6,6,,14,28,7,4,,5,4,,,2,4,6,4,8,6,2,4,5,4,5,6,6,7,7,,4,2,,7,3,9,5,5,12,9,5,29,3,3,5,3,2,5,12,2,62,4,2,2,5,4,8,8,9,8,8,6,,1,4,11,3,3,5,4,5,5,4,4,7,4,3,9,3,1,4,74,3,6,5,5,7,5,4,,,2,4,8,4,7,6,6,3,3,6,3,9,7,12,7,2,4,3,,5,9,4,24,25,5,6,6,7,6,8,5,9,2,5,6,3,5,12,24,11,10,2,7,6,7,6,6,2,4,4,6,5,7,8,6,6,6,4,6,7,7,19,2,6,6,9,8,28,1,6,8,,6,9,5,4,10,2,3,2,4,4,2,1,8,5,3,8,3,7,8,9,4,9,7,4,8,9,8,6,10,12,2,,3,9,3,3,6,11,9,3,4,,1,4,4,4,14,5,8,,5,6,5,7,6,4,5,6,13,66,6,8,5,2,1,4,4,4,3,6,4,4,3,3,9,13,4,3,5,6,4,7,6,5,6,6,2,4,2,7,5,5,2,6,4,8,6,7,5,10,5,5,5,6,8,3,6,8,7,1,2,5,3,6,5,8,4,3,6,6,3,3,4,3,6,3,3,1,9,8,5,12,7,20,7,9,8,5,3,3,2,6,5,6,5,3,3,9,3,4,7,6,5,1,5,8,,4,2,5,2,8,4,7,12,5,2,4,3,3,7,3,17,3,50,9,3,5,5,4,5,2,3,4,,8,5,7,9,7,6,6,5,2,4,4,2,6,4,2,15,6,5,7,11,6,8,3,1,1,3,3,2,3,5,3,5,7,9,4,9,7,10,7,9,2,3,5,1,11,9,2,6,5,7,8,6,4,3,3,2,6,9,4,4,20,5,6,8,9,7,31,8,9,10,3,7,12,6,8,8,,6,2,4,1,5,7,1,4,5,8,6,7,2,3,7,3,4,7,4,3,6,1,4,,5,6,1,8,6,7,8,5,3,1,3,3,3,7,9,4,3,13,14,7,7,4,4,1,3,3,3,3,8,7,3,2,7,4,3,9,5,4,4,6,6,7,7,12,4,8,6,8
20230729,1,SO2_24h,4,3,3,3,3,3,2,3,3,3,3,3,,,5,,2,5,5,,4,,4,5,,3,3,,2,2,2,3,3,2,6,,2,3,,2,3,4,2,5,,5,,2,3,3,8,3,6,9,,4,3,,2,2,9,10,8,14,11,5,2,2,,4,5,9,2,4,2,,6,6,4,5,6,,3,6,6,6,4,3,,6,6,,,8,7,7,6,5,8,15,,6,8,13,9,11,,11,4,4,8,5,7,5,4,6,6,6,4,4,4,5,3,5,4,4,3,2,8,5,6,4,6,7,5,6,3,4,5,8,4,8,6,3,5,,2,6,6,5,4,3,3,6,8,6,4,6,7,5,,6,8,8,6,8,6,6,8,4,4,4,4,,,,6,8,,6,8,5,,,,6,,3,5,7,5,10,6,8,6,6,,,,8,5,,3,5,4,8,6,,7,5,7,4,6,7,4,3,,4,,6,5,,6,4,,4,5,6,,6,4,5,5,2,4,7,,,3,4,4,4,6,5,5,,5,,,2,,6,3,,3,2,3,5,4,4,,2,3,4,3,2,5,4,3,5,4,4,3,5,5,8,8,8,8,2,,4,2,2,3,,3,,8,6,8,,5,4,8,,7,5,6,5,,4,7,5,6,5,,,4,6,9,6,5,5,1,1,3,2,1,6,2,2,3,9,7,8,9,6,7,5,,6,6,3,5,4,2,4,2,5,2,2,5,8,7,,5,5,10,8,7,6,6,8,4,5,6,5,4,7,,5,7,5,8,5,8,5,6,7,11,5,7,,8,4,8,6,7,8,11,7,8,6,6,,,10,8,7,3,5,4,6,4,7,12,7,9,11,11,12,7,8,17,9,9,,6,6,7,7,7,,5,5,4,6,6,4,6,,,6,8,5,3,4,,3,3,3,2,,,2,6,4,3,3,5,4,5,4,3,3,,9,6,8,3,6,5,8,9,9,12,15,11,7,5,3,6,6,6,2,5,,4,,4,6,,7,,7,9,,,,,5,,,,9,13,5,5,14,4,5,,7,10,3,11,11,7,4,3,4,6,8,2,6,4,7,14,,13,9,13,7,6,8,10,9,7,,5,6,4,4,4,6,3,3,2,5,2,5,2,3,9,7,8,,,5,,4,2,4,2,7,,7,3,,,4,3,3,12,,8,7,7,,11,9,10,8,6,6,2,3,5,6,,,,10,,,5,,5,8,7,8,5,7,6,5,4,4,,10,,,15,,10,9,12,6,6,9,6,8,,8,8,12,11,6,4,8,8,4,10,1,5,2,7,4,7,5,6,5,7,,7,6,7,,4,5,,7,6,2,6,5,,16,5,,,3,5,,4,,7,5,8,8,8,11,,12,9,,8,6,,7,,11,8,9,,9,8,12,14,16,,7,5,4,5,4,4,3,17,5,6,6,4,7,5,5,6,6,6,6,12,14,10,4,5,5,5,6,6,4,6,5,3,7,,5,5,4,4,2,4,6,6,2,3,2,4,5,2,,6,8,6,,4,11,8,10,9,,12,10,7,,3,,2,4,6,2,8,8,5,,,,1,,3,,6,,3,,2,6,4,4,4,,7,,4,2,4,2,7,5,,11,9,9,7,7,3,,4,,,7,5,6,3,6,7,7,7,6,5,4,2,5,18,17,12,16,25,11,1,2,3,6,6,6,6,8,6,8,4,,9,8,16,6,5,4,6,2,,,,,2,3,,4,1,8,7,7,4,5,4,7,2,2,6,4,4,,4,3,,8,2,5,,6,4,,5,7,5,5,9,4,6,9,5,5,6,5,4,,23,30,3,17,30,7,10,9,2,,6,8,6,6,5,,,4,,,,,3,,,,,,,,,,,,,,,,5,,,,,,,,,,,,,,,,,,,,,,,,,,,,,,,,,,,,,,7,2,2,2,1,2,2,4,2,,,3,9,9,8,8,,7,5,6,4,4,6,12,,9,10,5,,,3,3,,14,12,2,,5,,23,24,,,5,3,,,8,4,13,,,4,3,7,10,11,5,7,4,4,8,8,5,3,6,8,9,9,4,6,10,8,6,3,4,,6,7,9,,7,4,8,5,5,4,6,4,8,6,7,5,,,6,8,7,9,10,12,5,9,6,5,6,14,11,2,2,4,1,,,7,7,4,2,5,3,,7,9,5,,6,5,8,,4,8,5,8,5,2,3,,3,3,4,8,3,4,5,5,,4,6,6,7,9,8,,6,,7,,,,3,7,9,6,4,4,,4,,7,6,5,6,6,8,6,1,10,4,7,10,5,5,6,4,4,4,4,3,2,,8,3,4,5,7,6,29,13,14,16,15,12,12,9,8,,6,9,13,15,10,,1,5,5,5,11,8,10,14,2,,4,3,7,4,4,4,5,5,2,7,10,,5,5,7,,6,3,6,6,,5,5,4,,2,9,3,8,5,,6,5,4,7,9,4,4,,5,7,5,6,7,,10,8,8,4,5,5,6,6,6,7,4,4,,7,9,7,,6,7,,7,5,5,2,,6,4,6,9,10,4,17,13,10,20,15,4,7,6,6,7,4,4,2,2,4,4,4,6,3,5,6,7,10,11,9,10,4,7,8,8,2,8,6,9,6,5,6,5,10,7,7,7,9,7,6,10,8,15,6,8,6,9,7,12,11,7,8,10,9,6,10,7,,8,4,3,6,4,,6,7,6,3,6,5,2,5,3,2,2,1,2,3,10,,,,6,15,,8,6,7,8,8,7,,7,8,6,,,,,5,5,6,6,7,2,,4,,4,4,8,10,7,11,2,5,6,5,5,,,,,2,2,4,4,14,5,1,,3,8,7,6,7,3,8,8,5,10,4,6,25,29,,14,11,7,5,7,9,5,8,14,,8,6,,8,7,,6,7,4,,7,,7,,8,8,2,5,7,7,5,7,6,8,5,5,4,8,,75,34,,6,7,6,,6,4,4,3,4,4,,5,5,8,8,,,7,6,4,,10,10,14,10,11,11,7,,9,,,7,5,4,6,6,4,4,5,5,,8,8,9,6,6,16,3,3,3,,,7,6,,5,,4,10,8,10,15,2,5,6,6,5,4,3,10,,5,2,8,2,4,2,2,,4,,6,3,3,4,7,8,10,7,5,7,7,7,5,3,,,2,4,5,6,,8,12,6,4,,5,5,,,2,4,5,4,7,6,2,5,5,6,6,5,6,6,7,,4,3,,6,5,8,5,5,15,4,8,12,4,4,6,3,2,5,12,3,25,4,2,3,5,5,8,6,8,8,9,6,,2,5,7,3,3,5,3,6,5,5,4,8,5,4,8,3,1,5,30,4,6,5,6,9,5,4,,,6,4,7,7,7,6,6,3,6,6,3,8,8,16,6,4,4,4,,5,11,6,17,27,5,5,6,7,6,7,5,7,2,5,6,3,6,8,27,10,10,3,7,6,7,6,6,2,4,6,8,7,8,8,5,8,6,4,7,8,8,11,2,7,9,7,8,3,2,6,8,,6,9,6,4,10,3,4,2,6,5,2,1,8,5,3,7,3,6,8,10,4,9,8,11,9,9,7,6,10,12,2,,3,6,3,3,7,10,9,5,6,,1,3,4,4,7,8,8,,6,7,5,8,6,6,5,6,11,30,10,10,5,2,1,4,5,4,4,6,8,5,3,3,13,12,4,2,6,6,4,8,5,5,6,6,2,5,2,7,4,9,2,6,6,8,14,8,6,8,6,5,7,6,8,4,6,7,6,1,3,5,4,5,6,8,4,3,6,6,3,3,4,4,6,4,5,7,10,8,5,16,6,15,7,9,8,4,3,2,2,6,4,6,6,4,3,10,3,4,7,6,5,2,5,6,18,5,4,6,4,10,5,7,7,5,2,4,3,2,7,4,11,13,10,7,4,4,6,4,5,2,3,3,,8,5,7,9,6,6,6,5,3,5,4,1,6,3,2,16,9,6,8,14,6,8,1,1,1,3,3,4,4,5,5,9,7,9,3,8,7,10,7,8,2,6,5,2,8,13,2,7,5,7,8,7,5,4,3,2,5,10,6,7,8,4,6,5,11,8,30,10,7,11,5,9,9,13,11,8,,6,3,5,2,6,5,3,4,6,7,6,7,2,4,7,3,4,7,4,4,8,2,4,,4,6,2,12,4,7,9,4,3,2,3,2,3,6,13,4,4,12,12,8,6,4,4,3,3,3,3,3,10,6,3,2,10,6,4,10,5,4,4,6,6,7,6,12,5,8,6,14
20230729,1,NO2,23,3,15,29,25,38,37,28,10,9,59,17,,,6,,14,15,17,,11,,,13,,14,17,,9,13,15,4,15,12,15,,6,17,,19,11,12,20,45,,35,,5,1,8,11,14,16,15,,15,9,,16,20,13,31,35,25,46,14,23,28,,26,29,18,30,7,15,,8,8,13,14,29,,8,25,20,42,18,52,,30,39,,,35,59,44,27,20,36,22,,26,12,12,16,13,,9,15,12,10,10,12,12,18,18,27,,16,11,14,13,15,8,1,13,12,11,11,14,7,6,13,15,16,15,16,5,11,16,7,2,6,7,2,,6,14,5,,6,11,6,4,7,6,11,7,8,2,,2,2,4,2,2,2,8,8,2,7,5,5,,,,9,10,,10,9,10,,,,18,,7,16,6,8,12,10,8,6,16,,,,6,11,,21,23,17,7,5,,4,8,7,5,5,4,2,3,,4,,4,6,,14,10,,9,13,14,,11,5,17,14,3,4,4,,,2,2,2,7,3,2,5,,12,,,8,,2,8,,2,2,4,5,2,2,,19,26,16,12,11,9,4,3,14,10,6,8,6,12,5,13,10,11,2,,4,3,4,4,,1,,14,15,4,,6,7,6,,9,17,27,21,,26,25,24,46,3,,,5,7,11,9,6,7,11,4,8,9,5,5,4,4,12,18,24,18,21,21,36,14,,25,15,8,8,33,22,18,20,9,19,26,2,,20,,39,45,26,36,29,29,30,14,11,9,18,11,22,37,,8,10,11,25,11,11,10,5,14,17,22,11,,14,37,27,11,8,8,7,8,11,14,8,,,23,17,21,18,15,15,14,20,32,38,36,22,64,45,93,33,68,25,48,48,,14,16,12,11,5,,33,62,33,11,36,21,19,,,67,42,53,21,28,,18,38,47,32,,,32,6,13,21,13,20,14,21,14,14,19,,17,,11,16,12,15,12,27,23,14,10,20,25,12,25,17,15,16,9,12,,29,,21,16,,35,,22,25,,,,,17,,,,20,30,10,16,19,17,12,,8,25,15,20,22,27,3,24,7,5,7,5,6,27,7,32,,37,52,53,67,36,27,21,27,66,,17,14,17,3,2,4,1,5,12,6,3,19,5,15,2,6,3,,,15,,7,3,5,6,8,,12,8,,,14,17,11,24,,8,18,13,,22,11,9,11,8,1,2,2,2,5,,,,10,,,15,,11,6,4,6,12,1,4,3,3,3,,5,,,15,,12,8,19,6,6,5,11,3,,21,16,21,19,35,11,19,16,20,34,21,18,12,4,4,4,26,21,26,12,,9,8,8,,6,6,,18,12,21,15,4,,28,12,,,,19,,34,,38,29,24,33,5,9,,5,4,,29,31,,32,,11,14,12,,12,11,19,18,8,,4,4,3,14,7,5,2,34,20,11,26,8,23,10,22,28,9,7,9,13,3,10,18,18,8,8,10,7,10,1,6,5,7,,5,8,10,6,13,11,7,9,6,6,6,10,10,9,,6,8,9,,5,13,16,15,8,,17,14,2,,3,,4,6,9,6,5,2,2,,,,5,,6,,8,,2,,12,6,10,22,10,,3,,17,16,13,8,8,17,,20,25,7,10,9,5,,6,,,3,9,9,8,4,8,20,23,16,11,4,2,,14,24,30,17,17,17,9,12,4,10,11,5,30,24,21,22,22,,14,25,27,9,19,18,6,6,,,,,7,12,,20,4,14,8,11,14,7,19,11,15,21,15,19,17,,8,12,,12,10,22,,14,22,,16,5,8,19,10,14,15,7,10,19,13,10,10,,22,16,11,8,16,15,16,1,4,,11,2,17,10,2,,,38,,,,,6,,,,,,,,,,,,,,,,2,,,,,,,,,,,,,,,,,,,,,,,,,,,,,,,,,,,,,,7,5,8,7,4,4,5,7,2,,,9,18,17,17,16,,20,16,12,15,5,25,18,,20,22,14,,,16,26,,32,29,43,,22,,12,11,,,12,11,,,14,7,26,,,11,6,3,8,12,5,5,12,12,10,6,8,2,4,9,6,20,26,17,24,11,11,15,16,,23,20,4,,3,1,10,18,6,6,7,10,14,15,10,17,,,13,14,8,17,8,13,2,6,,11,12,1,12,12,6,12,5,,,11,10,12,2,14,14,,4,8,12,,12,8,19,,12,12,14,14,12,7,4,,6,8,8,12,8,7,8,8,,12,1,2,4,18,13,,11,,13,,,,1,7,4,5,5,6,,5,,14,12,16,2,1,,2,3,14,11,9,5,,3,10,4,7,9,9,6,6,,5,4,6,6,5,4,4,5,14,6,16,5,12,10,10,,4,2,3,,3,,6,5,11,8,11,8,11,21,21,,11,12,8,2,2,3,3,3,7,8,1,,15,11,7,,9,7,12,5,,5,3,9,,6,6,4,8,6,,6,2,8,4,12,13,9,,6,3,4,21,19,,28,31,5,5,5,3,10,10,10,9,13,6,,8,9,13,,6,6,,11,4,2,4,,1,5,6,7,20,9,13,18,8,30,16,8,6,7,8,6,4,6,5,2,4,30,20,32,17,35,8,8,,17,14,2,11,8,6,12,4,10,4,6,7,,9,9,48,13,24,29,16,6,4,10,18,27,24,4,4,4,8,19,21,17,13,16,10,12,23,15,,6,12,10,7,8,,10,5,11,12,20,7,9,11,11,14,34,35,15,7,35,,,,17,14,,16,20,33,35,35,38,,28,7,8,,,,,5,3,5,6,6,7,,15,,22,6,14,7,17,17,4,25,37,36,9,,,,,16,6,6,5,25,25,18,,5,7,6,9,11,4,12,12,18,14,11,13,33,35,,14,18,14,13,16,11,18,6,14,,7,12,,7,20,,7,7,19,,10,,20,,2,4,9,25,31,12,62,17,15,21,2,10,4,12,,12,12,,18,13,11,,7,7,22,29,13,39,,4,3,24,27,,,25,28,71,,23,10,17,18,10,7,25,,8,,,17,14,9,5,16,9,56,56,10,,12,13,7,7,8,31,7,6,,,,13,12,,24,,3,11,9,4,33,3,5,22,12,12,7,10,14,,49,8,15,18,3,7,10,,12,,6,9,36,17,28,34,29,15,10,16,26,10,5,11,,,29,2,10,11,,35,19,20,8,,6,10,,,18,12,12,2,15,10,8,6,6,12,10,41,16,11,34,,9,5,,13,14,11,11,7,16,15,5,12,5,25,6,2,21,10,77,4,21,8,5,14,41,19,8,10,8,7,9,7,,8,9,38,6,12,21,4,2,3,4,3,30,23,11,17,16,9,9,30,9,10,2,21,13,18,24,,,10,8,11,19,5,3,7,18,10,12,8,8,15,25,5,6,11,6,,3,19,21,13,23,24,12,7,6,5,8,10,7,4,8,6,12,,51,11,43,11,13,10,2,6,3,1,13,5,5,,25,24,31,28,22,8,28,34,7,10,17,19,18,32,15,20,17,5,20,22,,12,8,17,8,15,4,4,5,14,8,8,7,7,7,2,10,18,10,28,19,16,13,19,19,14,20,26,8,26,25,48,,37,11,22,6,22,14,7,4,7,,3,12,19,16,26,14,22,,11,63,8,15,3,7,2,21,9,18,7,6,15,4,6,13,4,2,11,13,8,3,13,9,100,51,2,8,11,6,6,19,10,4,10,2,2,2,4,2,14,18,7,20,5,8,12,4,7,14,16,8,26,10,6,14,12,11,,14,5,12,25,11,36,29,5,7,9,10,13,14,8,3,5,10,13,9,11,9,10,10,8,21,7,29,24,16,19,29,14,20,11,14,7,13,5,8,15,12,13,5,13,5,3,17,,9,8,10,7,17,45,18,12,5,15,2,5,4,2,9,16,15,20,12,5,14,4,7,21,17,3,5,,6,5,24,3,13,14,34,26,17,9,11,17,3,7,1,54,13,12,9,12,2,38,14,16,18,7,14,18,23,9,2,1,18,22,33,28,88,70,28,35,9,2,19,7,9,11,8,15,15,10,13,5,16,15,10,9,14,2,11,8,14,12,16,19,15,18,10,6,26,3,17,18,22,28,29,43,,4,4,1,2,14,8,16,7,8,33,16,7,18,11,20,20,13,14,18,5,,18,30,,13,5,6,17,16,27,3,16,20,23,32,7,41,32,13,15,25,43,37,6,5,2,33,9,10,3,30,23,72,26,6,1,4,10,13,15,8,2,18,9,5,10,16,9,5,12,18,7
20230729,1,NO2_24h,22,7,13,16,22,22,28,14,12,22,31,21,,,16,,19,19,20,,20,,24,15,,12,15,,7,12,12,5,12,12,11,,16,17,,16,12,11,23,22,,22,,11,7,11,7,9,8,11,,12,8,,13,13,9,25,18,20,21,8,17,20,,15,15,14,20,9,12,,10,16,16,16,21,,8,19,19,20,14,21,,19,24,,,22,23,26,23,13,26,16,,16,11,12,15,15,,10,14,13,11,10,11,13,14,10,12,14,18,13,10,11,13,6,3,13,10,15,11,13,9,10,15,19,23,20,22,8,13,20,9,5,10,9,3,,9,14,9,13,10,14,10,9,11,11,16,14,10,6,,4,5,9,4,3,10,8,9,2,7,6,6,,,,7,8,,9,8,9,,,,16,,15,22,11,14,19,15,14,12,17,,,,13,11,,21,22,19,8,6,,5,7,9,6,5,7,2,3,,6,,6,8,,16,12,,12,14,14,,12,8,19,14,8,6,7,,,2,6,4,6,3,2,8,,17,,,10,,5,11,,3,3,4,5,2,2,,18,19,10,9,8,9,6,6,16,13,9,11,9,14,9,18,11,12,2,,4,3,4,3,,3,,12,14,12,,6,7,7,,14,14,19,15,,20,19,24,22,4,,,7,10,14,9,7,11,14,8,13,18,8,11,9,10,15,21,23,17,25,18,23,18,,18,17,9,8,13,12,15,19,10,13,11,4,29,14,,19,22,18,16,23,19,19,11,16,21,20,29,23,21,,16,11,9,27,15,20,11,14,9,14,16,13,,19,22,22,14,11,10,9,15,17,16,13,,,15,12,21,15,11,8,13,20,16,23,15,14,32,29,60,28,37,19,31,42,,13,18,14,13,6,,17,33,17,27,32,23,18,,,32,37,25,22,30,,5,10,12,14,,,10,2,12,22,10,11,14,18,14,15,16,,14,10,17,22,17,19,13,16,17,11,20,17,18,12,22,11,14,14,9,9,,18,,17,13,,28,,34,33,,,,,13,,,,16,20,25,35,45,31,10,,24,18,14,16,19,13,9,12,9,8,12,13,5,17,6,23,,20,20,19,16,20,15,14,14,17,,10,10,11,5,2,6,3,10,13,8,2,7,3,8,2,5,3,,,11,,7,3,4,5,9,,11,8,,,14,15,13,22,,7,13,10,,14,12,10,12,8,3,2,2,2,7,,,,4,,,9,,7,5,5,4,13,2,4,6,3,5,,5,,,7,,4,8,8,9,10,10,11,6,,11,18,15,14,15,14,11,12,12,16,10,11,9,7,6,5,14,9,9,11,,11,8,5,,6,6,,6,5,10,4,8,,23,10,,,5,9,,18,,20,16,13,18,11,17,,8,11,,16,18,,18,,11,13,11,,11,10,24,20,12,,6,7,7,10,12,7,3,16,12,8,12,4,14,12,13,23,9,7,16,8,6,8,11,13,8,9,14,7,9,2,13,11,10,,8,12,14,10,11,14,10,23,7,10,8,14,12,12,,8,10,10,,6,13,17,12,8,,15,14,2,,11,,12,14,17,13,13,6,9,,,,7,,9,,13,,6,,12,10,10,11,16,,7,,18,18,12,12,9,13,,10,16,9,12,10,4,,4,,,3,9,14,8,4,5,10,8,10,9,4,4,7,10,19,20,14,22,13,6,6,7,17,13,10,9,13,12,13,12,,12,14,25,25,12,10,4,7,,,,,5,11,,8,4,11,8,11,13,6,14,10,13,13,12,15,12,,14,13,,13,8,21,,13,18,,18,7,8,20,14,11,11,11,13,18,22,18,15,,19,22,19,11,14,14,12,4,6,,6,5,26,19,7,,,15,,,,,6,,,,,,,,,,,,,,,,4,,,,,,,,,,,,,,,,,,,,,,,,,,,,,,,,,,,,,,8,6,7,9,5,6,6,7,3,,,3,14,14,15,13,,11,9,7,12,7,12,20,,16,18,7,,,8,12,,14,16,21,,18,,17,17,,,13,14,,,8,8,12,,,12,9,5,8,14,8,6,10,10,9,7,6,5,5,9,12,13,18,15,17,10,9,14,12,,12,10,7,,5,5,9,11,11,8,9,7,14,16,11,13,,,7,12,10,15,9,11,5,8,5,11,12,2,13,8,8,11,4,,,10,12,8,2,13,11,,5,8,11,,11,10,17,,10,9,12,12,10,8,4,,6,9,7,13,9,7,11,11,,9,4,5,5,21,19,,11,,13,,,,5,11,10,7,5,6,,7,,15,17,16,2,2,2,2,2,7,9,7,6,,5,6,3,4,6,4,3,6,,3,4,7,7,7,8,4,6,7,6,12,7,9,10,7,,4,5,4,10,10,,3,3,6,8,9,6,8,12,10,,9,12,6,3,5,3,3,5,7,7,4,,24,17,14,,14,7,15,9,,9,7,9,,6,6,5,8,6,,9,4,8,6,8,10,7,,9,5,7,11,11,,16,13,5,8,6,6,12,10,11,13,12,10,,8,8,9,,4,6,,5,4,5,8,,3,6,6,11,12,8,9,11,9,12,11,5,5,5,7,7,5,7,6,4,5,20,8,14,10,17,5,7,8,9,10,2,7,5,4,6,4,9,5,10,4,4,7,9,32,20,25,22,16,8,10,16,15,16,16,17,17,19,10,16,22,10,10,14,14,11,11,15,,10,11,16,8,10,,7,3,11,9,11,6,8,9,11,8,15,14,9,5,13,,,,7,9,,9,17,21,19,24,19,,12,9,8,,,,,7,5,8,7,6,15,,11,,10,4,7,8,9,12,5,10,12,15,8,,,,,11,6,9,8,14,18,13,,6,8,8,7,7,7,14,15,16,12,9,9,22,22,,10,8,11,12,12,13,12,11,10,,13,10,,11,10,,5,8,9,,7,,8,,4,5,8,8,12,9,14,10,11,11,3,7,6,8,,17,13,,10,11,18,,11,10,20,21,18,17,,5,5,16,23,,,17,15,21,,10,9,12,8,7,6,16,,8,,,11,14,8,11,22,22,29,37,9,,14,9,10,8,10,11,16,15,12,,,13,12,,29,,13,10,9,37,17,2,7,14,13,17,12,8,15,,25,8,16,20,4,13,15,,13,,4,9,8,9,22,15,20,10,9,15,14,6,8,9,,,18,2,16,14,,20,16,21,4,,7,11,,,12,14,15,2,12,9,6,11,7,16,7,33,15,16,19,,16,8,,15,10,7,5,6,10,9,4,8,10,16,6,2,17,10,26,4,20,8,6,14,12,16,7,9,9,8,9,9,,5,9,37,5,8,18,3,3,4,11,9,20,5,9,15,17,18,15,21,7,13,2,24,12,12,14,,,17,7,10,16,7,4,7,17,9,19,11,6,20,15,4,10,5,7,,6,30,21,16,17,12,21,11,4,8,9,10,7,9,11,6,11,16,23,17,12,22,17,6,7,10,3,2,13,6,11,19,29,20,16,20,14,14,23,31,15,15,15,11,7,11,11,11,6,4,15,13,,15,8,16,7,19,4,5,6,14,12,7,7,9,16,10,7,11,8,23,15,15,5,15,13,9,19,21,7,30,24,8,,9,8,9,6,22,13,5,6,5,,3,13,17,13,15,12,12,,13,22,10,14,4,8,4,26,10,9,13,16,9,8,7,19,12,9,8,11,11,3,10,5,26,19,8,7,14,10,7,19,18,12,16,3,2,2,5,2,15,31,9,27,15,5,22,6,6,5,21,16,13,11,4,13,11,10,5,11,10,12,16,9,16,17,5,10,11,10,12,14,9,8,12,19,15,14,15,10,10,12,10,14,6,20,20,10,10,15,9,13,12,8,13,8,6,7,11,10,10,5,12,6,4,15,19,9,15,16,8,14,19,12,13,5,14,2,3,3,2,3,9,17,14,11,7,11,7,7,13,13,4,4,,9,6,16,5,9,15,19,19,15,15,12,19,2,9,2,16,14,13,14,17,10,28,11,13,14,15,18,19,19,14,6,6,13,13,20,14,15,11,14,17,10,12,18,10,14,14,5,17,14,12,12,8,15,10,12,13,11,3,22,9,13,10,12,17,12,14,17,4,26,7,15,11,18,16,22,28,,6,4,13,11,17,7,9,8,10,21,20,13,10,9,13,24,11,16,15,8,17,18,16,,8,6,4,7,8,16,14,9,13,18,16,11,32,18,11,12,17,19,29,8,9,5,20,17,10,4,21,13,33,23,6,3,18,11,15,14,11,5,9,10,5,7,10,7,5,6,13,15
20230729,1,O3,59,31,60,41,56,33,36,24,46,41,19,49,,,52,,41,42,47,,44,,,35,,35,51,,104,94,98,102,92,102,112,,47,32,,23,27,43,36,13,,18,,56,62,61,82,84,84,92,,98,53,,60,74,45,18,3,24,2,,66,46,,54,27,34,31,75,72,,77,82,72,81,60,,30,86,86,47,84,12,,60,74,,,73,46,50,67,11,4,13,,3,23,24,20,23,,27,48,34,24,28,31,31,22,22,16,,45,50,48,51,51,54,78,47,46,51,79,56,74,62,63,68,64,64,63,64,68,65,16,20,18,21,18,,22,16,18,19,11,16,19,16,17,18,18,18,16,18,,19,21,20,21,20,19,18,16,19,14,19,24,,,,17,15,,23,20,22,,,,6,,22,20,13,22,16,12,17,18,11,,,,17,13,,11,6,11,19,16,,15,18,14,20,17,21,24,27,,32,,26,22,,11,16,,19,16,19,,16,22,13,13,22,23,27,,,29,28,31,41,48,45,36,,19,,,24,,21,17,,45,41,41,,15,16,,18,10,16,27,27,35,50,50,18,21,27,27,22,22,24,19,19,24,,,57,57,55,49,,44,,31,34,38,,37,37,18,,41,13,11,18,,9,16,15,6,21,,,25,27,18,29,29,30,52,54,54,59,54,42,54,48,57,35,25,33,30,26,26,32,,19,40,32,40,10,12,22,19,32,25,12,37,,50,,30,27,52,41,56,38,47,62,88,98,76,95,57,76,,87,70,57,77,108,98,84,70,44,46,38,50,,49,18,30,80,83,76,73,67,67,55,75,,,85,74,88,102,99,105,98,87,16,26,21,34,9,9,4,30,6,29,38,22,,51,43,51,51,86,,11,5,6,37,1,36,23,,,5,12,4,25,11,,39,44,38,27,,,62,82,23,30,26,21,23,29,32,37,10,,47,,46,49,45,50,80,54,69,70,90,72,48,52,36,47,44,59,50,45,,34,,42,45,,62,,78,77,,,,,68,,,,81,62,82,86,85,82,71,,74,20,56,22,20,4,39,14,30,35,39,87,13,4,20,88,,101,57,63,26,81,100,86,78,31,,31,26,32,66,53,52,59,40,41,50,52,39,51,43,64,62,70,,,15,,29,22,21,16,51,,47,38,,,10,13,16,14,,26,6,21,,15,30,27,23,23,20,34,29,26,21,,,,18,,,10,,16,24,28,22,22,27,,26,33,25,,24,,,44,,25,18,22,101,119,121,148,112,,48,56,50,41,22,54,45,33,21,12,6,9,18,80,83,76,6,9,7,46,,40,46,42,,34,45,,72,59,44,44,35,,9,21,,,,15,,40,,52,66,67,63,118,119,,113,116,,48,51,,48,,119,110,121,,119,114,106,90,112,,34,30,37,23,33,35,64,17,27,29,20,25,5,29,11,6,29,30,8,33,53,45,31,38,60,57,47,58,54,58,62,75,68,,79,69,68,65,57,57,73,60,66,64,61,24,22,25,,18,16,19,,27,32,33,32,30,,30,28,57,,86,,91,89,96,91,53,49,59,,,,40,,40,,84,,90,,46,52,45,43,69,,71,,32,51,32,58,71,67,,36,32,50,42,49,52,,72,,,59,24,29,,62,35,29,23,50,35,84,78,,42,31,24,39,35,45,53,37,34,51,54,55,20,29,33,25,21,,40,45,30,43,3,22,28,37,,,,,73,52,,31,33,26,42,41,32,33,24,34,23,8,17,39,32,,65,63,,72,57,66,,65,52,,68,51,51,52,63,60,59,64,58,39,64,66,57,,110,116,106,88,72,75,81,124,128,,81,110,88,93,107,,,8,,,,,30,,,,,,,,,,,,,,,,30,,,,,,,,,,,,,,,,,,,,,,,,,,,,,,,,,,,,,,34,44,39,45,47,41,39,43,40,,,,78,76,74,75,,59,46,68,79,73,21,119,,110,109,84,,,78,62,,40,35,26,,53,,112,112,,,80,61,,,87,107,68,,,82,80,116,118,130,134,134,36,27,47,39,38,34,24,28,27,17,15,19,6,85,87,90,76,,34,37,59,,25,23,16,11,78,69,74,81,4,6,4,49,,,58,45,57,43,10,75,63,72,,30,32,21,59,60,72,57,99,,,47,75,75,93,61,61,,58,14,10,,13,16,11,,16,12,15,12,4,23,28,,22,21,23,24,30,22,24,26,,26,43,36,25,10,16,,24,,25,,,,28,27,25,24,27,27,,21,,20,16,33,64,61,,63,,16,21,18,,,31,23,35,,17,10,16,,,53,23,32,33,34,35,23,37,28,33,27,28,27,29,29,,31,37,37,,36,,28,28,27,30,29,24,28,20,6,,20,31,36,52,46,44,44,47,28,33,31,,42,42,48,,44,46,42,42,,41,40,52,,51,40,45,38,41,,52,60,47,54,26,19,19,,45,43,44,13,16,,9,11,57,26,18,21,70,68,63,66,29,32,,81,82,75,,44,44,,13,17,46,46,,46,49,38,26,18,53,52,53,72,45,58,26,67,67,63,66,75,84,84,84,80,8,7,14,29,6,19,41,,17,31,42,34,41,39,30,59,78,73,68,78,,6,7,6,3,29,15,65,54,81,67,48,50,67,115,105,102,54,54,53,37,44,48,54,5,20,26,,55,55,66,44,27,,23,44,40,44,37,62,65,61,61,54,23,28,59,5,38,,,,32,36,,33,5,3,4,4,3,,16,31,40,,,,,64,80,83,72,82,27,,20,,18,24,18,35,20,27,18,13,33,18,60,,,,,6,18,63,66,24,11,25,,48,39,34,72,77,72,64,70,8,9,12,20,13,8,,22,22,31,29,19,2,44,68,5,,28,12,,72,41,,62,56,54,,40,,66,,31,24,24,15,7,8,21,84,102,84,46,17,28,36,,89,93,,38,58,100,,139,136,64,55,106,67,,67,73,61,65,,,68,54,7,,64,99,82,54,65,126,69,,76,,,68,67,92,84,103,103,78,66,69,,88,106,108,108,110,76,120,122,,,,100,94,,32,,107,73,83,82,23,49,111,45,46,43,44,96,125,,22,70,9,14,26,22,19,,26,,22,36,45,19,24,10,98,73,18,15,5,37,17,32,,,47,53,21,50,,62,87,79,25,,28,11,,,11,14,16,25,16,20,18,22,24,14,81,25,43,34,49,,49,44,,46,44,43,46,97,95,76,29,32,74,27,37,62,38,44,4,30,88,18,55,16,16,46,24,39,43,32,42,62,,61,48,18,57,66,57,64,74,64,58,44,44,1,35,39,6,70,94,104,26,23,27,42,63,13,11,,,98,27,78,26,28,83,68,2,33,100,52,24,16,66,41,39,35,26,,57,90,80,94,78,56,102,17,21,18,20,20,16,24,18,20,38,19,47,117,44,108,11,18,22,20,20,25,13,22,58,56,70,47,45,60,70,88,67,88,100,60,42,95,9,3,50,86,49,47,36,30,,42,24,16,22,16,31,22,22,84,85,52,55,39,88,91,30,18,40,32,13,30,31,28,8,45,40,24,51,19,11,30,,34,33,42,24,12,20,25,25,17,,26,48,38,24,24,51,38,,40,2,69,58,31,63,76,61,51,19,60,103,37,19,26,15,28,29,27,30,16,24,93,32,29,46,21,23,23,20,22,7,20,20,19,20,19,25,16,24,89,91,89,80,83,70,54,104,51,34,74,110,29,69,37,97,46,73,56,98,43,54,55,64,37,34,22,22,25,27,23,22,17,52,51,49,43,44,86,44,32,31,68,6,32,8,11,43,61,35,80,22,48,50,38,19,23,24,11,11,28,28,22,26,27,55,,36,13,15,15,70,50,72,74,70,60,59,54,62,61,17,26,55,51,47,51,21,66,50,28,24,41,38,,26,24,51,84,63,20,30,38,50,29,24,18,49,18,47,5,32,82,106,116,132,32,103,84,92,29,32,29,17,70,77,118,86,54,54,53,9,16,77,51,59,53,29,82,53,44,46,69,46,16,38,19,50,45,77,67,50,132,90,111,97,16,21,74,110,66,114,23,64,116,53,80,86,2,67,37,,20,20,94,92,31,53,34,24,25,,15,26,19,68,68,74,72,41,18,41,16,12,7,,68,50,22,120,72,41,52,72,21,32,44,48,42,66,8,16,6,75,22,32,52,45,15,38,26,47,31,21,27,83,83,32,60,73,44,55,51,31,48,14,52,55,25,20,23,17,29,80
20230729,1,O3_24h,116,82,125,122,119,124,91,125,116,86,114,96,,,194,,172,187,174,,202,,89,186,,144,242,,154,156,150,158,149,165,162,,179,188,,190,188,97,65,81,,91,,139,150,145,137,139,127,139,,156,141,,134,138,147,120,126,136,125,107,155,146,,153,197,177,170,158,152,,162,163,165,170,120,,114,126,132,125,132,119,,148,156,,,180,163,135,154,89,92,81,,96,73,86,82,83,,93,79,66,62,65,104,78,76,67,73,37,97,101,101,105,107,93,106,97,97,102,120,82,103,99,95,101,91,98,99,103,96,97,33,34,33,39,32,,38,38,34,32,49,53,60,45,51,51,51,47,58,28,,32,33,33,33,32,26,36,36,38,32,39,50,,,,58,62,,69,65,64,,,,48,,30,35,23,32,31,27,28,34,33,,,,41,45,,47,49,61,49,47,,45,36,32,38,34,37,38,40,,43,,58,58,,25,27,,33,34,49,,30,36,26,30,34,28,35,,,36,30,33,45,48,50,37,,25,,,41,,40,33,,45,45,42,32,34,32,,69,72,52,58,55,51,54,55,58,54,64,65,62,64,59,61,60,65,,,63,64,62,59,,44,,63,71,67,,68,63,57,,64,113,128,112,,108,134,125,138,28,,,42,52,32,52,50,48,128,127,145,129,121,117,125,106,134,101,133,116,120,106,127,116,,106,158,88,115,88,108,96,109,93,103,126,103,18,144,,122,134,154,105,125,109,120,111,114,121,131,115,100,109,,146,140,95,121,168,166,164,167,109,102,91,124,,111,111,104,158,166,148,161,154,142,127,153,,,129,128,152,102,99,105,103,126,93,94,101,102,183,163,178,157,141,186,190,171,,96,95,102,95,86,,82,61,72,41,37,60,59,,,67,47,56,87,40,,146,120,143,120,,,142,135,72,92,76,87,96,87,92,89,85,,78,64,74,73,81,82,134,131,130,141,120,131,86,86,85,80,70,88,84,82,,84,,83,74,,155,,165,164,,,,,150,,,,170,175,101,107,113,100,95,,113,119,129,124,127,128,98,93,91,95,99,137,78,118,95,158,,157,157,156,153,158,176,171,167,166,,65,64,68,71,56,54,59,58,56,68,77,87,100,90,75,77,81,,,81,,52,60,58,49,144,,137,112,,,130,140,134,118,,82,77,102,,77,67,75,60,65,37,52,46,49,36,,,,68,,,75,,81,91,88,100,37,46,48,43,55,46,,89,,,80,,101,69,92,143,159,146,152,157,,110,93,96,94,105,101,138,117,109,116,59,59,59,196,198,174,63,59,58,127,,100,101,95,,83,102,,72,60,66,94,87,,95,80,,,62,90,,144,,164,157,154,154,137,145,,142,142,,142,130,,123,,170,156,172,,163,163,139,139,145,,95,84,89,87,80,86,120,117,118,106,114,106,105,80,71,70,73,72,70,80,72,82,84,88,114,116,110,117,115,110,109,108,108,,106,98,90,89,91,94,125,101,132,115,123,49,51,56,,41,40,44,,48,79,76,80,66,,77,73,76,,112,,118,113,127,122,131,140,148,,,,100,,102,,122,,117,,101,101,103,113,112,,114,,111,111,117,82,108,100,,136,122,124,121,124,125,,108,,,114,82,79,76,77,86,88,89,96,155,97,142,215,108,100,107,106,106,103,71,76,94,91,120,102,99,95,88,96,100,,92,94,106,124,58,70,71,61,,,,,110,113,,114,81,86,87,87,104,84,73,78,78,75,80,79,78,,84,80,,100,94,86,,108,108,,100,67,83,88,88,88,114,92,96,85,228,99,100,,149,149,147,163,176,139,148,125,131,,135,123,118,119,125,,,95,,,,,47,,,,,,,,,,,,,,,,46,,,,,,,,,,,,,,,,,,,,,,,,,,,,,,,,,,,,,,90,101,99,101,104,93,91,91,92,,,,132,134,122,121,,127,133,151,133,138,142,152,,156,151,122,,,119,116,,126,121,127,,127,,170,173,,,121,108,,,151,154,155,,,116,124,138,145,172,170,165,119,110,121,150,174,94,84,96,86,89,92,89,86,135,134,135,128,,101,101,112,,40,36,37,42,129,112,136,112,62,65,65,90,,,94,92,95,96,91,89,90,87,103,89,102,105,63,108,108,110,145,,,115,100,105,126,110,101,,89,56,59,,62,59,68,,72,73,83,79,59,61,67,,54,58,60,48,64,51,76,82,,70,46,40,47,40,56,,91,,91,,,,60,61,64,58,76,80,,64,,38,46,56,66,69,50,66,,44,47,43,,,52,52,55,,48,47,41,,,61,47,35,38,38,35,68,68,78,70,74,52,58,63,58,,60,63,68,34,64,,50,53,64,64,66,64,61,64,47,,71,62,67,63,61,46,47,51,53,64,58,,130,133,141,,111,121,115,115,,120,119,102,,103,102,106,99,101,,105,109,108,107,83,76,78,,100,99,96,72,74,,92,74,76,96,110,114,111,107,109,104,88,85,,114,112,111,,98,98,,85,79,101,103,,91,97,90,98,91,103,103,98,109,107,101,93,91,93,87,90,94,103,100,102,101,90,102,99,100,96,107,89,104,94,88,82,82,87,83,82,104,90,85,83,96,22,81,82,99,95,115,94,116,164,137,139,148,155,127,184,161,150,111,128,131,123,133,102,116,87,84,97,,142,143,160,89,82,,90,82,81,78,103,72,76,74,78,132,135,141,136,15,144,,,,101,101,,97,70,68,73,71,72,,117,108,103,,,,,71,95,93,91,102,83,,100,,84,74,95,100,85,104,80,79,81,73,83,,,,,74,84,78,79,93,91,70,,91,70,75,85,90,101,98,99,56,58,42,42,89,86,,74,78,78,80,40,46,72,84,48,,82,71,,79,93,,100,96,107,,105,,106,,54,54,76,81,85,83,136,124,130,130,80,73,69,80,,166,170,,120,130,150,,149,151,104,108,150,150,,89,88,151,146,,,152,160,142,,152,151,124,124,101,145,147,,142,,,142,120,125,116,132,127,179,163,125,,112,114,113,160,153,160,153,152,113,,,121,111,,114,,108,128,136,97,99,60,132,127,176,200,199,160,155,,126,116,54,56,36,39,38,,96,,63,111,141,93,76,71,147,128,74,76,88,99,36,72,,,149,53,24,203,,183,164,185,88,,60,41,,,46,44,40,37,59,68,42,43,48,38,115,55,62,49,140,,176,110,,103,96,78,82,150,146,113,99,72,114,71,60,67,169,125,152,48,118,76,110,78,84,146,46,88,94,88,83,102,,141,92,51,109,114,136,101,109,108,153,108,141,92,63,112,49,83,130,150,83,75,64,68,78,77,74,,,188,66,164,79,54,100,108,50,97,153,108,55,50,130,60,108,55,71,,115,193,167,187,180,120,144,30,46,33,46,38,36,44,33,39,88,147,157,178,153,125,59,68,32,31,42,40,52,51,115,108,108,126,147,152,145,116,112,120,173,149,102,111,63,104,92,127,68,144,176,162,,199,51,75,60,55,81,64,66,123,125,103,106,93,123,120,99,100,95,74,84,61,93,78,54,71,81,79,81,103,110,128,,157,74,142,52,91,64,97,48,60,,56,138,138,79,81,87,80,,71,144,107,104,87,102,123,172,108,103,142,131,113,35,39,30,29,31,64,68,69,62,126,110,162,152,53,48,48,33,43,51,26,38,46,34,36,48,45,41,120,113,115,109,99,131,54,170,66,100,117,198,142,133,93,180,133,158,102,163,124,130,145,148,165,162,65,53,53,62,87,85,40,129,122,139,127,119,117,101,102,87,127,92,72,38,62,103,128,124,152,76,112,131,144,123,55,96,82,72,96,93,98,50,49,133,38,106,143,141,110,146,130,119,127,87,83,65,57,62,72,50,95,138,135,117,152,72,80,86,84,85,69,70,,41,89,110,114,118,122,74,83,83,31,35,30,50,38,47,155,163,142,140,172,148,158,167,156,170,164,190,177,168,162,134,153,150,136,159,160,162,186,170,166,118,120,101,111,104,130,103,110,105,72,99,43,93,81,91,99,89,132,116,115,109,90,88,121,164,126,153,74,90,177,152,132,127,95,157,160,,48,59,120,116,84,74,111,46,41,126,125,86,91,136,133,96,103,101,92,104,28,27,57,,102,92,51,159,112,137,126,116,68,101,135,120,129,158,45,78,108,155,94,64,120,65,192,186,79,112,93,99,157,164,107,66,132,119,80,113,76,35,109,67,97,106,94,102,54,65,63,160
20230729,1,O3_8h,59,31,60,41,56,33,36,24,46,41,19,49,,,52,,41,42,47,,44,,,35,,35,51,,104,94,98,102,92,102,112,,47,32,,23,27,43,36,13,,18,,56,62,61,82,84,84,92,,98,53,,60,74,45,18,3,24,2,,66,46,,54,27,34,31,75,72,,77,82,72,81,60,,30,86,86,47,84,12,,60,74,,,73,46,50,67,11,4,13,,3,23,24,20,23,,27,48,34,24,28,31,31,22,22,16,,45,50,48,51,51,54,78,47,46,51,79,56,74,62,63,68,64,64,63,64,68,65,16,20,18,21,18,,22,16,18,19,11,16,19,16,17,18,18,18,16,18,,19,21,20,21,20,19,18,16,19,14,19,24,,,,17,15,,23,20,22,,,,6,,22,20,13,22,16,12,17,18,11,,,,17,13,,11,6,11,19,16,,15,18,14,20,17,21,24,27,,32,,26,22,,11,16,,19,16,19,,16,22,13,13,22,23,27,,,29,28,31,41,48,45,36,,19,,,24,,21,17,,45,41,41,,15,16,,18,10,16,27,27,35,50,50,18,21,27,27,22,22,24,19,19,24,,,57,57,55,49,,44,,31,34,38,,37,37,18,,41,13,11,18,,9,16,15,6,21,,,25,27,18,29,29,30,52,54,54,59,54,42,54,48,57,35,25,33,30,26,26,32,,19,40,32,40,10,12,22,19,32,25,12,37,,50,,30,27,52,41,56,38,47,62,88,98,76,95,57,76,,87,70,57,77,108,98,84,70,44,46,38,50,,49,18,30,80,83,76,73,67,67,55,75,,,85,74,88,102,99,105,98,87,16,26,21,34,9,9,4,30,6,29,38,22,,51,43,51,51,86,,11,5,6,37,1,36,23,,,5,12,4,25,11,,39,44,38,27,,,62,82,23,30,26,21,23,29,32,37,10,,47,,46,49,45,50,80,54,69,70,90,72,48,52,36,47,44,59,50,45,,34,,42,45,,62,,78,77,,,,,68,,,,81,62,82,86,85,82,71,,74,20,56,22,20,4,39,14,30,35,39,87,13,4,20,88,,101,57,63,26,81,100,86,78,31,,31,26,32,66,53,52,59,40,41,50,52,39,51,43,64,62,70,,,15,,29,22,21,16,51,,47,38,,,10,13,16,14,,26,6,21,,15,30,27,23,23,20,34,29,26,21,,,,18,,,10,,16,24,28,22,22,27,,26,33,25,,24,,,44,,25,18,22,101,119,121,148,112,,48,56,50,41,22,54,45,33,21,12,6,9,18,80,83,76,6,9,7,46,,40,46,42,,34,45,,72,59,44,44,35,,9,21,,,,15,,40,,52,66,67,63,118,119,,113,116,,48,51,,48,,119,110,121,,119,114,106,90,112,,34,30,37,23,33,35,64,17,27,29,20,25,5,29,11,6,29,30,8,33,53,45,31,38,60,57,47,58,54,58,62,75,68,,79,69,68,65,57,57,73,60,66,64,61,24,22,25,,18,16,19,,27,32,33,32,30,,30,28,57,,86,,91,89,96,91,53,49,59,,,,40,,40,,84,,90,,46,52,45,43,69,,71,,32,51,32,58,71,67,,36,32,50,42,49,52,,72,,,59,24,29,,62,35,29,23,50,35,84,78,,42,31,24,39,35,45,53,37,34,51,54,55,20,29,33,25,21,,40,45,30,43,3,22,28,37,,,,,73,52,,31,33,26,42,41,32,33,24,34,23,8,17,39,32,,65,63,,72,57,66,,65,52,,68,51,51,52,63,60,59,64,58,39,64,66,57,,110,116,106,88,72,75,81,124,128,,81,110,88,93,107,,,8,,,,,30,,,,,,,,,,,,,,,,30,,,,,,,,,,,,,,,,,,,,,,,,,,,,,,,,,,,,,,34,44,39,45,47,41,39,43,40,,,,78,76,74,75,,59,46,68,79,73,21,119,,110,109,84,,,78,62,,40,35,26,,53,,112,112,,,80,61,,,87,107,68,,,82,80,116,118,130,134,134,36,27,47,39,38,34,24,28,27,17,15,19,6,85,87,90,76,,34,37,59,,25,23,16,11,78,69,74,81,4,6,4,49,,,58,45,57,43,10,75,63,72,,30,32,21,59,60,72,57,99,,,47,75,75,93,61,61,,58,14,10,,13,16,11,,16,12,15,12,4,23,28,,22,21,23,24,30,22,24,26,,26,43,36,25,10,16,,24,,25,,,,28,27,25,24,27,27,,21,,20,16,33,64,61,,63,,16,21,18,,,31,23,35,,17,10,16,,,53,23,32,33,34,35,23,37,28,33,27,28,27,29,29,,31,37,37,,36,,28,28,27,30,29,24,28,20,6,,20,31,36,52,46,44,44,47,28,33,31,,42,42,48,,44,46,42,42,,41,40,52,,51,40,45,38,41,,52,60,47,54,26,19,19,,45,43,44,13,16,,9,11,57,26,18,21,70,68,63,66,29,32,,81,82,75,,44,44,,13,17,46,46,,46,49,38,26,18,53,52,53,72,45,58,26,67,67,63,66,75,84,84,84,80,8,7,14,29,6,19,41,,17,31,42,34,41,39,30,59,78,73,68,78,,6,7,6,3,29,15,65,54,81,67,48,50,67,115,105,102,54,54,53,37,44,48,54,5,20,26,,55,55,66,44,27,,23,44,40,44,37,62,65,61,61,54,23,28,59,5,38,,,,32,36,,33,5,3,4,4,3,,16,31,40,,,,,64,80,83,72,82,27,,20,,18,24,18,35,20,27,18,13,33,18,60,,,,,6,18,63,66,24,11,25,,48,39,34,72,77,72,64,70,8,9,12,20,13,8,,22,22,31,29,19,2,44,68,5,,28,12,,72,41,,62,56,54,,40,,66,,31,24,24,15,7,8,21,84,102,84,46,17,28,36,,89,93,,38,58,100,,139,136,64,55,106,67,,67,73,61,65,,,68,54,7,,64,99,82,54,65,126,69,,76,,,68,67,92,84,103,103,78,66,69,,88,106,108,108,110,76,120,122,,,,100,94,,32,,107,73,83,82,23,49,111,45,46,43,44,96,125,,22,70,9,14,26,22,19,,26,,22,36,45,19,24,10,98,73,18,15,5,37,17,32,,,47,53,21,50,,62,87,79,25,,28,11,,,11,14,16,25,16,20,18,22,24,14,81,25,43,34,49,,49,44,,46,44,43,46,97,95,76,29,32,74,27,37,62,38,44,4,30,88,18,55,16,16,46,24,39,43,32,42,62,,61,48,18,57,66,57,64,74,64,58,44,44,1,35,39,6,70,94,104,26,23,27,42,63,13,11,,,98,27,78,26,28,83,68,2,33,100,52,24,16,66,41,39,35,26,,57,90,80,94,78,56,102,17,21,18,20,20,16,24,18,20,38,19,47,117,44,108,11,18,22,20,20,25,13,22,58,56,70,47,45,60,70,88,67,88,100,60,42,95,9,3,50,86,49,47,36,30,,42,24,16,22,16,31,22,22,84,85,52,55,39,88,91,30,18,40,32,13,30,31,28,8,45,40,24,51,19,11,30,,34,33,42,24,12,20,25,25,17,,26,48,38,24,24,51,38,,40,2,69,58,31,63,76,61,51,19,60,103,37,19,26,15,28,29,27,30,16,24,93,32,29,46,21,23,23,20,22,7,20,20,19,20,19,25,16,24,89,91,89,80,83,70,54,104,51,34,74,110,29,69,37,97,46,73,56,98,43,54,55,64,37,34,22,22,25,27,23,22,17,52,51,49,43,44,86,44,32,31,68,6,32,8,11,43,61,35,80,22,48,50,38,19,23,24,11,11,28,28,22,26,27,55,,36,13,15,15,70,50,72,74,70,60,59,54,62,61,17,26,55,51,47,51,21,66,50,28,24,41,38,,26,24,51,84,63,20,30,38,50,29,24,18,49,18,47,5,32,82,106,116,132,32,103,84,92,29,32,29,17,70,77,118,86,54,54,53,9,16,77,51,59,53,29,82,53,44,46,69,46,16,38,19,50,45,77,67,50,132,90,111,97,16,21,74,110,66,114,23,64,116,53,80,86,2,67,37,,20,20,94,92,31,53,34,24,25,,15,26,19,68,68,74,72,41,18,41,16,12,7,,68,50,22,120,72,41,52,72,21,32,44,48,42,66,8,16,6,75,22,32,52,45,15,38,26,47,31,21,27,83,83,32,60,73,44,55,51,31,48,14,52,55,25,20,23,17,29,80
20230729,1,O3_8h_24h,59,31,60,41,56,33,36,24,46,41,19,49,,,52,,41,42,47,,44,,96,35,,35,51,,104,94,98,102,92,102,112,,47,32,,23,27,43,36,13,,18,,56,62,61,82,84,84,92,,98,53,,60,74,45,18,3,24,2,,66,46,,54,27,34,31,75,72,,77,82,72,81,60,,30,86,86,47,84,12,,60,74,,,73,46,50,67,11,4,13,,3,23,24,20,23,,27,48,34,24,28,31,31,22,22,16,36,45,50,48,51,51,54,78,47,46,51,79,56,74,62,63,68,64,64,63,64,68,65,16,20,18,21,18,,22,16,18,19,11,16,19,16,17,18,18,18,16,18,,19,21,20,21,20,19,18,16,19,14,19,24,,,,17,15,,23,20,22,,,,6,,22,20,13,22,16,12,17,18,11,,,,17,13,,11,6,11,19,16,,15,18,14,20,17,21,24,27,,32,,26,22,,11,16,,19,16,19,,16,22,13,13,22,23,27,,,29,28,31,41,48,45,36,,19,,,24,,21,17,,45,41,41,,15,16,,18,10,16,27,27,35,50,50,18,21,27,27,22,22,24,19,19,24,,,57,57,55,49,,44,,31,34,38,,37,37,18,,41,13,11,18,,9,16,15,6,21,,,25,27,18,29,29,30,52,54,54,59,54,42,54,48,57,35,25,33,30,26,26,32,,19,40,32,40,10,12,22,19,32,25,12,37,21,50,,30,27,52,41,56,38,47,62,88,98,76,95,57,76,,87,70,57,77,108,98,84,70,44,46,38,50,,49,18,30,80,83,76,73,67,67,55,75,,,85,74,88,102,99,105,98,87,16,26,21,34,9,9,4,30,6,29,38,22,,51,43,51,51,86,,11,5,6,37,1,36,23,,,5,12,4,25,11,,39,44,38,27,,,62,82,23,30,26,21,23,29,32,37,10,,47,65,46,49,45,50,80,54,69,70,90,72,48,52,36,47,44,59,50,45,,34,,42,45,,62,,78,77,,,,,68,,,,81,62,82,86,85,82,71,,74,20,56,22,20,4,39,14,30,35,39,87,13,4,20,88,,101,57,63,26,81,100,86,78,31,,31,26,32,66,53,52,59,40,41,50,52,39,51,43,64,62,70,,,15,,29,22,21,16,51,,47,38,,,10,13,16,14,,26,6,21,,15,30,27,23,23,20,34,29,26,21,,,,18,,,10,,16,24,28,22,22,27,,26,33,25,,24,,,44,,25,18,22,101,119,121,148,112,,48,56,50,41,22,54,45,33,21,12,6,9,18,80,83,76,6,9,7,46,,40,46,42,,34,45,,72,59,44,44,35,,9,21,,,62,15,,40,,52,66,67,63,118,119,,113,116,,48,51,,48,,119,110,121,,119,114,106,90,112,,34,30,37,23,33,35,64,17,27,29,20,25,5,29,11,6,29,30,8,33,53,45,31,38,60,57,47,58,54,58,62,75,68,,79,69,68,65,57,57,73,60,66,64,61,24,22,25,,18,16,19,,27,32,33,32,30,,30,28,57,,86,,91,89,96,91,53,49,59,,,,40,,40,,84,,90,,46,52,45,43,69,,71,,32,51,32,58,71,67,,36,32,50,42,49,52,,72,,,59,24,29,,62,35,29,23,50,35,84,78,,42,31,24,39,35,45,53,37,34,51,54,55,20,29,33,25,21,,40,45,30,43,3,22,28,37,,,,,73,52,,31,33,26,42,41,32,33,24,34,23,8,17,39,32,,65,63,,72,57,66,,65,52,,68,51,51,52,63,60,59,64,58,39,64,66,57,,110,116,106,88,72,75,81,124,128,,81,110,88,93,107,,,8,,,,,30,,,,,,,,,,,,,,,,30,,,,,,,,,,,,,,,,,,,,,,,,,,,,,,,,,,,,,,34,44,39,45,47,41,39,43,40,,,,78,76,74,75,,59,46,68,79,73,21,119,,110,109,84,,,78,62,,40,35,26,,53,,112,112,,,80,61,,,87,107,68,,,82,80,116,118,130,134,134,36,27,47,39,38,34,24,28,27,17,15,19,6,85,87,90,76,,34,37,59,,25,23,16,11,78,69,74,81,4,6,4,49,,,58,45,57,43,10,75,63,72,,30,32,21,59,60,72,57,99,,,47,75,75,93,61,61,,58,14,10,,13,16,11,,16,12,15,12,4,23,28,,22,21,23,24,30,22,24,26,,26,43,36,25,10,16,,24,,25,,,,28,27,25,24,27,27,,21,,20,16,33,64,61,48,63,,16,21,18,,,31,23,35,,17,10,16,,,53,23,32,33,34,35,23,37,28,33,27,28,27,29,29,,31,37,37,27,36,,28,28,27,30,29,24,28,20,6,,20,31,36,52,46,44,44,47,28,33,31,,42,42,48,,44,46,42,42,,41,40,52,,51,40,45,38,41,,52,60,47,54,26,19,19,,45,43,44,13,16,,9,11,57,26,18,21,70,68,63,66,29,32,,81,82,75,,44,44,,13,17,46,46,,46,49,38,26,18,53,52,53,72,45,58,26,67,67,63,66,75,84,84,84,80,8,7,14,29,6,19,41,,17,31,42,34,41,39,30,59,78,73,68,78,21,6,7,6,3,29,15,65,54,81,67,48,50,67,115,105,102,54,54,53,37,44,48,54,5,20,26,,55,55,66,44,27,,23,44,40,44,37,62,65,61,61,54,23,28,59,5,38,,,,32,36,,33,5,3,4,4,3,,16,31,40,,,,,64,80,83,72,82,27,,20,,18,24,18,35,20,27,18,13,33,18,60,,,,,6,18,63,66,24,11,25,,48,39,34,72,77,72,64,70,8,9,12,20,13,8,,22,22,31,29,19,2,44,68,5,,28,12,,72,41,,62,56,54,,40,,66,,31,24,24,15,7,8,21,84,102,84,46,17,28,36,,89,93,,38,58,100,,139,136,64,55,106,67,,67,73,61,65,,,68,54,7,,64,99,82,54,65,126,69,,76,,,68,67,92,84,103,103,78,66,69,,88,106,108,108,110,76,120,122,114,,,100,94,,32,,107,73,83,82,23,49,111,45,46,43,44,96,125,,22,70,9,14,26,22,19,,26,,22,36,45,19,24,10,98,73,18,15,5,37,17,32,,,47,53,21,50,,62,87,79,25,,28,11,,,11,14,16,25,16,20,18,22,24,14,81,25,43,34,49,,49,44,,46,44,43,46,97,95,76,29,32,74,27,37,62,38,44,4,30,88,18,55,16,16,46,24,39,43,32,42,62,,61,48,18,57,66,57,64,74,64,58,44,44,1,35,39,6,70,94,104,26,23,27,42,63,13,11,,,98,27,78,26,28,83,68,2,33,100,52,24,16,66,41,39,35,26,,57,90,80,94,78,56,102,17,21,18,20,20,16,24,18,20,38,19,47,117,44,108,11,18,22,20,20,25,13,22,58,56,70,47,45,60,70,88,67,88,100,60,42,95,9,3,50,86,49,47,36,30,,42,24,16,22,16,31,22,22,84,85,52,55,39,88,91,30,18,40,32,13,30,31,28,8,45,40,24,51,19,11,30,,34,33,42,24,12,20,25,25,17,,26,48,38,24,24,51,38,,40,2,69,58,31,63,76,61,51,19,60,103,37,19,26,15,28,29,27,30,16,24,93,32,29,46,21,23,23,20,22,7,20,20,19,20,19,25,16,24,89,91,89,80,83,70,54,104,51,34,74,110,29,69,37,97,46,73,56,98,43,54,55,64,37,34,22,22,25,27,23,22,17,52,51,49,43,44,86,44,32,31,68,6,32,8,11,43,61,35,80,22,48,50,38,19,23,24,11,11,28,28,22,26,27,55,41,36,13,15,15,70,50,72,74,70,60,59,54,62,61,17,26,55,51,47,51,21,66,50,28,24,41,38,,26,24,51,84,63,20,30,38,50,29,24,18,49,18,47,5,32,82,106,116,132,32,103,84,92,29,32,29,17,70,77,118,86,54,54,53,9,16,77,51,59,53,29,82,53,44,46,69,46,16,38,19,50,45,77,67,50,132,90,111,97,16,21,74,110,66,114,23,64,116,53,80,86,2,67,37,,20,20,94,92,31,53,34,24,25,,15,26,19,68,68,74,72,41,18,41,16,12,7,,68,50,22,120,72,41,52,72,21,32,44,48,42,66,8,16,6,75,22,32,52,45,15,38,26,47,31,21,27,83,83,32,60,73,44,55,51,31,48,14,52,55,25,20,23,17,29,80
20230729,1,CO,0.6,0.4,0.6,0.5,0.5,0.4,0.4,0.3,0.3,0.3,0.6,0.3,,,0.6,,0.5,0.5,0.6,,0.5,,,0.6,,0.4,0.7,,0.6,0.4,0.5,0.6,0.5,0.4,0.7,,0.2,0.4,,0.6,0.4,0.6,0.2,0.2,,0.2,,0.3,0.4,0.4,0.2,0.3,0.5,0.5,,0.3,0.2,,0.3,0.2,0.6,0.5,0.5,0.6,0.4,0.4,0.4,0.5,,0.5,0.2,0.1,,0.5,0.4,,0.7,0.3,0.4,0.4,0.6,,0.5,1,0.6,0.7,0.6,0.6,,0.5,0.7,,,0.5,0.5,0.5,0.3,0.3,0.6,0.5,,0.6,0.4,0.5,0.5,0.3,,0.2,0.4,0.1,0.3,0.5,0.4,,0.1,0.5,0.5,,0.5,0.4,0.4,0.3,0.4,0.3,0.6,0.4,0.4,0.4,0.6,0.6,0.5,0.7,0.5,0.4,0.6,0.5,0.5,0.4,0.4,0.5,0.4,0.3,0.4,0.6,0.4,,0.3,0.4,0.3,0.4,0.2,0.4,0.1,0.5,0.3,0.3,0.2,0.3,0.4,0.3,,0.4,0.4,0.4,0.4,0.4,0.5,0.3,0.3,0.3,0.3,0.3,0.2,,,,0.4,0.3,,0.3,0.2,0.3,,,,0.4,,0.7,0.6,,0.6,0.4,0.5,0.2,0.5,0.6,,,,0.4,0.5,,0.8,0.7,0.5,0.3,0.4,,0.5,0.6,0.4,0.6,0.7,0.3,0.3,0.3,,0.3,,0.5,0.4,,0.5,0.6,,0.4,0.5,0.4,,0.7,0.3,0.5,0.6,0.4,0.4,0.3,,,0.4,0.4,0.3,0.3,0.4,0.4,0.3,,0.4,,,0.4,,0.5,0.3,,0.4,0.4,0.3,0.2,0.4,0.3,,0.4,0.4,0.4,0.4,0.3,0.4,0.4,0.4,0.3,0.4,0.4,0.2,0.3,0.3,0.5,0.4,0.4,0.3,,,0.2,0.2,0.4,0.4,,0.2,,0.5,0.3,0.6,,0.5,0.5,0.8,,0.3,0.5,0.2,0.5,,0.5,0.6,0.5,0.6,0.3,,,0.2,0.4,0.4,0.1,0.4,0.3,0.4,0.4,0.4,0.3,0.4,0.4,0.4,0.3,0.5,0.6,0.5,0.4,0.5,0.5,0.5,0.6,,0.5,0.5,0.3,0.4,0.4,0.3,0.4,0.3,0.5,0.4,0.7,0.4,,0.7,,0.6,0.5,0.6,0.7,0.8,0.6,0.7,0.3,0.9,0.7,0.7,1,0.7,0.7,,0.6,0.7,0.9,0.6,0.6,0.6,0.4,0.5,0.5,0.7,0.4,0.6,,0.6,0.7,0.4,0.4,0.5,0.4,0.5,0.5,0.5,0.5,0.4,,,1.1,0.8,1,0.7,0.8,0.6,0.9,0.8,0.5,0.5,0.4,0.5,1.1,0.9,1.1,1,0.9,0.8,0.9,1,,0.4,0.5,0.4,0.4,0.2,,1,1.3,0.7,0.4,0.7,0.7,0.9,,,1.2,0.4,1.1,0.8,1,,0.7,0.6,0.6,0.7,,,0.6,0.8,0.8,0.6,0.1,0.7,0.3,0.7,0.5,0.4,0.4,,0.6,,0.5,0.3,0.5,0.5,0.2,0.3,0.3,0.2,0.1,0.3,0.7,0.7,0.6,0.6,0.7,0.8,0.6,0.4,,0.9,,0.7,0.6,,0.4,,0.5,0.5,,,,,0.6,,,,0.6,0.6,0.3,0.2,0.2,0.4,0.3,,0.3,,0.4,0.1,0.2,0.4,0.5,0.5,0.4,0.3,0.3,0.5,0.3,0.5,0.4,0.6,,0.7,0.8,0.5,0.8,0.6,0.6,0.4,0.5,0.9,,0.5,0.4,0.5,0.5,0.7,0.8,0.4,0.4,0.3,0.3,0.2,0.2,0.4,0.1,0.5,0.6,0.6,,,0.5,,,0.7,0.2,0.3,0.5,,0.3,0.6,,,0.2,0.3,0.3,0.1,,0.2,0.2,0.2,,0.3,0.3,0.3,0.3,0.2,0.5,0.1,0.1,0.3,,,,,0.6,,,0.5,,0.5,0.4,0.3,0.5,0.1,0.3,0.4,0.2,0.2,0.3,,,,,0.7,,0.6,0.4,0.6,0.6,0.5,0.6,0.7,0.6,,0.8,0.6,0.7,0.6,0.9,0.6,0.7,0.7,0.8,1.2,0.6,0.6,0.6,0.6,0.5,0.5,0.5,0.5,0.7,0.7,,0.5,0.4,0.4,,0.5,0.5,,0.7,0.9,0.8,0.7,0.8,,0.6,0.9,,,,0.2,,0.5,,0.6,0.6,0.5,0.5,0.7,0.8,,0.7,0.8,,1.2,1,,0.9,,1.2,1.2,1.1,,1.1,1.1,0.3,0.2,0.3,,0.4,0.6,0.6,0.7,0.8,0.3,0.5,0.6,0.5,0.3,0.5,0.3,0.8,0.2,1.2,3.1,0.6,0.6,0.4,0.3,0.5,0.4,0.7,0.5,0.5,0.7,0.5,0.6,0.7,0.7,0.5,0.2,0.3,,0.3,0.4,0.4,0.3,0.4,0.3,0.4,0.4,0.4,0.3,0.3,0.4,0.4,0.4,,0.6,0.5,0.4,,0.4,0.6,0.8,0.4,0.6,,0.8,0.6,0.7,,0.8,,0.6,0.5,0.5,0.4,0.5,0.2,0.1,,,,0.3,,0.5,,0.5,,0.6,,0.3,0.6,0.3,0.5,0.4,,0.5,,0.5,0.3,0.5,0.3,0.5,0.4,,0.8,0.7,0.5,0.4,0.4,0.5,,0.6,,,0.3,0.2,0.3,0.3,0.7,0.6,0.6,0.6,0.6,0.5,0.4,0.6,,0.4,0.7,0.9,0.7,0.9,0.6,0.4,0.3,0.5,0.5,0.5,0.5,0.8,0.6,0.6,0.6,0.6,,1.2,1.6,1.3,0.7,0.5,0.6,0.6,0.6,,,,,0.4,0.5,,0.6,0.3,0.3,0.2,0.3,0.2,0.2,0.6,0.7,0.5,0.4,0.5,0.8,0.6,,0.7,0.8,,0.8,0.4,0.8,,0.6,0.5,,0.6,0.2,0.6,0.5,0.4,0.5,0.4,0.4,0.5,0.8,0.9,1,0.6,,0.6,0.6,0.4,0.5,0.5,0.4,0.3,0.1,0.1,,0.3,0.3,0.2,0.2,0.2,,,0.6,,,,,0.3,,,,,,,,,,,,,,,,0.3,,,,,,,,,,,,,,,,,,,,,,,,,,,,,,,,,,,,,,0.3,0.4,0.5,0.5,0.4,0.4,0.4,0.4,0.4,,,,1.1,0.8,0.8,0.9,,1.1,0.6,0.5,0.5,0.6,0.5,0.8,,0.7,0.7,1.1,,,1.4,1.5,,0.7,0.6,0.5,,0.4,,0.7,0.4,,,0.5,0.5,,,0.5,0.4,0.6,,,0.4,0.3,0.2,0.3,0.5,0.4,0.5,0.7,0.6,0.6,0.5,0.5,0.3,0.2,0.3,0.4,0.7,1,0.7,0.8,0.8,0.9,0.8,0.8,,0.5,0.4,0.5,,0.3,0.1,0.7,0.5,0.3,0.2,,0.1,0.5,0.5,0.6,0.1,,,,0.4,0.2,0.4,0.1,0.6,,0.2,,0.9,1.1,0.7,0.4,0.5,0.4,0.4,0.4,,,0.8,0.5,0.3,0.3,0.4,0.4,,0.2,0.2,0.3,,0.3,0.2,0.3,,0.3,0.2,0.2,0.3,0.3,0.2,0.3,,0.1,0.1,0.3,0.5,0.2,0.4,0.4,0.5,,0.4,0.2,0.3,0.2,0.2,0.3,,0.5,,0.5,,,,0.1,0.2,0.2,0.4,0.6,0.5,,0.3,,0.2,0.2,0.3,0.6,0.9,,0.6,,0.9,0.5,0.7,,,0.5,0.5,0.5,,0.5,0.4,0.3,,,0.7,0.5,0.1,0.3,0.3,0.2,0.4,0.4,0.6,0.3,0.5,1.1,0.5,0.5,1,,0.2,0.3,0.3,,0.4,,1.1,0.6,1,0.9,0.7,0.6,0.6,0.7,0.6,,0.7,0.7,0.6,0.9,1.1,0.9,0.8,1,0.6,0.4,0.7,,0.8,0.3,0.3,,0.5,0.5,0.4,0.4,,0.4,0.2,0.4,,0.5,0.2,0.3,0.5,0.5,,0.3,0.3,0.2,0.3,0.8,0.4,0.4,,0.3,0.2,0.3,0.4,0.5,,0.8,0.5,0.6,0.8,0.4,0.3,0.6,0.5,0.5,0.5,0.5,0.5,,0.5,0.5,0.3,,0.5,0.5,,0.5,0.4,0.5,0.5,,0.5,0.5,0.6,0.7,0.7,0.3,0.9,1.2,0.6,2.3,0.6,0.3,0.3,0.4,0.4,0.1,0.4,0.5,0.5,0.6,0.7,0.8,0.5,0.5,0.4,0.4,0.5,0.7,,0.6,0.6,0.8,0.6,1.3,0.7,0.6,0.5,0.7,0.8,0.8,0.3,,0.6,0.5,0.9,0.7,1.1,0.6,0.5,0.5,0.4,0.6,0.7,0.7,0.8,0.7,0.5,0.4,0.5,0.8,0.6,0.8,0.8,0.6,0.6,0.5,0.9,0.7,,0.4,0.5,0.5,0.3,0.6,,0.4,0.5,0.3,0.2,0.2,0.4,0.4,0.4,0.5,0.6,0.6,0.7,0.7,0.3,0.6,,,,0.4,0.3,,0.4,0.2,0.3,0.3,0.3,0.4,,0.5,0.4,0.5,,,,,0.3,0.4,0.4,0.3,0.3,,,0.5,,0.3,0.3,0.9,0.7,0.8,1,0.3,0.6,1.5,0.5,0.5,,,,,0.4,0.2,0.3,0.4,0.3,0.4,0.6,,0.4,0.5,0.4,0.2,0.3,0.6,0.6,0.6,0.7,0.6,0.3,0.5,0.8,0.7,,0.5,0.5,0.4,0.7,0.5,0.4,0.6,0.5,0.8,,0.4,0.3,,0.3,0.5,,0.3,0.3,0.5,,0.6,,0.2,,0.5,0.4,0.4,0.6,0.5,0.5,0.7,0.8,0.7,0.8,0.3,0.4,0.5,0.3,,0.6,0.2,,0.5,0.4,0.4,,0.4,0.5,0.3,0.5,0.4,0.4,,0.3,0.3,0.1,,,,0.2,0.5,0.3,,0.4,0.5,0.6,0.4,0.5,0.5,0.5,,0.5,,,0.3,0.2,0.4,0.3,0.3,0.3,0.4,0.6,0.5,,0.3,0.4,0.3,0.3,0.3,0.3,0.3,0.3,,,,0.4,0.4,,0.4,,0.5,0.3,0.3,0.2,1.3,0.1,0.6,0.8,0.4,0.3,0.6,0.4,0.8,,0.6,0.7,0.4,0.5,0.3,0.3,0.4,,0.4,,0.1,0.3,0.7,0.4,0.9,0.8,2.9,0.3,0.2,0.5,0.6,0.4,0.4,0.3,,,0.4,0.4,0.4,0.4,,0.6,0.6,0.6,0.5,,0.3,0.3,,,0.4,0.5,0.2,0.3,0.3,0.2,0.8,0.5,0.2,0.5,0.5,0.6,0.6,0.6,1,,0.4,0.4,,0.5,0.6,0.3,0.3,0.3,0.5,1.1,,0.6,0.4,0.7,0.3,0.3,0.8,0.6,0.6,,0.7,0.3,0.3,0.5,0.2,0.5,0.8,,0.6,0.5,0.5,0.3,,0.3,0.1,0.7,0.4,0.5,0.4,0.5,0.4,0.5,,0.4,0.4,0.9,0.5,0.7,0.4,0.6,0.4,0.9,0.3,0.4,0.2,0.4,0.4,0.5,0.4,,,0.5,0.3,0.4,0.7,0.3,0.1,0.5,0.4,0.2,0.3,0.5,0.3,0.4,0.6,1,0.4,0.6,0.3,,1,0.6,0.4,0.5,0.5,0.3,0.3,0.3,0.5,0.4,0.4,0.6,0.4,0.5,0.5,0.5,0.3,0.7,0.6,0.5,0.7,0.4,0.5,0.3,0.4,0.4,0.5,0.2,0.3,0.4,0.5,0.7,0.6,0.7,0.3,,0.7,0.6,0.7,0.9,0.5,0.5,0.6,0.9,0.6,0.7,0.5,1,0.7,,0.2,0.2,,0.2,0.4,0.4,0.4,0.7,0.6,0.4,0.4,0.4,0.5,0.5,0.1,0.2,0.8,0.6,0.8,0.2,0.8,0.5,0.3,0.6,0.8,0.7,0.6,0.5,0.8,0.5,0.4,0.5,0.6,0.6,,0.8,0.4,0.5,0.3,0.4,0.2,0.1,0.2,0.1,,0.3,0.6,0.5,0.4,0.8,0.6,0.7,,0.3,0.3,0.5,0.5,0.5,0.5,0.6,0.9,0.5,0.5,0.6,0.6,0.7,0.5,0.3,0.5,0.7,0.4,0.6,0.5,0.9,0.3,0.9,0.3,0.5,0.7,0.5,0.6,0.2,0.5,0.4,0.7,0.5,0.3,0.6,0.4,0.3,0.5,0.4,0.1,0.2,0.3,0.2,0.5,0.2,0.5,0.4,0.6,0.6,0.6,0.6,0.5,0.5,0.7,0.4,0.7,0.7,0.5,0.4,0.4,0.2,0.3,0.4,1,1.1,0.1,0.3,0.2,0.3,0.5,0.5,0.6,0.4,0.4,0.6,0.2,0.1,0.3,0.3,0.4,0.3,0.7,0.4,0.6,0.4,0.8,0.7,0.5,0.5,0.5,0.5,0.8,0.5,0.5,0.2,0.4,0.4,0.7,0.4,0.4,0.6,0.4,0.1,0.1,0.4,0.2,,0.3,0.5,0.2,0.3,0.4,0.3,0.5,0.5,0.4,0.5,0.5,0.3,0.2,0.6,0.3,0.4,0.7,0.6,0.6,0.5,0.4,0.4,0.4,0.4,0.4,0.6,0.5,,0.4,0.5,0.3,0.3,0.4,0.7,0.6,0.6,0.7,0.4,0.5,0.5,0.4,0.4,0.4,0.5,0.5,0.5,0.9,0.7,0.5,0.7,0.8,0.5,0.4,0.3,0.9,0.5,0.6,0.2,0.6,0.2,0.3,0.3,0.4,0.3,0.4,0.4,0.4,0.4,0.4,0.4,3.3,0.4,0.1,0.1,0.3,0.3,0.4,0.8,0.8,0.4,0.5,0.5,0.5,0.6,0.6,0.1,0.2,0.6,0.8,0.4,0.5,0.7,1.1,1.1,0.4,0.4,1,0.8,0.7,0.9,1,0.5,0.5,0.7,,0.6,0.2,0.5,0.5,0.4,0.5,0.5,0.5,0.1,0.4,0.1,0.5,0.4,0.3,0.3,0.7,0.5,0.5,0.7,0.4,0.6,0.5,0.4,,0.7,0.3,0.5,0.3,1.4,1.3,0.2,1.2,0.4,0.3,0.7,0.4,0.6,0.5,0.6,0.3,0.6,1.1,0.6,0.5,0.2,0.2,1.1,0.3,0.4,0.4,0.5,0.4,0.6,0.5,0.5,0.3,0.2,0.3,0.2,0.7,0.2,0.3,0.7,0.3,,0.6,0.5,0.4,0.5,0.1,0.6,0.3
20230729,1,CO_24h,0.6,0.4,0.5,0.5,0.4,0.3,0.4,0.2,0.4,0.4,0.4,0.4,,,0.7,,0.7,0.6,0.8,,0.7,,0.4,0.8,,0.6,0.7,,0.5,0.3,0.4,0.5,0.4,0.4,0.7,,0.7,0.8,,0.9,0.8,0.6,0.2,0.3,,0.3,,0.4,0.5,0.5,0.2,0.2,0.4,0.4,,0.3,0.3,,0.3,0.2,0.6,0.6,0.5,0.6,0.6,0.4,0.3,0.4,,0.3,0.5,0.4,0.3,0.5,0.5,,0.5,0.4,0.5,0.5,0.9,,0.5,0.7,0.8,0.9,0.6,0.5,,0.4,0.7,,,0.5,0.5,0.5,0.4,0.4,0.6,0.6,,0.7,0.5,0.6,0.6,0.4,,0.4,0.5,0.1,0.3,0.5,0.4,0.1,0.1,0.5,0.5,0.3,0.5,0.5,0.4,0.3,0.4,0.3,0.6,0.5,0.4,0.4,0.6,0.6,0.5,0.7,0.3,0.4,0.6,0.6,0.9,0.3,0.4,0.5,0.4,0.3,0.4,0.6,0.4,,0.4,0.4,0.3,0.4,0.3,0.4,0.1,0.5,0.4,0.4,0.2,0.3,0.4,0.4,,0.4,0.4,0.4,0.4,0.5,0.5,0.3,0.3,0.4,0.3,0.3,0.2,,,,0.4,0.3,,0.3,0.2,0.3,,,,0.4,,0.7,0.7,,0.6,0.5,0.4,0.2,0.6,0.6,,,,0.6,0.5,,0.5,0.7,0.6,0.3,0.4,,0.5,0.6,0.5,0.6,0.7,0.4,0.3,0.3,,0.3,,0.5,0.4,,0.5,0.6,,0.4,0.5,0.5,,0.6,0.4,0.5,0.6,0.4,0.4,0.3,,,0.4,0.4,0.4,0.4,0.4,0.4,0.4,,0.5,,,0.4,,0.5,0.3,,0.4,0.4,0.3,0.3,0.4,0.3,,0.4,0.4,0.3,0.3,0.3,0.5,0.4,0.4,0.3,0.4,0.5,0.3,0.3,0.3,0.5,0.4,0.4,0.3,,,0.2,0.2,0.4,0.4,,0.2,,0.5,0.3,0.6,,0.5,0.5,1.2,,0.3,0.4,0.2,0.5,,0.6,0.5,0.5,0.5,0.3,,,0.2,0.4,0.4,0.2,0.5,0.3,0.4,0.4,0.5,0.4,0.5,0.5,0.4,0.4,0.6,1.1,0.7,0.5,1.1,0.5,0.7,0.6,,0.5,0.6,0.3,0.5,0.4,0.3,0.4,0.2,0.5,0.5,0.6,0.5,0.7,0.6,,0.5,0.4,0.6,0.6,0.7,0.5,0.6,0.3,0.8,0.6,0.7,0.9,0.6,0.6,,0.6,0.6,0.8,0.5,0.5,0.5,0.3,0.5,0.4,0.6,0.3,0.6,,0.5,0.6,0.5,0.3,0.5,0.3,0.4,0.5,0.5,0.5,0.4,,,0.8,0.6,0.8,0.6,0.7,0.5,0.8,0.7,0.5,0.5,0.4,0.5,0.9,0.8,0.9,0.8,0.7,0.8,0.8,0.8,,0.4,0.4,0.4,0.3,0.3,,0.8,1,0.6,0.5,0.6,0.7,0.7,,,0.9,0.4,0.9,0.7,1,,0.3,0.3,0.4,0.5,,,0.5,0.6,0.7,0.5,0.3,0.7,0.5,0.6,0.5,0.4,0.5,,0.7,0.6,0.5,0.4,0.6,0.6,0.2,0.3,0.3,0.2,0.1,0.2,0.6,0.7,0.5,0.5,0.5,0.6,0.5,0.5,,0.6,,0.6,0.6,,0.4,,0.5,0.6,,,,,0.7,,,,0.4,0.5,0.6,0.4,0.5,0.4,0.3,,0.4,,0.4,0.2,0.3,0.4,0.5,0.4,0.5,0.4,0.5,0.5,0.3,0.5,0.4,0.5,,0.7,0.8,0.5,0.7,0.6,0.5,0.6,0.5,0.8,,0.5,0.4,0.4,0.5,0.6,0.7,0.5,0.5,0.4,0.3,0.2,0.2,0.5,0.1,0.4,0.5,0.6,,,0.6,,0.1,0.7,0.1,0.3,0.6,,0.4,0.6,,,0.2,0.3,0.3,0.2,,0.2,0.1,0.3,,0.2,0.3,0.4,0.3,0.2,0.6,0.1,0.1,0.3,0.1,,,,0.2,,,0.5,,0.6,0.2,0.3,0.3,0.1,0.3,0.4,0.2,0.2,0.4,,,,,0.6,,0.5,0.4,0.5,0.7,0.6,0.7,0.7,0.6,,0.7,0.5,0.7,0.6,0.6,0.5,0.6,0.7,0.6,0.8,0.6,0.5,0.6,0.6,0.5,0.6,0.5,0.5,0.6,0.8,,0.6,0.4,0.4,,0.4,0.5,,0.5,0.6,0.6,0.5,0.8,,0.6,0.8,,,0.3,0.2,,0.5,,0.5,0.6,0.5,0.5,1,1,,0.7,1,,1,0.8,,0.8,,0.9,0.8,0.9,,0.8,0.8,0.3,0.3,0.3,,0.5,0.8,0.7,0.6,0.9,0.4,0.6,0.6,0.6,0.3,0.6,0.4,0.6,0.3,0.8,2.1,0.7,0.6,0.6,0.4,0.5,0.5,0.7,0.5,0.5,0.7,0.5,0.6,0.6,0.7,0.6,0.3,0.3,,0.3,0.4,0.4,0.3,0.5,0.3,0.2,0.4,0.4,0.3,0.3,0.5,0.5,0.5,,0.6,0.5,0.4,,0.4,0.5,0.7,0.4,0.7,,0.8,0.6,0.7,,0.9,,0.6,0.5,0.5,0.4,0.7,0.4,0.3,,,,0.4,,0.6,,0.5,,0.7,,0.4,0.6,0.3,0.5,0.5,,0.6,,0.5,0.4,0.5,0.4,0.6,0.4,,0.6,0.7,0.5,0.5,0.5,0.2,,0.6,,,0.3,0.3,0.4,0.2,0.7,0.5,0.5,0.5,0.5,0.5,0.6,0.6,0.6,0.3,0.8,0.8,0.7,1.2,0.6,0.3,0.3,0.5,0.5,0.5,0.6,0.6,0.5,0.6,0.5,0.6,,0.8,0.7,1,2.1,0.4,0.5,0.6,0.5,,,,,0.4,0.4,,0.5,0.4,0.3,0.2,0.3,0.3,0.2,0.7,0.8,0.6,0.4,0.6,0.7,0.5,,0.6,0.7,,0.9,0.4,0.7,,0.6,0.5,,0.7,0.3,0.6,0.5,0.5,0.4,0.4,0.4,0.5,0.4,0.5,0.6,0.5,,0.5,0.6,0.4,0.6,0.6,0.4,0.3,0.2,0.1,,0.3,0.3,0.3,0.3,0.2,,,0.3,,,,,0.3,,,,,,,,,,,,,,,,0.2,,,,,,,,,,,,,,,,,,,,,,,,,,,,,,,,,,,,,,0.3,0.4,0.5,0.5,0.5,0.4,0.4,0.4,0.4,,,,0.6,0.8,0.7,0.8,,0.6,0.6,0.5,0.5,0.5,0.4,0.6,,0.5,0.5,0.6,,,0.8,0.8,,0.6,0.6,0.5,,0.5,,0.8,0.6,,,0.5,0.5,,,0.5,0.4,0.6,,,0.4,0.4,0.2,0.2,0.5,0.5,0.5,0.7,0.6,0.2,0.6,0.6,0.3,0.3,0.4,0.7,0.6,0.6,0.6,0.7,0.8,0.8,0.8,0.8,,0.3,0.2,0.6,,0.3,0.1,0.5,0.4,0.4,0.3,0.1,0.2,0.5,0.5,0.5,0.1,,,,0.4,0.3,0.5,0.1,0.5,,0.4,0.4,0.4,0.6,0.4,0.2,0.5,0.5,0.5,0.4,,,0.8,0.5,0.4,0.4,0.4,0.4,,0.1,0.2,0.3,,0.4,0.2,0.4,,0.3,0.3,0.2,0.3,0.2,0.3,0.3,,0.1,0.2,0.2,0.5,0.2,0.4,0.4,0.6,,0.4,0.3,0.4,0.2,0.3,0.3,,0.5,,0.5,,,,0.2,0.2,0.3,0.4,0.5,0.5,,0.4,,0.3,0.3,0.3,0.6,0.6,0.5,0.6,,0.7,0.6,0.8,,,0.5,0.4,0.5,,0.5,0.4,0.2,,,0.6,0.5,0.2,0.3,0.3,0.2,0.4,0.4,0.3,0.3,0.9,0.7,0.5,0.4,0.8,,0.3,0.4,0.4,0.3,0.5,,1.1,0.6,0.9,0.8,0.5,0.6,0.6,0.7,0.5,,0.7,0.8,0.5,0.9,1.1,0.9,0.9,1,0.6,0.4,0.7,,1,0.5,0.5,,0.6,0.7,0.6,0.5,,0.5,0.4,0.5,,0.5,0.2,0.3,0.4,0.4,,0.4,0.4,0.3,0.4,0.8,0.3,0.4,,0.3,0.2,0.3,0.3,0.7,,0.5,0.3,0.6,0.8,0.4,0.3,0.7,0.5,0.7,0.6,0.5,0.5,,0.6,0.5,0.3,,0.5,0.5,,0.4,0.4,0.5,0.5,,0.6,0.6,0.6,0.7,0.5,0.3,0.6,0.6,0.6,0.9,0.7,0.4,0.3,0.6,0.4,0.3,0.4,0.6,0.6,0.7,0.7,0.6,0.5,0.5,0.4,0.4,0.5,0.6,0.5,0.6,0.5,0.8,0.6,0.7,0.7,0.5,0.5,0.3,0.5,1.1,0.3,0.6,0.6,0.7,0.9,0.8,1.1,0.6,0.4,0.5,0.4,0.7,0.7,0.7,0.8,0.8,0.8,0.6,0.6,0.8,0.7,0.8,0.8,0.6,0.6,0.4,0.7,0.6,,0.4,0.4,0.5,0.3,0.6,,0.3,0.5,0.3,0.2,0.2,0.3,0.4,0.4,0.4,0.4,0.4,0.5,0.7,0.2,0.4,,,,0.4,0.4,,0.4,0.2,0.3,0.2,0.3,0.4,,0.5,0.4,0.5,,,,,0.4,0.4,0.4,0.4,0.3,,,0.5,,0.3,0.3,0.7,0.6,0.8,0.8,0.3,0.6,0.7,0.5,0.6,,,,,0.3,0.3,0.3,0.4,0.3,0.5,0.5,,0.4,0.5,0.4,0.3,0.1,0.7,0.6,0.6,0.7,0.5,0.3,0.4,0.7,0.6,,0.5,0.4,0.3,0.5,0.5,0.4,0.6,0.6,0.8,,0.4,0.3,,0.4,0.5,,0.3,0.3,0.4,,0.4,,0.1,,0.5,0.4,0.5,0.7,0.7,0.4,0.6,0.8,0.7,0.7,0.3,0.4,0.5,0.4,,1,0.4,,0.4,0.5,0.3,,0.3,0.4,0.2,0.4,0.4,0.4,,0.4,0.3,0.1,,,,0.3,0.5,0.1,,0.4,0.5,0.5,0.4,0.6,0.4,0.5,,0.5,,,0.3,0.2,0.4,0.3,0.4,0.4,0.3,0.7,0.5,,0.4,0.3,0.3,0.3,0.2,0.3,0.3,0.3,0.3,,,0.5,0.4,,0.4,,0.7,0.3,0.3,0.5,1,0.1,0.6,0.6,0.8,0.7,0.7,0.4,0.6,,0.6,0.6,0.4,0.5,0.4,0.3,0.5,,0.4,,0.1,0.3,0.5,0.4,0.8,0.8,0.5,0.3,0.2,0.5,0.8,0.3,0.4,0.3,,,0.4,0.3,0.4,0.5,,0.4,0.4,0.5,0.5,,0.4,0.4,,,0.3,0.5,0.3,0.3,0.4,0.2,0.8,0.5,0.3,0.5,0.6,0.5,0.6,0.6,0.9,,0.6,0.5,,0.5,0.5,0.3,0.2,0.2,0.6,0.3,,0.5,0.5,0.8,0.3,0.3,0.8,0.7,0.6,,0.5,0.4,0.3,0.6,0.2,0.6,0.8,0.2,0.6,0.5,0.5,0.3,,0.3,0.2,0.7,0.4,0.4,0.4,0.5,0.5,0.6,0.2,0.5,0.3,0.7,0.5,0.5,0.4,0.5,0.6,0.7,0.2,0.5,0.1,0.5,0.5,0.5,0.4,,,0.5,0.3,0.4,0.7,0.3,0.1,0.5,0.4,0.2,0.3,0.5,0.3,0.5,0.5,0.8,0.4,0.5,0.4,,0.9,0.5,0.5,0.5,0.6,0.3,0.3,0.4,0.5,0.4,0.4,0.5,0.4,0.5,0.5,0.5,0.4,0.6,0.6,0.6,0.6,0.5,0.5,0.3,0.4,0.4,0.6,0.2,0.3,0.4,0.5,0.7,0.6,0.6,0.2,0.5,0.6,0.5,0.7,0.8,0.5,0.5,0.5,0.9,0.6,0.6,0.4,0.7,0.5,,0.4,0.4,,0.4,0.5,0.4,0.4,0.6,0.6,0.4,0.4,0.5,0.5,0.4,0.1,0.2,0.8,0.4,0.4,0.2,0.4,0.5,0.4,0.5,0.6,0.7,0.6,0.4,0.7,0.5,0.4,0.5,0.5,0.4,,0.5,0.3,0.3,0.3,0.5,0.2,,0.2,0.2,,0.3,0.6,0.6,0.3,0.7,0.7,0.7,,0.4,0.2,0.6,0.5,0.5,0.6,0.6,0.8,0.5,0.5,0.7,0.7,0.6,0.5,0.4,0.5,0.7,0.5,0.6,0.5,0.9,0.4,0.4,0.3,0.5,0.6,0.6,0.7,0.3,0.5,0.3,0.8,0.5,0.5,0.6,0.4,0.3,0.5,0.4,0.1,0.3,0.4,0.4,0.5,0.3,0.4,0.6,0.6,0.6,0.4,0.5,0.5,0.4,0.7,0.4,0.6,0.7,0.4,0.3,0.4,0.3,0.4,0.4,0.6,0.7,0.4,0.3,0.4,0.3,0.4,0.5,0.6,0.4,0.5,0.7,0.4,0.3,0.7,0.5,0.4,0.3,1,0.4,0.7,0.4,0.6,0.7,0.4,0.4,0.5,0.5,0.7,0.5,0.5,0.3,0.4,0.5,0.7,0.4,0.4,0.4,0.3,,0.1,0.4,0.3,0.5,0.3,0.5,0.3,0.4,0.3,0.2,0.4,0.5,0.4,0.5,0.4,0.2,0.1,0.6,0.2,0.4,0.7,0.6,0.6,0.7,0.5,0.5,0.4,0.4,0.4,0.6,0.6,,0.4,0.5,0.3,0.3,0.5,0.7,0.6,0.6,0.8,0.5,0.5,0.4,0.4,0.4,0.5,0.5,0.5,0.6,1.1,1,0.7,0.6,0.7,0.4,0.5,0.9,1.2,1.1,0.9,0.3,0.8,0.2,0.3,0.3,0.2,0.2,0.3,0.2,0.5,0.4,0.5,0.5,0.6,0.5,0.2,0.6,0.3,0.3,0.3,0.7,0.8,0.4,0.5,0.4,0.4,0.5,0.6,0.1,0.3,0.7,0.8,0.4,0.5,0.5,0.8,0.8,0.5,0.3,0.8,0.8,0.7,0.7,0.7,0.4,0.6,0.6,,0.6,0.2,0.5,0.5,0.5,0.4,0.5,0.5,0.2,0.4,0.2,0.4,0.3,0.4,0.3,0.7,0.4,0.5,0.5,0.4,0.6,0.6,0.4,,0.4,0.3,0.5,0.2,0.7,1.1,0.4,0.8,0.4,0.3,0.4,0.4,0.5,0.5,0.5,0.3,0.6,1.1,0.6,0.5,0.4,0.2,0.9,0.9,0.4,0.4,0.5,0.4,0.6,0.5,0.5,0.3,0.6,0.3,0.2,0.6,0.3,0.3,0.4,0.3,0.6,0.5,0.5,0.4,0.5,0.1,0.6,0.4
20230729,2,AQI,45,23,42,44,44,49,31,46,21,33,42,25,,,14,,11,15,12,,13,,,10,,9,14,,39,46,42,33,37,36,38,,25,33,,50,38,14,23,32,,36,,20,17,17,31,34,33,40,,35,17,,36,33,36,46,27,38,39,48,51,49,,52,17,15,21,34,34,,27,26,34,35,48,,35,41,52,49,36,47,,27,25,,,28,42,37,49,31,41,31,,33,20,23,25,20,,23,10,10,13,8,21,10,9,8,16,,24,25,25,25,27,24,21,32,25,20,33,41,27,44,47,42,43,,52,33,54,46,26,29,26,25,24,,24,25,26,30,8,6,7,5,6,,6,8,9,46,,25,25,21,23,23,24,15,12,14,11,9,14,,,,19,17,,32,14,19,,,,17,,14,19,14,12,22,42,19,14,22,,,,20,13,,20,21,28,9,8,,14,7,9,6,7,8,19,13,,16,,14,15,,19,15,,13,13,13,,13,22,13,20,18,13,18,,,10,12,16,16,18,16,18,,8,,,20,,19,16,,24,22,20,23,20,21,,13,12,21,16,18,16,19,17,9,10,9,9,9,13,12,10,10,12,,,17,16,16,15,,24,,15,16,13,,15,17,30,,17,10,15,13,,17,14,12,19,10,,,22,9,9,22,9,15,16,,18,17,16,15,,40,16,16,13,15,17,16,20,16,,18,15,10,16,16,15,13,34,13,15,18,26,,21,,41,44,30,36,20,36,22,25,40,46,36,53,36,33,,29,36,37,42,34,32,54,24,29,24,33,25,,20,27,34,38,38,28,29,32,22,30,23,,,55,46,49,53,44,38,34,38,27,26,14,19,72,58,63,65,70,48,69,69,,29,38,,28,25,,44,46,27,23,28,16,22,,,35,27,39,39,14,,21,35,33,26,,,21,27,22,25,,10,17,27,24,20,27,,23,,26,23,26,27,20,24,22,20,28,25,40,45,107,30,48,47,28,23,,56,,39,24,,44,,33,26,,,,,23,,,,32,28,147,157,147,168,153,,123,18,15,21,22,23,13,18,14,14,12,35,14,12,13,41,,55,37,49,40,58,44,29,24,59,,20,15,14,35,28,28,29,13,17,15,24,25,43,36,19,22,22,,,10,,14,8,8,12,14,,13,12,,,19,19,19,14,,9,10,8,,27,20,,14,12,6,10,9,8,,,,,6,,,21,,22,9,10,17,12,17,,8,10,9,,10,,,27,,27,23,27,36,39,34,33,40,,53,41,41,33,62,32,44,62,52,58,22,25,17,32,35,45,18,41,29,28,,29,16,19,,22,19,,49,45,38,43,,,35,21,,,,25,,35,,51,36,44,42,38,36,,38,36,,75,56,,70,,40,40,54,,51,53,35,30,37,,16,16,15,23,18,16,26,64,19,12,32,27,35,21,23,34,19,19,25,30,43,28,34,36,21,20,19,19,20,17,26,23,22,,23,21,21,22,19,20,30,20,40,30,20,9,10,10,,10,,13,,16,12,9,9,12,,19,16,18,,27,,35,23,30,25,17,15,17,,,,12,,11,,23,,26,,16,17,15,18,27,,19,,22,18,20,16,20,19,,16,18,16,12,18,18,,19,,,14,30,22,,53,30,30,26,24,24,53,26,23,69,53,57,51,52,32,31,31,16,18,28,26,23,33,30,30,32,,21,21,26,16,15,17,14,13,,,,,21,26,,21,12,15,23,20,26,19,14,13,17,19,12,22,15,,29,31,,19,18,23,,26,23,,26,18,18,15,20,18,20,,19,,49,39,83,,84,67,135,29,26,22,30,39,40,,76,37,32,39,33,,,18,,,,,19,,,,,,,,,,,,,,,,10,,,,,,,,,,,,,,,,,,,,,,,,,,,,,,,,,,,,,,12,14,11,13,19,13,,15,12,,,,27,45,26,21,,39,45,57,25,36,53,48,,53,56,51,,,54,69,,38,49,35,,32,,46,36,,,58,25,,,32,35,40,,,27,24,36,36,40,42,44,12,39,,28,22,15,15,15,17,23,26,33,33,46,74,37,40,,21,24,15,,10,7,25,77,28,26,32,33,13,14,12,18,,,22,13,13,15,9,25,,20,19,16,15,41,,18,23,20,30,,,25,22,24,29,23,25,,16,17,16,,15,16,17,,19,15,10,23,15,12,16,,14,30,20,19,10,12,12,9,,15,16,13,12,10,8,,8,,12,,,,8,9,9,15,15,16,,8,,12,23,10,20,23,,20,,15,13,12,,,11,16,8,,13,12,13,,,18,16,12,90,10,21,13,22,15,19,18,13,26,24,21,,10,12,12,,12,,20,10,19,16,26,25,21,24,17,,21,19,23,21,18,25,15,18,23,14,15,,,14,15,,13,14,16,11,,10,10,15,,15,11,13,12,12,,16,17,15,17,16,10,12,,12,11,12,34,41,,44,36,24,37,33,28,20,20,22,20,14,21,,30,25,30,,14,13,,19,10,15,15,,15,15,13,34,28,28,34,,22,40,24,19,27,,28,25,21,25,25,23,24,22,25,41,26,28,20,29,22,50,40,15,23,33,34,31,22,25,23,21,24,,25,23,54,48,48,54,20,26,25,22,21,40,44,31,30,44,40,32,52,24,25,18,25,39,39,32,,37,56,56,17,22,,12,22,11,13,13,29,35,23,29,29,38,26,28,16,26,,,,35,25,,31,,22,17,24,24,,16,17,16,,,,,16,20,19,18,20,22,,33,,24,18,14,16,16,26,15,11,18,16,18,,,,,16,15,19,21,30,15,20,,14,10,13,29,25,23,20,21,33,21,20,23,48,54,,43,45,36,49,13,6,23,21,26,,23,16,,22,13,,19,17,23,,54,,25,,9,9,19,30,25,26,52,29,30,98,15,18,23,18,,43,29,,18,18,31,,82,124,20,24,164,151,,23,24,24,30,,,,27,40,,25,35,30,38,19,42,29,,22,,,25,22,28,27,83,71,95,108,25,,163,52,49,38,39,63,85,101,,,,32,30,,14,,63,94,93,147,20,23,34,23,15,11,12,38,46,,38,21,16,23,14,20,17,,11,,9,11,18,15,27,26,122,34,12,49,26,25,15,11,,,45,19,14,15,,32,59,34,22,,9,7,,,17,21,24,9,10,9,16,17,9,16,25,35,31,22,57,,12,12,,15,18,20,18,220,37,28,9,34,,21,15,18,13,14,67,10,35,10,25,7,21,20,9,11,14,15,13,22,,39,15,32,17,25,27,23,19,19,17,11,30,44,16,19,14,39,26,,20,9,8,22,21,12,11,,,28,21,33,10,14,25,21,14,10,46,17,28,16,25,13,13,33,10,,15,32,24,27,33,28,95,23,27,25,28,38,27,22,29,26,23,,39,43,51,34,21,16,22,15,17,20,17,13,18,,23,26,43,,52,36,48,38,32,30,27,42,23,49,16,52,45,25,13,37,,12,9,21,12,13,12,8,9,26,25,17,14,10,29,29,16,10,16,14,21,25,25,33,25,18,53,37,16,35,27,16,,32,23,26,13,12,10,,7,14,,9,13,16,9,24,23,20,,15,61,,18,18,28,28,67,48,39,20,30,24,13,12,12,9,9,13,35,9,7,53,28,39,39,,7,12,21,12,10,23,20,17,22,22,24,19,14,199,151,143,156,177,99,17,29,15,36,41,36,30,29,20,39,29,23,19,49,33,16,39,38,75,20,11,12,8,8,18,25,10,16,15,15,14,14,26,20,16,13,39,30,15,29,21,22,25,14,25,17,18,22,15,10,9,8,22,21,17,10,22,8,12,15,,10,18,19,6,22,33,26,23,22,18,17,,21,19,28,14,23,38,18,41,13,21,17,36,34,18,22,,26,26,24,25,27,29,41,22,28,9,13,12,18,17,22,65,32,25,36,39,39,56,36,28,45,22,45,36,51,33,29,40,43,29,64,59,70,73,48,50,17,16,16,23,14,21,12,25,38,20,33,12,24,27,32,25,,41,122,76,79,15,22,46,51,20,51,23,40,33,16,50,50,31,23,47,,10,10,29,34,13,18,26,8,8,15,15,8,17,22,24,23,32,19,18,16,,10,19,,19,13,21,55,,53,23,58,35,35,84,27,42,40,34,17,18,38,14,20,18,17,42,12,21,19,39,32,78,39,21,23,16,41,28,69,21,12,26,20,15,21,23,9,12,9,19,33
20230729,2,PM2.5,27,9,20,10,20,27,13,23,10,23,23,11,,,3,,4,4,4,,4,,,2,,2,7,,27,32,29,11,23,22,11,,11,23,,35,18,6,15,21,,18,,7,5,6,13,9,10,10,,24,3,,14,17,25,13,13,21,24,17,31,31,,29,7,2,9,23,21,,18,18,17,24,30,,19,28,29,33,25,24,,16,13,,,12,19,11,20,19,15,14,,13,12,12,13,13,,16,,3,2,2,3,2,2,3,3,,10,14,12,10,10,10,11,11,13,14,23,13,11,14,14,4,22,,13,7,24,12,5,10,8,3,5,,3,8,7,10,5,2,2,,,,2,5,5,16,,10,9,8,10,8,10,3,5,3,4,1,,,,,2,8,,11,3,13,,,,9,,7,5,9,2,7,29,7,5,9,,,,8,7,,6,9,13,5,5,,4,4,5,,2,5,2,8,,7,,6,7,,8,7,,5,9,9,,8,7,6,7,8,6,8,,,6,4,6,9,4,10,12,,4,,,14,,4,7,,15,8,9,5,5,6,,6,4,10,9,12,5,2,2,5,7,5,,5,9,4,7,7,8,2,,,,,1,,9,,5,,5,,7,,21,,6,7,2,5,,,5,7,7,7,,,2,,2,,2,10,11,,6,6,6,4,8,28,6,7,2,10,4,9,14,5,,7,7,6,6,10,10,5,8,9,2,12,3,1,11,,20,21,21,13,8,15,11,16,27,22,22,30,20,20,,15,23,20,18,23,22,38,14,11,14,17,17,,10,15,21,26,26,19,20,22,13,21,12,,,26,24,19,22,11,12,18,14,10,13,9,13,47,41,43,47,46,30,50,50,,20,26,16,18,16,,19,32,17,14,15,7,10,,,24,17,25,20,7,,14,8,14,12,,,13,10,5,17,3,7,5,12,14,14,7,,14,,18,15,18,17,10,6,7,7,6,11,28,18,80,20,28,21,18,12,,21,,20,14,,19,,23,18,,,,,9,,,,22,19,51,61,112,60,45,,44,7,4,5,5,,1,4,2,1,7,19,2,8,3,17,,39,19,22,15,19,17,9,12,27,,6,9,6,24,19,19,20,6,6,6,15,17,30,25,6,15,14,,,7,,7,4,5,2,7,,7,2,,,11,9,7,9,,1,7,5,,5,5,,5,7,2,7,,1,,,,,1,,,7,,9,3,7,4,1,4,,2,2,2,,7,,,8,,17,16,14,12,12,13,15,17,,32,28,27,21,42,22,24,44,36,41,6,10,6,12,14,22,12,7,11,19,,14,11,9,,15,13,,16,16,15,30,,,15,13,,,,17,,12,,23,19,15,18,12,22,,24,19,,55,27,,51,,26,25,18,,35,32,6,6,5,,6,9,7,12,12,8,7,22,12,8,12,10,24,6,13,21,10,6,16,21,30,12,20,20,7,8,8,8,12,6,18,5,15,,8,11,13,15,4,6,18,13,28,11,9,5,7,7,,7,,9,,11,8,2,4,4,,7,11,4,,15,,17,12,14,14,10,6,6,,,,2,,1,,7,,7,,9,7,5,10,13,,8,,9,12,7,5,14,10,,8,10,4,5,12,12,,12,,,9,13,8,14,12,16,21,12,10,8,10,7,15,50,28,17,32,27,22,15,11,4,5,8,14,16,19,20,17,22,,9,3,10,6,8,4,7,,,,,,9,15,,14,8,4,2,14,12,13,5,9,3,12,8,4,4,,20,18,,9,11,13,,12,15,,14,4,2,4,5,10,4,2,2,31,34,27,61,,24,22,58,8,15,12,14,7,4,,27,7,8,1,7,,,5,,,,,,,,,,,,,,,,,,,,,,,,,,,,,,,,,,,,,,,,,,,,,,,,,,,,,,,,,,,1,,2,5,13,9,,5,2,,,23,9,9,12,14,,22,23,30,17,23,28,22,,37,37,30,,,38,50,,19,34,24,,22,,14,16,,,41,17,,,20,11,21,,,10,12,9,2,17,7,16,5,7,6,19,11,6,9,10,11,13,14,15,21,28,20,6,17,,12,8,8,,7,,5,5,18,18,11,5,7,9,2,12,,,15,6,9,10,5,6,,7,7,5,10,16,6,7,1,3,11,,,17,5,9,5,13,17,,11,4,6,,10,11,6,,10,10,7,16,6,8,9,,5,21,5,6,7,8,8,5,,10,6,8,1,5,5,,2,,8,,,,5,1,6,10,5,,,5,,8,7,6,4,2,,4,35,8,9,8,4,2,4,11,2,9,9,8,9,2,,1,5,8,67,2,4,9,15,4,13,5,8,13,5,13,,,2,6,,8,,4,6,5,8,18,17,12,16,8,,12,13,15,11,10,8,9,8,10,3,5,,7,3,3,,,,4,6,,5,6,2,,3,5,7,5,6,,6,6,9,5,8,7,6,,5,6,8,7,13,,12,7,12,19,18,12,14,2,15,11,4,2,,9,14,7,,9,7,,11,5,9,2,,8,7,8,20,19,9,15,,7,20,12,13,16,,19,17,8,16,12,4,4,15,11,23,18,19,14,19,13,35,26,7,16,16,10,13,9,17,7,9,11,,8,7,29,26,24,23,10,8,3,5,6,10,16,15,18,19,21,20,22,13,17,12,14,24,21,22,,22,31,38,8,4,,7,4,6,9,4,20,24,6,17,20,19,14,19,11,6,,,,24,15,,20,6,2,7,6,7,,9,8,8,,,,,5,,3,8,2,7,,23,,7,12,5,6,8,9,10,5,9,5,7,,,,,6,5,9,7,21,6,11,,7,2,9,17,17,8,11,7,11,4,13,16,33,34,,30,31,25,34,5,3,14,3,15,,10,11,,5,4,,6,4,7,,18,,,,,4,5,10,5,9,24,20,14,73,5,5,6,8,,6,5,,7,5,10,,40,44,8,5,67,63,,6,4,8,15,,,,16,22,,14,18,21,26,3,15,10,,6,,,3,4,2,3,18,17,26,33,5,,49,7,12,12,13,20,19,24,,,,18,15,,8,,7,41,33,43,9,14,9,9,1,3,,26,24,,26,9,8,11,6,5,8,,4,,2,5,7,10,10,12,61,11,1,14,13,17,10,6,,,26,13,5,2,,12,6,10,15,,6,,,,2,8,2,2,3,2,10,5,,4,13,18,17,11,35,,3,6,,6,7,14,12,66,24,17,5,13,,8,2,1,6,2,35,1,24,7,9,,3,14,6,4,7,10,7,4,,27,6,13,3,7,14,11,11,12,6,4,19,7,10,13,7,17,7,,5,6,,15,7,8,6,,,16,5,23,7,5,,4,8,2,8,11,7,11,17,2,9,23,2,,8,22,7,15,9,5,36,8,8,1,8,9,8,9,7,7,11,18,20,12,26,10,12,6,9,8,,4,6,9,4,8,8,12,15,23,27,25,30,23,8,16,14,29,16,34,4,28,31,7,1,24,,5,6,9,8,6,8,2,4,7,5,3,4,3,20,20,6,7,11,8,14,17,17,23,15,12,37,22,11,13,7,6,,22,16,18,3,7,7,,,,,2,9,9,,15,16,14,,5,7,,10,8,19,6,48,30,14,7,12,15,4,3,8,1,2,6,4,6,,29,10,24,27,,3,8,8,8,3,7,8,6,8,,7,4,2,53,32,50,59,72,32,4,11,5,20,20,16,12,17,14,27,20,9,7,29,9,,27,26,55,2,6,4,5,5,12,10,7,7,10,7,4,2,10,7,6,9,9,10,6,20,14,15,15,2,17,2,11,15,5,5,,,2,6,7,3,12,1,5,5,,3,12,8,,5,20,13,6,15,12,4,,8,7,15,9,16,23,12,5,6,5,5,15,12,9,7,,6,18,2,11,15,20,26,7,19,6,9,6,7,6,6,33,15,10,22,27,18,31,14,15,25,8,31,19,20,23,20,11,10,5,19,18,26,22,17,26,6,1,9,6,1,8,7,17,26,11,23,2,12,14,22,17,,4,36,37,38,7,9,27,32,12,17,10,25,4,9,27,25,6,11,26,,5,7,13,5,8,10,10,,,,10,,7,5,8,16,22,13,12,3,7,6,6,,11,7,6,13,,37,7,41,11,13,62,13,19,20,13,7,12,24,5,8,6,3,29,8,10,9,19,13,13,18,3,6,6,25,3,50,13,4,13,14,3,2,16,5,6,5,8,10
20230729,2,PM2.5_24h,16,10,13,10,13,16,16,13,7,16,13,17,,,23,,26,25,23,,26,,18,20,,20,22,,20,25,22,16,18,17,13,,32,32,,44,27,6,11,23,,17,,21,20,16,9,10,10,11,,20,7,,12,17,12,20,17,17,18,15,18,20,,21,17,15,19,24,20,,18,22,24,23,21,,14,20,23,20,19,15,,14,12,,,12,15,14,14,17,13,9,,11,11,11,11,12,,12,11,10,12,11,13,11,10,10,11,15,11,12,10,10,8,7,8,10,13,10,13,9,8,12,12,9,14,,11,9,22,8,6,9,6,4,6,,4,7,4,9,3,4,3,3,3,3,4,7,6,7,,7,8,8,10,7,10,1,4,1,1,3,,,,,9,9,,8,8,10,,,,12,,6,6,5,5,7,6,6,4,8,,,,8,6,,10,10,11,6,5,,5,4,5,,8,5,3,7,,5,,7,7,,9,6,,6,7,8,,8,6,10,6,8,6,5,,,7,6,4,11,9,12,13,,7,,,5,,4,7,,11,11,9,5,7,6,,7,6,7,6,3,8,4,4,8,9,11,4,9,12,5,7,6,9,4,,2,3,2,4,,8,,9,7,4,,6,8,11,,8,11,4,7,,8,6,10,14,7,,,4,2,3,3,5,6,24,,12,16,16,16,14,29,15,10,8,11,9,15,16,9,,11,8,6,10,8,12,8,6,9,11,5,9,2,15,,14,13,13,9,12,15,12,11,12,12,17,20,12,12,,12,12,11,15,17,17,16,15,11,13,13,11,,12,15,18,15,17,15,14,14,15,14,11,,,13,12,12,13,10,10,14,13,12,11,11,10,41,40,43,39,42,33,40,41,,12,15,13,12,10,,14,18,10,15,19,8,15,,,16,15,17,14,15,,4,5,7,7,,,7,6,7,21,14,12,15,16,19,18,10,,14,8,15,13,17,14,8,7,6,6,8,7,12,10,29,7,11,11,9,7,,14,,6,9,,23,,28,26,,,,,11,,,,16,17,18,21,74,23,14,,27,10,9,8,10,8,9,8,7,6,8,24,5,9,7,11,,14,12,13,14,12,14,12,16,14,,8,8,7,21,14,14,16,7,8,6,10,12,14,12,10,7,7,,,11,,7,5,6,7,20,,18,5,,,12,8,9,7,,3,8,6,,6,3,2,4,6,4,5,5,4,1,,,,5,,,7,,8,6,10,11,2,4,1,9,5,12,,6,,,9,,10,12,12,13,12,12,14,11,,18,29,26,21,23,18,31,28,17,24,7,8,10,12,11,11,10,11,11,23,,20,13,10,,12,10,,12,11,10,13,12,,17,9,,,12,13,,20,,17,16,14,15,19,19,,22,21,,46,28,,39,,24,26,23,,30,30,6,6,5,,10,10,11,11,13,8,8,12,12,8,9,10,13,6,10,16,7,5,17,15,11,12,13,12,8,8,8,7,10,8,13,4,7,,9,9,14,13,6,6,13,8,17,10,7,8,7,6,,8,7,9,,7,9,9,6,7,,10,9,4,,23,,23,17,19,23,20,20,6,,,,14,,16,,22,,16,,16,14,8,14,18,,16,,10,14,8,7,16,15,,12,10,6,9,12,9,,14,,,8,18,16,15,12,13,12,15,12,17,8,12,22,34,28,29,25,32,24,7,7,8,9,12,9,11,12,14,14,11,,8,7,10,15,6,3,5,1,,,,,7,9,,9,8,12,7,8,12,14,12,17,10,14,13,11,10,,13,7,,14,16,19,,11,12,,13,4,5,3,6,5,7,3,5,23,24,16,30,,20,21,19,10,16,11,9,4,11,,17,9,24,26,24,,,4,,,,,3,,,,,,,,,,,,,,,,6,,,,,,,,,,,,,,,,,,,,,,,,,,,,,,,,,,,,,,8,5,8,13,14,11,6,6,5,,,9,11,10,13,10,,19,15,16,11,14,15,17,,25,18,19,,,20,26,,21,20,16,,16,,13,13,,,24,13,,,16,13,22,,,10,10,10,5,15,10,15,12,14,24,22,14,8,11,8,11,7,8,10,11,17,14,10,14,,10,10,9,,4,1,5,7,13,11,8,7,7,10,5,11,,,10,8,9,10,10,10,11,6,5,4,11,16,5,11,12,14,8,,,13,5,7,8,10,13,,10,7,6,,11,11,7,,11,10,5,14,4,8,10,,7,9,8,6,10,4,8,10,,10,3,5,4,8,4,,3,,7,,,,4,3,6,10,6,4,,8,,7,6,6,2,1,4,3,16,9,9,7,12,3,4,4,5,8,7,5,8,6,,6,7,6,22,6,4,4,11,9,9,9,7,11,8,9,,9,6,6,8,11,,10,8,9,9,10,12,8,11,9,,11,12,11,6,9,6,7,6,6,6,5,,30,22,26,,16,14,13,16,,17,19,11,,11,11,16,9,12,,12,15,17,14,5,8,7,,10,10,14,3,8,,8,2,9,15,14,12,14,17,22,14,4,3,,12,16,15,,10,8,,10,7,8,9,,17,14,14,17,12,10,13,,9,16,13,19,16,14,17,17,7,12,15,11,8,9,12,13,13,13,13,14,14,16,15,10,14,17,14,17,9,12,11,12,12,11,11,11,34,32,31,32,17,25,28,26,29,21,33,38,39,33,30,36,35,13,18,16,19,28,21,21,,27,30,32,6,7,,3,8,6,8,5,13,14,8,11,10,12,7,10,11,4,,,,15,12,,13,6,4,6,7,6,,6,6,6,,,,,6,7,10,8,5,11,,14,,6,6,6,7,7,8,12,10,9,6,11,,,,,10,7,11,9,14,7,14,,11,8,10,10,11,6,11,6,10,7,15,16,23,17,,23,23,18,18,9,6,9,12,15,,12,9,,12,5,,4,5,4,,12,,3,,2,4,7,7,9,7,14,14,13,39,5,5,4,13,,15,16,,9,8,16,,16,17,7,6,21,26,,3,4,15,14,,,17,11,18,,12,9,14,17,2,20,8,,9,,,7,6,5,3,22,27,17,25,7,,20,11,11,13,12,29,19,23,18,,,15,13,,11,,6,25,22,23,13,7,18,12,22,24,20,20,15,,18,6,10,11,8,7,9,,4,,2,7,7,13,7,8,27,9,6,10,11,13,8,8,,,19,7,5,20,,15,10,15,10,,6,5,,,2,5,5,3,9,4,6,2,1,5,15,16,14,12,26,,22,17,,12,9,11,11,8,24,13,6,16,,8,4,4,22,15,21,7,17,6,12,4,5,21,6,12,12,14,11,7,,15,6,11,11,4,6,15,14,16,18,13,7,2,9,10,8,8,24,,6,9,2,10,7,8,7,,,27,7,24,10,6,2,11,8,7,19,20,8,14,17,4,15,14,3,,9,23,16,23,15,5,15,8,6,5,8,9,7,7,5,6,13,17,11,9,14,9,13,7,8,7,3,5,8,6,15,13,16,12,11,16,14,15,17,15,17,16,9,11,11,18,10,13,13,7,15,23,,19,5,6,6,7,5,5,6,16,19,12,13,10,26,26,9,10,8,6,16,10,11,20,19,12,26,21,10,20,16,8,,12,11,8,6,8,9,5,5,3,,2,19,20,3,12,15,15,,9,8,21,16,13,12,12,41,26,19,31,30,19,3,6,8,5,5,5,3,11,5,15,7,11,18,7,2,6,8,7,6,9,9,7,7,2,6,6,3,16,14,16,22,26,23,12,11,7,12,14,18,12,24,12,10,22,13,10,23,13,12,16,20,29,26,3,7,7,7,10,10,7,15,14,19,17,22,20,12,12,7,10,14,11,8,18,13,11,8,13,3,9,12,10,6,1,4,4,6,7,10,12,5,4,15,15,9,11,12,4,6,13,12,7,8,9,6,6,6,6,5,10,36,30,17,22,15,8,9,13,11,9,9,,6,15,10,13,19,14,16,7,10,7,7,9,10,7,8,19,16,13,30,26,29,20,20,10,17,30,33,33,34,32,22,14,8,6,14,14,15,11,16,13,12,15,13,24,12,27,14,20,17,7,14,2,13,8,6,15,7,10,16,104,83,8,7,17,27,11,16,11,14,15,9,13,13,9,15,19,,7,4,16,13,8,11,7,3,1,4,16,3,8,8,9,21,16,14,5,13,8,8,6,,5,5,5,11,23,32,27,19,12,11,15,14,12,15,7,6,10,13,7,5,19,4,41,31,12,7,16,10,14,14,6,7,26,21,11,32,10,5,12,11,6,2,12,8,7,3,9,14
20230729,2,PM10,45,23,42,44,44,49,31,46,21,24,42,25,,,8,,7,15,10,,8,,,5,,6,10,,32,44,35,32,37,34,33,,25,29,,38,38,13,23,32,,36,,20,7,13,31,34,33,40,,35,17,,36,33,35,46,27,38,39,48,51,49,,54,17,12,21,34,34,,27,22,34,16,48,,35,41,54,49,36,47,,27,24,,,28,42,37,49,31,41,31,,33,20,23,25,20,,20,8,8,13,7,21,10,,8,16,,24,25,25,25,27,24,13,32,25,19,33,41,27,44,47,42,43,63,53,33,57,46,26,29,26,25,24,,24,25,26,30,5,5,7,2,2,6,3,7,9,46,,25,25,21,23,23,24,15,12,14,11,9,14,,,,19,17,,32,14,14,,,,17,,14,19,14,12,22,14,19,14,22,,,,20,13,,20,21,28,9,7,,14,7,9,5,5,7,19,13,,16,,14,15,,19,15,,13,11,11,,13,22,13,20,18,13,18,,,9,12,16,15,16,14,4,,8,,,16,,19,16,,24,22,20,23,20,21,,13,12,21,16,18,4,4,6,9,5,9,5,9,12,12,7,9,12,3,,4,7,5,7,,24,,8,,2,,10,2,19,,8,9,10,12,,14,7,7,12,7,,,22,9,9,22,9,7,13,12,12,5,16,15,,22,14,16,13,12,17,16,17,16,,18,13,10,16,16,7,13,34,6,12,16,26,20,19,,41,44,29,36,16,36,14,25,40,46,36,56,36,33,,29,36,37,42,34,25,37,24,29,24,33,12,,20,27,34,22,29,18,22,15,22,10,23,,,59,46,49,56,44,38,34,38,27,26,13,14,94,60,76,71,89,48,71,76,,29,34,27,28,22,,44,29,27,23,28,16,22,,,35,27,39,39,14,,21,13,33,26,,,17,14,22,17,14,7,17,27,24,17,27,,23,,17,23,24,27,16,16,12,13,11,12,38,45,56,30,48,47,28,23,,61,,39,24,,44,,24,17,,,,,12,,,,23,27,243,264,156,285,256,,195,18,12,21,22,23,13,18,14,14,12,33,14,12,13,41,,35,37,49,40,66,44,19,24,68,,20,15,14,26,25,22,26,10,17,12,24,17,35,28,10,11,19,,,,,14,7,5,12,12,,8,2,,,19,19,19,14,,6,3,7,,27,20,17,14,12,5,5,2,,,,,,5,,,21,,22,9,9,17,12,17,17,2,,2,,7,,,27,,27,15,27,2,5,12,14,20,,56,41,41,33,74,24,44,56,46,56,22,25,17,32,35,45,16,41,29,20,,29,15,19,,14,14,,49,45,38,28,,,35,21,,,,13,,35,,52,36,44,42,26,30,,21,25,,51,61,,88,,40,40,57,,51,56,15,16,14,,16,16,15,23,18,16,26,78,19,10,32,27,27,21,23,34,19,19,25,27,32,28,34,36,12,14,16,18,16,13,24,21,19,,12,13,6,22,16,10,30,14,18,30,14,9,8,8,,6,8,13,,4,8,9,9,12,,19,11,6,,27,,35,23,30,25,13,8,15,,,,12,,9,,17,,7,,13,7,13,13,27,,14,,22,16,20,12,18,19,,16,18,13,4,10,5,,16,,,10,30,22,30,56,30,29,26,24,24,55,19,22,54,56,64,52,53,17,31,31,16,18,28,26,18,33,30,30,32,,21,7,26,16,15,17,14,13,,,,,13,26,,21,12,15,23,12,26,13,14,11,17,19,11,22,15,,29,31,,17,18,23,,26,23,,26,3,6,11,8,15,9,,6,,36,34,43,,117,83,219,10,26,19,30,4,8,,101,8,32,39,23,,,17,,,,,19,,,,,,,,,,,,,,,,2,,,,,,,,,,,,,,,,,,,,,,,,,,,,,,,,,,,,,,12,14,10,8,9,9,19,15,10,,,36,27,45,26,19,,39,45,64,25,36,55,48,,53,61,52,,,46,70,,38,44,28,,29,,46,36,,,46,23,,,32,35,40,,,13,16,17,25,15,10,13,12,39,,19,22,15,15,15,17,23,26,33,33,46,97,37,40,,21,24,13,,10,4,25,104,28,18,6,10,13,14,12,16,,,15,9,8,13,9,14,7,6,4,16,8,41,,3,15,15,4,,,19,5,14,2,23,25,,14,17,16,,14,14,17,,19,14,10,22,15,2,16,,14,13,20,19,8,5,2,8,,14,16,4,4,10,2,,8,,5,,,,6,9,3,2,15,16,,8,,12,23,6,15,23,,17,,15,12,12,11,,11,9,7,17,10,11,13,6,,6,16,6,61,3,21,4,16,15,17,18,13,26,24,21,,7,7,12,,9,,20,9,19,16,25,22,21,24,17,,21,15,23,21,18,25,15,18,23,14,15,,12,2,15,,12,10,16,1,,3,2,8,,9,10,11,9,2,,14,13,14,11,16,8,12,,10,7,7,34,41,,44,36,24,37,33,28,16,17,14,17,14,21,,30,24,30,,2,8,,19,10,7,4,,12,11,11,34,24,28,34,27,15,40,24,17,27,19,22,24,14,13,24,13,18,22,25,41,22,22,14,29,22,29,40,15,20,33,34,31,22,16,13,6,17,,25,23,58,48,48,57,20,26,10,12,15,40,44,12,20,44,40,32,53,24,20,15,25,39,39,25,,37,61,62,17,22,,12,22,11,12,13,11,18,23,29,25,38,26,25,16,26,,,,24,25,,31,,22,17,24,24,,16,17,16,,,,,13,11,14,13,11,22,,23,,24,13,14,16,16,26,15,11,10,16,9,,,,,16,15,11,8,30,15,20,,7,5,12,29,12,10,14,2,33,21,20,23,38,51,,31,29,34,37,13,6,16,4,26,,23,16,,12,10,,2,7,23,,57,,,,6,5,19,30,25,26,54,28,25,26,8,18,23,18,,14,6,,18,18,31,,114,197,15,19,278,251,,15,6,24,30,,,,27,40,,25,35,27,35,8,23,29,,13,,,15,3,2,1,116,92,139,165,20,,276,53,49,13,15,76,119,151,,,,32,25,,14,,75,137,135,244,20,23,17,23,6,6,4,32,46,,32,21,16,23,14,20,17,,11,,9,3,17,15,27,26,193,34,12,49,26,22,13,11,,,45,16,14,6,,32,68,34,17,,8,7,,,17,21,24,9,10,9,16,17,9,16,22,35,31,22,64,,9,5,,15,18,19,17,364,35,21,8,34,12,21,11,11,11,8,84,5,22,7,25,5,13,12,2,6,10,9,10,8,,35,12,32,16,19,27,23,19,14,6,10,30,44,16,17,14,39,18,,20,9,5,22,10,12,11,,,27,21,20,8,14,2,14,14,1,46,5,28,12,18,9,13,19,10,,11,29,21,27,25,28,140,23,27,25,28,38,27,22,29,26,23,41,39,43,51,14,21,16,22,15,17,20,17,12,7,13,16,26,43,41,54,32,48,38,24,30,27,36,22,46,16,54,30,25,9,37,,10,2,21,6,13,8,8,9,16,12,17,12,9,28,29,16,9,16,6,21,22,23,28,25,15,23,37,11,35,27,15,,31,16,26,13,12,10,,7,14,,7,9,16,9,24,21,12,,15,72,,18,18,27,14,83,48,39,20,19,24,13,12,11,5,2,12,35,4,7,55,28,39,36,,7,2,21,9,10,23,20,17,22,22,24,19,14,348,252,236,261,304,148,8,16,10,36,41,34,30,29,18,29,29,22,15,49,33,4,27,37,81,9,11,12,2,8,7,25,7,9,,4,10,14,13,20,16,13,39,30,15,26,21,19,25,12,24,17,18,18,15,10,9,7,22,21,17,10,22,,12,12,,5,11,19,6,15,33,4,16,20,10,10,,21,19,28,14,23,38,8,41,13,6,17,36,34,18,22,,26,6,24,21,27,16,41,22,25,4,8,12,15,17,22,80,32,20,33,30,30,62,36,28,45,22,44,36,51,26,9,40,43,29,77,68,90,96,48,50,4,5,16,14,6,21,8,13,24,20,22,12,24,27,29,24,,20,193,102,108,15,22,46,52,20,51,23,40,8,14,50,50,31,23,47,,10,1,29,34,12,18,26,8,2,10,6,7,17,22,20,18,15,19,17,3,37,10,19,,18,9,21,59,,54,23,57,35,35,118,27,42,40,34,17,7,38,14,20,18,3,36,9,21,19,39,32,105,39,13,23,9,41,28,63,21,12,26,14,7,4,23,9,12,9,19,33
20230729,2,PM10_24h,26,19,25,25,26,33,30,25,17,25,23,29,,,32,,36,39,35,,34,,37,34,,32,19,,33,44,36,31,32,38,36,,56,45,,56,44,17,27,31,,37,,34,28,28,26,26,30,40,,28,22,,32,25,27,41,36,36,42,37,36,29,,42,25,27,27,32,35,,38,35,39,41,29,,24,31,41,31,29,25,,25,26,,,24,27,31,32,26,29,27,,27,19,28,23,24,,27,20,18,18,17,25,16,14,16,19,24,27,27,26,27,27,18,21,26,29,27,23,27,21,38,34,33,28,40,35,27,33,41,22,23,21,20,24,,24,21,20,23,12,9,13,10,10,12,17,11,11,28,,18,22,18,21,19,20,9,9,9,5,6,12,,,,21,20,,29,14,13,,,,18,,15,18,13,11,19,12,14,11,22,,,,18,11,,19,20,25,9,9,,13,9,11,12,7,12,12,10,,13,,15,15,,17,13,,13,12,11,,14,25,13,16,17,15,18,,,18,14,18,23,25,22,33,,13,,,17,,18,14,,22,24,20,18,21,18,,15,13,13,13,11,9,10,10,17,14,16,12,18,18,19,15,17,18,8,,14,15,14,15,,16,,18,13,3,,11,8,18,,17,19,16,16,,23,17,21,22,6,,,16,10,14,21,10,14,29,31,26,30,29,30,29,41,35,21,22,24,25,24,22,18,,28,21,12,15,14,13,17,21,10,11,18,28,29,26,,31,32,25,22,27,31,21,18,24,30,27,61,24,24,,25,25,24,41,28,30,28,26,25,21,24,16,,26,29,32,26,29,25,23,27,27,28,23,,,27,23,26,32,24,26,26,25,24,20,16,16,68,64,68,54,71,56,60,67,,25,28,24,23,13,,20,19,16,25,19,15,14,,,28,23,25,24,19,,13,12,17,16,,,14,9,22,22,23,17,31,29,25,22,28,,26,10,22,21,23,21,12,14,9,8,18,15,17,16,17,15,16,14,17,13,,28,,14,16,,41,,43,36,,,,,21,,,,25,34,70,69,83,90,71,,97,22,17,27,22,25,16,19,18,17,19,37,15,25,21,21,,26,24,22,22,31,33,32,35,38,,20,16,16,26,21,23,21,17,15,16,20,22,26,25,19,17,21,,,10,,17,8,4,9,30,,28,14,,,20,18,23,20,,11,14,11,,14,23,15,14,10,8,11,9,8,12,,,,11,,,18,,20,18,12,19,11,13,15,12,9,15,,13,,,25,,17,18,27,17,22,23,22,20,,33,34,36,39,42,27,48,40,34,43,17,18,17,27,22,39,20,22,30,33,,32,20,20,,19,16,,20,20,17,20,19,,35,15,,,31,21,,24,,26,26,28,30,32,34,,28,35,,65,50,,55,,35,45,53,,48,48,16,18,17,,17,18,28,25,22,16,28,31,23,19,23,15,25,27,21,30,17,16,31,25,32,23,31,39,15,14,19,19,14,11,28,18,31,,13,11,11,17,20,28,20,14,16,21,17,21,12,14,,15,15,16,,4,18,17,15,16,,16,17,4,,34,,39,30,35,34,43,31,32,,,,29,,27,,36,,22,,28,26,35,27,39,,31,,27,25,25,21,24,30,,20,20,20,16,18,14,,22,,,14,28,26,28,21,29,26,24,23,28,40,22,39,36,46,53,38,59,37,18,18,15,16,18,21,16,20,21,21,17,,27,15,26,22,11,12,11,9,,,,,11,23,,11,24,20,19,13,20,18,26,23,24,23,20,22,19,,22,14,,22,22,32,,16,18,,19,7,11,11,12,8,11,,10,29,26,22,32,,99,80,86,18,28,22,19,33,31,,55,50,90,98,84,,,15,,,,,11,,,,,,,,,,,,,,,,13,,,,,,,,,,,,,,,,,,,,,,,,,,,,,,,,,,,,,,17,18,27,19,27,19,21,17,15,,,15,27,31,30,30,,24,24,31,13,23,28,31,,32,38,33,,,30,41,,24,26,22,,23,,45,37,,,38,25,,,33,35,32,,,17,21,18,24,26,26,18,34,38,41,36,31,19,24,20,31,27,21,29,24,35,41,33,36,,23,23,14,,9,5,18,27,24,18,23,17,16,33,16,28,,,24,14,12,12,10,21,20,10,8,22,11,36,,15,21,18,16,,,20,7,17,6,20,20,,11,20,20,,21,19,21,,18,20,12,24,18,17,17,,16,16,18,23,17,11,13,15,,13,19,7,15,20,10,,10,,8,,,,11,13,7,12,15,16,,13,,13,16,13,13,19,20,18,14,11,8,9,11,,7,11,9,9,9,12,10,13,,15,10,12,31,10,23,6,15,18,17,20,12,28,25,22,,10,17,18,23,24,,21,14,15,22,22,18,19,20,19,,21,24,23,14,18,37,16,17,15,14,14,,43,35,34,,36,30,40,23,,31,29,24,,24,19,21,21,17,,30,27,29,22,20,17,18,,20,18,19,18,29,,20,19,17,28,20,18,26,31,28,29,18,25,,32,29,29,,14,15,,20,16,11,14,,24,21,20,32,22,20,31,23,17,28,23,24,28,23,25,37,22,19,25,23,23,21,18,27,20,25,20,22,22,21,27,19,21,28,29,25,24,22,21,25,19,17,20,19,58,62,67,58,38,37,37,48,48,42,47,60,53,58,53,52,68,22,26,36,36,32,32,35,,35,50,49,18,15,,10,13,15,15,13,13,11,15,21,13,16,16,17,13,16,,,,17,21,,20,,21,16,17,22,,14,13,15,,,,,15,16,16,15,15,33,,23,,7,9,14,14,14,19,17,9,13,17,9,,,,,30,19,12,12,25,15,21,,16,16,18,14,11,12,20,6,27,15,14,18,23,28,,22,27,25,26,16,9,20,17,22,,22,15,,17,8,,5,10,9,,37,,5,,5,7,16,17,17,16,22,20,21,20,8,11,10,22,,36,30,,15,16,48,,63,65,14,19,95,105,,8,7,27,30,,,24,27,31,,25,23,19,26,6,26,22,,20,,,16,11,9,8,90,78,55,86,23,,79,51,49,41,39,50,86,85,105,,,66,49,,38,,49,65,81,100,19,17,28,28,42,34,29,39,26,,26,20,16,20,14,20,18,,11,,9,14,15,19,17,17,89,24,16,35,22,19,12,11,,,35,9,8,31,,28,22,30,16,,9,8,,,10,20,21,11,14,14,15,13,8,20,29,28,19,27,45,,32,22,,23,17,16,15,48,26,17,16,24,31,28,17,22,31,23,44,12,30,18,16,17,9,28,12,15,16,16,15,23,,28,20,20,27,11,15,28,24,23,32,38,21,29,25,23,18,19,43,,18,15,11,22,16,14,10,,,32,24,32,15,16,6,25,18,12,53,27,24,16,19,17,25,8,14,,16,40,37,44,33,19,59,21,18,19,25,35,22,19,23,22,23,24,19,40,36,21,20,16,19,13,11,14,19,13,23,26,32,25,26,30,31,23,30,31,41,38,23,28,14,30,20,25,35,24,23,34,,30,10,16,11,18,11,13,12,35,38,35,21,25,34,33,14,11,9,9,18,14,19,32,25,13,26,26,15,39,27,13,,15,16,15,12,17,13,16,15,15,,7,31,25,17,16,21,20,,17,32,35,34,20,22,22,71,42,32,51,50,26,12,7,14,13,14,12,42,17,15,28,18,23,31,15,6,8,16,11,17,21,19,18,18,13,14,15,7,69,80,71,79,98,71,19,18,12,20,29,38,38,41,14,23,29,25,18,39,44,17,26,30,44,39,17,17,11,11,17,19,13,30,30,41,33,39,30,26,21,14,28,31,13,18,27,18,15,12,17,10,18,15,27,14,10,15,20,20,18,16,22,8,13,28,30,14,18,23,16,15,24,6,18,12,11,20,16,14,18,12,15,45,54,33,33,22,11,17,33,31,19,19,,23,18,22,29,28,23,25,19,18,9,8,15,23,15,18,30,28,19,52,37,38,53,45,41,35,46,50,56,56,38,26,39,31,30,52,50,49,52,31,38,26,39,25,37,29,40,23,28,19,17,16,14,22,16,18,18,17,51,83,326,282,13,13,28,42,29,44,26,30,26,17,26,25,28,23,37,,13,19,32,43,18,16,19,13,5,12,19,19,30,16,19,27,15,21,20,22,32,15,16,,14,10,14,40,38,48,40,30,25,26,35,27,28,31,26,21,17,20,23,11,45,17,48,48,21,14,31,23,36,32,14,24,38,39,34,45,29,12,23,19,8,7,17,17,10,12,19,36
20230729,2,SO2,3,3,3,1,3,3,1,3,3,1,3,1,,,5,,2,4,6,,4,,,6,,3,2,,2,1,3,3,3,2,5,,1,3,,2,2,4,2,5,,4,,2,3,1,8,3,6,9,,3,2,,1,3,8,5,6,8,7,4,1,3,,4,5,4,1,4,2,,7,7,3,5,6,,3,11,7,6,6,3,,6,6,,,7,7,6,5,4,17,25,,7,8,10,16,6,,8,4,4,7,4,7,5,4,7,6,,3,4,4,6,4,5,3,4,3,3,8,5,6,3,6,7,5,5,4,4,5,8,4,8,6,3,4,,2,6,6,5,4,3,3,6,15,6,4,6,8,5,,6,7,8,6,8,6,6,8,4,4,4,4,,,,6,8,,6,7,4,,,,5,,3,5,7,5,10,5,8,5,6,,,,7,5,,3,5,5,7,6,,7,5,7,4,6,7,4,3,,4,,7,5,,6,3,,4,5,6,,6,3,5,5,2,4,7,,,3,4,4,4,6,5,5,,5,,,2,,6,3,,3,2,3,5,3,4,,2,4,4,3,3,5,5,4,5,4,4,2,5,5,8,8,7,8,2,,4,2,2,3,,3,,8,4,7,,5,4,10,,6,5,6,4,,4,7,5,5,5,,,4,6,10,6,4,5,1,1,1,2,1,1,3,3,3,6,7,7,5,6,5,5,,6,6,4,5,4,1,4,2,5,3,2,4,4,3,,5,4,9,5,6,6,5,7,4,5,6,4,4,8,,5,7,5,7,6,7,7,5,8,12,5,7,,7,6,8,7,7,8,11,5,7,3,5,,,9,7,7,4,6,6,6,4,7,13,6,8,10,12,9,5,9,21,7,10,,7,5,7,7,8,,5,6,5,7,6,6,6,,,7,9,6,4,6,,3,3,2,1,,,3,16,5,4,3,5,3,5,5,4,3,,8,,7,3,6,5,8,12,8,11,9,10,7,5,3,6,6,6,2,5,,4,,4,7,,6,,4,5,,,,,5,,,,22,20,5,4,14,5,5,,5,10,3,10,14,6,4,4,3,5,7,1,6,4,7,14,,12,6,12,8,6,7,8,6,7,,5,6,4,2,4,6,3,3,4,5,2,5,2,2,8,7,8,,,4,,3,2,4,1,6,,6,1,,,4,2,2,13,,8,6,6,,14,9,8,9,6,6,2,3,6,6,,,,10,,,5,,4,8,7,7,5,8,5,4,4,4,,6,,,19,,9,7,8,4,4,8,4,7,,11,11,4,5,12,4,6,10,4,22,1,5,1,7,4,7,4,5,4,6,,6,7,7,,4,4,,8,6,3,8,,,18,4,,,,4,,4,,7,6,9,8,8,10,,11,8,,8,7,,7,,9,7,8,,9,8,12,13,18,,6,4,3,4,2,3,3,4,5,6,4,3,6,4,4,6,6,6,6,4,35,8,3,2,6,5,6,6,4,5,5,3,6,,5,5,4,4,2,4,5,5,3,3,2,3,6,1,,6,8,6,,4,12,9,8,8,,11,10,7,,3,,3,4,5,3,8,6,4,,,,1,,2,,6,,2,,3,6,4,2,4,,6,,4,2,4,2,8,6,,12,9,8,8,6,2,,3,,,8,5,6,3,6,7,13,11,8,5,3,2,4,34,24,9,22,21,11,2,2,3,6,6,6,12,12,14,11,5,,10,6,15,6,4,5,6,3,,,,,1,1,,1,1,7,8,11,4,5,4,6,2,1,4,9,4,,4,2,,9,2,5,,6,4,,5,7,5,5,9,4,6,3,5,4,6,5,4,,23,7,2,16,27,9,21,9,2,,7,6,6,4,5,,,5,,,,,2,,,,,,,,,,,,,,,,4,,,,,,,,,,,,,,,,,,,,,,,,,,,,,,,,,,,,,,7,1,1,3,1,2,2,3,1,,,3,11,11,11,9,,10,5,6,4,4,6,12,,8,7,6,,,4,4,,9,8,3,,5,,30,34,,,5,5,,,2,3,15,,,3,2,8,10,10,5,6,3,3,7,12,5,3,5,7,6,10,4,7,14,8,6,3,3,,11,12,6,,8,5,5,6,4,2,7,3,7,5,6,5,,,6,8,7,9,9,12,6,9,3,3,6,14,9,3,2,4,1,,,8,6,3,1,7,3,,6,8,5,,6,5,7,,4,8,4,7,5,2,3,,4,4,4,9,2,3,5,5,,5,5,6,7,9,8,,5,,6,,,,2,6,7,6,4,4,,3,,6,6,4,6,5,,6,1,7,3,6,9,5,4,7,3,2,3,4,5,2,,8,2,4,3,7,7,27,14,16,20,14,11,19,8,8,,4,3,1,,3,,2,5,4,6,9,8,11,12,2,,2,2,6,1,4,4,4,4,1,6,4,,,7,6,,5,2,5,4,,4,3,3,,1,9,6,8,5,,6,6,4,7,9,5,4,,4,6,4,6,8,,6,8,7,5,5,5,6,5,6,7,4,4,,7,9,7,,6,7,,8,6,5,2,,6,4,6,9,11,3,41,6,13,24,15,4,8,8,6,6,4,4,2,2,4,8,5,6,3,4,9,7,10,11,10,11,4,12,14,35,2,5,4,10,6,,6,5,6,5,7,5,3,5,5,7,6,7,5,5,6,8,6,44,58,8,8,16,9,5,20,13,,5,4,4,6,4,,7,7,6,4,5,4,3,6,4,3,1,1,1,3,10,,,,6,7,,8,6,7,9,8,7,,7,8,6,,,,,5,5,6,6,8,1,,4,,4,5,9,9,8,13,2,4,7,5,5,,,,,4,2,4,4,24,4,2,,2,7,7,5,6,2,8,9,5,8,4,6,12,178,,12,8,7,5,7,9,4,8,9,,8,6,,7,7,,6,7,4,,9,,7,,8,8,3,7,11,8,5,7,6,8,5,5,4,8,,127,84,,5,6,6,,7,5,4,3,4,4,,5,5,7,6,,,,5,5,,10,8,13,10,11,12,5,,5,,,6,5,5,6,6,4,3,5,5,,9,8,9,6,5,12,2,2,,,,6,5,,5,,4,8,8,8,12,1,4,5,5,5,4,3,10,,5,3,7,2,5,2,2,,3,,6,2,3,4,7,7,8,10,4,5,6,8,5,3,,,2,4,6,6,,13,20,6,5,,5,4,,,2,3,6,4,7,6,2,4,5,5,5,6,6,7,8,,4,2,,9,1,7,6,5,11,10,6,17,3,4,6,3,1,5,14,2,41,3,2,2,6,4,8,11,10,8,8,6,,1,4,11,3,4,5,3,5,5,4,4,7,3,2,9,3,1,4,35,3,7,5,6,8,5,4,,,3,4,7,5,7,6,6,3,3,6,3,8,7,10,6,3,4,3,,5,8,4,25,98,5,6,6,7,6,8,5,9,2,5,6,3,4,8,29,11,10,2,7,7,7,6,6,2,4,4,6,5,7,8,5,6,6,4,6,6,7,18,2,6,6,8,6,48,2,5,8,,6,9,6,4,9,2,3,2,4,4,2,1,8,5,2,9,3,8,8,10,5,9,8,5,9,8,7,6,11,12,1,,3,6,6,3,6,10,,3,4,,1,5,4,4,13,11,9,,5,6,,7,6,6,5,5,15,29,6,8,5,2,1,4,4,4,5,6,4,4,20,3,9,13,,1,5,6,4,6,6,5,6,6,2,4,2,7,5,5,1,7,5,7,6,7,4,10,6,4,5,5,9,3,5,8,6,1,3,5,4,5,5,8,4,3,6,6,3,3,4,3,6,3,3,1,10,8,5,10,7,13,7,9,11,6,2,3,2,5,5,6,6,3,4,9,3,4,7,5,5,1,5,8,,3,3,5,2,9,4,7,15,5,2,4,,3,7,3,15,3,63,9,3,7,5,3,6,2,2,3,,8,7,7,8,6,6,6,4,3,5,4,2,6,4,2,17,7,5,6,14,6,8,1,1,1,3,2,3,2,4,3,5,8,9,4,8,8,10,6,8,2,3,5,3,9,9,2,6,8,6,9,6,4,3,3,2,,10,8,4,10,4,6,7,9,6,38,7,9,10,4,8,10,11,8,8,,6,2,4,3,6,6,1,4,6,8,6,7,2,3,7,2,4,7,15,3,6,1,4,,4,6,1,9,,7,8,5,3,1,3,3,3,6,7,4,3,13,13,5,7,4,3,2,3,3,3,3,7,7,3,2,7,4,3,9,5,4,6,6,5,7,12,11,4,8,6,8
20230729,2,SO2_24h,3,3,3,3,3,3,2,3,3,3,3,3,,,5,,2,5,5,,4,,4,5,,3,3,,2,2,2,3,3,2,6,,2,3,,2,3,4,2,5,,5,,2,3,3,8,3,6,9,,4,3,,2,2,9,10,8,14,11,5,2,2,,4,5,9,2,4,2,,6,6,3,5,6,,3,6,6,6,4,3,,6,6,,,8,7,7,6,5,8,15,,6,8,12,9,10,,11,4,4,8,5,7,5,4,6,6,6,4,4,4,5,3,5,4,4,3,2,8,5,6,4,6,7,5,6,3,4,5,8,4,8,6,3,5,,2,6,6,5,4,3,3,6,8,6,4,6,7,5,,6,8,8,6,8,6,6,8,4,4,4,4,,,,6,8,,6,8,4,,,,6,,3,5,7,5,10,6,8,6,6,,,,8,5,,3,5,4,8,6,,7,5,7,4,6,7,4,3,,4,,6,5,,6,4,,4,5,6,,6,4,5,5,2,4,7,,,3,4,4,4,6,5,5,,5,,,2,,6,3,,3,2,3,5,4,4,,2,3,4,3,2,5,4,3,5,4,4,3,5,5,8,8,8,8,2,,4,2,2,3,,3,,8,6,8,,5,4,8,,7,5,6,5,,4,7,5,6,5,,,4,6,9,6,5,5,1,1,3,2,1,6,2,2,3,9,7,8,9,6,7,5,,6,6,3,5,4,2,4,2,5,2,2,5,8,7,,5,5,10,8,7,6,6,8,4,5,6,5,4,7,,5,7,5,8,6,8,5,6,7,11,5,7,,8,4,8,6,7,8,11,7,8,5,6,,,10,8,7,3,5,5,6,4,7,13,7,9,11,11,12,7,8,15,8,9,,6,6,7,7,7,,5,5,4,6,6,4,6,,,6,8,5,3,4,,3,3,3,2,,,2,7,4,3,3,5,4,5,4,3,3,,8,6,8,3,6,5,8,10,9,12,14,11,7,5,3,6,6,6,2,5,,4,,4,6,,7,,7,9,,,,,5,,,,10,13,5,5,14,5,5,,7,10,3,11,11,7,4,3,4,6,8,2,6,4,7,14,,13,9,14,7,6,8,10,9,7,,5,6,4,4,4,6,3,3,2,5,2,5,2,2,9,7,8,,,5,,4,2,4,2,7,,7,2,,,4,3,2,12,,8,7,7,,11,9,10,8,6,6,2,3,5,6,,,,10,,,5,,5,8,7,8,5,7,6,5,4,4,,10,,,15,,11,9,12,6,6,9,6,8,,8,8,12,10,6,4,8,8,4,11,1,5,2,7,4,7,5,6,5,7,,7,6,7,,4,5,,7,6,2,6,5,,15,5,,,3,5,,4,,7,5,8,8,8,11,,12,9,,8,6,,7,,10,8,9,,9,8,12,14,16,,7,5,4,5,3,4,3,15,5,7,6,4,7,5,5,6,6,6,6,11,16,10,4,5,5,5,6,6,4,6,5,3,7,,5,5,4,4,2,4,5,6,2,3,2,3,5,2,,6,8,6,,4,11,8,10,9,,11,10,7,,3,,2,4,6,3,8,8,5,,,,1,,3,,6,,3,,2,6,4,4,4,,6,,4,2,4,2,7,5,,11,9,9,7,7,3,,4,,,7,5,6,3,6,7,8,7,6,5,4,2,5,19,17,12,16,25,11,1,2,3,6,6,6,6,8,6,8,4,,9,7,16,6,5,4,6,2,,,,,2,3,,4,1,8,8,7,4,5,4,7,2,1,6,4,4,,4,3,,8,2,5,,6,4,,5,7,5,5,9,4,6,9,5,4,6,5,4,,23,30,3,17,30,8,11,9,2,,6,8,6,6,6,,,4,,,,,3,,,,,,,,,,,,,,,,5,,,,,,,,,,,,,,,,,,,,,,,,,,,,,,,,,,,,,,7,2,2,2,1,2,2,4,2,,,3,9,9,9,8,,7,5,6,4,4,6,12,,9,10,5,,,3,3,,14,12,2,,5,,22,23,,,5,3,,,8,4,13,,,4,3,7,10,11,5,7,4,4,8,8,5,3,6,8,9,9,4,6,10,8,6,3,4,,7,7,9,,7,4,7,5,5,4,6,4,8,6,7,5,,,6,8,7,9,10,12,5,9,6,4,6,15,10,2,2,4,1,,,7,7,3,2,5,3,,6,9,5,,6,5,8,,4,8,5,8,5,2,3,,3,3,4,8,3,3,5,5,,4,6,6,7,9,8,,5,,7,,,,3,7,8,6,4,4,,4,,7,6,5,6,6,8,6,1,10,4,7,10,5,5,6,4,4,4,4,3,2,,8,2,4,5,7,6,29,13,14,16,13,11,12,8,8,,6,9,12,16,10,,1,5,5,6,10,8,10,14,2,,4,3,7,4,4,4,5,5,2,7,9,,5,5,7,,6,3,6,6,,5,5,4,,2,9,3,8,5,,6,5,4,7,9,4,4,,5,7,5,6,6,,10,8,8,4,5,5,6,6,6,7,4,4,,8,9,7,,6,7,,7,5,5,2,,6,4,6,9,10,4,18,13,11,21,14,4,7,6,6,7,4,4,2,2,4,5,5,6,3,5,6,7,9,11,9,10,4,7,8,8,2,8,5,9,6,5,6,5,10,7,7,7,9,6,6,10,8,14,6,8,6,9,7,13,13,7,8,10,9,6,10,7,,8,4,3,6,4,,6,7,6,3,6,5,3,5,4,2,2,1,2,3,10,,,,6,15,,8,6,7,8,8,7,,7,8,6,,,,,5,5,6,6,7,2,,4,,4,4,8,10,7,11,2,5,6,5,5,,,,,2,2,4,4,14,5,1,,3,8,7,6,7,3,8,9,5,10,4,6,22,31,,13,11,7,5,7,9,5,8,14,,8,6,,7,7,,6,7,4,,7,,7,,8,8,2,5,7,7,5,7,6,8,5,5,4,8,,79,37,,6,7,6,,6,4,4,3,4,4,,5,5,8,8,,,7,6,4,,11,10,14,10,11,11,7,,9,,,7,5,4,6,6,4,4,5,5,,8,8,9,6,6,15,3,2,3,,,7,6,,5,,4,10,8,10,14,2,4,6,6,5,4,3,10,,5,2,8,2,4,2,2,,4,,6,3,3,4,7,7,10,7,5,7,7,8,5,3,,,2,4,5,6,,8,12,6,4,,5,5,,,2,4,5,4,7,6,2,5,5,5,6,5,6,6,7,,4,3,,6,4,8,5,5,15,4,7,12,3,4,6,3,2,5,12,3,26,4,2,3,5,5,8,6,8,8,9,6,,2,5,7,3,3,5,3,6,5,5,4,8,5,4,8,3,1,5,31,4,6,5,6,9,5,4,,,6,4,7,7,7,6,6,3,6,6,3,8,8,16,6,4,4,4,,5,11,6,17,31,5,5,6,7,6,7,5,7,2,5,6,3,6,8,26,10,10,3,7,6,7,6,6,2,4,6,8,7,8,8,5,7,6,4,7,8,8,12,2,7,9,7,8,5,2,6,8,,6,9,6,4,10,3,4,2,6,5,2,1,8,5,3,8,3,6,8,10,4,9,8,10,9,9,7,6,10,12,2,,3,6,3,3,7,10,9,5,6,,1,3,4,4,7,8,8,,6,7,5,8,6,6,5,6,11,31,10,10,5,2,1,4,5,4,4,6,8,5,4,3,12,12,4,2,6,6,4,8,5,5,6,6,2,5,2,7,4,9,2,6,6,8,14,8,6,8,6,5,7,5,8,4,6,7,6,1,3,5,4,5,6,8,4,3,6,6,3,3,4,4,6,4,5,6,10,8,5,16,6,14,7,9,8,4,3,2,2,6,4,6,6,4,3,9,3,4,7,6,5,2,5,6,3,5,4,6,4,10,5,7,7,5,2,4,3,2,7,4,11,11,13,7,4,4,5,4,5,2,3,3,,8,5,7,9,6,6,6,4,3,5,4,1,6,3,2,16,9,6,8,14,6,8,1,1,1,3,3,4,3,5,5,8,7,9,3,8,7,10,7,8,2,6,5,2,8,13,2,7,5,7,8,7,4,4,3,2,5,10,6,7,8,4,6,5,11,8,29,9,7,11,5,9,9,13,11,8,,6,3,5,2,6,5,3,4,6,7,6,7,2,4,7,3,4,7,5,4,8,1,4,,4,6,2,12,5,7,9,4,3,2,3,2,3,6,12,4,4,12,12,8,6,4,4,3,3,3,3,3,10,6,3,2,10,6,4,10,5,4,4,6,6,7,6,12,5,8,6,14
20230729,2,NO2,36,3,23,26,47,57,36,30,10,14,55,14,,,11,,17,17,23,,16,,,10,,15,20,,8,12,17,4,11,10,10,,9,17,,21,11,10,9,39,,43,,5,2,9,9,14,10,13,,14,7,,15,18,12,34,34,25,42,14,26,29,,28,31,29,32,10,13,,5,8,10,11,34,,6,24,25,59,18,46,,27,36,,,32,45,24,31,21,33,21,,24,12,9,14,14,,10,12,10,7,10,14,10,12,16,24,,16,11,12,12,13,8,2,10,13,11,10,22,7,6,13,15,17,16,19,6,10,16,7,2,6,6,2,,6,15,5,11,5,10,6,3,6,5,10,7,7,4,,2,2,4,2,2,1,8,8,2,7,5,5,,,,8,8,,9,9,10,,,,14,,6,10,3,6,9,9,6,5,11,,,,3,7,,21,23,18,6,5,,4,6,7,5,4,4,1,2,,4,,4,5,,12,11,,8,13,13,,9,4,15,13,3,4,4,,,2,2,2,6,3,1,4,,12,,,7,,2,8,,2,2,4,4,2,2,,15,14,16,13,12,9,2,2,12,10,6,8,8,12,6,13,6,10,2,,5,6,4,5,,1,,9,6,4,,1,3,6,,8,15,30,26,,33,28,24,38,2,,,5,6,9,8,6,6,10,5,7,10,5,5,4,4,14,15,18,13,16,18,26,12,,18,15,19,22,32,20,21,19,15,29,28,2,,14,,45,39,24,24,17,24,13,14,9,8,14,15,13,29,,6,8,10,22,11,8,9,5,16,14,22,16,,11,30,22,12,8,6,6,11,10,13,9,,,18,15,17,23,18,12,12,29,41,44,27,17,54,47,74,45,49,22,60,51,,22,19,12,19,5,,31,62,33,10,34,24,15,,,67,36,47,22,25,,15,69,65,36,,,26,7,12,19,18,18,13,16,12,17,16,,12,,11,14,9,12,19,12,23,14,7,11,28,12,18,16,14,16,6,15,,20,,19,16,,36,,22,23,,,,,13,,,,19,36,12,15,24,21,12,,12,17,17,18,19,19,11,26,9,7,11,7,6,23,6,45,,49,57,60,33,35,22,14,22,50,,12,11,18,2,1,3,2,7,14,7,3,24,15,33,3,5,3,,,13,,7,2,4,5,6,,10,7,,,16,20,16,25,,7,9,12,,22,10,9,12,8,2,2,2,2,4,,,,8,,,11,,8,8,5,6,12,2,2,3,3,2,,6,,,19,,8,12,22,5,7,6,8,4,,28,21,20,12,36,10,10,16,17,30,10,18,10,4,4,4,24,16,11,10,,12,6,6,,5,6,,7,9,19,9,,,22,16,,,,19,,27,,39,38,25,24,4,11,,4,6,,26,34,,35,,12,13,10,,12,11,20,11,7,,4,9,4,6,8,7,3,33,27,20,27,19,22,8,25,28,8,9,10,19,6,16,19,19,7,7,6,7,7,2,7,5,5,,6,7,8,6,9,11,6,7,6,5,6,10,10,8,,5,7,8,,5,14,17,15,8,,16,15,2,,1,,4,6,8,3,3,2,2,,,,6,,6,,12,,2,,10,6,11,14,12,,6,,15,15,10,9,14,24,,13,21,7,10,10,4,,6,,,4,8,11,7,3,10,18,17,16,14,3,2,2,16,34,24,28,18,13,14,12,5,10,11,8,24,35,31,29,24,,16,10,31,12,18,12,6,6,,,,,4,13,,19,4,13,8,11,15,7,15,11,20,18,13,19,13,,9,13,,13,6,18,,17,16,,17,2,6,23,9,11,8,7,7,18,15,12,9,,17,18,8,7,18,17,13,1,3,,15,2,9,7,3,,,36,,,,,6,,,,,,,,,,,,,,,,2,,,,,,,,,,,,,,,,,,,,,,,,,,,,,,,,,,,,,,11,5,7,8,4,5,5,6,2,,,6,23,21,23,21,,24,23,24,16,9,32,25,,16,18,19,,,20,23,,34,41,37,,30,,10,15,,,11,7,,,13,6,30,,,9,7,3,7,11,5,5,12,13,10,8,7,1,4,6,8,21,30,17,31,10,10,15,14,,23,19,8,,5,2,8,16,6,7,5,5,13,16,8,13,,,8,14,11,16,8,8,1,7,3,11,11,1,8,9,6,12,5,,,12,11,9,2,16,13,,5,9,10,,9,11,14,,14,11,14,14,10,6,4,,6,7,7,14,8,6,9,8,,11,1,2,4,16,11,,12,,14,,,,1,7,4,5,6,8,,5,,14,9,15,3,2,,2,2,13,11,12,6,,3,10,4,8,12,5,6,6,,4,3,3,6,4,5,4,6,17,9,11,13,13,11,15,,4,1,2,,3,,6,5,8,11,11,9,10,18,32,,9,11,7,3,2,3,3,3,6,6,2,,15,9,7,,10,5,14,6,,6,4,8,,9,8,5,7,6,,6,2,7,4,10,12,8,,8,4,6,16,22,,24,29,5,6,4,9,11,10,10,9,23,6,,10,9,10,,5,6,,10,4,2,3,,1,4,6,8,17,16,12,15,8,14,11,7,8,8,6,12,4,5,7,4,6,28,18,25,19,30,7,9,9,14,14,2,6,8,6,12,4,5,1,10,1,,8,11,47,14,21,34,22,7,6,9,10,28,12,6,5,5,8,14,21,23,13,16,16,13,21,18,,7,11,10,7,10,,6,7,10,12,18,6,11,11,14,15,29,31,14,7,43,,,,21,14,,15,17,27,29,33,34,,17,5,8,,,,,12,4,7,10,12,7,,12,,28,6,15,5,11,10,3,18,16,22,17,,,,,8,6,6,5,17,20,16,,5,5,4,10,13,5,11,13,16,16,10,12,32,30,,16,12,12,14,15,12,5,6,11,,10,11,,8,13,,9,8,27,,4,,7,,2,4,15,23,23,15,58,19,15,15,2,7,4,13,,11,12,,12,16,16,,7,6,20,15,11,26,,4,2,24,55,,,,14,67,,18,10,11,14,8,4,20,,10,,,12,16,6,4,16,10,8,9,10,,11,5,8,4,2,14,6,7,,,,13,12,,21,,3,12,9,4,20,1,4,19,8,15,11,6,19,,32,7,11,18,3,7,8,,13,,10,8,25,9,26,28,18,15,10,18,23,10,4,10,,,32,2,11,11,,26,18,28,8,,5,8,,,14,8,12,2,12,9,6,6,6,10,7,33,17,7,41,,15,6,,17,7,6,10,3,73,9,6,19,6,20,7,4,20,5,65,2,18,9,5,14,42,18,9,10,8,8,9,2,,6,7,38,5,8,23,5,5,4,4,4,25,18,12,15,12,10,12,19,9,10,2,20,8,16,22,,,14,7,10,18,5,3,8,14,10,18,7,14,15,25,6,6,9,6,,3,20,21,16,24,12,8,6,8,5,6,9,6,4,8,8,12,,36,11,35,12,14,9,2,8,3,1,10,5,10,,20,15,22,22,23,8,25,24,5,14,23,13,14,32,13,14,21,5,26,16,,13,8,16,8,12,4,4,4,12,11,8,7,8,4,2,9,17,11,18,15,15,8,18,20,12,21,24,12,27,13,31,,36,8,24,5,22,13,,4,7,,2,12,17,16,20,24,36,,8,59,,12,7,8,2,43,12,22,7,7,24,4,7,12,5,2,5,11,8,5,12,7,76,37,,7,11,6,6,17,9,3,7,2,2,2,4,2,8,16,6,14,6,7,10,5,10,13,16,7,31,8,6,14,11,8,7,12,8,10,27,10,39,39,5,8,9,10,14,14,9,2,6,9,9,10,12,10,10,10,9,15,4,26,15,16,20,27,18,20,12,9,9,13,6,10,13,10,15,5,16,4,2,18,,9,16,20,9,15,37,6,12,3,16,3,,5,1,8,18,17,19,14,5,11,4,7,22,11,3,6,,6,4,26,3,13,15,38,24,14,10,10,15,2,7,1,50,17,12,8,17,2,28,12,15,12,8,15,27,22,12,2,2,14,16,38,34,54,57,34,39,9,2,25,6,27,14,5,19,17,12,14,4,10,18,12,12,,1,12,6,8,13,14,15,16,22,9,7,22,3,21,12,19,30,29,33,,3,3,2,2,11,8,9,6,8,29,17,8,18,12,14,18,13,15,20,1,,10,22,,17,6,5,14,,28,2,17,20,24,23,6,61,36,11,12,29,41,20,5,3,1,31,6,11,3,19,20,37,52,6,1,8,11,14,15,13,1,20,13,4,6,17,11,5,12,14,6
20230729,2,NO2_24h,23,7,13,17,23,24,29,15,12,21,31,21,,,16,,19,19,20,,20,,25,14,,12,16,,7,12,12,5,12,12,11,,16,17,,17,13,11,22,23,,23,,10,6,11,7,10,9,11,,13,8,,13,13,9,26,19,21,22,8,17,20,,16,16,15,20,8,12,,10,14,15,16,22,,8,19,20,22,15,22,,19,25,,,22,24,26,23,13,26,16,,16,12,12,15,15,,10,14,13,10,10,11,13,14,10,12,14,18,13,10,11,13,6,3,13,10,15,11,13,8,10,15,19,23,20,22,8,13,19,9,5,9,9,3,,9,14,9,13,9,14,9,9,10,10,15,13,9,5,,3,4,8,4,2,10,8,9,2,7,6,6,,,,7,8,,9,7,9,,,,16,,15,22,10,14,18,14,14,11,17,,,,12,10,,21,21,19,8,6,,5,7,9,6,5,7,2,3,,6,,6,8,,16,12,,12,14,14,,12,7,19,13,8,6,7,,,2,6,4,6,3,2,8,,17,,,10,,5,11,,3,3,5,5,2,2,,18,19,10,9,9,9,6,6,16,13,8,11,9,14,8,18,10,12,2,,4,3,5,3,,3,,12,13,11,,6,7,7,,14,15,19,16,,21,20,24,22,4,,,7,10,14,9,7,11,14,8,12,17,8,10,8,9,15,20,22,17,24,18,23,18,,18,17,9,8,13,12,15,18,10,14,10,3,31,14,,20,23,18,16,22,19,18,11,16,20,19,28,22,21,,15,10,8,27,14,19,11,13,9,14,16,13,,18,22,22,14,11,10,9,14,16,15,13,,,15,12,20,16,11,8,13,20,17,23,15,14,32,29,60,29,36,18,32,42,,13,18,14,13,6,,17,36,18,26,32,23,18,,,34,37,27,22,30,,6,12,15,15,,,11,3,11,22,11,12,14,18,14,16,16,,14,10,16,21,16,18,14,16,17,11,20,17,18,12,22,11,15,14,8,10,,18,,17,14,,28,,32,32,,,,,12,,,,16,21,24,33,41,29,7,,22,17,13,15,19,13,9,12,9,8,11,13,5,17,6,24,,22,22,21,17,21,15,14,15,19,,10,10,11,5,2,6,3,10,13,7,2,8,3,9,2,5,3,,,11,,7,3,4,5,9,,11,8,,,13,14,13,22,,7,12,10,,14,12,10,12,8,3,2,2,2,7,,,,4,,,10,,7,5,5,4,13,2,4,6,3,5,,5,,,8,,4,8,9,8,10,10,11,6,,12,18,15,14,16,14,11,12,13,17,10,11,9,7,6,5,14,10,9,11,,10,8,6,,6,6,,6,5,10,4,8,,23,10,,,4,10,,19,,21,17,14,19,10,16,,8,10,,16,19,,19,,11,13,11,,11,11,24,20,12,,6,7,7,10,12,7,3,17,12,8,12,5,14,12,13,22,9,7,15,9,6,8,12,13,8,9,14,7,9,2,13,11,10,,8,11,13,9,11,13,10,22,7,10,8,14,12,12,,7,10,10,,6,13,17,13,8,,15,14,2,,10,,11,13,17,12,11,6,9,,,,7,,9,,12,,6,,12,10,9,11,16,,7,,18,18,12,11,9,13,,10,16,9,11,10,4,,4,,,3,10,14,8,4,5,10,8,10,9,4,4,7,10,20,20,15,22,13,6,6,7,17,13,10,10,14,13,14,13,,12,13,25,25,12,10,5,7,,,,,5,11,,8,4,11,8,11,13,7,14,10,13,13,12,15,12,,14,12,,13,8,21,,13,18,,18,6,8,20,14,11,11,11,13,18,21,18,15,,18,22,18,10,14,14,12,4,6,,6,4,23,15,6,,,17,,,,,6,,,,,,,,,,,,,,,,4,,,,,,,,,,,,,,,,,,,,,,,,,,,,,,,,,,,,,,8,6,7,9,5,6,6,7,3,,,3,14,14,15,14,,12,10,8,12,7,13,20,,16,18,8,,,9,12,,15,17,22,,18,,16,16,,,13,14,,,9,8,13,,,12,9,5,8,14,8,6,10,10,9,7,6,5,5,9,12,14,18,16,18,10,10,15,12,,12,11,7,,5,5,9,12,11,8,8,7,14,16,11,13,,,7,12,10,15,9,11,5,8,4,12,12,2,12,8,8,11,4,,,10,12,8,2,13,11,,4,8,11,,11,9,17,,10,9,13,12,10,8,4,,6,9,7,13,9,7,11,10,,9,4,5,5,20,18,,11,,13,,,,5,10,9,7,5,6,,7,,15,16,16,2,2,2,2,2,7,9,7,6,,5,6,3,5,6,4,3,6,,3,4,7,7,7,8,4,6,7,6,11,7,9,10,7,,4,4,4,10,9,,3,3,6,8,9,6,8,13,11,,9,12,6,3,4,3,3,5,6,7,4,,22,17,13,,13,7,14,9,,9,7,8,,6,6,5,8,6,,9,4,8,6,8,10,7,,9,5,7,11,11,,16,14,5,7,6,6,12,10,10,11,12,10,,8,8,10,,4,6,,5,4,5,8,,3,5,5,12,12,8,9,11,9,12,11,5,5,6,7,7,5,7,6,4,5,21,9,15,10,17,5,7,8,9,11,2,8,5,4,6,4,9,5,10,4,4,7,9,32,19,24,21,16,8,10,15,15,16,16,16,16,18,9,15,21,11,10,14,14,11,11,15,,10,10,15,8,10,,6,4,11,9,11,7,8,9,11,9,16,15,10,5,15,,,,8,9,,10,17,22,20,24,20,,12,9,8,,,,,7,5,8,8,7,15,,11,,11,4,7,9,10,12,5,10,12,15,8,,,,,11,6,8,8,15,18,13,,6,8,8,7,8,7,14,15,16,12,9,10,22,22,,10,9,11,12,11,13,12,11,10,,13,10,,10,10,,5,8,10,,7,,7,,4,5,8,9,12,9,15,10,11,11,3,7,6,8,,16,13,,10,11,18,,10,10,20,20,18,18,,5,5,15,23,,,17,15,22,,10,9,12,9,7,6,16,,8,,,11,14,8,10,21,22,28,35,9,,13,9,10,8,9,11,14,14,11,,,13,12,,29,,13,9,7,35,16,2,6,14,13,17,12,8,15,,25,8,16,19,4,12,15,,12,,4,8,9,9,22,16,18,10,9,15,14,6,7,9,,,19,2,16,14,,20,16,21,4,,7,11,,,12,14,15,2,12,9,6,10,7,15,8,34,15,16,20,,16,8,,15,9,7,6,6,13,9,4,9,10,16,6,2,17,9,27,4,20,8,6,14,14,16,7,9,9,8,8,9,,5,9,37,5,8,19,3,3,4,10,7,21,6,9,15,17,17,14,21,7,13,2,24,12,12,14,,,16,7,10,16,6,4,7,16,8,20,10,6,20,16,4,9,5,7,,6,28,21,16,18,12,18,11,5,8,9,10,7,9,11,6,11,17,24,16,14,23,16,6,6,10,3,2,13,6,12,19,28,20,17,20,14,14,23,30,14,15,14,11,7,12,11,11,7,4,16,14,,16,8,16,7,18,4,5,5,14,12,7,7,9,15,9,7,12,8,22,15,15,5,15,13,9,19,21,7,30,23,9,,11,8,9,6,22,13,5,6,5,,3,11,17,13,15,12,13,,13,23,9,13,4,8,4,27,10,9,13,16,9,8,7,19,11,8,8,11,11,3,10,5,29,20,8,7,14,9,7,19,18,11,15,3,2,2,5,2,15,27,9,25,14,5,21,6,6,5,19,15,14,11,4,13,10,10,5,11,10,11,15,9,17,18,5,9,11,10,12,14,9,7,9,18,14,12,15,10,9,12,10,14,6,20,20,10,11,16,10,13,11,8,13,8,6,7,11,10,11,5,12,6,4,14,17,9,14,16,8,13,19,12,13,5,14,2,3,3,2,3,9,16,14,11,7,11,6,7,13,12,4,4,,9,6,16,5,9,15,20,19,15,14,12,18,2,9,2,18,14,13,14,17,9,29,10,13,14,14,18,20,19,14,6,6,13,13,21,15,17,13,15,18,10,10,17,10,13,13,5,18,14,12,12,8,15,10,12,13,11,3,21,9,12,10,12,17,12,15,16,4,26,7,15,11,18,16,22,27,,6,4,10,10,17,7,9,8,10,21,20,12,10,9,13,23,11,16,15,8,17,17,17,,8,6,4,8,8,17,12,9,13,18,17,11,33,20,11,12,18,20,30,8,8,5,20,17,10,4,21,13,33,24,6,3,18,11,15,14,11,4,9,9,4,7,10,7,5,6,13,14
20230729,2,O3,36,37,37,35,23,,26,26,48,38,15,52,,,43,,35,39,36,,39,,,31,,28,42,,104,98,83,104,106,113,119,,34,26,,19,22,44,43,15,,7,,48,53,52,88,74,89,98,,93,52,,54,74,42,12,4,20,3,,44,37,,40,19,17,21,59,63,,77,72,70,81,56,,58,78,73,29,84,13,,66,78,,,66,58,75,66,10,2,13,,4,24,29,22,24,,27,32,32,27,25,25,32,28,24,16,,44,46,48,50,49,50,67,47,42,49,77,41,70,57,59,63,56,54,54,56,66,56,17,20,18,22,20,,23,13,18,21,12,17,20,16,18,18,19,18,17,16,,18,20,20,19,19,18,18,17,20,16,19,22,,,,16,16,,23,19,20,,,,5,,22,24,14,23,18,13,18,19,14,,,,21,16,,10,4,8,18,16,,15,18,13,19,16,20,22,24,,29,,24,21,,10,14,,22,14,19,,15,25,13,12,23,22,27,,,29,28,30,50,55,49,42,,18,,,26,,24,16,,44,41,41,15,16,16,,23,23,17,26,26,49,58,52,21,19,25,27,18,21,21,17,22,24,,,52,50,51,46,,49,,46,49,39,,48,54,11,,53,12,11,15,,7,14,17,5,18,,,24,27,16,27,28,30,46,49,57,54,48,40,48,43,51,39,29,39,36,28,29,34,,22,48,18,18,7,21,17,20,25,9,7,32,65,66,,23,31,49,49,63,37,68,32,91,96,87,97,71,78,,81,69,55,87,101,96,88,73,38,47,36,41,,52,25,33,71,73,76,74,59,64,55,70,,,82,79,92,72,84,99,91,60,9,22,31,42,14,5,13,16,18,30,18,10,,39,39,46,38,80,,8,4,7,35,1,32,30,,,5,15,4,22,11,,35,3,,20,,,67,86,17,34,20,23,26,32,36,34,10,,52,,50,49,47,50,64,74,68,63,89,79,39,51,38,46,43,52,54,37,,38,,41,39,,54,,71,74,,,,,72,,,,77,39,80,90,70,75,72,,72,24,47,20,18,4,28,9,25,29,32,110,8,7,27,60,,40,37,37,41,66,98,90,68,38,,38,33,31,64,51,54,58,39,39,47,45,33,35,23,60,62,68,,,15,,29,23,22,16,44,,41,37,,,6,8,10,14,,26,14,20,,14,30,28,22,21,19,31,27,24,20,,,,18,,,12,,17,18,25,18,22,27,,23,31,27,,23,,,37,,23,16,16,113,124,107,103,127,,34,43,47,54,19,52,73,23,24,11,20,9,20,76,79,70,7,15,21,60,,45,48,42,,42,37,,82,55,60,66,,,13,21,,,,13,,31,,47,45,46,71,119,115,,119,113,,40,39,,38,,117,114,125,,115,107,109,96,117,,30,25,34,32,32,33,61,13,15,17,13,10,4,32,8,6,30,27,7,30,48,38,32,39,66,61,58,60,62,52,61,72,67,,72,67,66,64,58,63,76,61,69,60,62,22,20,23,,19,18,21,,27,26,28,28,26,,28,21,55,,74,,73,71,82,79,52,45,54,,,,32,,33,,72,,82,,50,52,46,57,60,,59,,34,49,39,51,59,55,,40,35,49,37,41,49,,58,,,44,20,22,,64,25,25,26,46,24,88,82,72,35,18,26,25,28,48,47,38,42,51,51,53,22,10,13,12,17,,52,65,22,34,3,27,31,37,,,,,66,48,,30,38,26,36,41,28,31,27,30,20,11,19,37,36,,52,53,,58,54,54,,50,52,,59,57,56,48,62,57,63,61,60,33,56,51,49,,109,104,111,90,68,69,72,124,127,,68,116,96,92,103,,,8,,,,,29,,,,,,,,,,,,,,,,30,,,,,,,,,,,,,,,,,,,,,,,,,,,,,,,,,,,,,,22,42,35,39,40,35,34,34,36,,,,63,64,61,65,,47,34,42,65,59,22,89,,100,99,73,,,65,62,,11,25,25,,40,,106,96,,,78,55,,,86,108,46,,,84,74,113,114,127,132,140,36,27,44,38,38,34,24,30,26,13,9,17,4,81,61,87,73,,22,25,47,,19,20,16,8,72,63,100,104,4,5,4,45,,,51,41,37,33,5,79,67,64,60,22,22,18,64,57,71,61,96,,,36,70,76,92,51,56,,36,13,11,,15,12,14,,14,12,14,11,3,23,26,,23,24,25,23,31,22,23,26,,25,44,40,37,11,19,,18,,20,,,,25,24,22,23,21,21,,19,,20,18,31,64,66,,61,,11,18,13,,,28,21,24,,12,20,19,,,56,34,29,29,32,30,15,37,27,32,30,21,23,29,17,,32,38,38,,36,,22,29,35,24,32,28,30,23,2,,15,27,25,48,50,44,41,47,33,36,31,,43,43,46,,40,44,37,34,,32,32,45,,45,34,40,36,37,,51,54,47,52,27,18,18,,36,35,36,15,8,,7,8,53,22,19,17,61,61,58,61,15,30,,73,79,74,,42,40,,15,20,48,47,,47,48,40,24,19,37,44,44,68,54,56,23,66,58,70,49,66,78,78,72,74,46,18,17,23,5,17,36,24,17,29,38,43,39,33,34,53,77,72,64,76,,7,6,1,1,29,5,56,54,79,69,66,53,90,98,94,89,49,52,52,28,38,48,32,4,22,22,,44,64,70,36,21,,25,33,30,38,31,62,60,60,60,50,21,24,52,5,13,,,,27,31,,38,5,5,6,3,2,,27,34,42,,,,,50,64,60,56,64,24,,19,,6,27,15,37,26,30,17,16,57,33,55,,,,,12,20,58,65,25,18,26,,44,29,25,74,73,71,62,67,10,6,12,17,12,16,,17,24,29,24,16,4,71,66,7,,21,12,,69,39,,58,54,39,,61,,79,,28,27,14,19,18,5,5,75,93,92,47,24,25,32,,89,92,,39,50,78,,131,126,64,76,116,82,,72,76,52,19,,,,68,5,,69,94,87,57,59,132,62,,69,,,77,70,88,84,100,100,124,122,78,,85,117,106,120,123,99,119,119,,,,95,93,,31,,98,72,79,80,43,55,108,50,45,35,37,108,97,,30,62,10,12,26,21,21,,21,,16,34,55,27,15,10,106,63,17,14,6,34,19,30,,,35,50,18,46,,65,83,56,24,,25,12,,,14,17,17,22,16,18,19,21,22,16,79,28,39,40,28,,37,37,,45,51,47,44,104,20,87,27,18,71,24,46,55,33,43,11,30,86,14,39,14,11,39,22,35,44,25,41,69,,58,47,14,52,77,44,55,56,58,53,35,49,7,27,39,8,59,83,105,24,23,23,41,67,12,9,,,87,27,71,20,26,80,65,3,32,78,54,17,18,58,39,31,39,23,,47,81,76,76,74,58,105,18,16,19,21,21,17,23,19,18,30,18,51,110,46,108,9,18,21,17,20,23,14,21,57,60,73,63,53,60,53,77,70,89,100,50,30,90,14,3,44,86,45,42,23,34,,38,22,15,20,20,26,20,21,81,77,41,42,31,63,72,27,18,31,42,16,34,44,18,6,40,34,18,42,20,26,33,,20,42,36,25,12,21,,21,16,,27,41,27,22,34,34,26,,38,3,,55,24,49,88,27,39,11,62,95,21,17,23,16,27,28,39,32,13,18,77,35,36,46,,21,24,18,20,8,20,22,20,21,21,24,16,24,88,89,93,87,80,68,52,92,45,32,66,114,19,72,35,91,63,72,58,98,35,49,47,49,25,20,21,19,24,25,18,18,14,50,41,47,43,41,82,39,29,20,67,8,44,10,23,32,53,37,58,24,49,52,28,19,20,23,11,13,21,26,17,25,28,45,,30,5,6,12,69,48,81,72,67,55,54,,60,58,18,21,50,46,40,47,22,66,44,23,38,37,31,,26,25,44,79,59,14,19,55,51,27,18,19,55,17,46,4,24,78,115,105,123,31,103,84,96,19,20,16,15,59,65,121,99,51,43,41,30,33,62,39,53,51,20,73,33,43,38,57,40,13,34,20,55,38,68,53,,131,84,116,105,12,17,82,110,60,109,18,70,104,49,81,78,2,57,44,,22,19,80,75,39,52,51,24,24,2,13,24,17,61,74,62,67,37,11,51,15,20,15,,59,39,22,110,,33,49,67,19,24,46,48,19,46,8,12,7,74,33,32,50,53,13,38,19,43,36,30,67,37,66,29,49,72,33,51,36,30,32,9,46,67,24,20,22,15,35,82
20230729,2,O3_24h,116,82,125,122,119,124,91,125,116,86,114,96,,,194,,172,187,174,,202,,88,186,,144,242,,154,156,150,158,149,165,162,,179,188,,190,188,97,65,81,,91,,139,150,145,137,139,127,139,,156,141,,134,138,147,120,126,136,125,107,155,146,,153,197,177,170,158,152,,162,163,165,170,120,,110,126,130,125,128,119,,148,156,,,180,163,135,154,89,92,81,,96,73,86,82,83,,93,79,66,62,65,104,78,76,67,73,38,97,101,101,105,107,93,106,97,97,102,120,82,103,99,95,101,91,98,99,103,96,97,33,34,33,39,32,,38,38,34,32,49,53,60,45,51,51,51,47,58,28,,32,33,33,33,32,26,36,36,38,32,39,50,,,,58,62,,69,65,64,,,,48,,30,35,23,32,31,27,28,34,33,,,,41,45,,47,49,61,49,47,,45,36,32,38,34,37,38,40,,43,,58,58,,25,27,,33,34,49,,30,36,26,30,34,28,35,,,36,30,33,50,55,50,42,,25,,,41,,40,33,,45,45,42,32,34,32,,69,72,52,58,55,51,58,55,58,54,64,65,62,64,59,61,60,65,,,63,64,62,59,,49,,63,71,67,,68,63,57,,64,113,128,112,,108,134,125,138,28,,,42,52,32,52,50,48,128,127,145,129,121,117,125,106,134,101,133,116,120,106,127,116,,106,158,88,115,88,108,96,109,93,103,126,103,65,144,,122,134,154,105,125,109,120,111,114,121,131,115,100,109,,146,140,95,121,168,166,164,167,109,102,91,124,,111,111,104,158,166,148,161,154,142,127,153,,,129,128,152,102,99,105,103,126,93,94,101,102,183,163,178,157,141,186,190,171,,96,95,102,95,86,,82,61,72,41,37,60,59,,,67,47,56,87,40,,146,120,143,120,,,142,135,72,92,76,87,96,87,92,89,85,,78,63,74,73,81,82,134,131,130,141,120,131,86,86,85,80,70,88,84,82,,84,,83,74,,155,,165,164,,,,,150,,,,170,175,101,107,113,100,95,,113,119,129,124,127,128,98,93,91,95,99,137,78,118,95,158,,157,157,156,153,158,176,171,167,166,,65,64,68,71,56,54,59,58,56,68,77,87,100,90,75,77,81,,,81,,52,60,58,49,144,,137,112,,,130,140,134,118,,82,77,102,,77,67,75,60,65,37,52,46,49,36,,,,68,,,75,,81,91,88,100,37,46,48,43,55,46,,89,,,80,,101,69,92,143,159,146,152,157,,110,93,96,94,105,101,138,117,109,116,59,59,59,196,198,174,63,59,58,127,,100,101,95,,83,102,,82,60,66,94,44,,95,80,,,62,90,,144,,164,157,154,154,137,145,,142,142,,142,130,,123,,170,156,172,,163,163,135,136,140,,95,84,89,87,80,86,120,117,118,106,114,106,105,80,71,70,73,72,70,80,72,82,84,88,114,116,110,117,115,110,109,108,108,,106,98,90,89,91,94,125,101,132,115,123,49,51,56,,41,40,44,,48,79,76,80,66,,77,73,76,,112,,118,113,127,122,131,140,148,,,,100,,102,,122,,117,,101,101,103,113,112,,114,,111,111,117,82,108,100,,136,122,124,121,124,125,,108,,,114,82,79,76,77,86,88,89,96,155,97,142,215,108,100,107,106,106,103,71,76,94,91,120,102,99,95,88,96,100,,92,94,106,124,58,70,71,61,,,,,110,113,,114,81,86,87,87,104,84,73,78,78,75,80,79,78,,84,80,,100,94,86,,108,108,,100,67,83,88,88,88,114,92,96,85,228,99,100,,149,149,147,163,176,139,148,125,131,,135,123,118,119,125,,,95,,,,,47,,,,,,,,,,,,,,,,46,,,,,,,,,,,,,,,,,,,,,,,,,,,,,,,,,,,,,,90,101,99,101,104,93,91,91,92,,,,132,134,122,121,,127,133,151,133,138,142,152,,156,151,122,,,119,116,,126,121,127,,127,,170,173,,,121,108,,,151,154,155,,,116,124,138,145,172,170,165,119,110,121,150,174,94,84,96,86,89,92,89,86,135,134,135,128,,101,101,112,,40,36,37,42,129,112,136,112,62,65,65,90,,,94,92,91,96,91,89,88,83,103,89,102,105,64,108,102,107,145,,,115,100,105,126,110,101,,89,56,59,,62,59,68,,72,73,83,79,59,61,67,,54,58,60,48,64,51,76,82,,70,46,40,47,40,56,,91,,91,,,,60,61,64,58,76,80,,64,,38,46,56,66,69,51,66,,44,47,43,,,52,52,55,,48,47,41,,,61,47,35,38,38,35,68,68,78,70,74,52,58,63,58,,60,63,68,34,64,,50,53,64,64,66,64,61,64,47,,71,62,67,63,61,46,47,51,53,64,58,,130,133,141,,111,121,115,115,,120,119,102,,103,102,106,99,101,,105,109,108,107,83,76,78,,100,99,96,72,74,,92,74,76,96,110,114,111,107,109,104,88,85,,114,112,111,,98,98,,85,79,101,103,,91,97,90,98,91,103,103,98,109,107,101,93,91,93,87,90,94,103,100,102,101,90,102,99,100,96,107,89,104,94,88,82,82,87,83,82,95,90,85,83,96,23,81,82,99,95,115,94,116,164,137,139,148,155,127,184,161,150,111,128,131,123,133,102,116,87,84,97,,142,143,160,89,82,,90,82,81,78,103,72,76,74,78,132,135,141,136,15,144,,,,101,101,,97,70,68,73,71,72,,117,108,103,,,,,71,95,93,91,102,83,,100,,84,74,95,100,85,104,80,79,81,73,83,,,,,74,84,78,79,93,91,70,,91,70,75,85,90,101,98,99,56,58,42,42,89,86,,74,78,78,80,40,46,72,84,48,,82,71,,79,93,,100,96,107,,105,,106,,54,54,76,81,85,83,136,124,130,130,80,73,69,80,,166,170,,120,130,150,,149,151,104,108,150,150,,89,88,151,146,,,87,160,142,,152,151,124,124,101,145,147,,142,,,142,120,125,116,132,127,179,163,125,,112,117,108,160,153,160,153,152,114,,,121,111,,114,,108,128,136,97,99,60,132,127,176,200,199,160,155,,126,116,54,56,36,39,38,,96,,63,111,141,93,76,71,147,128,74,76,88,99,36,72,,,149,53,24,203,,183,164,185,88,,60,41,,,46,44,40,37,59,68,42,43,48,38,115,55,62,49,140,,176,110,,103,96,78,82,148,146,113,99,72,114,71,60,67,169,125,152,48,112,76,110,78,84,146,46,88,94,88,83,102,,141,92,51,109,114,136,101,109,108,153,108,141,92,63,112,49,83,130,150,83,75,64,68,78,77,74,,,188,66,164,79,54,100,108,50,97,153,108,55,50,130,60,108,55,71,,115,193,167,187,180,120,144,30,46,33,46,38,36,44,33,39,88,147,157,178,153,125,59,68,32,31,42,40,52,51,115,108,108,126,147,152,145,116,112,120,173,149,102,111,63,104,92,127,68,144,176,162,,199,51,75,60,55,81,64,66,123,125,103,106,93,123,120,99,100,95,74,84,61,93,78,54,71,81,79,81,103,110,128,,157,74,142,52,91,64,49,48,60,,56,138,138,79,81,87,80,,71,144,77,104,87,102,123,172,108,103,142,131,113,35,39,30,29,31,64,68,69,62,126,110,162,152,26,48,48,33,43,51,26,38,46,34,36,48,45,41,120,113,115,109,99,131,54,170,66,100,117,198,142,133,93,180,133,158,102,163,124,130,145,148,165,162,65,53,53,62,87,85,40,129,122,139,127,119,117,101,102,87,127,92,72,38,62,103,128,124,152,76,112,131,144,123,55,96,82,72,96,93,98,50,49,133,35,106,143,141,110,146,130,119,127,87,83,65,41,62,72,50,95,138,135,117,152,72,80,86,84,85,69,70,,41,89,110,114,118,122,74,83,83,31,35,30,55,38,47,155,163,142,140,172,148,158,167,156,170,164,190,177,168,162,134,153,150,136,159,160,162,186,170,166,118,120,101,111,104,130,103,110,105,72,99,43,93,81,91,99,61,132,116,116,109,90,88,121,164,125,153,74,90,177,152,132,127,95,157,160,,48,59,120,116,84,74,111,46,41,126,125,86,91,136,133,96,103,101,92,104,28,27,57,,102,92,51,159,98,137,126,116,68,101,135,120,129,158,45,78,108,155,94,64,120,65,192,186,79,112,93,99,157,164,107,66,132,119,80,113,76,35,109,67,97,106,94,102,54,65,63,160
20230729,2,O3_8h,48,34,48,38,40,16,31,25,47,40,17,50,,,48,,38,40,42,,42,,,33,,32,46,,104,96,90,103,99,108,116,,40,29,,21,24,44,40,14,,12,,52,58,56,85,79,86,95,,96,52,,57,74,44,15,4,22,2,,55,42,,47,23,26,26,67,68,,77,77,71,81,58,,44,82,80,38,84,12,,63,76,,,70,52,62,66,10,3,13,,4,24,26,21,24,,27,40,33,26,26,28,32,25,23,16,,44,48,48,50,50,52,72,47,44,50,78,48,72,60,61,66,60,59,58,60,67,60,16,20,18,22,19,,22,14,18,20,12,16,20,16,18,18,18,18,16,17,,18,20,20,20,20,18,18,16,20,15,19,23,,,,16,16,,23,20,21,,,,6,,22,22,14,22,17,12,18,18,12,,,,19,14,,10,5,10,18,16,,15,18,14,20,16,20,23,26,,30,,25,22,,10,15,,20,15,19,,16,24,13,12,22,22,27,,,29,28,30,46,52,47,39,,18,,,25,,22,16,,44,41,41,15,16,16,,20,16,16,26,26,42,54,51,20,20,26,27,20,22,22,18,20,24,,,54,54,53,48,,46,,38,42,38,,42,46,14,,47,12,11,16,,8,15,16,6,20,,,24,27,17,28,28,30,49,52,56,56,51,41,51,46,54,37,27,36,33,27,28,33,,20,44,25,29,8,16,20,20,28,17,10,34,65,58,,26,29,50,45,60,38,58,47,90,97,82,96,64,77,,84,70,56,82,104,97,86,72,41,46,37,46,,50,22,32,76,78,76,74,63,66,55,72,,,84,76,90,87,92,102,94,74,12,24,26,38,12,7,8,23,12,30,28,16,,45,41,48,44,83,,10,4,6,36,1,34,26,,,5,14,4,24,11,,37,24,19,24,,,64,84,20,32,23,22,24,30,34,36,10,,50,,48,49,46,50,72,64,68,66,90,76,44,52,37,46,44,56,52,41,,36,,42,42,,58,,74,76,,,,,70,,,,79,50,81,88,78,78,72,,73,22,52,21,19,4,34,12,28,32,36,98,10,6,24,74,,70,47,50,34,74,99,88,73,34,,34,30,32,65,52,53,58,40,40,48,48,36,43,33,62,62,69,,,15,,29,22,22,16,48,,44,38,,,8,10,13,14,,26,10,20,,14,30,28,22,22,20,32,28,25,20,,,,18,,,11,,16,21,26,20,22,27,,24,32,26,,24,,,40,,24,17,19,107,122,114,126,120,,41,50,48,48,20,53,59,28,22,12,13,9,19,78,81,73,6,12,14,53,,42,47,42,,38,41,,77,57,52,55,,,11,21,,,,14,,36,,50,56,56,67,118,117,,116,114,,44,45,,43,,118,112,123,,117,110,108,93,114,,32,28,36,28,32,34,62,15,21,23,16,18,4,30,10,6,30,28,8,32,50,42,32,38,63,59,52,59,58,55,62,74,68,,76,68,67,64,58,60,74,60,68,62,62,23,21,24,,18,17,20,,27,29,30,30,28,,29,24,56,,80,,82,80,89,85,52,47,56,,,,36,,36,,78,,86,,48,52,46,50,64,,65,,33,50,36,54,65,61,,38,34,50,40,45,50,,65,,,52,22,26,,63,30,27,24,48,30,86,80,72,38,24,25,32,32,46,50,38,38,51,52,54,21,20,23,18,19,,46,55,26,38,3,24,30,37,,,,,70,50,,30,36,26,39,41,30,32,26,32,22,10,18,38,34,,58,58,,65,56,60,,58,52,,64,54,54,50,62,58,61,62,59,36,60,58,53,,110,110,108,89,70,72,76,124,128,,74,113,92,92,105,,,8,,,,,30,,,,,,,,,,,,,,,,30,,,,,,,,,,,,,,,,,,,,,,,,,,,,,,,,,,,,,,28,43,37,42,44,38,36,38,38,,,,70,70,68,70,,53,40,55,72,66,22,104,,105,104,78,,,72,62,,26,30,26,,46,,109,104,,,79,58,,,86,108,57,,,83,77,114,116,128,133,137,36,27,46,38,38,34,24,29,26,15,12,18,5,83,74,88,74,,28,31,53,,22,22,16,10,75,66,87,92,4,6,4,47,,,54,43,47,38,8,77,65,68,60,26,27,20,62,58,72,59,98,,,42,72,76,92,56,58,,47,14,10,,14,14,12,,15,12,14,12,4,23,27,,22,22,24,24,30,22,24,26,,26,44,38,31,10,18,,21,,22,,,,26,26,24,24,24,24,,20,,20,17,32,64,64,,62,,14,20,16,,,30,22,30,,14,15,18,,,54,28,30,31,33,32,19,37,28,32,28,24,25,29,23,,32,38,38,,36,,25,28,31,27,30,26,29,22,4,,18,29,30,50,48,44,42,47,30,34,31,,42,42,47,,42,45,40,38,,36,36,48,,48,37,42,37,39,,52,57,47,53,26,18,18,,40,39,40,14,12,,8,10,55,24,18,19,66,64,60,64,22,31,,77,80,74,,43,42,,14,18,47,46,,46,48,39,25,18,45,48,48,70,50,57,24,66,62,66,58,70,81,81,78,77,27,12,16,26,6,18,38,24,17,30,40,38,40,36,32,56,78,72,66,77,,6,6,4,2,29,10,60,54,80,68,57,52,78,106,100,96,52,53,52,32,41,48,43,4,21,24,,50,60,68,40,24,,24,38,35,41,34,62,62,60,60,52,22,26,56,5,26,,,,30,34,,36,5,4,5,4,2,,22,32,41,,,,,57,72,72,64,73,26,,20,,12,26,16,36,23,28,18,14,45,26,58,,,,,9,19,60,66,24,14,26,,46,34,30,73,75,72,63,68,9,8,12,18,12,12,,20,23,30,26,18,3,58,67,6,,24,12,,70,40,,60,55,46,,50,,72,,30,26,19,17,12,6,13,80,98,88,46,20,26,34,,89,92,,38,54,89,,135,131,64,66,111,74,,70,74,56,42,,,,61,6,,66,96,84,56,62,129,66,,72,,,72,68,90,84,102,102,101,94,74,,86,112,107,114,116,88,120,120,,,,98,94,,32,,102,72,81,81,33,52,110,48,46,39,40,102,111,,26,66,10,13,26,22,20,,24,,19,35,50,23,20,10,102,68,18,14,6,36,18,31,,,41,52,20,48,,64,85,68,24,,26,12,,,12,16,16,24,16,19,18,22,23,15,80,26,41,37,38,,43,40,,46,48,45,45,100,58,82,28,25,72,26,42,58,36,44,8,30,87,16,47,15,14,42,23,37,44,28,42,66,,60,48,16,54,72,50,60,65,61,56,40,46,4,31,39,7,64,88,104,25,23,25,42,65,12,10,,,92,27,74,23,27,82,66,2,32,89,53,20,17,62,40,35,37,24,,52,86,78,85,76,57,104,18,18,18,20,20,16,24,18,19,34,18,49,114,45,108,10,18,22,18,20,24,14,22,58,58,72,55,49,60,62,82,68,88,100,55,36,92,12,3,47,86,47,44,30,32,,40,23,16,21,18,28,21,22,82,81,46,48,35,76,82,28,18,36,37,14,32,38,23,7,42,37,21,46,20,18,32,,27,38,39,24,12,20,,23,16,,26,44,32,23,29,42,32,,39,2,,56,28,56,82,44,45,15,61,99,29,18,24,16,28,28,33,31,14,21,85,34,32,46,,22,24,19,21,8,20,21,20,20,20,24,16,24,88,90,91,84,82,69,53,98,48,33,70,112,24,70,36,94,54,72,57,98,39,52,51,56,31,27,22,20,24,26,20,20,16,51,46,48,43,42,84,42,30,26,68,7,38,9,17,38,57,36,69,23,48,51,33,19,22,24,11,12,24,27,20,26,28,50,,33,9,10,14,70,49,76,73,68,58,56,,61,60,18,24,52,48,44,49,22,66,47,26,31,39,34,,26,24,48,82,61,17,24,46,50,28,21,18,52,18,46,4,28,80,110,110,128,32,103,84,94,24,26,22,16,64,71,120,92,52,48,47,20,24,70,45,56,52,24,78,43,44,42,63,43,14,36,20,52,42,72,60,,132,87,114,101,14,19,78,110,63,112,20,67,110,51,80,82,2,62,40,,21,20,87,84,35,52,42,24,24,1,14,25,18,64,71,68,70,39,14,46,16,16,11,,64,44,22,115,,37,50,70,20,28,45,48,30,56,8,14,6,74,28,32,51,49,14,38,22,45,34,26,47,60,74,30,54,72,38,53,44,30,40,12,49,61,24,20,22,16,32,81
20230729,2,O3_8h_24h,59,34,60,41,56,33,36,25,47,41,19,50,,,52,,41,42,47,,44,,95,35,,35,51,,104,96,98,103,99,108,116,,47,32,,23,27,44,40,14,,18,,56,62,61,85,84,86,95,,98,53,,60,74,45,18,4,24,2,,66,46,,54,27,34,31,75,72,,77,82,72,81,60,,44,86,86,47,84,12,,63,76,,,73,52,62,67,11,4,13,,4,24,26,21,24,,27,48,34,26,28,31,32,25,23,16,36,45,50,48,51,51,54,78,47,46,51,79,56,74,62,63,68,64,64,63,64,68,65,16,20,18,22,19,,22,16,18,20,12,16,20,16,18,18,18,18,16,18,,19,21,20,21,20,19,18,16,20,15,19,24,,,,17,16,,23,20,22,,,,6,,22,22,14,22,17,12,18,18,12,,,,19,14,,11,6,11,19,16,,15,18,14,20,17,21,24,27,,32,,26,22,,11,16,,20,16,19,,16,24,13,13,22,23,27,,,29,28,31,46,52,47,39,,19,,,25,,22,17,,45,41,41,15,16,16,,20,16,16,27,27,42,54,51,20,21,27,27,22,22,24,19,20,24,,,57,57,55,49,,46,,38,42,38,,42,46,18,,47,13,11,18,,9,16,16,6,21,,,25,27,18,29,29,30,52,54,56,59,54,42,54,48,57,37,27,36,33,27,28,33,,20,44,32,40,10,16,22,20,32,25,12,37,65,58,,30,29,52,45,60,38,58,62,90,98,82,96,64,77,,87,70,57,82,108,98,86,72,44,46,38,50,,50,22,32,80,83,76,74,67,67,55,75,,,85,76,90,102,99,105,98,87,16,26,26,38,12,9,8,30,12,30,38,22,,51,43,51,51,86,,11,5,6,37,1,36,26,,,5,14,4,25,11,,39,44,38,27,,,64,84,23,32,26,22,24,30,34,37,10,,50,64,48,49,46,50,80,64,69,70,90,76,48,52,37,47,44,59,52,45,,36,,42,45,,62,,78,77,,,,,70,,,,81,62,82,88,85,82,72,,74,22,56,22,20,4,39,14,30,35,39,98,13,6,24,88,,101,57,63,34,81,100,88,78,34,,34,30,32,66,53,53,59,40,41,50,52,39,51,43,64,62,70,,,15,,29,22,22,16,51,,47,38,,,10,13,16,14,,26,10,21,,15,30,28,23,23,20,34,29,26,21,,,,18,,,11,,16,24,28,22,22,27,,26,33,26,,24,,,44,,25,18,22,107,122,121,148,120,,48,56,50,48,22,54,59,33,22,12,13,9,19,80,83,76,6,12,14,53,,42,47,42,,38,45,,77,59,52,55,42,,11,21,,,61,15,,40,,52,66,67,67,118,119,,116,116,,48,51,,48,,119,112,123,,119,114,108,93,114,,34,30,37,28,33,35,64,17,27,29,20,25,5,30,11,6,30,30,8,33,53,45,32,38,63,59,52,59,58,58,62,75,68,,79,69,68,65,58,60,74,60,68,64,62,24,22,25,,18,17,20,,27,32,33,32,30,,30,28,57,,86,,91,89,96,91,53,49,59,,,,40,,40,,84,,90,,48,52,46,50,69,,71,,33,51,36,58,71,67,,38,34,50,42,49,52,,72,,,59,24,29,,63,35,29,24,50,35,86,80,72,42,31,25,39,35,46,53,38,38,51,54,55,21,29,33,25,21,,46,55,30,43,3,24,30,37,,,,,73,52,,31,36,26,42,41,32,33,26,34,23,10,18,39,34,,65,63,,72,57,66,,65,52,,68,54,54,52,63,60,61,64,59,39,64,66,57,,110,116,108,89,72,75,81,124,128,,81,113,92,93,107,,,8,,,,,30,,,,,,,,,,,,,,,,30,,,,,,,,,,,,,,,,,,,,,,,,,,,,,,,,,,,,,,34,44,39,45,47,41,39,43,40,,,,78,76,74,75,,59,46,68,79,73,22,119,,110,109,84,,,78,62,,40,35,26,,53,,112,112,,,80,61,,,87,108,68,,,83,80,116,118,130,134,137,36,27,47,39,38,34,24,29,27,17,15,19,6,85,87,90,76,,34,37,59,,25,23,16,11,78,69,87,92,4,6,4,49,,,58,45,57,43,10,77,65,72,60,30,32,21,62,60,72,59,99,,,47,75,76,93,61,61,,58,14,10,,14,16,12,,16,12,15,12,4,23,28,,22,22,24,24,30,22,24,26,,26,44,38,31,10,18,,24,,25,,,,28,27,25,24,27,27,,21,,20,17,33,64,64,49,63,,16,21,18,,,31,23,35,,17,15,18,,,54,28,32,33,34,35,23,37,28,33,28,28,27,29,29,,32,38,38,27,36,,28,28,31,30,30,26,29,22,6,,20,31,36,52,48,44,44,47,30,34,31,,42,42,48,,44,46,42,42,,41,40,52,,51,40,45,38,41,,52,60,47,54,26,19,19,,45,43,44,14,16,,9,11,57,26,18,21,70,68,63,66,29,32,,81,82,75,,44,44,,14,18,47,46,,46,49,39,26,18,53,52,53,72,50,58,26,67,67,66,66,75,84,84,84,80,27,12,16,29,6,19,41,24,17,31,42,38,41,39,32,59,78,73,68,78,22,6,7,6,3,29,15,65,54,81,68,57,52,78,115,105,102,54,54,53,37,44,48,54,5,21,26,,55,60,68,44,27,,24,44,40,44,37,62,65,61,61,54,23,28,59,5,38,,,,32,36,,36,5,4,5,4,3,,22,32,41,,,,,64,80,83,72,82,27,,20,,18,26,18,36,23,28,18,14,45,26,60,,,,,9,19,63,66,24,14,26,,48,39,34,73,77,72,64,70,9,9,12,20,13,12,,22,23,31,29,19,3,58,68,6,,28,12,,72,41,,62,56,54,,50,,72,,31,26,24,17,12,8,21,84,102,88,46,20,28,36,,89,93,,38,58,100,,139,136,64,66,111,74,,70,74,61,65,,,78,61,7,,66,99,84,56,65,129,69,,76,,,72,68,92,84,103,103,101,94,74,,88,112,108,114,116,88,120,122,114,,,100,94,,32,,107,73,83,82,33,52,111,48,46,43,44,102,125,,26,70,10,14,26,22,20,,26,,22,36,50,23,24,10,102,73,18,15,6,37,18,32,,,47,53,21,50,,64,87,79,25,,28,12,,,12,16,16,25,16,20,18,22,24,15,81,26,43,37,49,,49,44,,46,48,45,46,100,95,82,29,32,74,27,42,62,38,44,8,30,88,18,55,16,16,46,24,39,44,32,42,66,,61,48,18,57,72,57,64,74,64,58,44,46,4,35,39,7,70,94,104,26,23,27,42,65,13,11,,,98,27,78,26,28,83,68,2,33,100,53,24,17,66,41,39,37,26,,57,90,80,94,78,57,104,18,21,18,20,20,16,24,18,20,38,19,49,117,45,108,11,18,22,20,20,25,14,22,58,58,72,55,49,60,70,88,68,88,100,60,42,95,12,3,50,86,49,47,36,32,,42,24,16,22,18,31,22,22,84,85,52,55,39,88,91,30,18,40,37,14,32,38,28,8,45,40,24,51,20,18,32,,34,38,42,24,12,20,49,25,17,,26,48,38,24,29,51,38,,40,2,69,58,31,63,82,61,51,19,61,103,37,19,26,16,28,29,33,31,16,24,93,34,32,46,26,23,24,20,22,8,20,21,20,20,20,25,16,24,89,91,91,84,83,70,54,104,51,34,74,112,29,70,37,97,54,73,57,98,43,54,55,64,37,34,22,22,25,27,23,22,17,52,51,49,43,44,86,44,32,31,68,7,38,9,17,43,61,36,80,23,48,51,38,19,23,24,11,12,28,28,22,26,28,55,40,36,13,15,15,70,50,76,74,70,60,59,38,62,61,18,26,55,51,47,51,22,66,50,28,31,41,38,,26,24,51,84,63,20,30,46,50,29,24,18,52,18,47,5,32,82,110,116,132,32,103,84,94,29,32,29,17,70,77,120,92,54,54,53,20,24,77,51,59,53,29,82,53,44,46,69,46,16,38,20,52,45,77,67,60,132,90,114,101,16,21,78,110,66,114,23,67,116,53,80,86,2,67,40,,21,20,94,92,35,53,42,24,25,1,15,26,19,68,71,74,72,41,18,46,16,16,11,,68,50,22,120,102,41,52,72,21,32,45,48,42,66,8,16,6,75,28,32,52,49,15,38,26,47,34,26,47,83,83,32,60,73,44,55,51,31,48,14,52,61,25,20,23,17,32,81
20230729,2,CO,0.7,0.4,0.5,0.5,0.5,0.4,0.4,0.3,0.4,0.3,0.5,0.3,,,0.6,,0.5,0.4,0.6,,0.6,,,0.6,,0.4,0.7,,0.5,0.4,0.5,0.5,0.4,0.4,0.7,,0.2,0.5,,0.8,0.5,0.6,0.2,0.2,,0.2,,0.3,0.3,0.3,0.2,0.3,0.5,0.4,,0.3,0.2,,0.3,0.2,0.5,0.5,0.4,0.5,0.4,0.4,0.4,0.5,,0.5,0.3,0.1,,0.5,0.4,,0.5,0.3,0.4,0.5,0.6,,0.5,1.1,0.7,0.9,0.6,0.6,,0.4,0.7,,,0.5,0.5,0.5,0.3,0.2,0.6,0.4,,0.5,0.4,0.4,0.5,0.2,,0.2,0.4,0.1,0.3,0.5,0.4,,0.1,0.5,0.5,,0.5,0.5,0.5,0.4,0.4,0.3,0.6,0.5,0.5,0.5,0.6,0.6,0.5,0.7,0.5,0.4,0.6,0.5,0.7,0.3,0.3,0.5,0.4,0.3,0.4,0.6,0.4,,0.3,0.4,0.3,0.4,0.2,0.4,0.1,0.5,0.4,0.5,0.2,0.3,0.4,0.3,,0.4,0.4,0.4,0.4,0.4,0.5,0.3,0.3,0.3,0.3,0.3,0.2,,,,0.4,0.3,,0.3,0.2,0.3,,,,0.3,,0.7,0.6,,0.6,0.4,0.5,0.2,0.5,0.5,,,,0.4,0.4,,0.8,0.8,0.6,0.3,0.4,,0.5,0.6,0.4,0.5,0.7,0.3,0.4,0.3,,0.3,,0.5,0.4,,0.5,0.6,,0.4,0.5,0.4,,0.6,0.3,0.5,0.6,0.4,0.4,0.3,,,0.4,0.4,0.4,0.3,0.4,0.4,0.3,,0.4,,,0.4,,0.5,0.4,,0.4,0.4,0.3,0.3,0.4,0.3,,0.3,0.4,0.4,0.4,0.4,0.4,0.4,0.4,0.3,0.4,0.5,0.2,0.3,0.3,0.5,0.4,0.3,0.3,,,0.3,0.3,0.4,0.4,,0.2,,0.4,0.2,0.6,,0.4,0.5,0.8,,0.3,0.5,0.1,0.4,,0.5,0.5,0.4,0.6,0.3,,,0.2,0.4,0.4,0.1,0.4,0.3,0.4,0.4,0.4,0.4,0.4,0.4,0.4,0.3,0.5,0.5,0.4,0.3,0.4,0.4,0.4,0.5,,0.5,0.5,0.3,0.5,0.4,0.3,0.4,0.3,0.5,0.4,0.7,0.4,0.2,0.6,,0.6,0.5,0.6,0.6,0.7,0.6,0.6,0.3,0.9,0.7,0.7,1,0.7,0.7,,0.6,0.7,0.9,0.6,0.5,0.5,0.5,0.5,0.5,0.7,0.4,0.6,,0.6,0.7,0.5,0.4,0.6,0.3,0.4,0.5,0.5,0.5,0.4,,,1,0.8,0.9,0.7,0.8,0.6,0.8,0.8,0.5,0.5,0.4,0.5,1,0.9,1,1,0.8,0.8,0.9,1,,0.4,0.5,,0.4,0.2,,1,1.3,0.7,0.4,0.7,0.7,0.8,,,1.2,0.4,1.1,0.8,0.9,,0.4,0.7,0.6,0.7,,,0.6,0.7,0.7,0.6,,0.7,0.3,0.6,0.4,0.5,0.5,,0.6,,0.5,0.3,0.5,0.5,0.3,0.1,0.3,0.2,0.1,0.2,0.7,0.8,0.7,0.7,0.7,0.9,0.6,0.5,,0.9,,0.8,0.6,,0.4,,0.4,0.5,,,,,0.6,,,,0.6,0.6,0.3,0.2,0.2,0.4,0.3,,0.3,0.1,0.4,0.1,0.2,0.4,0.5,0.6,0.5,0.3,0.4,0.4,0.3,0.5,0.4,0.8,,0.7,0.9,0.5,0.8,0.6,0.5,0.4,0.5,0.9,,0.5,0.4,0.7,0.5,0.7,0.8,0.4,0.4,0.3,0.3,0.2,0.2,0.4,0.1,0.5,0.6,0.6,,,0.5,,,0.7,0.2,0.3,0.5,,0.3,0.6,,,0.2,0.3,0.4,0.1,,0.2,0.1,0.2,,0.3,0.3,0.3,0.3,0.2,0.5,0.1,0.1,0.3,,,,,0.3,,,0.5,,0.5,0.3,0.3,0.4,0.1,0.3,0.4,0.2,0.2,0.3,,,,,0.7,,0.6,0.4,0.6,0.6,0.5,0.7,0.6,0.6,,0.9,0.6,0.7,0.6,0.9,0.5,0.6,0.8,0.7,1.4,0.6,0.6,0.6,0.6,0.5,0.6,0.5,0.5,0.7,0.7,,0.6,0.4,0.4,,0.5,0.5,,0.6,0.8,0.7,0.6,,,0.6,0.8,,,,0.1,,0.5,,0.5,0.6,0.6,0.5,0.7,0.8,,0.7,0.9,,1.4,1.1,,1,,1,0.9,1,,0.9,1,0.3,0.2,0.3,,0.4,0.9,0.6,0.6,1.1,0.5,0.5,0.5,0.5,0.3,0.4,0.3,0.7,0.2,1.4,3.4,0.6,0.6,0.4,0.4,0.5,0.4,0.7,0.5,0.5,0.7,0.5,0.6,0.6,0.6,0.5,0.2,0.3,,0.3,0.4,0.4,0.3,0.4,0.3,0.3,0.4,0.4,0.3,0.4,0.4,0.4,0.4,,0.5,0.5,0.4,,0.4,0.6,0.7,0.4,0.7,,0.8,0.6,0.8,,0.8,,0.5,0.4,0.5,0.3,0.5,0.2,0.1,,,,0.3,,0.6,,0.4,,0.7,,0.3,0.6,0.3,0.5,0.5,,0.6,,0.5,0.3,0.5,0.3,0.5,0.4,,0.6,0.6,0.5,0.4,0.4,0.5,,0.6,,,0.4,0.2,0.3,0.2,0.7,0.6,0.6,0.6,0.6,0.5,0.4,0.6,0.6,0.3,1.1,1,1,0.9,0.7,0.4,0.3,0.5,0.5,0.5,0.5,0.7,0.6,0.7,0.6,0.6,,1.5,0.7,1.9,0.8,0.5,0.6,0.6,0.5,,,,,0.4,0.5,,0.6,0.3,0.3,0.2,0.3,0.2,0.2,0.6,0.7,0.5,0.3,0.5,1.4,0.5,,0.7,0.8,,0.8,0.3,0.8,,0.6,0.4,,0.6,0.3,0.6,0.5,0.4,0.4,0.4,0.3,0.4,0.6,0.8,0.9,0.6,,0.6,0.7,0.3,0.5,0.6,0.4,0.3,0.1,0.2,,0.4,0.3,0.2,0.2,0.2,,,0.7,,,,,0.3,,,,,,,,,,,,,,,,0.3,,,,,,,,,,,,,,,,,,,,,,,,,,,,,,,,,,,,,,0.3,0.4,0.5,0.5,0.5,0.4,0.4,0.4,0.4,,,,1.4,1.1,1,1,,1.5,0.7,0.5,0.5,0.6,0.5,0.9,,0.9,0.8,1.4,,,1.4,1.2,,0.7,0.6,0.5,,0.5,,0.7,0.5,,,0.5,0.4,,,0.5,0.4,0.6,,,0.3,0.3,0.2,0.3,0.5,0.4,0.5,0.7,0.6,0.7,0.6,0.5,0.3,0.2,0.3,0.4,0.7,1,0.6,0.8,0.8,0.9,0.8,0.8,,0.6,0.5,0.5,,0.3,0.1,1.2,0.6,0.3,0.2,,0.1,0.5,0.5,0.5,0.1,,,,0.3,0.2,0.4,0.1,0.3,,0.3,0.2,0.9,1,0.6,0.4,0.5,0.4,0.4,0.4,,,0.8,0.5,0.3,0.3,0.4,0.4,,0.1,0.3,0.2,,0.3,0.2,0.3,,0.3,0.2,0.2,0.3,0.2,0.2,0.3,,0.1,0.1,0.2,0.4,0.2,0.4,0.4,0.5,,0.4,0.2,0.3,0.2,0.2,0.3,,0.5,,0.5,,,,0.1,0.2,0.2,0.4,0.6,0.5,,0.3,,0.2,0.2,0.3,0.6,0.7,,0.6,,0.8,0.7,0.7,,,0.5,0.5,0.5,,0.5,0.4,0.3,,,1,0.5,0.2,0.3,0.3,0.2,0.4,0.5,0.7,0.4,0.4,0.6,0.5,0.3,1.1,,0.2,0.4,0.4,,0.4,,1.2,0.6,1,1,0.7,0.6,0.7,0.7,0.6,,0.7,0.7,0.6,0.9,1.1,0.9,0.8,1,0.6,0.4,0.7,,1,0.3,0.3,,0.5,0.5,0.4,0.5,,0.4,0.2,0.4,,0.5,0.2,0.3,0.5,0.5,,0.3,0.3,0.1,0.3,0.8,0.4,0.4,,0.3,0.2,0.3,0.3,0.4,,0.8,0.6,0.5,0.8,0.4,0.3,0.6,0.5,0.5,0.5,0.5,0.5,,0.5,0.4,0.3,,0.5,0.5,,0.5,0.4,0.5,0.4,,0.6,0.5,0.7,0.7,0.7,0.3,0.6,0.6,0.6,0.8,0.7,0.3,0.4,0.4,0.4,0.2,0.4,0.5,0.5,0.7,0.7,0.7,0.6,0.5,0.4,0.4,0.5,0.8,0.4,0.6,0.6,0.7,0.6,1.3,0.7,0.6,0.5,0.3,0.5,2.1,0.2,,0.5,0.5,0.8,0.7,1,0.6,0.5,0.4,0.4,0.6,0.6,0.7,0.7,0.7,0.6,0.4,0.5,0.8,0.6,0.8,0.8,0.6,0.6,0.5,0.8,0.8,,0.4,0.5,0.5,0.3,0.7,,0.3,0.5,0.3,0.2,0.2,0.4,0.4,0.4,0.5,0.6,0.5,0.6,0.7,0.3,0.6,,,,0.4,0.3,,0.4,0.2,0.3,0.2,0.3,0.4,,0.5,0.4,0.5,,,,,0.4,0.4,0.4,0.4,0.3,,,0.4,,0.2,0.3,1,0.6,0.8,0.8,0.3,0.5,0.8,0.5,0.5,,,,,0.4,0.2,0.3,0.4,0.3,0.4,0.7,,0.5,0.5,0.4,0.2,0.3,0.7,0.7,0.6,0.7,0.5,0.3,0.5,0.8,0.7,,0.5,0.5,0.5,0.7,0.5,0.4,0.5,0.5,0.7,,0.4,0.3,,0.3,0.5,,0.3,0.3,0.6,,0.3,,0.1,,0.5,0.4,0.4,0.6,0.6,0.5,0.7,0.8,0.7,0.8,0.3,0.4,0.5,0.3,,0.6,0.3,,0.5,0.5,0.4,,0.4,0.5,0.2,0.4,0.3,0.4,,0.3,0.3,,,,,,0.4,0.3,,0.4,0.5,0.6,0.3,0.5,0.4,0.4,,0.5,,,0.3,0.2,0.4,0.3,0.3,0.3,0.2,0.4,0.5,,0.3,0.3,0.3,0.3,0.3,0.3,0.2,0.3,,,,0.5,0.5,,0.4,,0.6,0.4,0.3,0.4,1.8,0.1,0.6,0.8,0.4,0.4,0.6,0.3,0.9,,0.6,0.6,0.3,0.6,0.3,0.3,0.5,,0.4,,0.1,0.3,0.6,0.4,1.1,0.8,1.1,0.3,0.2,0.5,0.6,0.4,0.4,0.3,,,0.5,0.4,0.4,0.4,,0.6,0.5,0.6,0.6,,0.3,0.3,,,0.4,0.5,0.4,0.3,0.4,0.2,0.9,0.6,0.2,0.4,0.5,0.5,0.6,0.5,1.1,,0.4,0.4,,0.5,0.6,0.2,0.3,0.3,0.6,0.7,,0.6,0.4,0.7,0.4,0.3,1.3,0.6,0.6,,0.7,0.3,0.3,0.4,0.2,0.5,0.8,0.2,0.6,0.5,0.5,0.2,,0.3,0.1,0.7,0.4,0.4,0.4,0.5,0.5,0.5,,0.4,0.3,1,0.5,0.6,0.3,0.6,0.4,0.6,0.3,0.5,0.3,0.4,0.4,0.5,0.4,,,0.6,0.3,0.4,0.7,0.3,0.1,0.5,0.3,0.2,0.3,0.5,0.4,0.4,0.6,1,0.4,0.6,0.3,,0.9,0.7,0.4,0.5,0.8,0.3,0.3,0.3,0.5,0.4,0.4,0.6,0.4,0.5,0.4,0.5,0.3,0.7,0.6,0.5,0.7,0.4,0.5,0.4,0.4,0.4,0.5,0.2,0.3,0.4,0.5,0.7,0.5,0.6,0.2,,0.7,0.6,0.7,0.9,0.4,0.5,0.6,0.9,0.6,0.7,0.5,0.9,0.7,,0.1,0.3,,0.2,0.4,0.5,0.4,0.5,0.6,0.4,0.4,0.4,0.5,0.4,0.1,0.2,0.6,0.5,0.9,0.2,1,0.4,0.3,0.6,0.8,0.7,0.6,0.6,0.8,0.5,0.5,0.5,0.5,0.5,,0.8,0.4,0.9,0.3,0.4,0.2,,0.2,0.1,,0.3,0.6,0.5,0.4,0.8,1.8,0.8,,0.4,0.2,,0.5,0.5,0.5,0.6,0.9,0.5,0.5,0.6,0.6,0.7,0.5,0.3,0.5,0.7,0.4,0.5,0.5,0.9,0.3,0.9,0.3,0.6,0.6,,0.6,0.2,0.5,0.3,0.7,0.5,0.3,0.5,0.3,0.3,0.4,0.4,0.1,0.3,0.3,0.2,0.5,0.2,0.4,0.3,0.6,0.6,0.5,0.6,0.5,0.5,0.7,0.4,0.7,0.7,0.5,0.4,0.4,0.4,0.3,0.4,0.9,1.3,0.1,0.2,0.3,0.3,0.4,0.5,0.6,0.4,0.4,0.6,0.2,0.1,0.3,0.4,0.4,0.3,0.6,0.5,0.6,0.4,0.7,0.8,0.6,0.5,0.5,0.5,0.8,0.5,0.5,0.1,0.3,0.4,0.7,0.3,0.4,0.4,0.4,0.1,0.1,0.4,0.3,,0.3,0.5,0.2,0.3,0.5,0.3,0.5,0.5,0.4,0.5,0.5,,0.1,0.6,0.3,0.4,0.8,0.6,0.6,0.5,0.4,0.4,0.4,0.4,0.4,0.5,0.6,,0.4,0.5,0.3,0.4,0.5,0.7,0.6,0.4,0.7,0.4,0.5,0.4,0.4,0.4,0.5,0.6,0.6,0.6,0.9,0.8,0.6,0.7,0.7,0.4,0.6,0.3,1,0.7,0.7,0.2,0.7,0.2,0.4,0.3,0.5,0.3,0.4,0.4,0.4,0.4,0.4,0.4,1.4,0.4,0.2,0.2,0.3,0.3,0.5,0.8,0.8,0.4,0.5,0.5,0.5,0.6,,0.1,0.2,0.6,0.7,0.4,0.6,0.6,0.9,1.2,0.4,0.4,1,0.8,0.7,0.9,0.9,0.5,0.5,1.1,,0.6,0.2,0.6,0.5,0.4,0.4,0.5,0.5,0.1,0.4,0.1,0.4,0.4,0.3,0.4,0.8,0.4,0.5,1.3,0.4,0.5,0.5,0.4,,1.3,0.3,0.6,0.2,,1.3,0.2,1.5,0.3,0.3,1,0.3,0.6,0.6,0.6,0.3,0.5,1.2,0.5,0.5,0.2,0.2,1,0.4,0.3,0.4,0.5,0.4,0.5,0.5,0.4,0.3,0.2,0.4,0.2,0.8,0.3,0.3,0.7,0.3,,0.5,0.5,0.3,0.5,0.1,0.6,0.3
20230729,2,CO_24h,0.6,0.4,0.5,0.5,0.4,0.3,0.4,0.2,0.4,0.4,0.4,0.4,,,0.7,,0.7,0.6,0.8,,0.7,,0.4,0.7,,0.6,0.7,,0.5,0.3,0.4,0.5,0.4,0.4,0.7,,0.7,0.8,,0.9,0.8,0.6,0.2,0.3,,0.3,,0.4,0.5,0.5,0.2,0.2,0.4,0.4,,0.3,0.3,,0.3,0.2,0.6,0.6,0.5,0.6,0.6,0.4,0.3,0.4,,0.4,0.5,0.4,0.2,0.5,0.4,,0.5,0.4,0.5,0.5,0.9,,0.5,0.7,0.8,0.9,0.6,0.5,,0.4,0.7,,,0.5,0.5,0.5,0.4,0.3,0.6,0.6,,0.7,0.5,0.6,0.6,0.4,,0.4,0.5,0.1,0.3,0.5,0.4,0.1,0.1,0.5,0.5,0.3,0.5,0.5,0.4,0.3,0.4,0.3,0.6,0.5,0.4,0.4,0.6,0.6,0.5,0.7,0.3,0.5,0.6,0.6,0.9,0.3,0.4,0.5,0.4,0.3,0.4,0.6,0.4,,0.4,0.4,0.3,0.4,0.3,0.4,0.1,0.5,0.4,0.4,0.2,0.3,0.4,0.4,,0.4,0.4,0.4,0.4,0.5,0.5,0.3,0.3,0.4,0.3,0.3,0.2,,,,0.4,0.3,,0.3,0.2,0.3,,,,0.4,,0.7,0.6,,0.6,0.5,0.4,0.2,0.6,0.6,,,,0.6,0.5,,0.5,0.7,0.6,0.3,0.4,,0.5,0.6,0.5,0.6,0.7,0.4,0.3,0.3,,0.3,,0.5,0.4,,0.5,0.6,,0.4,0.5,0.5,,0.6,0.4,0.5,0.6,0.4,0.4,0.3,,,0.4,0.4,0.4,0.4,0.4,0.4,0.4,,0.5,,,0.4,,0.5,0.3,,0.4,0.4,0.3,0.3,0.4,0.3,,0.4,0.4,0.3,0.3,0.3,0.5,0.4,0.4,0.3,0.4,0.5,0.3,0.3,0.3,0.5,0.4,0.4,0.3,,,0.2,0.2,0.4,0.4,,0.2,,0.5,0.3,0.6,,0.5,0.5,1.1,,0.3,0.4,0.2,0.5,,0.6,0.5,0.5,0.5,0.3,,,0.2,0.4,0.4,0.2,0.5,0.3,0.4,0.4,0.5,0.4,0.5,0.5,0.4,0.4,0.6,1.1,0.7,0.5,1.1,0.5,0.7,0.6,,0.5,0.6,0.3,0.5,0.4,0.3,0.4,0.2,0.5,0.5,0.6,0.5,0.7,0.6,,0.5,0.4,0.6,0.6,0.7,0.5,0.6,0.3,0.8,0.6,0.7,0.9,0.6,0.6,,0.6,0.6,0.8,0.5,0.5,0.5,0.3,0.5,0.4,0.6,0.3,0.6,,0.5,0.6,0.5,0.4,0.5,0.3,0.4,0.5,0.5,0.5,0.4,,,0.8,0.6,0.8,0.6,0.7,0.5,0.8,0.7,0.5,0.5,0.4,0.5,0.9,0.8,0.9,0.9,0.7,0.8,0.8,0.9,,0.4,0.5,0.4,0.3,0.2,,0.8,1,0.6,0.5,0.6,0.7,0.7,,,0.9,0.4,0.9,0.7,1,,0.3,0.3,0.4,0.5,,,0.5,0.6,0.7,0.5,0.3,0.7,0.5,0.6,0.5,0.4,0.5,,0.7,0.6,0.4,0.4,0.6,0.6,0.2,0.3,0.3,0.2,0.1,0.2,0.6,0.7,0.5,0.5,0.5,0.6,0.5,0.5,,0.6,,0.6,0.6,,0.4,,0.4,0.6,,,,,0.7,,,,0.4,0.5,0.5,0.4,0.4,0.4,0.3,,0.4,,0.4,0.2,0.3,0.4,0.5,0.5,0.5,0.3,0.5,0.5,0.3,0.5,0.4,0.5,,0.7,0.8,0.5,0.7,0.6,0.5,0.6,0.6,0.9,,0.5,0.4,0.4,0.5,0.6,0.7,0.5,0.5,0.4,0.3,0.2,0.2,0.5,0.1,0.4,0.5,0.6,,,0.6,,0.1,0.7,0.1,0.3,0.6,,0.4,0.6,,,0.2,0.3,0.3,0.2,,0.2,0.1,0.3,,0.2,0.3,0.4,0.3,0.2,0.6,0.1,0.1,0.3,0.1,,,,0.2,,,0.5,,0.5,0.2,0.3,0.3,0.1,0.3,0.4,0.2,0.2,0.4,,,,,0.6,,0.5,0.4,0.5,0.7,0.6,0.7,0.7,0.6,,0.7,0.5,0.7,0.6,0.7,0.5,0.6,0.7,0.6,0.8,0.6,0.5,0.6,0.6,0.5,0.6,0.5,0.5,0.6,0.8,,0.6,0.4,0.4,,0.4,0.5,,0.5,0.6,0.7,0.5,0.8,,0.6,0.8,,,0.3,0.2,,0.5,,0.5,0.6,0.5,0.5,1,1,,0.7,1,,1.1,0.8,,0.8,,0.9,0.8,0.9,,0.8,0.8,0.3,0.3,0.3,,0.5,0.8,0.7,0.6,0.9,0.5,0.6,0.6,0.6,0.3,0.6,0.4,0.6,0.3,0.9,2.1,0.7,0.6,0.6,0.4,0.5,0.5,0.7,0.5,0.5,0.7,0.5,0.6,0.6,0.7,0.6,0.3,0.3,,0.3,0.4,0.4,0.3,0.4,0.3,0.2,0.4,0.4,0.3,0.3,0.5,0.5,0.5,,0.6,0.5,0.4,,0.4,0.5,0.7,0.4,0.7,,0.8,0.6,0.7,,0.9,,0.6,0.5,0.5,0.4,0.7,0.4,0.3,,,,0.4,,0.6,,0.5,,0.7,,0.4,0.6,0.3,0.5,0.5,,0.6,,0.5,0.4,0.5,0.4,0.6,0.4,,0.6,0.7,0.5,0.5,0.5,0.2,,0.6,,,0.3,0.3,0.4,0.2,0.7,0.5,0.5,0.5,0.5,0.5,0.6,0.6,0.6,0.3,0.8,0.8,0.7,1.2,0.6,0.3,0.3,0.5,0.6,0.5,0.6,0.6,0.5,0.6,0.5,0.6,,0.8,0.7,1.1,2.1,0.4,0.5,0.6,0.5,,,,,0.4,0.4,,0.5,0.4,0.3,0.2,0.3,0.3,0.2,0.7,0.8,0.6,0.4,0.5,0.7,0.5,,0.6,0.7,,0.9,0.4,0.7,,0.6,0.5,,0.7,0.3,0.6,0.5,0.5,0.4,0.4,0.4,0.5,0.4,0.5,0.6,0.5,,0.5,0.6,0.4,0.6,0.6,0.4,0.3,0.2,0.1,,0.3,0.3,0.3,0.3,0.2,,,0.3,,,,,0.3,,,,,,,,,,,,,,,,0.2,,,,,,,,,,,,,,,,,,,,,,,,,,,,,,,,,,,,,,0.3,0.4,0.5,0.5,0.5,0.4,0.4,0.4,0.4,,,,0.6,0.8,0.7,0.9,,0.6,0.6,0.5,0.5,0.6,0.4,0.6,,0.5,0.5,0.6,,,0.8,0.8,,0.6,0.6,0.5,,0.5,,0.8,0.6,,,0.5,0.5,,,0.5,0.4,0.6,,,0.4,0.3,0.2,0.2,0.5,0.5,0.5,0.7,0.6,0.2,0.6,0.6,0.3,0.3,0.4,0.7,0.6,0.6,0.6,0.7,0.8,0.8,0.8,0.8,,0.4,0.2,0.6,,0.3,0.1,0.5,0.4,0.4,0.3,0.1,0.2,0.5,0.5,0.5,0.1,,,,0.4,0.3,0.5,0.1,0.5,,0.4,0.4,0.4,0.7,0.4,0.2,0.5,0.5,0.5,0.4,,,0.8,0.5,0.4,0.4,0.4,0.4,,0.1,0.2,0.3,,0.4,0.2,0.4,,0.3,0.3,0.2,0.3,0.2,0.3,0.3,,0.1,0.2,0.2,0.5,0.2,0.4,0.4,0.6,,0.4,0.3,0.4,0.2,0.2,0.3,,0.5,,0.5,,,,0.2,0.2,0.3,0.4,0.5,0.5,,0.4,,0.3,0.3,0.3,0.6,0.6,0.5,0.6,,0.7,0.6,0.8,,,0.5,0.4,0.5,,0.5,0.4,0.2,,,0.6,0.5,0.2,0.3,0.3,0.2,0.4,0.4,0.4,0.3,0.8,0.7,0.5,0.4,0.8,,0.3,0.4,0.4,0.3,0.5,,1.1,0.6,0.9,0.8,0.6,0.6,0.6,0.7,0.5,,0.7,0.8,0.6,0.9,1.1,0.9,0.9,1,0.6,0.4,0.7,,1,0.5,0.5,,0.6,0.7,0.6,0.5,,0.5,0.4,0.5,,0.5,0.2,0.3,0.4,0.4,,0.3,0.3,0.3,0.4,0.8,0.3,0.4,,0.3,0.2,0.3,0.3,0.6,,0.5,0.3,0.6,0.8,0.4,0.3,0.7,0.5,0.6,0.5,0.5,0.5,,0.6,0.5,0.3,,0.5,0.5,,0.5,0.4,0.5,0.5,,0.6,0.5,0.6,0.7,0.5,0.2,0.6,0.6,0.6,0.9,0.7,0.4,0.3,0.6,0.4,0.3,0.4,0.6,0.6,0.7,0.7,0.6,0.5,0.5,0.4,0.4,0.5,0.7,0.5,0.6,0.5,0.8,0.6,0.8,0.7,0.5,0.5,0.3,0.5,1.2,0.3,0.6,0.6,0.6,0.9,0.8,1.1,0.6,0.4,0.5,0.4,0.7,0.7,0.7,0.8,0.8,0.7,0.6,0.6,0.8,0.7,0.8,0.8,0.6,0.6,0.4,0.7,0.6,,0.4,0.4,0.5,0.3,0.6,,0.3,0.5,0.3,0.2,0.2,0.3,0.4,0.4,0.4,0.4,0.4,0.5,0.7,0.2,0.4,,,,0.4,0.4,,0.4,0.2,0.3,0.2,0.3,0.4,,0.5,0.4,0.5,,,,,0.4,0.4,0.4,0.4,0.3,,,0.5,,0.3,0.3,0.7,0.6,0.8,0.8,0.3,0.6,0.7,0.5,0.6,,,,,0.3,0.3,0.3,0.4,0.3,0.5,0.5,,0.4,0.5,0.4,0.3,0.1,0.7,0.6,0.6,0.7,0.5,0.3,0.4,0.7,0.6,,0.5,0.4,0.3,0.5,0.5,0.4,0.6,0.6,0.8,,0.4,0.3,,0.4,0.5,,0.3,0.3,0.5,,0.3,,0.1,,0.5,0.4,0.5,0.6,0.7,0.4,0.6,0.8,0.7,0.7,0.3,0.4,0.5,0.4,,1,0.4,,0.4,0.5,0.4,,0.3,0.4,0.2,0.4,0.4,0.4,,0.4,0.3,0.1,,,,0.3,0.4,0.1,,0.4,0.5,0.5,0.4,0.5,0.4,0.5,,0.5,,,0.3,0.2,0.4,0.3,0.4,0.4,0.3,0.7,0.5,,0.4,0.3,0.3,0.3,0.2,0.3,0.3,0.3,0.3,,,0.5,0.4,,0.4,,0.7,0.3,0.3,0.5,1,0.1,0.6,0.6,0.8,0.7,0.7,0.4,0.6,,0.6,0.6,0.4,0.5,0.4,0.3,0.5,,0.4,,0.1,0.3,0.5,0.4,0.9,0.8,0.5,0.3,0.2,0.5,0.7,0.3,0.4,0.3,,,0.4,0.3,0.4,0.5,,0.5,0.4,0.5,0.5,,0.4,0.4,,,0.3,0.5,0.3,0.3,0.4,0.2,0.8,0.5,0.3,0.5,0.6,0.6,0.6,0.6,0.9,,0.5,0.5,,0.5,0.5,0.3,0.3,0.2,0.6,0.4,,0.5,0.5,0.8,0.3,0.3,0.8,0.7,0.6,,0.6,0.4,0.3,0.6,0.2,0.6,0.8,0.2,0.6,0.5,0.5,0.3,,0.3,0.2,0.7,0.4,0.4,0.4,0.5,0.5,0.6,0.2,0.4,0.3,0.7,0.5,0.5,0.4,0.5,0.6,0.7,0.2,0.5,0.1,0.5,0.5,0.5,0.4,,,0.5,0.3,0.4,0.7,0.3,0.1,0.5,0.4,0.2,0.3,0.5,0.3,0.5,0.5,0.8,0.4,0.5,0.4,,0.9,0.5,0.5,0.5,0.6,0.3,0.3,0.4,0.5,0.4,0.4,0.5,0.4,0.5,0.5,0.5,0.4,0.6,0.6,0.6,0.6,0.5,0.5,0.3,0.4,0.4,0.6,0.2,0.3,0.4,0.5,0.7,0.6,0.6,0.2,0.5,0.6,0.6,0.7,0.8,0.5,0.5,0.5,0.9,0.6,0.6,0.4,0.8,0.5,,0.4,0.4,,0.4,0.5,0.4,0.4,0.6,0.6,0.4,0.4,0.5,0.5,0.4,0.1,0.2,0.8,0.5,0.5,0.2,0.5,0.5,0.4,0.5,0.6,0.7,0.6,0.4,0.8,0.5,0.4,0.5,0.5,0.4,,0.5,0.4,0.4,0.3,0.5,0.2,,0.2,0.2,,0.3,0.6,0.6,0.3,0.7,0.8,0.7,,0.4,0.2,0.6,0.5,0.5,0.6,0.6,0.8,0.5,0.5,0.7,0.7,0.6,0.5,0.4,0.5,0.7,0.5,0.6,0.5,0.9,0.4,0.5,0.3,0.5,0.6,0.6,0.7,0.3,0.5,0.3,0.8,0.5,0.5,0.6,0.4,0.3,0.5,0.4,0.1,0.3,0.4,0.4,0.5,0.3,0.4,0.5,0.6,0.6,0.4,0.5,0.5,0.4,0.7,0.4,0.7,0.7,0.4,0.3,0.4,0.3,0.4,0.4,0.6,0.7,0.4,0.3,0.3,0.3,0.4,0.5,0.6,0.4,0.5,0.7,0.4,0.3,0.7,0.5,0.4,0.3,1,0.4,0.7,0.4,0.6,0.7,0.4,0.4,0.5,0.5,0.7,0.5,0.5,0.3,0.4,0.5,0.7,0.4,0.4,0.4,0.3,,0.1,0.4,0.3,0.5,0.3,0.5,0.3,0.4,0.3,0.2,0.4,0.5,0.4,0.5,0.5,0.2,0.1,0.6,0.2,0.4,0.7,0.6,0.6,0.6,0.5,0.5,0.4,0.4,0.4,0.6,0.6,,0.4,0.5,0.3,0.3,0.5,0.7,0.6,0.6,0.8,0.5,0.5,0.4,0.4,0.4,0.5,0.5,0.5,0.6,1.2,1,0.7,0.6,0.7,0.4,0.6,0.9,1.2,1.1,0.9,0.3,0.8,0.2,0.3,0.3,0.3,0.2,0.3,0.3,0.5,0.4,0.5,0.5,0.6,0.5,0.2,0.6,0.3,0.3,0.3,0.7,0.8,0.4,0.5,0.4,0.4,0.5,0.6,0.1,0.3,0.7,0.7,0.4,0.5,0.5,0.9,0.8,0.5,0.3,0.8,0.8,0.7,0.7,0.7,0.4,0.6,0.6,,0.6,0.2,0.5,0.5,0.5,0.4,0.5,0.5,0.2,0.4,0.2,0.4,0.3,0.4,0.3,0.7,0.4,0.5,0.6,0.4,0.6,0.6,0.4,,0.5,0.3,0.5,0.2,0.8,1.1,0.4,0.8,0.4,0.3,0.5,0.4,0.5,0.5,0.5,0.3,0.6,1.1,0.6,0.5,0.4,0.2,0.9,0.9,0.4,0.4,0.5,0.4,0.6,0.5,0.5,0.3,0.6,0.3,0.2,0.6,0.3,0.3,0.4,0.3,0.6,0.6,0.5,0.4,0.5,0.1,0.6,0.4
20230729,3,AQI,47,25,51,49,63,42,29,39,24,32,36,27,,,12,,12,15,12,,14,,,9,,10,15,,39,48,43,31,30,35,30,,41,35,,43,42,21,22,33,,44,,16,16,15,27,37,29,42,,36,23,,28,35,42,34,39,31,42,46,52,48,,52,22,14,20,42,49,,38,36,35,39,43,,37,38,51,42,33,43,,24,31,,,30,36,34,38,30,43,36,,37,18,21,26,19,,23,12,10,12,9,20,10,9,9,15,,29,29,27,27,23,20,19,31,23,28,36,45,26,48,49,46,48,,59,51,55,52,26,,25,24,23,,24,23,24,29,10,14,17,7,19,,17,8,12,48,,24,25,17,22,22,20,14,12,11,9,16,12,,,,9,18,,24,9,16,,,,15,,14,18,17,14,12,17,19,10,21,,,,22,13,,20,24,26,12,10,,15,9,8,6,7,7,14,13,,20,,13,15,,15,15,,12,12,13,,12,22,12,16,17,10,11,,,10,9,11,16,20,18,15,,8,,,19,,17,16,,26,19,23,24,20,22,,12,9,20,14,18,11,15,12,9,13,13,9,9,20,9,8,8,10,,,15,15,15,14,,20,,16,,13,,16,18,20,,16,9,18,14,,18,16,18,15,10,,,29,9,14,22,12,10,13,,13,15,14,12,14,35,19,15,12,13,17,20,22,13,,12,23,13,14,19,13,17,20,10,16,13,25,,20,,39,27,32,21,20,22,19,20,33,45,37,44,34,32,,28,31,37,43,32,29,,28,27,,31,25,,27,27,40,39,30,30,30,30,28,29,24,,,51,44,47,46,45,45,34,40,26,28,12,20,67,53,49,57,55,52,64,77,,35,39,27,29,21,,36,40,32,16,29,14,23,,,39,28,38,36,18,,22,28,46,26,,,25,26,24,20,24,20,31,27,22,18,34,,28,,29,21,29,23,20,26,28,20,28,26,36,37,,34,47,46,28,25,,54,,26,21,,39,,36,26,,,,,23,,,,25,29,142,148,134,143,144,,154,15,20,25,19,27,17,20,14,16,15,31,15,27,17,35,,55,35,55,38,52,34,27,29,62,,16,16,16,33,28,28,30,13,13,14,20,22,38,35,20,20,20,,,10,,19,9,9,9,17,,13,9,,,18,14,18,11,,10,10,10,,22,15,,17,15,,10,,,,,,,6,,,25,,20,12,14,12,19,22,,8,10,9,,8,,,25,,28,26,27,32,39,29,37,32,,57,50,33,26,59,30,45,64,52,58,17,22,16,28,26,29,18,35,32,39,,35,17,15,,26,20,,,25,26,29,19,,33,22,,,,17,,36,,48,42,49,43,35,34,,34,34,,62,61,,61,,36,42,53,,57,55,37,35,38,,18,20,20,24,26,16,24,54,26,16,34,15,36,19,25,30,19,11,28,35,28,30,40,36,18,16,16,20,18,14,20,21,23,,33,24,23,21,22,20,28,22,26,29,22,10,10,10,,12,,20,,9,14,9,12,12,,17,15,18,,23,,20,20,23,21,15,13,20,,,,9,,11,,21,,23,,16,16,15,21,38,,27,,22,13,21,18,22,23,,17,12,15,12,15,15,,19,,,11,25,22,31,18,23,30,26,26,28,37,27,24,73,54,56,46,56,29,28,24,16,16,19,22,25,30,30,31,32,,22,20,22,44,19,15,12,13,,,,,16,25,,19,10,19,23,16,18,21,11,20,21,22,12,22,23,,28,26,,22,18,19,,25,30,,23,20,18,15,19,17,20,,21,39,52,35,73,,79,59,197,30,25,24,25,40,40,,70,37,55,28,31,,,20,,,,,12,,,,,,,,,,,,,,,,9,,,,,,,,,,,,,,,,,,,,,,,,,,,,,,,,,,,,,,12,13,10,16,15,13,16,12,11,,,,35,51,41,34,,49,50,68,32,42,53,41,,52,52,59,,,59,72,,45,43,33,,34,,47,35,,,57,26,,,29,35,44,,,24,20,33,33,39,39,41,22,40,,26,22,16,14,15,26,29,24,30,30,54,62,43,42,,19,16,13,,8,6,17,21,33,26,38,35,15,15,12,,,,19,11,12,13,9,23,21,21,19,22,15,37,,22,24,23,30,,,28,20,27,34,24,28,,18,14,13,,17,12,7,,17,19,9,22,16,12,15,,14,14,19,15,10,12,12,8,,12,18,13,12,7,12,,7,,10,,,,9,9,8,13,15,19,,8,,13,15,12,19,19,,18,,18,13,15,,,12,16,12,,17,12,15,,,18,12,13,54,10,14,10,10,19,13,21,18,30,23,26,,11,15,12,,20,,16,15,16,18,28,25,23,23,21,,21,23,34,18,20,24,15,14,23,17,15,,,14,15,,14,13,18,13,,10,14,13,,12,18,16,10,10,,15,17,16,16,12,11,13,,13,12,15,35,40,,44,38,17,36,34,24,20,18,25,18,15,15,,23,24,23,,13,13,,16,10,15,15,,14,15,13,28,25,14,52,,20,35,37,20,29,,28,34,28,20,24,19,23,23,26,34,35,29,23,42,,59,39,17,20,29,31,20,27,21,22,21,22,,22,26,52,48,44,60,24,17,24,22,24,38,28,30,29,27,35,33,53,27,28,19,32,40,32,34,,37,33,40,24,19,,12,17,12,11,12,29,25,21,29,26,37,25,28,19,25,,,,30,24,,29,,23,22,19,26,,14,16,19,,,,,14,18,19,21,20,19,,25,,13,15,16,16,17,26,17,8,18,16,20,,,,,13,18,19,19,32,12,19,,15,11,9,24,26,19,20,20,31,22,21,23,50,44,,46,35,29,36,14,10,23,20,26,,27,10,,20,12,,17,17,14,,23,,23,,8,7,17,34,32,20,43,39,31,114,13,22,26,20,,33,30,,17,16,38,,59,90,22,25,189,202,,26,27,22,25,,,,27,40,,29,30,28,33,19,43,19,,20,,,51,25,27,25,70,62,77,77,33,,122,51,53,38,41,60,63,70,,,,32,29,,38,,50,84,87,151,20,22,32,22,10,11,12,40,36,,38,19,16,27,13,18,17,,12,,7,13,25,16,31,28,148,33,11,47,28,23,15,12,,,51,16,17,14,,40,27,30,18,,9,8,,,17,20,24,9,15,12,17,17,7,16,24,36,30,27,55,,11,14,,17,18,20,20,196,39,25,8,36,,28,15,17,13,14,61,10,38,6,22,7,21,19,13,12,15,15,12,21,,30,28,26,15,24,24,20,25,22,16,12,24,47,20,18,15,39,26,,24,9,,22,25,13,12,,,32,20,42,11,13,25,20,22,9,36,17,30,18,40,17,15,32,10,,12,23,27,36,35,26,134,22,24,25,28,38,26,24,28,24,26,,32,41,42,35,23,18,20,13,17,21,15,20,19,,18,20,44,,39,39,45,40,32,30,32,45,27,26,14,50,37,22,14,48,,10,8,16,21,15,10,8,9,22,22,12,13,15,25,21,15,22,20,14,20,24,17,30,29,16,48,35,16,33,21,36,,29,20,28,8,13,12,9,7,7,,8,18,18,9,18,26,20,,11,45,26,15,19,26,29,52,45,36,21,29,39,12,14,12,9,9,16,20,19,6,49,27,40,42,11,9,9,22,13,20,21,20,17,19,12,20,21,14,252,127,144,141,133,91,12,28,14,30,37,33,32,41,19,47,35,25,19,43,27,13,38,43,68,12,12,17,8,9,17,20,11,14,24,15,12,12,24,15,13,24,40,32,14,31,28,23,27,21,28,14,15,18,17,7,9,14,21,22,20,15,22,8,14,15,,10,12,18,7,24,34,29,22,22,21,16,,22,18,29,24,23,49,13,32,16,20,13,32,27,25,26,,26,22,22,24,28,25,36,24,26,12,10,11,20,16,20,63,36,27,37,38,32,47,44,44,49,12,38,38,50,28,36,39,37,31,64,54,60,75,51,53,15,15,34,24,16,13,10,23,40,25,32,12,29,23,32,26,25,42,97,73,70,15,21,43,52,28,37,37,36,31,17,43,43,33,28,43,,12,10,23,20,17,25,25,8,7,14,13,12,16,18,22,26,32,21,35,16,,8,13,,32,10,23,78,73,59,14,58,35,32,82,27,61,51,30,20,17,54,14,16,18,17,40,31,24,21,35,34,62,27,23,22,14,51,26,67,22,10,33,15,13,21,26,8,9,5,16,25
20230729,3,PM2.5,28,10,25,15,43,22,12,19,11,22,18,12,,,3,,2,4,4,,6,,,3,,2,7,,22,29,30,20,17,24,7,,17,21,,30,8,5,9,21,,17,,7,5,4,12,13,11,13,,20,9,,8,19,14,17,22,16,17,15,30,28,,31,13,7,8,29,21,,19,25,24,27,27,,21,26,27,28,22,25,,15,16,,,13,19,13,15,4,16,15,,13,10,10,11,13,,16,,2,2,2,3,1,1,2,3,,12,13,15,12,13,11,10,14,15,19,25,13,16,15,15,7,23,,14,8,22,13,8,,7,4,4,,5,7,7,2,2,2,,2,5,,2,5,5,24,,8,7,6,9,5,8,1,5,3,2,,,,,,4,9,,4,2,11,,,,10,,5,5,7,5,7,5,7,7,7,,,,4,9,,7,11,10,5,5,,6,4,5,,2,4,,9,,9,,6,6,,6,7,,5,8,9,,8,6,6,6,9,4,6,,,4,2,4,9,1,7,8,,3,,,13,,4,6,,16,8,9,5,6,7,,5,4,7,8,12,5,3,2,5,9,9,,6,14,1,5,5,7,2,,,,,2,,7,,2,,2,,7,,9,,4,5,2,7,,2,2,12,10,7,,,5,,2,,2,7,8,,4,4,5,3,7,24,5,10,2,7,4,14,15,5,,2,7,6,6,8,9,5,6,7,3,7,4,2,11,,15,14,22,8,10,9,13,13,23,23,16,23,21,21,,16,20,20,21,19,19,32,14,11,14,16,17,,9,12,25,27,20,21,21,21,12,20,13,,,20,24,20,26,12,13,20,16,11,14,8,14,40,28,34,35,32,29,46,56,,24,27,17,18,9,,25,28,22,11,18,7,7,,,25,13,26,19,12,,15,14,16,16,,,17,10,2,14,9,14,2,9,9,12,5,,14,,20,14,20,15,9,7,7,6,6,9,24,21,,22,28,23,19,9,,22,,16,14,,18,,25,18,,,,,8,,,,15,20,39,61,102,53,34,,68,7,2,6,5,,2,4,2,1,7,19,2,8,5,16,,39,24,27,26,14,19,9,14,22,,8,9,8,23,19,19,21,6,7,5,9,12,26,24,5,7,4,,,7,,6,4,6,4,9,,7,5,,,12,6,11,7,,,7,7,,5,2,,5,10,,,,,,,,,2,,,9,,9,5,8,4,4,2,,,2,5,,5,,,9,,17,18,14,12,16,12,18,13,,34,35,23,17,32,21,31,46,31,41,8,10,7,12,14,17,12,8,12,27,,20,10,8,,18,14,,12,9,12,20,9,,15,15,,,,9,,17,,20,20,13,18,12,14,,17,13,,44,26,,43,,25,25,21,,40,32,6,2,2,,8,11,9,13,18,9,7,26,18,11,12,10,20,6,14,18,9,6,17,24,19,17,23,21,8,8,7,8,12,7,13,3,16,,23,7,14,10,5,6,19,15,18,13,7,5,6,7,,8,,10,,2,3,3,8,8,,9,6,4,,10,,14,9,10,9,10,5,6,,,,4,,2,,12,,10,,6,,2,11,14,,18,,9,9,5,7,15,8,,10,6,4,3,10,6,,12,,,3,17,7,14,6,16,21,14,12,19,7,7,15,53,29,28,32,33,20,13,10,4,4,12,12,17,16,20,17,21,,2,4,3,29,8,3,6,,,,,,11,13,,13,5,13,10,11,12,9,4,14,3,7,7,7,11,,19,18,,11,12,13,,12,16,,16,4,2,2,5,7,3,2,2,27,36,24,53,,17,20,90,8,17,12,17,1,4,,26,5,10,11,10,,,7,,,,,2,,,,,,,,,,,,,,,,,,,,,,,,,,,,,,,,,,,,,,,,,,,,,,,,,,,,,,1,,1,9,10,9,2,5,,,,20,24,17,19,17,,34,27,30,10,15,20,23,,36,34,42,,,42,52,,31,29,22,,22,,14,24,,,40,18,,,20,19,30,,,6,12,4,2,17,10,13,11,17,3,18,12,6,7,10,10,13,12,14,17,27,18,11,16,,13,6,6,,2,,6,7,17,18,10,2,7,10,2,,,,9,6,8,9,6,7,1,6,6,2,8,17,5,6,3,8,9,,,19,11,6,8,14,19,,12,6,4,,8,8,2,,10,13,3,12,1,8,10,,3,8,5,4,2,8,8,5,,8,3,7,4,4,8,,3,,7,,,,5,2,3,9,4,5,,5,,7,6,5,2,1,,4,36,8,9,10,4,2,4,11,2,10,10,8,10,2,,,2,9,18,4,3,6,2,12,7,10,9,15,10,10,,,10,7,,14,,6,8,7,12,15,16,16,15,8,,11,11,17,7,9,7,10,5,2,6,3,,14,3,2,,3,,4,9,,7,7,2,,3,12,11,5,7,,8,9,11,8,8,7,7,,7,7,10,11,12,,13,6,11,18,16,9,14,2,17,10,3,,,7,14,7,,9,7,,8,5,5,,,9,7,9,16,17,8,21,,14,20,13,14,20,,19,18,7,11,4,7,2,15,18,18,24,16,16,26,16,42,24,6,12,17,17,14,10,3,3,13,4,,5,8,26,16,21,26,10,8,3,5,6,10,15,11,16,9,22,21,24,13,17,13,12,25,21,23,,21,20,17,5,7,,5,4,8,7,3,20,17,12,16,18,18,13,19,10,6,,,,21,16,,20,5,,5,7,5,,8,8,9,,,,,4,,6,7,,5,,17,,9,10,5,7,8,8,10,4,5,5,9,,,,,9,8,9,7,20,8,11,,9,4,6,10,18,8,12,7,11,5,9,14,35,21,,32,24,20,24,6,7,11,1,9,,9,5,,6,3,,5,4,1,,5,,,,,3,7,11,6,8,25,27,20,86,5,6,6,7,,6,3,,8,4,17,,32,43,8,4,63,85,,4,3,6,16,,,,11,22,,17,10,19,23,3,21,10,,7,,,4,4,2,3,19,20,27,30,8,,49,9,12,13,10,37,13,16,,,,13,8,,6,,8,33,26,37,8,12,7,8,1,3,,24,19,,26,10,9,13,4,6,9,,4,,2,9,10,10,12,13,75,8,6,14,14,16,10,7,,,29,8,5,2,,9,5,7,12,,6,5,,,,7,4,5,10,2,9,2,,5,12,20,16,10,38,,3,9,,5,10,14,14,61,23,15,2,14,,9,,1,4,1,34,1,26,2,9,,1,13,9,4,7,10,7,4,,13,5,12,2,12,12,10,10,15,5,5,14,4,10,12,8,17,14,,5,6,,15,6,9,7,,,20,3,29,4,5,,10,9,2,12,7,7,12,28,2,10,22,2,,8,14,9,17,10,5,86,8,6,4,8,9,7,7,4,6,12,25,12,7,20,12,14,12,9,6,2,5,8,5,5,8,9,6,16,18,24,27,29,26,17,17,16,31,16,12,3,27,22,5,4,33,,5,5,6,8,7,7,2,4,6,5,3,5,5,17,13,8,15,12,7,14,16,10,21,19,11,33,24,11,18,6,23,,19,14,19,3,7,7,2,,,,,12,12,,12,18,14,,5,9,11,10,13,15,12,23,31,22,8,14,17,4,4,8,2,2,3,,13,1,30,9,23,29,5,,6,6,9,6,7,9,7,7,1,5,4,7,51,32,48,52,64,27,5,3,4,18,20,12,14,27,13,27,24,17,6,22,8,,26,30,49,3,8,4,5,5,10,9,6,5,9,7,6,6,7,10,3,6,12,12,9,14,19,16,16,8,19,2,10,8,7,2,,2,7,8,5,6,12,,2,5,,7,8,12,,6,19,20,8,13,13,7,,7,6,16,7,16,30,9,10,7,5,7,16,11,13,12,,6,10,2,11,19,17,24,9,18,8,7,5,5,6,7,31,25,10,25,26,22,25,19,11,29,8,16,20,24,16,25,15,12,7,16,28,31,22,16,26,6,1,11,6,3,8,4,16,28,17,22,2,17,14,20,18,12,2,27,25,21,7,9,26,31,19,21,11,21,5,9,26,23,6,14,21,,7,7,10,5,6,17,10,5,,2,9,,11,9,4,18,22,10,4,4,6,4,7,,14,7,7,24,53,42,7,41,11,12,60,12,37,19,7,7,7,38,5,6,11,5,21,17,12,11,16,13,12,14,1,8,9,23,12,48,7,3,23,10,3,,16,5,5,,7,10
20230729,3,PM2.5_24h,16,10,13,11,15,16,16,13,8,16,14,17,,,22,,25,24,22,,25,,18,20,,19,21,,20,25,23,16,18,17,13,,31,32,,44,27,6,11,23,,17,,20,18,15,9,10,10,11,,20,7,,12,17,12,21,17,17,18,16,19,20,,21,17,15,18,22,19,,18,22,24,23,21,,15,21,24,20,20,16,,14,12,,,12,15,14,14,17,13,9,,11,11,11,11,12,,12,11,10,12,11,13,11,10,10,10,15,11,12,11,10,9,8,8,10,13,11,13,9,8,12,12,9,14,,11,8,21,8,6,9,6,4,6,,4,7,4,9,3,4,3,3,3,3,4,7,6,8,,7,8,8,10,7,10,1,5,1,1,3,,,,,8,9,,8,8,10,,,,12,,6,6,5,5,7,6,6,4,8,,,,8,6,,10,10,11,6,5,,6,4,4,,8,5,3,7,,5,,7,7,,9,6,,6,7,8,,8,6,10,6,8,6,5,,,7,6,4,11,9,12,13,,7,,,6,,4,7,,12,12,9,5,7,6,,7,6,8,6,4,7,4,4,8,9,11,4,9,12,5,7,6,9,4,,2,2,2,3,,8,,9,7,4,,6,7,11,,8,11,4,6,,7,6,10,14,7,,,4,2,2,3,5,6,22,,12,15,15,15,14,29,14,10,7,11,8,15,16,8,,11,8,6,10,8,12,8,6,9,10,5,9,2,15,,14,13,13,9,12,15,12,11,13,12,18,20,13,12,,12,12,11,15,17,17,16,15,11,13,13,11,,12,15,19,16,17,15,14,15,14,15,11,,,13,12,13,13,10,10,14,13,12,11,11,10,41,39,42,38,41,33,41,42,,12,15,14,12,10,,14,19,10,15,20,8,14,,,17,15,17,14,14,,4,5,8,8,,,7,7,7,20,14,12,14,15,18,18,10,,14,8,14,12,16,14,8,7,6,6,8,7,13,10,28,8,12,11,9,7,,14,,6,9,,23,,28,26,,,,,11,,,,16,17,19,23,76,24,15,,29,10,8,7,10,7,8,8,7,5,8,23,5,9,7,11,,15,12,14,15,12,15,12,16,15,,8,8,7,21,15,14,17,7,8,6,10,12,15,13,10,7,7,,,11,,7,5,6,7,18,,16,4,,,12,8,9,7,,3,8,6,,6,3,2,4,6,4,5,5,4,1,,,,5,,,7,,8,6,10,10,2,4,1,8,5,11,,6,,,9,,10,12,12,13,12,12,14,11,,19,30,27,21,24,19,32,29,18,25,8,8,10,12,11,11,11,11,11,22,,20,13,10,,12,10,,12,10,10,13,11,,16,9,,,11,13,,20,,17,16,13,15,18,19,,21,21,,47,28,,40,,23,26,23,,29,30,6,6,5,,10,10,11,12,14,8,8,13,12,9,9,10,13,7,10,16,7,5,17,16,12,13,13,13,9,8,8,7,10,8,13,4,7,,10,9,14,13,6,6,13,8,17,10,7,8,7,6,,8,8,9,,7,9,9,6,7,,10,9,4,,22,,22,16,18,23,19,19,6,,,,13,,15,,21,,16,,16,13,8,14,18,,16,,10,14,8,7,16,14,,12,10,6,8,12,9,,14,,,7,18,15,15,12,13,13,14,12,17,8,12,22,35,28,29,25,32,24,7,7,8,9,12,9,11,12,15,14,12,,7,6,9,16,7,3,5,,,,,,7,9,,10,8,12,8,8,12,14,12,17,10,13,13,10,10,,14,8,,14,16,18,,11,13,,13,4,4,3,6,5,6,3,5,22,24,16,32,,19,20,23,10,16,11,10,4,10,,18,9,24,26,23,,,4,,,,,3,,,,,,,,,,,,,,,,5,,,,,,,,,,,,,,,,,,,,,,,,,,,,,,,,,,,,,,8,4,7,12,14,10,5,6,4,,,10,12,10,13,10,,19,16,17,11,14,16,17,,26,19,20,,,21,27,,22,20,16,,16,,13,14,,,26,13,,,16,13,22,,,10,10,10,5,15,10,15,13,14,23,22,14,8,11,8,11,7,9,11,11,18,14,10,14,,11,10,9,,4,1,5,7,13,12,8,7,6,10,5,11,,,10,8,9,10,10,10,11,6,5,4,11,16,5,11,12,14,8,,,13,6,7,8,10,13,,10,7,6,,10,11,7,,11,10,5,14,4,8,10,,7,10,8,6,10,4,9,10,,10,3,5,4,8,4,,3,,7,,,,4,3,6,10,6,4,,8,,7,6,6,2,1,4,3,18,9,9,7,11,3,4,5,5,8,7,6,8,6,,6,7,7,22,6,4,4,10,9,9,8,7,11,8,9,,8,6,6,8,12,,10,8,9,10,10,12,8,11,9,,11,12,11,6,9,7,7,6,6,6,5,,29,21,24,,15,13,13,14,,15,17,10,,10,10,14,9,11,,12,15,17,14,5,8,7,,10,10,13,3,8,,8,2,9,15,14,12,14,16,21,14,4,3,,12,16,15,,10,7,,10,6,8,9,,16,14,13,17,12,10,14,,9,17,13,19,16,14,17,17,7,12,14,10,8,10,13,13,14,13,13,14,14,17,15,10,14,17,14,16,9,12,11,12,12,11,11,10,33,31,31,30,17,25,28,26,29,21,32,36,37,32,30,35,33,13,18,16,17,27,21,21,,27,29,32,6,7,,3,8,6,8,5,14,14,8,11,10,12,8,11,11,4,,,,15,12,,13,6,3,6,7,6,,6,6,6,,,,,6,6,10,8,5,11,,14,,6,7,6,7,7,8,12,10,9,6,11,,,,,10,7,11,9,15,7,14,,11,8,10,10,12,6,11,6,9,7,15,16,24,17,,23,24,17,19,9,6,9,12,15,,12,9,,12,5,,4,5,4,,12,,3,,2,4,7,7,9,7,15,15,14,45,5,5,4,13,,15,15,,9,7,16,,16,18,7,6,23,28,,3,4,15,15,,,17,11,18,,12,10,14,17,2,20,8,,9,,,7,6,4,3,21,26,17,25,7,,21,11,11,13,12,30,19,22,19,,,14,13,,11,,7,25,22,23,12,8,18,12,21,23,20,20,15,,18,7,10,11,8,7,9,,4,,2,7,7,13,7,8,29,9,5,10,11,13,9,7,,,19,7,5,20,,15,10,15,10,,6,5,,,2,5,5,4,9,4,6,2,1,5,15,16,13,12,27,,21,15,,12,9,12,12,10,24,13,6,16,,8,4,3,20,14,21,7,18,6,12,4,5,20,6,11,12,13,11,7,,15,6,11,10,4,7,14,14,15,17,12,8,2,10,10,8,9,24,,6,9,2,10,7,8,7,,,26,6,24,10,6,2,11,9,6,18,19,8,14,17,4,14,15,3,,10,23,15,22,13,5,19,8,6,5,8,9,7,7,5,6,13,17,11,8,15,9,13,8,8,7,3,5,8,6,15,13,16,12,12,17,14,15,18,15,18,16,10,11,11,18,11,13,14,7,14,23,,18,6,6,6,7,5,5,6,16,18,11,12,9,26,25,9,10,8,6,16,11,11,21,18,12,26,21,10,20,16,9,,12,12,9,6,8,8,5,5,3,,2,18,19,3,12,15,15,,9,8,21,16,13,12,13,40,25,20,31,29,19,3,6,8,5,5,5,3,11,4,16,8,12,19,7,2,6,8,8,6,9,10,7,7,2,6,6,3,17,15,18,23,28,24,11,11,7,13,14,18,10,24,12,10,22,13,10,22,12,11,16,21,30,26,4,7,7,7,10,10,7,14,13,18,15,20,19,11,11,7,9,14,10,8,18,13,11,8,13,3,9,12,10,6,1,4,4,6,7,10,12,5,4,13,12,8,11,12,4,6,13,13,6,8,9,6,6,6,6,6,10,35,29,17,21,14,7,8,13,11,9,9,,6,14,9,13,19,14,17,7,10,7,7,9,10,7,8,19,17,13,30,26,28,20,21,10,17,30,32,32,34,32,21,14,8,7,15,15,16,12,16,14,12,14,12,23,11,25,14,20,18,7,15,2,12,8,7,13,7,10,16,99,79,8,7,18,26,11,16,11,14,15,9,14,14,8,14,19,,7,4,15,13,8,12,8,3,1,4,16,3,8,8,8,21,16,14,5,12,8,8,6,,5,5,5,12,25,33,25,20,12,11,17,14,13,15,7,6,10,14,7,5,18,4,40,31,12,7,15,10,14,14,5,7,25,21,11,32,10,5,13,11,5,2,13,8,7,3,9,14
20230729,3,PM10,47,25,51,49,76,42,29,39,24,23,36,27,,,9,,6,15,11,,10,,,7,,6,10,,39,48,30,28,28,31,24,,41,35,,37,42,21,22,33,,44,,16,5,11,21,37,29,42,,36,23,,28,35,42,34,39,31,42,46,53,48,,54,22,14,20,41,49,,38,25,33,30,43,,37,38,51,42,33,43,,24,31,,,30,36,34,38,30,43,36,,37,18,21,26,18,,16,6,7,12,4,20,10,,6,15,,29,29,27,27,23,20,10,31,23,22,34,45,26,48,49,46,48,65,67,52,59,53,26,,25,24,23,,24,23,24,29,10,14,17,7,19,9,17,6,12,48,,24,25,17,22,22,20,14,12,11,9,16,12,,,,9,18,,24,9,7,,,,12,,14,18,17,14,12,17,19,9,21,,,,22,13,,20,24,26,12,10,,15,9,7,5,7,7,14,12,,20,,13,15,,15,15,,12,11,11,,12,22,12,16,17,10,11,,,4,8,11,13,12,11,,,8,,,16,,17,16,,26,19,23,24,20,22,,12,9,20,14,16,7,6,11,9,7,9,9,9,14,9,7,5,7,3,,3,4,6,7,,20,,5,,,,6,3,20,,5,9,12,10,,14,12,12,12,7,,,29,9,14,22,12,7,7,,6,3,6,12,12,11,19,4,12,12,17,13,19,13,,12,23,13,14,19,7,14,20,5,15,13,25,26,17,,39,27,29,20,20,22,19,20,32,45,37,44,34,32,,28,31,37,43,32,22,35,22,27,22,31,12,,27,27,40,17,30,20,25,20,28,4,24,,,51,44,47,46,45,45,34,40,26,28,12,15,83,56,47,63,59,54,73,75,,32,35,27,29,21,,35,28,29,16,29,14,23,,,39,28,38,36,15,,21,28,46,26,,,24,13,24,14,24,17,31,27,22,14,34,,28,,20,21,23,23,17,10,10,13,8,7,36,37,59,34,47,46,25,25,,58,,26,21,,39,,20,25,,,,,19,,,,21,19,233,245,106,236,238,,258,15,20,25,19,27,17,20,14,16,15,31,15,27,17,35,,34,32,59,34,53,34,19,29,73,,16,16,16,25,26,23,26,13,13,8,20,22,26,27,6,7,10,,,,,19,9,7,9,17,,6,7,,,16,14,18,7,,8,3,5,,22,15,14,17,12,,2,,,,,,,2,,,25,,20,12,14,12,19,22,17,2,,,,7,,,25,,28,21,27,11,22,29,13,8,,63,47,30,26,68,23,44,56,53,63,17,22,16,28,26,29,17,35,32,26,,35,11,15,,14,13,,,13,22,10,19,,33,18,,,,17,,36,,48,42,49,43,17,26,,16,28,,56,72,,71,,36,42,56,,43,59,10,14,19,,18,20,20,24,26,16,24,57,23,13,34,15,36,19,25,30,19,11,28,28,24,30,40,36,12,14,15,20,15,14,20,16,19,,19,14,6,21,11,12,20,13,20,29,13,10,10,7,,8,15,20,,4,14,3,5,5,,17,15,3,,23,,18,15,23,21,15,13,20,,,,9,,11,,15,,7,,12,2,12,12,38,,27,,22,9,21,18,22,23,,17,11,12,12,6,15,,18,,,9,25,22,31,9,16,30,26,26,22,37,16,20,49,58,62,45,61,26,28,24,14,16,19,22,21,30,30,31,32,,16,9,22,44,19,15,10,10,,,,,11,25,,18,6,19,23,14,15,21,11,12,21,22,12,22,23,,23,24,,22,18,18,,25,30,,23,3,10,5,7,7,9,,7,31,34,31,39,,108,68,344,10,22,18,25,7,11,,89,4,60,24,25,,,20,,,,,12,,,,,,,,,,,,,,,,,,,,,,,,,,,,,,,,,,,,,,,,,,,,,,,,,,,,,,12,13,7,16,6,10,16,12,11,,,31,33,52,41,34,,45,50,85,32,42,56,41,,36,54,54,,,53,65,,34,43,33,,34,,47,30,,,52,23,,,24,35,44,,,10,12,14,20,19,12,14,22,40,,22,22,16,14,15,26,29,24,30,30,57,73,43,42,,19,16,13,,8,5,17,21,33,20,5,10,15,15,12,,,,17,11,8,9,7,17,7,8,4,22,15,37,,8,22,13,7,,,20,4,11,2,24,27,,12,14,13,,17,12,7,,17,9,9,22,16,12,14,,14,14,19,15,9,1,8,8,,10,18,10,12,6,2,,1,,6,,,,2,7,8,11,15,19,,8,,13,15,12,18,15,,14,,18,6,13,12,,12,7,12,29,17,12,12,4,,2,12,8,58,2,14,2,9,19,13,21,18,30,23,26,,8,11,12,,19,,16,15,16,14,28,25,23,23,21,,21,23,34,18,20,24,14,14,23,17,15,,9,9,1,,14,9,18,9,,7,14,1,,9,15,14,7,7,,14,13,16,10,12,11,13,,13,12,13,35,40,,44,38,17,36,34,24,14,14,14,14,15,15,,20,19,22,,2,8,,16,2,4,5,,13,11,11,28,19,14,53,22,16,35,37,16,26,25,20,34,28,9,24,17,18,23,23,34,22,29,13,42,27,35,39,17,20,29,31,20,27,9,7,21,9,,22,26,53,48,44,70,24,16,14,12,15,38,28,5,20,14,35,33,55,27,28,16,32,40,32,34,,37,25,40,24,19,,12,17,12,11,12,8,13,21,29,24,37,25,26,19,25,,,,20,24,,29,,23,22,19,26,,14,16,19,,,,,9,12,11,21,11,19,,19,,2,14,16,16,17,26,17,8,12,16,7,,,,,12,18,10,8,32,12,19,,12,6,9,24,10,9,14,7,31,22,21,23,27,44,,29,31,28,36,14,8,10,,26,,27,10,,13,12,,6,5,12,,23,,2,,5,6,17,34,32,20,43,32,31,34,11,22,26,20,,13,2,,17,16,38,,67,129,12,19,327,351,,13,,22,25,,,,27,40,,29,23,19,32,7,21,13,,15,,,52,7,3,4,89,74,103,104,33,,193,51,55,10,16,70,76,89,,,,24,28,,38,,50,118,124,252,9,22,14,22,7,8,3,40,36,,32,19,16,27,13,18,17,,12,,7,8,25,16,31,28,246,33,11,47,28,21,13,12,,,52,16,17,6,,40,7,30,9,,8,8,,,17,20,24,9,15,12,17,17,7,16,19,36,30,27,59,,9,14,,11,18,20,17,342,39,25,8,36,11,28,7,12,8,9,72,2,28,5,22,7,16,9,1,7,11,10,10,9,,30,28,26,5,22,24,20,25,19,9,12,24,47,20,18,15,39,26,,24,8,7,16,12,13,12,,,32,20,23,11,13,3,13,22,2,36,,30,12,35,3,11,16,10,,8,22,24,36,35,26,218,22,24,25,28,38,26,24,28,24,26,30,32,41,42,17,23,18,20,13,17,21,15,20,8,10,18,15,44,33,39,35,45,40,19,30,32,36,27,26,14,50,37,22,9,48,,9,7,16,21,15,9,8,9,16,15,,2,15,18,21,15,7,20,5,17,24,17,22,29,14,29,34,11,33,21,36,,29,15,26,5,12,12,9,5,7,,5,14,14,9,14,23,14,,4,45,26,15,18,26,21,54,44,36,21,17,39,12,14,11,6,4,9,20,16,5,49,27,40,35,11,9,5,22,13,20,21,20,17,19,12,20,21,14,386,204,238,231,216,132,9,6,9,30,37,26,32,41,17,47,33,22,7,43,27,4,29,42,74,10,12,17,7,8,17,20,11,7,24,6,8,11,9,4,13,24,40,32,14,31,21,19,27,12,26,14,15,18,17,7,9,14,21,22,20,15,22,,14,7,,7,11,11,7,15,34,6,15,22,21,15,,17,6,29,24,22,49,11,32,16,6,7,32,27,25,26,,26,22,22,17,22,18,36,24,24,6,8,11,11,16,20,76,33,21,25,34,17,47,44,44,49,12,38,38,50,28,21,39,37,31,77,58,70,100,51,55,9,10,21,8,6,7,6,16,30,17,25,12,29,23,32,23,25,11,144,95,89,15,21,43,54,24,37,37,36,3,9,43,43,33,28,43,,12,7,23,19,17,20,25,8,2,8,11,12,13,13,15,20,18,21,35,3,40,8,13,,32,9,23,105,65,44,13,60,35,32,108,27,71,51,30,20,12,37,14,16,18,2,40,31,24,21,35,34,73,27,19,22,7,52,26,62,22,10,21,13,6,4,26,7,9,2,16,19
20230729,3,PM10_24h,27,20,26,27,28,33,30,26,17,25,24,29,,,31,,35,39,33,,33,,37,32,,30,18,,33,44,36,30,32,38,36,,56,44,,56,45,18,27,31,,38,,33,27,27,26,27,31,40,,28,22,,33,26,28,41,37,36,42,38,37,30,,43,25,26,28,31,35,,38,34,38,40,31,,25,31,41,32,30,25,,26,27,,,24,28,32,32,26,30,28,,28,19,28,24,24,,27,20,18,18,17,25,16,13,16,19,24,28,27,27,28,27,18,21,26,30,27,23,27,20,38,35,33,28,41,36,28,34,41,22,24,21,21,24,,24,21,21,24,12,10,13,10,10,12,17,11,11,30,,19,22,19,21,19,20,10,10,9,5,7,12,,,,20,20,,29,14,13,,,,18,,15,18,14,12,19,12,14,11,23,,,,18,11,,19,21,25,10,9,,13,9,11,12,7,11,12,11,,13,,15,15,,17,13,,13,12,11,,14,25,13,15,17,15,18,,,17,13,17,22,24,22,32,,13,,,17,,18,14,,23,24,20,18,21,18,,15,13,13,13,11,9,10,10,17,14,16,12,17,18,19,14,16,17,8,,13,15,14,15,,17,,18,13,3,,11,8,18,,17,19,16,16,,23,17,21,21,6,,,16,10,14,21,10,13,28,29,25,29,27,28,28,40,34,20,22,23,25,23,22,18,,28,21,12,14,15,13,17,21,10,11,17,28,28,26,,31,32,25,22,27,31,21,18,25,31,28,61,25,24,,25,25,24,41,28,30,29,25,25,21,25,17,,26,29,32,26,30,25,23,27,27,28,22,,,28,24,27,33,25,27,26,26,24,20,16,16,68,63,67,54,69,55,61,68,,25,29,25,24,13,,20,19,16,24,19,14,14,,,28,23,26,24,18,,13,13,18,16,,,15,9,22,22,23,17,31,28,25,22,28,,27,10,21,20,22,20,12,14,9,9,18,15,18,16,19,16,17,16,17,13,,27,,14,16,,41,,41,35,,,,,22,,,,26,33,77,76,82,96,77,,103,21,17,26,22,24,16,19,17,17,19,37,15,24,20,22,,27,24,24,23,33,34,32,36,40,,20,17,16,26,21,23,21,17,15,16,20,22,26,25,18,17,21,,,10,,17,8,4,9,28,,25,13,,,19,18,22,19,,11,13,11,,15,23,15,14,10,8,10,9,8,12,,,,11,,,19,,20,18,12,18,11,13,16,11,9,14,,12,,,25,,18,18,27,17,22,24,22,20,,35,35,36,40,44,27,50,41,35,43,17,18,17,27,23,40,21,23,30,33,,31,20,20,,18,16,,21,19,17,20,19,,33,15,,,31,21,,25,,26,26,29,31,31,33,,28,34,,66,52,,57,,35,44,53,,47,48,17,19,17,,17,19,28,25,22,16,28,33,23,19,24,15,26,27,22,29,17,16,31,25,32,23,31,39,15,15,19,20,14,11,28,19,31,,14,11,10,17,19,27,20,14,16,21,16,19,12,14,,15,15,16,,4,18,17,15,16,,16,18,4,,33,,37,29,34,33,40,30,31,,,,26,,25,,35,,21,,27,25,33,27,38,,30,,26,25,25,21,24,30,,20,20,20,15,17,14,,21,,,14,28,26,27,21,28,26,24,23,29,41,23,40,37,46,53,38,59,36,19,18,15,16,18,21,16,21,22,22,19,,25,14,25,23,11,12,11,9,,,,,11,24,,12,23,20,19,14,20,18,25,22,23,23,19,22,19,,22,15,,22,22,31,,16,18,,19,7,10,11,12,8,11,,9,28,26,22,32,,96,76,98,17,28,21,20,33,30,,58,50,89,95,83,,,14,,,,,11,,,,,,,,,,,,,,,,12,,,,,,,,,,,,,,,,,,,,,,,,,,,,,,,,,,,,,,17,17,25,18,26,18,20,16,14,,,16,28,32,30,30,,24,25,34,14,24,30,33,,34,40,33,,,30,42,,25,27,22,,23,,45,36,,,39,25,,,32,35,33,,,16,20,19,24,27,26,18,34,38,42,36,31,20,24,20,32,27,21,30,25,36,42,34,36,,24,23,14,,9,5,19,27,24,18,21,16,16,32,16,28,,,24,14,12,12,10,21,20,10,8,22,11,36,,15,21,18,16,,,21,7,17,6,20,20,,11,20,19,,21,18,21,,18,20,12,23,18,17,17,,16,16,18,22,16,10,13,15,,13,19,7,15,20,9,,10,,8,,,,10,13,7,12,14,16,,13,,13,16,13,14,19,21,18,14,11,8,9,11,,8,11,9,10,10,12,10,12,,14,11,12,32,10,22,5,14,17,16,19,12,27,25,22,,10,16,17,22,23,,21,14,15,22,22,19,19,20,18,,20,24,24,14,19,37,16,17,16,14,14,,39,33,32,,35,29,38,21,,28,26,23,,23,18,20,19,16,,29,27,28,22,19,17,18,,20,17,18,19,29,,21,20,17,28,21,19,25,30,28,28,17,24,,31,29,29,,13,15,,20,15,11,13,,23,21,19,31,22,20,33,23,17,28,23,24,28,24,26,38,22,19,25,22,23,21,18,28,20,25,20,23,22,22,27,19,21,28,28,25,24,22,21,25,18,17,20,19,57,61,64,54,37,37,37,47,47,42,47,57,50,56,52,50,66,22,26,35,34,32,32,35,,34,48,49,19,15,,10,14,15,15,14,13,12,15,21,14,17,17,18,13,17,,,,17,21,,20,,21,16,18,22,,14,14,15,,,,,15,16,16,15,15,33,,23,,7,9,14,14,14,20,17,9,13,17,9,,,,,30,19,12,11,26,15,21,,16,16,17,15,12,12,19,5,28,16,15,18,23,29,,22,28,25,27,16,9,19,17,22,,22,15,,17,7,,5,10,10,,38,,5,,5,7,16,17,18,16,22,21,21,21,8,11,11,22,,35,29,,15,16,48,,64,68,14,19,107,119,,8,7,27,30,,,24,26,31,,26,23,19,27,6,25,21,,20,,,18,10,8,8,86,77,55,87,24,,85,51,49,40,39,51,86,86,110,,,64,48,,38,,50,68,83,107,17,18,27,28,41,33,28,39,27,,27,20,16,20,14,20,18,,11,,9,14,16,19,17,18,97,24,16,36,22,20,12,11,,,36,9,9,30,,29,22,30,16,,9,8,,,10,20,22,11,14,14,15,13,8,20,28,28,19,27,45,,30,20,,23,16,17,15,61,27,17,16,24,31,28,17,21,29,21,45,12,31,17,16,16,9,26,12,14,16,15,15,24,,29,20,20,25,11,16,28,24,22,30,35,22,30,25,23,18,20,42,,18,15,11,20,16,14,10,,,32,24,30,15,16,6,24,18,11,53,24,24,16,20,16,23,9,14,,16,39,36,44,33,19,67,22,19,19,25,35,22,20,24,22,23,25,20,39,37,21,20,16,20,13,11,15,19,13,22,26,32,25,27,31,31,24,31,31,40,37,23,28,14,30,20,26,35,25,22,35,,30,10,16,11,17,11,12,12,34,37,32,19,23,33,32,14,11,10,9,18,15,19,31,24,13,26,26,15,38,26,15,,16,16,16,11,17,13,16,14,15,,7,29,23,16,16,21,20,,16,33,35,33,21,22,23,69,41,33,50,49,27,12,8,14,13,14,12,41,16,14,29,19,24,32,15,6,8,17,11,17,21,19,19,19,13,15,16,8,84,85,79,85,103,74,17,18,12,21,28,38,32,42,14,23,30,26,18,39,42,15,25,31,46,39,16,17,11,11,17,19,13,28,28,38,31,36,28,25,20,14,28,31,12,19,27,18,15,13,17,10,18,16,26,13,10,15,20,20,18,16,22,7,13,25,26,13,18,23,16,15,24,6,18,13,12,20,17,15,18,13,16,43,53,32,33,21,10,16,32,32,20,20,,23,18,21,29,28,23,26,19,18,9,7,15,22,15,18,32,29,19,51,37,37,55,45,42,36,45,50,55,56,37,24,39,32,31,54,52,51,54,32,39,24,36,23,35,26,37,22,28,20,16,17,14,20,15,19,17,18,50,86,298,276,13,14,29,42,29,43,25,31,25,16,26,26,28,23,37,,13,19,31,41,18,17,20,13,5,12,19,19,29,16,19,25,15,21,20,21,34,14,16,,15,11,14,44,40,49,38,32,26,27,38,27,30,32,26,21,16,21,23,12,42,17,48,48,21,14,30,24,39,32,14,24,35,40,33,46,27,12,24,18,7,7,18,17,9,12,19,36
20230729,3,SO2,3,3,3,3,3,3,1,3,3,3,3,3,,,5,,2,4,6,,5,,,5,,3,2,,2,3,3,3,3,2,6,,1,4,,2,2,4,2,6,,9,,2,3,1,8,2,7,9,,2,2,,1,3,8,6,7,8,7,5,3,3,,4,5,5,1,4,2,,6,5,3,4,5,,3,6,6,7,5,3,,5,6,,,7,6,6,6,3,16,51,,5,6,8,15,6,,7,4,3,7,4,7,5,3,7,6,,4,4,4,6,3,5,4,4,3,3,8,5,6,3,6,7,5,5,4,4,5,8,4,7,6,2,4,,2,6,6,5,5,3,3,6,14,6,4,6,8,5,,6,7,8,6,8,7,6,8,4,4,4,4,,,,6,8,,6,7,4,,,,5,,3,5,7,5,10,5,7,5,6,,,,7,5,,3,4,6,7,6,,7,5,7,4,6,7,4,3,,5,,7,5,,6,3,,4,5,6,,6,4,6,5,2,4,7,,,3,4,4,4,6,5,5,,5,,,2,,7,3,,3,2,3,5,4,4,,2,4,4,5,2,4,4,3,5,4,4,3,5,5,8,8,6,9,1,,4,2,2,3,,3,,7,4,7,,4,4,10,,6,5,6,4,,4,7,5,5,5,,,4,5,10,6,5,5,1,1,3,2,1,1,3,2,2,6,8,7,5,6,5,5,,6,6,4,5,4,1,4,2,4,3,2,5,4,3,,4,4,9,6,5,6,5,7,4,5,6,4,4,7,,5,6,5,7,5,7,,5,7,11,5,7,,7,6,11,6,7,9,12,6,6,3,4,,,9,7,6,4,5,5,6,5,7,16,6,9,9,12,11,5,11,13,8,7,,8,5,9,8,8,,5,5,5,8,6,5,7,,,6,9,6,4,5,,3,3,2,1,,,3,10,5,4,3,5,3,6,6,4,3,,10,,7,3,6,5,7,12,8,11,9,10,7,5,3,6,6,7,2,5,,4,,4,6,,5,,3,5,,,,,6,,,,20,13,6,5,15,6,5,,5,10,3,11,12,6,4,4,4,5,7,1,6,4,6,12,,11,6,10,7,7,7,8,6,6,,11,6,5,2,4,6,4,2,4,5,2,5,2,2,8,7,8,,,4,,4,2,5,1,6,,6,1,,,3,2,2,10,,7,5,6,,11,9,8,9,6,7,2,3,4,5,,,,10,,,6,,4,8,7,8,5,8,6,4,4,4,,7,,,13,,10,10,8,4,4,8,4,7,,26,14,4,5,10,4,7,8,4,24,1,5,1,7,4,6,5,5,4,6,,10,6,7,,4,4,,6,5,2,4,4,,17,4,,,,4,,4,,8,12,8,8,8,10,,11,8,,9,9,,8,,8,7,8,,8,7,12,13,17,,7,5,4,4,2,4,3,4,5,8,5,3,5,4,4,6,6,6,6,4,16,8,3,2,6,5,6,6,4,6,5,4,8,,7,5,4,4,2,4,5,5,3,3,2,4,6,2,,6,8,6,,4,12,6,9,9,,11,10,7,,3,,3,4,4,3,8,5,4,,,,1,,2,,6,,3,,3,6,4,3,5,,8,,4,2,4,2,8,6,,13,8,9,9,6,2,,4,,,7,4,6,3,6,6,10,36,8,4,3,2,4,34,24,8,25,23,13,2,2,3,7,6,6,7,10,11,9,5,,8,6,16,6,4,4,6,3,,,,,1,3,,1,1,7,15,9,4,7,4,6,2,1,4,8,3,,4,3,,9,1,5,,6,4,,5,7,5,5,9,4,5,4,4,4,6,4,4,,39,7,1,16,20,9,12,9,3,,7,6,6,6,9,,,4,,,,,2,,,,,,,,,,,,,,,,4,,,,,,,,,,,,,,,,,,,,,,,,,,,,,,,,,,,,,,7,1,1,3,1,2,2,4,1,,,3,12,14,11,11,,11,4,7,4,4,4,12,,8,8,6,,,4,4,,15,8,3,,8,,31,34,,,5,5,,,2,3,14,,,4,2,7,10,11,5,6,3,4,7,10,5,3,5,13,5,10,4,6,13,8,5,3,4,,11,12,6,,7,7,5,6,4,4,7,2,7,5,6,,,,6,9,6,9,10,13,6,11,4,3,6,14,9,2,2,4,1,,,7,49,10,2,6,3,,6,8,5,,6,7,6,,4,8,4,8,5,2,3,,4,4,4,10,2,3,6,5,,5,5,5,6,9,8,,5,,5,,,,2,6,9,6,4,4,,3,,10,6,5,6,6,,6,1,7,3,6,9,5,4,7,3,2,2,3,4,2,,8,2,4,5,6,5,28,11,18,12,18,20,12,9,9,,4,4,4,,2,,1,5,5,8,11,11,11,15,1,,2,3,7,3,4,4,4,4,1,4,4,,1,5,6,,7,1,5,4,,4,3,3,,1,8,5,7,4,,5,5,4,8,9,5,4,,4,6,4,8,7,,4,9,7,4,5,4,6,5,6,8,4,4,,8,8,7,,6,6,,8,6,5,1,,6,3,6,9,10,2,56,7,14,16,18,3,8,6,6,10,4,4,2,2,4,7,5,9,5,4,8,9,13,12,10,12,4,13,12,10,2,6,4,11,5,,7,5,7,5,7,7,3,5,5,8,4,7,5,5,6,8,8,44,154,7,8,12,8,5,15,15,,7,4,3,6,5,,7,7,6,4,6,5,3,5,4,2,3,1,2,3,10,,,,6,7,,8,6,7,8,8,7,,6,8,6,,,,,5,5,6,6,7,1,,4,,4,5,9,9,8,15,2,5,7,6,5,,,,,4,1,4,4,70,4,2,,1,7,7,5,7,2,7,8,6,9,4,6,21,65,,13,11,8,5,7,9,4,8,11,,8,6,,7,7,,7,8,6,,10,,7,,8,8,1,8,10,8,5,7,6,8,5,5,4,8,,97,37,,5,7,6,,7,6,4,3,3,4,,5,5,7,6,,,,5,4,,10,8,12,10,11,12,5,,5,,,6,5,5,6,6,4,3,4,5,,11,7,9,6,5,9,2,2,,,,6,5,,5,,4,9,9,9,4,3,4,5,5,6,4,3,10,,5,2,7,2,4,2,2,,4,,6,1,3,4,8,9,16,8,4,4,8,8,5,3,,,2,4,6,6,,12,24,6,5,,5,4,,,2,3,5,4,7,6,2,4,5,5,5,6,7,8,8,,4,1,,7,11,7,5,4,13,8,6,18,3,4,5,3,1,4,16,2,26,4,2,2,6,3,8,6,7,6,7,6,,1,5,11,3,3,5,3,5,5,4,4,8,3,2,8,3,1,5,47,3,6,5,6,8,5,3,,,2,4,6,7,7,6,6,3,3,5,3,6,8,10,6,2,4,3,,5,8,6,24,72,5,6,6,7,6,9,5,9,2,4,6,3,4,7,32,8,10,2,7,7,7,7,6,2,4,4,5,5,7,8,5,6,6,4,6,7,7,17,2,7,7,7,6,2,2,6,8,,6,9,6,4,10,2,3,2,5,4,2,1,8,5,2,8,4,8,8,10,5,9,8,7,9,10,4,9,12,12,2,,2,7,5,3,6,10,8,4,4,,1,5,4,4,8,12,10,,5,7,5,8,6,10,5,5,13,35,6,8,5,2,1,3,4,4,3,5,5,4,10,3,8,12,4,1,5,6,4,4,6,5,5,6,2,4,2,7,4,6,2,8,7,7,5,10,4,9,6,4,5,4,9,3,9,8,6,1,2,5,4,5,4,8,4,3,6,6,3,3,4,3,6,3,4,1,10,8,4,9,7,15,6,9,8,6,2,1,2,5,4,6,7,3,3,10,3,4,7,6,5,1,5,7,,3,3,5,2,6,4,7,15,5,3,4,,3,7,3,13,5,55,9,3,6,5,4,5,2,2,3,,9,5,8,8,6,6,6,4,3,5,4,1,6,3,2,14,11,6,7,14,6,7,1,2,1,3,1,2,3,4,4,5,8,9,4,9,8,11,6,9,2,3,4,2,8,9,1,6,8,6,10,7,5,3,4,2,7,9,7,4,7,4,6,5,8,6,36,7,7,10,4,7,9,9,12,9,,6,3,4,3,6,5,1,4,6,7,5,7,2,3,7,3,4,6,10,3,6,1,4,,4,7,1,9,6,7,8,5,3,1,3,3,3,8,15,3,3,14,12,5,5,4,3,3,3,3,3,3,7,7,4,2,7,4,4,9,5,4,7,6,6,7,14,10,4,8,8,6
20230729,3,SO2_24h,3,3,3,3,3,3,2,3,3,3,3,3,,,5,,2,5,5,,4,,4,5,,3,3,,2,2,2,3,3,2,6,,2,3,,2,3,4,2,5,,5,,2,3,3,8,3,6,9,,4,3,,2,2,9,10,9,14,10,5,2,2,,4,5,9,2,4,2,,6,6,3,5,6,,3,6,6,6,4,3,,6,6,,,8,7,6,6,5,9,17,,6,8,12,10,10,,10,4,4,8,5,7,5,4,6,6,6,4,4,4,5,3,5,4,4,3,2,8,5,6,4,6,7,5,6,3,4,5,8,4,8,6,3,5,,2,6,6,5,4,3,3,6,9,6,4,6,7,5,,6,8,8,6,8,6,6,8,4,4,4,4,,,,6,8,,6,8,4,,,,6,,3,5,7,5,10,6,8,6,6,,,,8,5,,2,5,4,7,6,,7,5,7,4,6,7,4,3,,4,,6,5,,6,4,,4,5,6,,6,4,5,5,2,4,7,,,3,4,4,4,6,5,5,,5,,,2,,6,3,,3,2,3,5,4,4,,2,3,4,3,2,5,4,3,5,4,4,3,5,5,8,8,7,8,2,,4,2,2,3,,3,,8,6,8,,5,4,9,,7,5,6,5,,4,7,5,6,5,,,4,6,9,6,5,5,1,1,3,2,1,6,2,2,3,9,7,8,9,6,7,5,,6,6,3,5,4,2,4,2,5,2,2,5,7,7,,5,5,10,8,7,6,6,8,4,5,6,5,4,7,,5,7,5,8,6,8,5,6,7,11,5,7,,8,4,8,6,7,8,11,7,8,5,6,,,10,8,7,3,5,5,6,4,7,13,7,9,11,10,12,7,8,14,8,9,,6,6,7,7,7,,5,5,4,6,6,4,6,,,6,8,5,3,4,,3,3,3,2,,,2,7,4,3,3,5,4,5,4,3,3,,8,6,8,3,6,5,8,10,9,12,14,11,7,5,3,6,6,7,2,5,,4,,4,6,,7,,7,9,,,,,6,,,,10,13,5,5,14,5,5,,7,10,3,11,12,7,4,3,4,6,8,2,6,4,7,14,,12,9,14,7,6,8,10,9,7,,6,6,4,4,4,6,3,3,2,5,2,5,2,2,9,7,8,,,5,,4,2,4,2,7,,7,2,,,4,2,2,12,,8,7,7,,11,9,10,8,6,6,2,3,5,6,,,,10,,,5,,5,8,7,8,5,8,6,5,4,4,,10,,,15,,11,9,12,6,6,9,6,8,,9,8,12,10,6,4,8,8,4,11,1,5,2,7,4,7,5,6,5,7,,7,6,7,,4,5,,7,6,2,6,5,,15,5,,,3,5,,4,,7,5,8,8,8,11,,12,9,,8,6,,7,,10,8,9,,9,8,12,15,16,,8,5,4,5,3,4,3,14,5,7,6,4,6,5,5,6,6,6,6,10,16,10,4,4,5,5,6,6,4,6,5,3,7,,5,5,4,4,2,4,5,6,2,3,2,3,5,2,,6,8,6,,4,11,8,9,9,,11,10,7,,3,,2,4,6,3,8,8,5,,,,1,,2,,6,,3,,2,6,4,4,4,,6,,4,2,4,2,7,5,,11,9,9,7,7,3,,4,,,7,5,6,3,6,7,8,8,6,5,4,2,5,19,17,12,16,25,11,1,2,3,6,6,6,7,9,7,8,4,,8,7,15,6,5,4,6,2,,,,,2,3,,4,1,8,8,7,4,5,4,7,2,1,6,4,4,,4,3,,8,2,5,,6,4,,5,7,5,5,9,4,6,9,5,4,6,5,4,,24,30,3,17,31,8,11,9,2,,6,8,6,6,6,,,4,,,,,3,,,,,,,,,,,,,,,,5,,,,,,,,,,,,,,,,,,,,,,,,,,,,,,,,,,,,,,7,2,2,2,1,2,2,4,2,,,3,9,9,9,8,,7,5,6,4,4,6,12,,9,10,5,,,3,3,,14,12,2,,5,,21,22,,,5,3,,,8,4,13,,,4,3,7,10,10,5,7,4,4,8,8,5,3,6,8,9,9,4,6,10,8,6,3,4,,7,7,10,,7,4,7,5,5,4,6,4,8,6,7,5,,,6,8,7,9,10,12,6,9,6,4,6,15,10,2,2,4,1,,,7,8,4,2,5,3,,6,9,5,,6,5,8,,4,8,5,8,5,2,3,,3,3,4,8,3,3,5,5,,4,6,6,7,9,8,,5,,6,,,,3,7,8,6,4,4,,4,,7,6,6,6,6,8,6,1,10,4,7,10,5,5,6,4,4,4,4,3,2,,8,2,4,5,7,6,29,13,14,15,12,11,12,8,8,,6,9,12,16,10,,1,5,5,6,10,8,10,14,2,,4,3,7,3,4,4,5,5,2,7,9,,5,5,7,,6,3,6,6,,5,5,4,,2,9,3,8,5,,6,5,4,7,9,4,4,,4,7,5,6,6,,9,8,8,4,5,5,6,6,6,7,4,4,,8,9,7,,6,7,,7,5,5,2,,6,4,6,9,10,4,19,13,11,20,13,4,7,6,6,7,4,4,2,2,4,5,5,6,3,5,6,7,9,11,9,10,4,8,8,8,2,7,5,9,6,5,6,5,9,7,7,7,9,6,6,10,7,11,6,8,6,9,7,14,19,7,8,10,9,6,10,8,,8,4,3,6,4,,6,7,6,4,6,5,3,5,4,2,2,1,2,3,10,,,,6,15,,8,6,7,8,8,7,,7,8,6,,,,,5,5,6,6,7,2,,4,,4,5,8,10,7,12,2,5,6,4,5,,,,,2,2,4,4,17,5,2,,3,8,7,6,7,3,8,9,5,10,4,6,22,33,,12,11,7,5,7,9,5,8,14,,8,6,,7,7,,6,7,4,,7,,7,,8,8,2,5,7,7,5,7,6,8,5,5,4,8,,82,38,,6,7,6,,6,4,4,3,4,4,,5,5,8,8,,,7,6,4,,11,10,14,10,11,11,6,,8,,,7,5,4,6,6,4,4,5,5,,8,8,9,6,6,15,3,2,3,,,7,6,,5,,4,10,8,10,13,2,4,6,6,5,4,3,10,,5,2,8,2,4,2,2,,4,,6,3,3,4,7,7,10,7,5,7,7,8,5,3,,,2,4,5,6,,9,12,6,4,,5,5,,,2,4,5,4,7,6,2,5,5,5,6,5,6,6,7,,4,3,,7,4,8,5,5,15,4,7,13,3,4,6,3,2,5,12,3,26,4,2,3,6,5,8,6,8,8,9,6,,2,5,7,3,3,5,3,6,5,5,4,8,5,4,8,3,1,5,33,4,6,5,6,9,5,4,,,6,4,7,7,7,6,6,3,6,6,3,8,8,15,6,4,4,4,,5,11,6,18,33,5,5,6,7,6,7,5,8,2,5,6,3,6,8,25,10,10,2,7,6,7,6,6,2,4,6,7,7,8,8,5,7,6,4,7,8,8,12,2,7,9,7,8,5,2,6,8,,6,9,6,4,10,3,4,2,6,5,2,1,8,5,3,8,3,6,8,10,4,9,8,9,9,9,7,7,10,12,2,,3,6,3,3,7,10,9,5,6,,1,3,4,4,8,8,8,,6,7,5,8,6,6,5,6,11,32,10,10,5,2,1,4,5,4,4,6,8,5,4,3,12,12,4,2,5,6,4,8,5,5,6,6,2,5,2,7,4,8,2,6,6,8,13,8,6,9,6,5,7,5,8,4,6,7,6,1,3,5,4,5,6,8,4,3,6,6,3,3,4,4,6,4,5,6,10,8,5,16,6,14,7,9,8,4,3,2,2,6,4,6,6,4,3,9,3,4,7,6,5,2,5,7,2,5,4,6,4,10,5,7,8,5,2,4,3,2,7,4,11,10,15,7,4,4,5,4,5,2,3,3,,8,5,7,9,6,6,6,4,3,5,4,1,6,3,2,16,9,6,8,14,6,8,1,1,1,3,3,4,3,5,5,8,7,9,3,8,7,10,7,8,2,6,5,2,8,13,2,7,5,6,8,7,5,4,3,2,5,10,6,7,8,4,6,5,10,8,27,9,7,11,5,9,9,13,11,8,,6,3,5,2,6,5,3,4,6,7,6,7,2,4,7,3,4,7,5,4,8,1,4,,4,6,2,12,5,7,9,4,3,2,3,2,3,6,12,4,4,12,12,8,6,4,4,3,3,3,3,3,10,6,3,2,9,6,4,10,5,4,4,6,6,7,7,12,5,8,6,14
20230729,3,NO2,68,4,33,28,54,57,38,26,12,9,40,16,,,14,,16,14,23,,28,,,11,,19,20,,11,16,19,5,12,14,14,,17,25,,23,18,12,10,47,,42,,4,3,9,6,12,6,10,,12,6,,9,20,9,39,30,29,36,16,23,34,,23,43,20,32,12,18,,4,6,9,10,38,,6,20,22,38,17,45,,29,46,,,33,43,48,29,18,31,21,,20,12,10,14,16,,10,11,9,8,10,11,10,14,13,21,,16,11,12,13,13,8,1,11,13,12,11,8,7,7,13,14,18,17,17,6,9,18,7,,6,6,2,,6,15,5,11,5,9,6,3,5,7,10,7,7,4,,2,2,4,2,2,1,8,9,2,7,5,5,,,,8,8,,8,8,8,,,,13,,6,8,1,6,8,7,5,5,9,,,,2,4,,19,19,16,6,4,,4,6,6,4,4,3,2,2,,3,,4,5,,12,8,,7,10,12,,8,3,15,13,2,5,4,,,2,2,2,7,2,1,4,,12,,,6,,2,8,,2,2,4,5,2,2,,8,15,8,12,9,18,5,3,14,9,6,8,6,9,5,15,6,10,2,,9,7,5,5,,1,,8,7,7,,1,2,4,,8,17,36,28,,36,32,26,28,3,,,3,4,9,7,6,7,10,4,8,10,5,6,4,4,13,13,18,11,14,14,21,8,,13,14,24,22,30,15,34,19,17,32,19,4,,11,,31,23,22,13,23,16,23,12,6,7,11,10,11,16,,6,5,11,19,9,7,8,2,15,,29,13,,11,27,25,10,7,6,6,13,11,13,10,,,14,10,15,23,18,14,9,26,43,25,22,19,35,21,37,18,13,24,60,51,,36,20,16,16,6,,33,55,30,13,31,21,16,,,62,32,44,18,23,,19,54,66,39,,,25,6,12,16,16,10,15,18,12,11,15,,14,,10,14,8,10,12,8,7,14,6,6,19,12,26,15,12,18,7,10,,16,,15,21,,30,,20,27,,,,,12,,,,18,37,7,11,23,17,11,,9,19,16,20,20,16,16,23,11,9,22,4,7,25,6,48,,20,44,33,15,28,18,13,24,59,,11,8,17,2,1,3,2,7,16,8,4,15,11,21,2,5,3,,,12,,6,2,5,4,8,,8,13,,,14,19,14,22,,19,10,12,,17,10,9,11,7,2,2,2,2,6,,,,7,,,11,,7,8,5,7,11,1,3,2,3,2,,5,,,12,,5,18,20,5,7,7,7,4,,27,20,14,9,22,12,11,19,14,25,20,18,18,4,4,4,16,17,18,17,,19,6,7,,9,7,,2,2,5,2,4,,19,18,,,,17,,44,,41,28,31,32,7,9,,3,4,,19,34,,36,,10,12,12,,12,10,17,7,6,,8,9,11,14,17,9,3,27,25,20,26,8,22,11,28,27,7,9,14,24,7,15,18,18,8,10,6,7,7,2,6,6,6,,6,6,6,8,6,7,5,14,5,7,6,8,10,8,,6,7,8,,5,15,18,13,10,,12,13,2,,2,,4,5,7,3,4,2,2,,,,6,,7,,11,,2,,8,4,11,8,17,,5,,15,18,10,12,13,18,,10,14,7,12,11,4,,5,,,4,7,7,6,3,10,20,22,18,11,3,2,2,14,24,21,27,18,12,22,10,5,9,10,8,22,32,26,29,24,,6,10,15,54,12,8,3,3,,,,,4,8,,12,3,12,9,10,14,8,13,10,17,19,10,14,10,,8,18,,12,6,15,,15,13,,18,2,5,23,10,10,7,6,5,14,35,26,13,,20,16,7,6,17,14,17,1,4,,10,2,21,8,3,,,33,,,,,6,,,,,,,,,,,,,,,,3,,,,,,,,,,,,,,,,,,,,,,,,,,,,,,,,,,,,,,15,7,8,8,4,5,5,6,1,,,5,21,23,23,20,,20,21,30,19,14,29,18,,12,16,20,,,21,16,,37,47,38,,37,,10,18,,,13,6,,,9,6,31,,,10,7,3,9,12,6,5,16,15,10,7,8,4,7,8,15,18,26,16,24,10,10,18,10,,21,20,6,,3,2,7,11,6,7,5,4,11,15,8,,,,4,13,11,16,10,11,2,8,5,9,10,1,6,7,5,6,4,,,11,19,7,2,15,13,,5,7,7,,8,13,10,,13,10,12,14,10,5,3,,5,6,7,12,7,6,10,12,,10,1,1,3,14,12,,13,,13,,,,2,6,8,3,7,7,,5,,13,10,14,2,2,,2,3,14,11,6,5,,3,10,4,7,11,6,8,6,,3,3,4,5,2,3,4,7,24,5,22,14,11,11,15,,2,3,3,,4,,8,4,8,9,8,6,10,14,31,,8,14,7,3,3,3,3,4,4,2,2,,,7,6,,7,6,9,8,,7,5,7,,10,7,5,8,6,,6,2,7,4,8,10,7,,8,6,7,15,18,,23,25,5,2,5,10,12,10,9,9,12,6,,6,7,9,,5,6,,1,4,1,3,,1,3,5,3,14,10,11,22,9,12,11,6,8,10,7,12,5,6,8,4,4,29,20,22,19,31,8,21,,11,18,3,6,6,6,12,4,14,3,12,2,,7,10,43,13,32,25,19,7,7,9,7,20,9,4,4,4,13,11,30,16,22,16,13,11,17,19,,7,4,7,7,8,,6,6,10,10,19,5,11,15,12,14,26,29,17,10,43,,,,13,13,,10,16,26,27,30,31,,8,4,7,,,,,9,5,4,8,9,7,,9,,20,6,13,6,10,10,3,13,17,19,6,,,,,8,5,6,5,25,18,18,,5,9,4,11,11,7,10,11,17,13,11,11,31,20,,18,17,11,12,12,11,4,6,10,,14,13,,8,10,,10,11,21,,5,,12,,2,4,17,27,24,13,16,12,17,19,2,8,4,12,,12,11,,11,12,36,,8,6,22,14,13,12,,4,2,26,50,,,,21,58,,12,8,9,13,5,3,17,,9,,,13,9,5,3,16,10,6,5,8,,7,8,8,4,2,25,6,6,,,,10,10,,21,,3,9,7,5,4,3,4,14,16,22,11,11,14,,34,7,10,17,3,8,8,,14,,5,13,24,12,28,27,23,15,9,22,21,10,4,11,,,32,3,10,12,,26,15,34,2,,5,10,,,15,6,11,2,13,8,4,5,6,8,5,29,18,7,34,,22,7,,12,19,7,9,3,60,15,7,16,6,27,6,4,15,3,36,2,18,9,5,14,41,16,8,11,8,8,9,4,,3,30,32,5,7,22,3,4,6,4,5,18,13,13,9,11,11,13,43,8,15,2,18,5,17,20,,,13,6,11,21,5,3,8,12,11,34,7,14,15,38,4,8,8,6,,4,22,19,21,30,10,9,5,12,5,6,8,6,4,7,8,30,,26,10,60,10,13,7,2,8,2,1,10,5,7,,28,10,22,15,18,10,19,18,4,18,30,10,17,32,13,11,2,4,27,18,,18,7,14,8,13,4,4,4,13,13,7,6,10,4,2,10,15,12,13,13,21,6,23,20,11,18,24,14,31,6,36,,21,6,24,4,25,12,8,4,4,,2,14,17,17,12,24,31,,8,50,8,14,3,11,2,12,12,19,6,4,27,4,16,10,5,1,3,3,8,1,14,8,51,26,3,7,11,6,6,16,9,2,5,2,2,2,4,1,6,18,9,11,8,10,15,4,10,8,13,6,21,12,6,12,19,8,8,10,14,10,26,12,40,23,5,7,9,10,14,14,8,3,6,10,12,9,9,10,10,9,6,15,3,21,13,15,24,41,26,12,10,7,21,13,4,9,12,17,14,5,16,4,3,12,,13,16,17,6,11,30,10,10,4,17,3,,1,2,7,20,21,18,14,4,10,4,8,14,10,6,8,,6,6,16,4,13,14,30,21,13,10,10,12,2,5,1,45,16,11,8,19,2,31,13,17,11,8,16,24,35,13,6,1,11,14,34,34,33,30,39,40,10,4,22,6,13,11,4,21,17,7,13,9,10,22,13,8,14,1,6,5,4,13,14,14,9,24,10,8,18,2,17,8,15,26,27,34,,4,4,2,2,8,7,5,6,8,28,18,7,16,12,14,15,12,12,22,2,,8,20,,5,6,7,28,24,20,3,20,16,19,22,6,59,27,10,10,34,39,16,4,2,1,29,16,32,3,22,44,25,31,6,2,10,13,15,11,9,2,20,16,4,6,14,9,4,8,13,5
20230729,3,NO2_24h,25,7,13,18,24,26,30,15,12,20,31,21,,,16,,19,19,20,,21,,25,14,,13,16,,7,12,13,5,12,12,11,,16,18,,17,13,11,21,24,,24,,9,6,11,7,10,9,12,,13,8,,13,14,9,27,20,21,23,9,18,21,,17,17,15,21,7,12,,9,12,14,16,22,,8,19,20,24,15,23,,20,26,,,23,24,27,24,14,25,16,,16,12,12,15,15,,10,14,13,10,10,11,12,14,10,12,14,18,14,10,12,13,6,3,13,10,14,11,13,8,10,15,19,23,20,22,8,13,19,9,5,9,8,3,,9,14,8,13,9,14,9,8,10,10,15,12,9,5,,3,4,8,3,2,9,8,9,2,7,6,6,,,,7,8,,9,7,9,,,,16,,14,21,10,13,18,14,13,11,17,,,,12,9,,20,21,18,8,5,,4,7,9,6,5,6,2,3,,5,,5,7,,15,12,,12,13,14,,11,7,18,14,8,6,7,,,2,5,4,6,3,2,8,,16,,,10,,5,11,,3,3,5,5,2,2,,17,18,10,9,9,9,6,5,16,12,8,10,9,13,8,17,10,12,2,,5,3,5,4,,3,,12,13,11,,6,7,6,,14,15,20,16,,22,21,25,22,4,,,6,10,14,8,7,11,14,7,12,16,8,9,8,9,15,20,22,17,23,18,23,17,,18,16,9,8,14,12,15,17,10,14,10,3,31,14,,21,23,18,16,22,19,17,11,15,19,18,26,22,20,,14,10,8,26,14,18,10,12,10,14,16,13,,18,22,22,14,11,9,9,14,16,15,12,,,15,12,20,16,12,8,12,19,18,22,16,14,32,28,59,28,35,18,34,42,,13,18,15,12,6,,18,37,18,26,33,23,18,,,37,37,28,22,29,,7,14,17,16,,,12,3,11,22,11,12,13,18,14,16,16,,14,10,16,20,16,18,14,16,17,11,20,17,19,12,22,11,15,14,8,10,,18,,17,14,,27,,30,31,,,,,12,,,,16,21,23,31,38,28,7,,20,16,12,15,18,12,8,13,8,7,11,13,5,16,6,26,,22,24,22,18,22,16,15,15,21,,10,10,11,5,2,6,3,10,13,7,2,8,4,10,2,5,3,,,11,,7,3,4,5,8,,10,8,,,13,14,12,21,,7,12,10,,14,12,10,11,8,3,2,2,2,7,,,,4,,,10,,7,5,5,4,13,2,4,5,3,5,,4,,,8,,4,8,9,8,10,10,11,6,,13,19,16,14,17,14,11,13,13,17,10,11,10,7,6,5,15,10,10,11,,11,9,6,,6,6,,6,5,9,4,7,,22,10,,,4,10,,20,,22,18,15,20,10,14,,7,9,,17,19,,19,,11,13,11,,11,11,24,20,12,,6,7,7,11,11,7,3,17,13,9,13,5,14,12,14,22,8,7,15,9,6,9,12,14,8,9,14,7,9,2,13,11,11,,8,11,13,9,10,12,10,22,7,10,8,14,11,12,,7,9,10,,6,13,17,13,8,,15,14,2,,9,,10,12,15,11,10,5,8,,,,6,,8,,12,,6,,11,9,9,11,16,,6,,18,18,12,12,9,13,,9,16,9,11,9,4,,4,,,3,9,14,8,4,6,11,9,11,9,4,4,7,10,20,20,15,22,13,7,6,7,17,13,10,11,15,14,15,14,,11,13,24,27,12,10,5,7,,,,,5,12,,9,4,11,8,11,14,7,14,10,14,13,12,15,12,,13,12,,13,8,20,,13,18,,18,6,8,19,14,11,11,10,13,18,22,18,15,,19,22,17,9,14,14,12,4,6,,7,4,22,13,6,,,18,,,,,6,,,,,,,,,,,,,,,,4,,,,,,,,,,,,,,,,,,,,,,,,,,,,,,,,,,,,,,8,6,7,9,5,6,6,7,3,,,3,15,15,16,14,,12,10,9,12,7,14,20,,16,18,8,,,10,12,,16,19,23,,19,,15,16,,,13,13,,,9,8,14,,,12,9,5,9,14,8,6,11,10,9,7,6,5,6,9,13,14,18,16,18,10,10,15,12,,13,11,7,,5,5,9,12,11,8,8,7,14,16,10,13,,,7,12,10,16,9,11,5,9,5,12,12,2,12,8,8,11,4,,,10,13,8,2,13,11,,4,7,11,,11,9,17,,10,9,13,12,10,7,3,,6,8,7,13,8,7,11,10,,9,4,5,5,20,18,,10,,12,,,,5,10,9,7,5,6,,7,,15,16,16,2,2,2,2,2,8,10,7,5,,5,6,3,5,7,4,4,6,,3,4,7,7,7,7,4,6,8,5,11,7,9,10,8,,4,4,4,10,9,,3,3,6,8,8,6,8,13,12,,9,12,6,3,4,3,3,5,6,6,4,,21,16,12,,12,7,13,8,,8,7,8,,6,6,5,8,6,,9,4,8,5,8,10,7,,9,5,7,11,11,,16,13,5,7,6,7,12,9,9,10,12,9,,8,8,9,,4,6,,5,4,5,7,,2,5,5,11,12,8,9,12,8,12,11,5,5,6,7,8,5,7,6,4,5,22,9,15,11,17,6,8,9,10,11,2,8,5,4,6,4,8,5,10,4,4,7,9,31,18,23,21,17,8,10,15,15,16,15,15,15,16,9,15,20,11,11,14,14,10,12,16,,9,10,14,8,10,,6,4,12,9,12,7,8,9,11,9,17,16,10,6,16,,,,8,10,,10,17,22,20,25,20,,12,9,8,,,,,7,5,8,8,7,15,,11,,12,4,7,9,10,12,5,10,12,15,7,,,,,11,6,8,7,15,18,14,,5,8,8,7,8,7,14,15,16,12,9,10,21,21,,10,9,11,13,11,13,12,11,10,,12,10,,10,10,,5,8,11,,7,,8,,4,5,8,9,12,9,15,11,11,11,3,7,6,8,,16,13,,10,11,20,,10,9,19,20,18,17,,5,5,15,23,,,17,15,23,,11,9,12,9,7,6,16,,8,,,11,14,8,10,20,21,27,34,9,,12,9,10,8,9,12,14,14,11,,,13,12,,28,,13,8,6,32,15,2,6,14,13,18,12,8,15,,26,8,15,19,4,12,14,,12,,4,8,10,9,22,17,18,11,9,15,14,6,7,9,,,20,2,15,15,,20,16,18,4,,6,11,,,12,13,14,2,12,8,6,10,7,15,7,33,15,15,20,,17,8,,15,9,7,6,6,15,10,4,9,10,17,6,3,17,8,28,3,20,8,6,14,15,15,6,9,9,8,8,9,,5,10,36,5,8,19,3,3,4,9,6,21,6,9,15,16,17,14,22,7,13,2,23,11,12,14,,,15,7,9,17,6,4,7,16,8,20,10,6,19,16,4,8,5,7,,6,27,20,15,18,13,18,11,5,8,9,10,7,9,11,6,12,17,24,15,16,23,15,6,6,10,3,2,13,5,11,19,28,20,17,20,14,13,22,29,14,14,14,11,8,12,12,11,6,4,17,14,,16,8,16,7,18,4,5,5,14,12,7,6,9,14,8,7,12,8,22,15,15,6,15,14,9,19,22,8,30,23,10,,11,8,10,6,22,13,5,6,4,,3,10,15,13,14,13,14,,13,24,9,12,4,8,4,26,10,10,12,16,10,7,7,18,11,8,7,10,10,3,10,5,30,20,8,7,13,8,7,18,17,10,15,3,2,2,5,2,15,26,9,24,13,5,20,6,6,5,18,15,14,11,4,12,11,10,6,11,10,10,14,10,18,19,4,9,11,10,12,13,9,6,8,16,13,11,15,10,9,12,10,14,6,21,19,11,11,18,10,13,11,8,13,8,6,7,11,10,11,5,12,6,4,14,15,9,14,15,7,13,20,12,12,5,14,2,3,3,2,3,10,16,14,11,6,11,6,7,13,12,4,5,,9,6,15,5,9,15,20,19,14,14,12,18,2,9,2,19,14,13,14,18,9,29,10,14,14,14,18,20,19,13,5,6,13,14,22,16,18,14,16,19,9,9,16,9,12,12,5,18,15,11,13,8,14,11,12,13,11,2,19,9,12,11,12,17,12,15,15,4,24,6,15,11,18,16,22,28,,6,4,7,9,16,7,9,8,10,22,19,12,10,9,13,22,11,16,15,8,17,17,17,,8,6,4,9,9,17,11,10,14,19,17,11,33,20,11,11,19,21,29,7,7,5,21,17,11,4,21,14,33,25,6,2,16,11,15,14,11,4,10,9,4,7,11,7,4,6,13,14
20230729,3,O3,6,36,20,22,17,,23,24,45,51,29,51,,,38,,36,40,33,,20,,,27,,18,47,,88,80,66,98,96,92,95,,21,12,,14,10,38,37,7,,6,,45,51,47,84,67,86,95,,86,46,,56,61,41,5,8,16,2,,43,30,,40,8,24,19,45,48,,82,79,73,84,42,,50,79,76,51,84,18,,65,56,,,59,52,43,69,9,2,13,,4,23,27,21,23,,28,36,31,26,27,28,32,27,27,19,,37,40,38,40,41,44,58,37,32,40,69,54,63,49,53,61,50,49,57,50,66,48,16,19,18,22,18,,22,12,16,18,12,18,18,15,17,18,19,17,16,16,,18,20,19,18,18,18,18,16,19,15,19,21,,,,17,15,,24,20,22,,,,6,,22,30,15,23,20,14,19,19,15,,,,22,19,,11,6,10,17,15,,15,17,12,18,15,19,22,24,,28,,21,18,,13,17,,22,19,21,,19,25,15,15,26,20,27,,,29,27,28,51,61,55,47,,17,,,26,,22,18,,45,44,41,14,14,14,,35,24,31,32,32,33,48,38,16,19,26,26,19,21,22,14,20,23,,,45,47,48,44,,45,,50,48,39,,51,56,35,,51,10,8,8,,3,12,13,8,14,,,24,28,16,27,26,27,40,45,41,48,44,36,42,39,49,39,33,39,37,33,35,38,,30,43,12,22,9,25,2,20,22,5,20,34,53,61,,37,49,51,67,52,37,36,33,87,95,90,86,71,90,,81,73,47,98,98,90,93,87,39,41,33,47,,48,25,31,81,79,83,81,52,62,52,61,,,89,88,95,75,78,89,84,59,7,34,35,40,30,44,47,55,75,23,13,5,,21,41,38,40,67,,5,4,7,31,1,30,23,,,5,15,4,23,10,,24,,,16,,,57,83,12,39,19,30,23,35,38,46,7,,47,,47,50,48,58,63,83,87,62,88,82,43,47,22,42,45,46,48,47,,36,,42,28,,54,,67,64,,,,,73,,,,77,32,85,93,72,82,71,,74,21,28,15,15,1,20,6,25,21,18,92,6,,27,43,,68,36,58,61,72,96,86,51,25,,38,35,31,57,53,53,55,38,35,43,40,37,35,29,64,63,64,,,15,,28,20,20,16,37,,40,27,,,6,8,11,13,,12,12,19,,17,30,28,23,20,16,30,25,27,8,,,,17,,,12,,16,15,24,16,21,25,,23,29,26,,22,,,25,,25,11,10,102,122,92,117,101,,32,36,49,62,33,64,57,18,20,11,8,10,8,73,77,68,21,15,11,50,,35,54,42,,33,32,,82,79,83,82,30,,15,22,,,,11,,9,,36,52,28,46,109,107,,108,106,,51,36,,32,,114,104,117,,109,108,117,111,119,,26,23,27,20,18,28,61,14,10,8,9,14,3,30,6,6,30,28,5,26,41,34,35,40,56,51,50,54,54,41,62,65,63,,69,74,73,64,70,63,79,53,75,62,68,25,22,23,,17,16,18,,26,22,23,24,18,,26,20,55,,61,,64,63,69,64,48,41,48,,,,26,,26,,67,,71,,50,51,45,65,47,,48,,32,37,35,39,60,61,,43,38,48,33,41,43,,59,,,33,22,24,10,55,26,20,19,57,29,100,86,76,34,22,24,23,26,43,34,37,49,51,56,58,26,11,18,8,9,,68,62,53,10,8,34,38,41,,,,,49,48,,43,32,22,37,39,28,29,27,30,22,14,25,42,33,,51,49,,68,57,57,,53,56,,58,63,55,48,58,53,64,64,65,34,28,28,35,,101,102,111,96,67,74,64,125,126,,78,116,76,88,99,,,7,,,,,27,,,,,,,,,,,,,,,,27,,,,,,,,,,,,,,,,,,,,,,,,,,,,,,,,,,,,,,13,30,29,32,35,30,29,29,31,,,,60,55,58,64,,59,32,45,50,48,21,103,,116,112,63,,,58,64,,32,14,19,,27,,105,86,,,72,50,,,85,104,45,,,75,64,104,104,123,124,129,32,26,44,41,39,30,20,26,17,13,11,16,8,58,45,61,68,,16,19,40,,23,17,14,8,70,62,121,112,3,5,4,,,,60,27,33,30,5,73,67,66,60,21,17,17,71,68,74,73,96,,,37,61,86,106,49,51,,43,13,12,,15,10,16,,12,11,14,10,3,23,25,,23,22,24,26,29,21,21,20,,25,42,40,31,11,18,,15,,18,,,,26,26,19,25,18,19,,18,,20,19,33,59,60,,56,,10,14,12,,,24,18,24,,8,19,14,,,55,33,27,29,32,28,13,32,18,38,20,16,21,27,16,,34,33,34,,31,,14,28,28,24,29,31,30,32,4,,12,16,25,31,49,39,41,42,38,44,38,,46,44,47,,38,39,37,27,,26,25,41,,36,29,36,30,32,,45,53,45,50,25,19,17,,31,29,30,17,5,,6,10,53,36,18,24,55,56,55,57,23,28,,72,75,72,,39,39,,19,31,48,48,,44,47,39,25,18,38,37,26,54,43,43,20,67,48,58,44,59,64,64,60,71,34,,27,25,5,13,20,22,20,25,42,37,37,34,22,44,66,68,58,69,,7,6,,1,19,3,59,52,76,70,74,66,86,94,90,86,31,53,41,33,26,44,47,4,22,19,,36,104,91,32,21,,22,28,33,34,24,61,57,49,59,52,19,16,46,4,9,,,,36,26,,43,5,3,4,3,3,,32,32,30,,,,,44,57,58,49,62,21,,20,,10,31,22,43,30,36,15,20,56,33,64,,,,,7,12,59,60,14,13,25,,45,34,21,71,69,59,61,64,8,8,12,10,12,23,,11,22,31,28,16,2,73,61,13,,15,9,,62,34,,54,54,42,,70,,72,,24,20,9,8,12,5,81,77,80,75,39,18,18,30,,92,95,,36,49,40,,131,126,68,78,97,106,,83,84,40,15,,,,54,7,,68,95,86,49,58,136,58,,64,,,70,79,86,79,98,98,121,120,94,,98,111,100,121,129,70,117,118,,,,100,91,,24,,97,71,77,74,62,54,101,49,32,24,37,88,112,,24,60,10,12,30,22,22,,17,,19,26,46,19,11,10,101,52,16,8,6,31,18,22,,,30,30,18,43,,60,86,36,27,,23,9,,,12,18,18,22,15,19,22,20,21,17,75,28,37,36,29,,31,28,,52,31,45,38,100,16,57,25,22,66,13,47,54,40,42,33,29,74,17,32,12,7,38,19,37,45,30,36,66,,54,15,17,46,74,40,57,54,44,51,28,51,10,22,44,8,52,70,88,23,15,21,43,77,8,6,,,81,26,56,14,23,79,62,4,27,50,52,15,17,28,54,24,38,22,,37,73,84,56,64,56,105,18,12,18,20,22,16,25,18,15,20,17,69,109,19,111,10,21,22,16,20,23,13,21,59,79,54,62,45,66,55,67,85,95,102,42,19,87,11,3,37,90,82,44,24,32,,30,25,16,19,18,22,20,20,70,70,37,40,25,57,58,19,33,21,44,15,27,47,17,7,33,31,10,44,13,37,17,,36,44,28,23,11,22,26,22,16,,24,38,28,19,46,31,28,,34,5,54,48,31,42,92,74,32,12,62,92,14,18,10,18,26,26,50,43,10,19,62,39,40,50,20,21,23,18,19,9,20,23,23,21,19,24,15,22,95,84,86,92,73,71,37,88,43,33,70,103,34,60,36,85,53,78,60,99,28,41,43,54,18,23,18,17,24,26,15,15,16,42,35,45,37,37,74,34,24,12,72,6,44,9,17,26,36,17,38,29,48,55,9,17,20,22,9,5,21,25,15,24,25,45,,21,6,11,13,76,44,59,69,60,52,50,,70,57,18,20,42,44,38,43,20,63,41,28,34,28,24,,23,26,64,74,63,11,25,58,49,24,18,23,61,19,46,6,26,84,116,81,98,21,97,74,93,13,18,13,5,61,55,124,93,55,42,34,48,53,51,40,47,45,17,76,49,41,32,47,39,12,32,15,55,26,58,59,42,132,102,118,114,10,14,80,108,53,107,17,65,98,54,88,81,1,51,38,,19,17,67,64,36,46,47,23,20,2,11,27,17,57,70,69,61,38,8,49,18,21,21,,64,30,20,81,50,43,44,59,22,24,35,53,14,51,18,14,2,65,35,36,46,53,9,19,9,48,28,,79,64,71,28,44,62,42,49,44,30,21,6,41,66,24,21,21,16,35,78
20230729,3,O3_24h,116,82,125,122,119,124,91,125,116,86,114,96,,,194,,172,187,174,,202,,88,186,,144,242,,154,156,150,158,149,165,162,,179,188,,190,188,97,65,81,,91,,139,150,145,137,139,127,139,,156,141,,134,138,147,120,126,136,125,107,155,146,,153,197,177,170,158,152,,162,163,165,170,120,,110,126,130,125,128,119,,148,156,,,180,163,135,154,89,92,81,,96,73,86,82,83,,93,79,66,62,65,104,78,76,67,73,70,97,101,101,105,107,93,106,97,97,102,120,82,103,99,95,101,91,98,99,103,96,97,33,34,33,39,32,,38,38,34,32,49,53,60,45,51,51,51,47,58,28,,32,33,33,33,32,26,36,36,38,32,39,50,,,,58,62,,69,65,64,,,,48,,30,35,23,32,31,27,28,34,33,,,,41,45,,47,49,61,49,47,,45,36,32,38,34,37,38,40,,43,,58,58,,25,27,,33,34,49,,30,36,26,30,34,28,35,,,36,30,33,51,61,55,47,,25,,,41,,40,33,,45,45,42,32,34,32,,69,72,52,58,55,51,58,55,58,54,64,65,62,64,59,61,60,65,,,63,64,62,59,,49,,63,71,67,,68,63,57,,64,113,128,112,,108,134,125,138,28,,,42,52,32,52,50,48,128,127,145,129,121,117,125,106,134,101,133,116,120,106,127,116,,106,158,88,115,88,108,96,109,93,103,126,103,65,144,,122,134,154,105,125,109,120,111,114,121,131,115,100,109,,146,140,95,121,168,166,164,167,109,102,91,124,,111,111,104,158,166,148,161,154,142,127,153,,,129,128,152,102,99,105,103,126,93,94,101,102,183,163,178,157,141,186,190,171,,96,95,102,95,86,,82,61,72,41,37,60,59,,,67,47,56,87,40,,146,120,143,120,,,142,135,72,92,76,87,96,87,92,89,85,,78,63,74,73,81,82,134,131,130,141,120,131,86,86,85,80,70,88,84,82,,84,,83,74,,155,,165,164,,,,,150,,,,170,175,101,107,113,100,95,,113,119,129,124,127,128,98,93,91,95,99,137,78,118,95,158,,157,157,156,153,158,176,171,167,166,,65,64,68,71,56,54,59,58,56,68,77,87,100,89,75,77,81,,,81,,52,60,58,49,144,,137,112,,,130,140,134,118,,82,77,102,,77,67,75,60,65,37,52,46,49,36,,,,68,,,75,,81,91,88,100,37,46,48,43,55,46,,89,,,80,,101,69,92,143,159,146,152,157,,110,93,96,94,105,101,138,117,109,116,59,59,59,196,198,174,63,59,58,127,,100,101,95,,83,102,,82,79,83,94,87,,95,80,,,62,90,,144,,164,157,154,154,137,145,,142,142,,142,130,,123,,170,156,172,,163,163,130,130,137,,95,84,89,87,80,86,120,117,118,106,114,106,105,80,71,70,73,72,70,80,72,82,84,88,114,116,110,117,115,110,109,107,106,,105,98,90,89,91,94,125,101,132,115,123,49,51,56,,41,40,44,,48,79,76,80,66,,77,73,76,,112,,118,113,127,122,131,140,148,,,,100,,102,,122,,117,,101,101,103,113,112,,114,,111,111,117,82,108,100,,136,122,124,121,124,125,,108,,,114,82,79,76,77,86,88,89,96,155,100,142,215,108,100,107,106,106,103,71,76,94,91,120,102,99,95,88,96,100,,92,94,106,124,58,70,71,61,,,,,110,113,,114,81,86,87,87,104,84,73,78,78,75,80,79,78,,84,80,,100,94,86,,108,108,,100,67,83,88,88,88,114,92,96,85,228,99,100,,149,149,147,163,176,139,148,125,131,,126,123,118,119,125,,,95,,,,,47,,,,,,,,,,,,,,,,46,,,,,,,,,,,,,,,,,,,,,,,,,,,,,,,,,,,,,,90,101,99,101,104,93,91,91,92,,,,129,126,119,121,,124,133,151,133,138,142,147,,146,137,122,,,119,116,,126,121,127,,127,,170,173,,,121,108,,,151,154,155,,,116,124,138,145,172,170,165,119,110,121,150,174,94,84,96,86,89,92,89,86,135,134,135,128,,101,101,112,,40,36,37,42,129,112,136,112,62,65,65,90,,,94,92,88,92,91,89,88,83,103,89,102,105,71,104,95,99,145,,,115,100,105,126,110,101,,89,56,59,,62,59,68,,72,73,83,79,59,61,67,,54,58,60,48,64,51,76,82,,70,46,40,47,40,56,,91,,91,,,,60,61,64,58,76,80,,64,,38,46,56,66,69,51,66,,44,47,43,,,52,52,55,,48,47,41,,,61,47,35,38,38,35,68,68,78,70,74,52,58,63,58,,60,63,68,36,64,,50,53,64,64,66,64,61,64,47,,71,62,67,63,61,46,47,51,53,64,58,,130,133,141,,111,121,115,115,,120,119,102,,103,102,106,99,101,,105,109,108,107,83,76,78,,100,99,96,72,74,,92,74,76,96,110,114,111,107,109,104,88,85,,114,112,111,,98,98,,85,79,101,103,,91,97,90,98,91,103,103,98,109,107,101,93,91,93,87,90,94,103,100,102,101,90,102,99,100,96,107,89,104,94,88,82,82,87,83,82,82,90,85,75,96,24,81,82,99,95,115,94,116,164,137,139,148,155,127,184,161,150,111,128,131,123,133,102,116,87,84,97,,142,143,160,89,82,,90,82,81,78,103,72,76,74,78,132,135,141,136,15,144,,,,101,101,,97,70,68,73,71,72,,117,108,103,,,,,71,95,93,91,102,83,,100,,84,74,95,100,85,104,80,79,81,73,83,,,,,74,84,78,79,93,91,70,,91,70,75,85,90,101,98,99,56,58,42,42,89,86,,74,78,78,80,40,46,73,84,48,,82,71,,79,93,,100,96,107,,105,,106,,54,54,76,81,85,83,136,124,130,130,80,73,69,80,,166,170,,120,130,150,,149,151,104,108,150,150,,89,88,151,146,,,90,160,142,,152,151,124,124,101,145,147,,142,,,142,120,125,116,132,127,179,163,125,,112,117,108,160,153,160,153,152,114,,,121,111,,114,,108,128,136,97,99,60,132,127,176,200,199,160,146,,126,116,54,56,36,39,38,,96,,63,111,141,93,76,71,147,128,74,76,88,99,36,72,,,149,53,24,203,,183,164,185,88,,60,41,,,46,44,40,37,59,68,42,43,48,38,115,55,62,49,140,,176,110,,103,96,78,82,140,146,113,99,72,114,71,60,67,169,125,152,48,112,76,110,78,84,146,46,88,94,88,83,102,,141,92,51,109,114,136,101,109,108,153,108,141,92,63,112,49,83,130,150,83,75,64,68,78,77,74,,,188,66,164,79,54,100,108,50,97,153,108,55,50,130,60,108,55,71,,115,193,167,187,180,120,144,30,46,33,46,38,36,44,33,39,88,147,157,178,153,125,59,68,32,31,42,40,52,51,115,108,108,126,147,152,145,116,112,120,173,149,102,111,63,104,92,127,82,144,176,162,,199,51,75,60,55,81,64,66,123,125,103,106,93,123,120,99,100,95,74,84,61,93,78,54,71,81,79,81,103,110,128,,157,74,142,52,91,64,97,48,60,,56,138,138,79,81,87,80,,71,144,107,104,87,102,123,172,108,103,142,131,113,35,39,30,29,31,64,68,69,62,126,110,162,152,53,48,48,33,43,51,26,38,46,34,36,48,45,41,120,113,115,109,99,131,54,170,66,100,117,198,142,133,93,180,133,158,102,163,124,130,145,148,165,162,65,53,53,62,87,85,40,129,122,139,127,119,117,101,102,87,127,92,72,38,62,103,128,124,152,76,112,131,144,123,55,96,82,72,96,93,98,50,49,133,34,106,143,141,110,146,130,119,127,87,83,65,42,70,72,50,95,138,135,117,152,72,80,86,84,85,69,70,,41,89,110,114,118,122,74,83,83,31,35,30,61,38,47,155,163,142,140,172,148,158,167,156,170,164,190,177,168,162,134,153,150,136,159,160,162,186,170,166,118,120,101,111,104,130,103,110,105,72,99,43,93,81,91,99,89,132,116,118,114,90,88,121,164,120,153,74,90,177,152,132,127,95,157,160,,48,59,120,116,84,74,111,46,41,126,125,86,91,136,133,96,103,101,92,104,28,27,57,,102,92,51,159,112,137,126,116,68,101,135,120,129,158,45,78,108,155,94,64,120,65,192,186,79,112,93,99,157,164,107,66,132,119,80,113,76,35,109,67,97,106,94,102,54,65,63,160
20230729,3,O3_8h,34,35,39,33,32,11,28,25,46,43,21,51,,,44,,37,40,39,,34,,,31,,27,47,,99,91,82,101,98,102,109,,34,23,,19,20,42,39,12,,10,,50,55,53,85,75,86,95,,92,50,,57,70,43,12,5,20,2,,51,38,,45,18,25,24,60,61,,79,78,72,82,53,,46,81,78,42,84,14,,64,69,,,66,52,56,67,10,3,13,,4,23,27,21,23,,27,39,32,26,27,28,32,26,24,17,,42,45,45,47,47,49,68,44,40,47,75,50,69,56,58,64,57,56,58,57,67,56,16,20,18,22,19,,22,14,17,19,12,17,19,16,17,18,19,18,16,17,,18,20,20,19,19,18,18,16,19,15,19,22,,,,17,15,,23,20,21,,,,6,,22,25,14,23,18,13,18,19,13,,,,20,16,,11,5,10,18,16,,15,18,13,19,16,20,23,25,,30,,24,20,,11,16,,21,16,20,,17,24,14,13,24,22,27,,,29,28,30,47,55,50,42,,18,,,25,,22,17,,45,42,41,14,15,15,,25,19,21,28,28,39,52,47,18,20,26,27,20,21,22,17,20,24,,,51,51,51,46,,46,,42,44,39,,45,49,21,,48,12,10,14,,6,14,15,6,18,,,24,27,17,28,28,29,46,49,51,54,49,39,48,43,52,38,29,37,34,29,30,35,,24,44,21,27,9,19,14,20,26,13,13,34,59,59,,30,36,51,52,57,37,50,42,89,96,84,93,66,81,,83,71,53,87,102,95,88,77,40,45,36,46,,50,23,31,77,78,78,76,59,64,54,69,,,85,80,92,83,87,98,91,69,11,27,29,39,18,19,21,34,33,27,23,12,,37,41,45,43,78,,8,4,7,34,1,33,25,,,5,14,4,23,11,,33,16,13,21,,,62,84,17,34,22,25,24,32,35,39,9,,49,,48,49,47,53,69,70,75,65,89,78,43,50,32,45,44,52,51,43,,36,,42,37,,57,,72,72,,,,,71,,,,78,44,82,90,76,80,71,,73,22,44,19,18,3,29,10,27,28,30,96,9,4,25,64,,70,43,53,43,73,98,87,66,31,,36,31,31,62,52,53,57,39,38,47,46,36,40,32,63,62,67,,,15,,29,22,21,16,44,,43,34,,,7,10,12,14,,21,11,20,,15,30,28,23,21,18,32,27,26,16,,,,18,,,11,,16,19,26,19,22,26,,24,31,26,,23,,,35,,24,15,16,105,122,107,123,113,,38,45,49,52,25,57,58,25,22,11,11,9,15,76,80,71,11,13,13,52,,40,49,42,,36,38,,79,64,62,64,32,,12,21,,,,13,,27,,45,54,47,60,115,114,,113,112,,46,42,,39,,117,109,121,,114,110,111,99,116,,30,26,33,25,28,32,62,15,17,18,14,16,4,30,8,6,30,28,7,30,47,39,33,39,61,56,52,57,57,50,62,71,66,,73,70,69,64,62,61,76,58,70,62,64,24,21,24,,18,17,19,,27,27,28,28,25,,28,23,56,,74,,76,74,82,78,51,45,54,,,,33,,33,,74,,81,,49,52,45,55,59,,59,,33,46,35,49,63,61,,40,35,49,37,44,48,,63,,,45,22,25,10,60,29,25,23,51,29,91,82,74,37,24,25,29,30,45,45,37,42,51,54,55,23,17,21,15,16,,53,57,35,29,5,28,32,38,,,,,63,49,,35,34,25,38,40,29,31,26,31,22,11,20,39,34,,56,55,,66,56,59,,56,53,,62,57,54,49,61,57,62,63,61,35,49,48,47,,107,107,109,91,69,73,72,124,127,,76,114,87,91,103,,,8,,,,,29,,,,,,,,,,,,,,,,29,,,,,,,,,,,,,,,,,,,,,,,,,,,,,,,,,,,,,,23,39,34,39,41,35,34,35,36,,,,67,65,64,68,,55,37,52,65,60,21,104,,109,107,73,,,67,63,,28,25,23,,40,,108,98,,,77,55,,,86,106,53,,,80,73,111,112,127,130,134,35,27,45,39,38,33,23,28,23,14,12,17,6,75,64,79,72,,24,27,49,,22,20,15,9,73,65,98,99,4,5,4,47,,,56,38,42,35,7,76,66,67,60,24,24,19,65,62,72,64,97,,,40,69,79,97,54,56,,46,13,11,,14,13,14,,14,12,14,11,3,23,26,,23,22,24,24,30,22,23,24,,25,43,39,31,11,18,,19,,21,,,,26,26,22,24,22,22,,19,,20,18,32,62,62,,60,,12,18,14,,,28,21,28,,12,16,16,,,55,30,29,30,33,31,17,35,24,34,26,22,24,28,21,,32,36,36,,34,,21,28,30,26,30,28,29,25,4,,16,25,29,44,48,42,42,45,33,38,33,,44,43,47,,41,43,39,34,,33,32,46,,44,34,40,35,37,,49,56,46,52,26,19,18,,37,36,37,15,10,,7,10,54,28,18,21,62,62,59,61,22,30,,75,79,74,,42,41,,16,23,47,47,,46,48,39,25,18,43,44,41,65,47,52,23,67,58,64,53,67,75,75,72,75,29,8,19,26,5,16,32,23,18,28,41,38,39,35,29,52,74,71,63,74,,7,6,2,2,26,8,60,53,79,69,63,56,81,102,96,92,45,53,49,33,36,47,44,4,21,22,,45,74,76,37,23,,23,35,34,39,31,62,61,57,60,52,21,23,52,5,20,,,,32,31,,38,5,4,5,3,3,,25,32,37,,,,,53,67,67,59,69,24,,20,,11,27,18,38,25,31,17,16,49,28,60,,,,,8,17,60,64,21,14,25,,46,34,27,72,73,67,62,67,9,8,12,16,12,16,,17,23,30,27,17,3,63,65,8,,21,11,,68,38,,58,55,45,,57,,72,,28,24,16,14,12,6,36,79,92,84,44,20,24,33,,90,93,,38,52,73,,134,129,65,70,106,85,,74,78,51,33,,,,59,6,,67,96,85,53,61,131,63,,70,,,72,72,89,82,100,100,108,103,80,,90,111,105,116,121,82,119,120,,,,98,93,,29,,101,72,80,79,43,53,107,48,41,34,39,97,111,,25,64,10,13,27,22,21,,21,,19,32,49,22,17,10,102,63,17,12,6,34,18,28,,,37,44,19,46,,62,85,57,25,,25,11,,,12,16,17,23,16,19,20,21,22,16,78,27,40,37,35,,39,36,,48,42,45,43,100,44,73,27,24,70,21,43,57,37,43,16,30,83,16,42,14,11,41,22,37,44,29,40,66,,58,37,16,52,72,47,59,61,55,54,36,48,6,28,41,7,60,82,99,24,20,24,42,69,11,9,,,89,27,68,20,26,81,65,3,31,76,53,19,17,51,45,31,37,24,,47,81,80,75,72,57,104,18,16,18,20,21,16,24,18,18,29,18,56,112,36,109,10,19,22,18,20,24,13,21,58,65,66,57,48,62,59,77,74,91,101,51,30,91,11,3,44,87,59,44,28,32,,37,24,16,20,18,26,21,21,78,77,43,46,32,69,74,25,23,31,39,15,30,41,21,7,39,35,17,46,17,25,27,,30,40,35,24,12,21,26,23,16,,26,42,31,22,35,39,31,,37,3,62,54,29,51,85,54,41,14,61,97,24,18,20,16,27,28,39,35,13,20,77,35,35,47,20,22,23,19,20,8,20,22,21,21,20,24,16,23,91,88,89,86,79,70,48,95,46,33,70,109,27,67,36,91,54,74,58,98,35,48,48,56,27,26,20,19,24,26,19,18,16,48,42,47,41,41,81,39,28,21,69,7,40,9,17,34,50,30,59,25,48,52,25,18,21,23,10,10,23,26,18,25,27,48,,29,8,11,13,72,47,71,72,66,56,54,,64,59,18,22,49,47,42,47,21,65,45,26,32,35,31,,25,25,53,79,62,15,25,50,50,27,20,20,55,18,46,5,27,81,112,101,118,28,101,81,94,20,23,19,12,63,66,121,93,53,46,43,29,34,63,43,53,50,22,77,45,43,39,58,42,14,35,18,53,36,68,60,46,132,92,115,105,13,17,79,109,60,110,19,66,106,52,83,82,2,58,40,,20,19,80,77,35,50,44,24,23,1,13,26,18,62,71,68,67,39,12,47,16,18,14,,64,40,21,104,61,39,48,66,21,27,42,50,25,54,11,14,5,71,30,33,49,50,12,32,18,46,32,17,58,61,73,30,51,69,40,52,44,30,34,10,46,63,24,20,22,16,33,80
20230729,3,O3_8h_24h,59,35,60,41,56,33,36,25,47,43,21,51,,,52,,41,42,47,,44,,95,35,,35,51,,104,96,98,103,99,108,116,,47,32,,23,27,44,40,14,,18,,56,62,61,85,84,86,95,,98,53,,60,74,45,18,5,24,2,,66,46,,54,27,34,31,75,72,,79,82,72,82,60,,46,86,86,47,84,14,,64,76,,,73,52,62,67,11,4,13,,4,24,27,21,24,,27,48,34,26,28,31,32,26,24,17,,45,50,48,51,51,54,78,47,46,51,79,56,74,62,63,68,64,64,63,64,68,65,16,20,18,22,19,,22,16,18,20,12,17,20,16,18,18,19,18,16,18,,19,21,20,21,20,19,18,16,20,15,19,24,,,,17,16,,23,20,22,,,,6,,22,25,14,23,18,13,18,19,13,,,,20,16,,11,6,11,19,16,,15,18,14,20,17,21,24,27,,32,,26,22,,11,16,,21,16,20,,17,24,14,13,24,23,27,,,29,28,31,47,55,50,42,,19,,,25,,22,17,,45,42,41,15,16,16,,25,19,21,28,28,42,54,51,20,21,27,27,22,22,24,19,20,24,,,57,57,55,49,,46,,42,44,39,,45,49,21,,48,13,11,18,,9,16,16,6,21,,,25,27,18,29,29,30,52,54,56,59,54,42,54,48,57,38,29,37,34,29,30,35,,24,44,32,40,10,19,22,20,32,25,13,37,65,59,,30,36,52,52,60,38,58,62,90,98,84,96,66,81,,87,71,57,87,108,98,88,77,44,46,38,50,,50,23,32,80,83,78,76,67,67,55,75,,,85,80,92,102,99,105,98,87,16,27,29,39,18,19,21,34,33,30,38,22,,51,43,51,51,86,,11,5,7,37,1,36,26,,,5,14,4,25,11,,39,44,38,27,,,64,84,23,34,26,25,24,32,35,39,10,,50,63,48,49,47,53,80,70,75,70,90,78,48,52,37,47,44,59,52,45,,36,,42,45,,62,,78,77,,,,,71,,,,81,62,82,90,85,82,72,,74,22,56,22,20,4,39,14,30,35,39,98,13,6,25,88,,101,57,63,43,81,100,88,78,34,,36,31,32,66,53,53,59,40,41,50,52,39,51,43,64,62,70,,,15,,29,22,22,16,51,,47,38,,,10,13,16,14,,26,11,21,,15,30,28,23,23,20,34,29,26,21,,,,18,,,11,,16,24,28,22,22,27,,26,33,26,,24,,,44,,25,18,22,107,122,121,148,120,,48,56,50,52,25,57,59,33,22,12,13,9,19,80,83,76,11,13,14,53,,42,49,42,,38,45,,79,64,62,64,35,,12,21,,,60,15,,40,,52,66,67,67,118,119,,116,116,,48,51,,48,,119,112,123,,119,114,111,99,116,,34,30,37,28,33,35,64,17,27,29,20,25,5,30,11,6,30,30,8,33,53,45,33,39,63,59,52,59,58,58,62,75,68,,79,70,69,65,62,61,76,60,70,64,64,24,22,25,,18,17,20,,27,32,33,32,30,,30,28,57,,86,,91,89,96,91,53,49,59,,,,40,,40,,84,,90,,49,52,46,55,69,,71,,33,51,36,58,71,67,,40,35,50,42,49,52,,72,,,59,24,29,10,63,35,29,24,51,35,91,82,74,42,31,25,39,35,46,53,38,42,51,54,55,23,29,33,25,21,,53,57,35,43,5,28,32,38,,,,,73,52,,35,36,26,42,41,32,33,26,34,23,11,20,39,34,,65,63,,72,57,66,,65,53,,68,57,54,52,63,60,62,64,61,39,64,66,57,,110,116,109,91,72,75,81,124,128,,81,114,92,93,107,,,8,,,,,30,,,,,,,,,,,,,,,,30,,,,,,,,,,,,,,,,,,,,,,,,,,,,,,,,,,,,,,34,44,39,45,47,41,39,43,40,,,,78,76,74,75,,59,46,68,79,73,22,119,,110,109,84,,,78,63,,40,35,26,,53,,112,112,,,80,61,,,87,108,68,,,83,80,116,118,130,134,137,36,27,47,39,38,34,24,29,27,17,15,19,6,85,87,90,76,,34,37,59,,25,23,16,11,78,69,98,99,4,6,4,49,,,58,45,57,43,10,77,66,72,60,30,32,21,65,62,72,64,99,,,47,75,79,97,61,61,,58,14,11,,14,16,14,,16,12,15,12,4,23,28,,23,22,24,24,30,22,24,26,,26,44,39,31,11,18,,24,,25,,,,28,27,25,24,27,27,,21,,20,18,33,64,64,49,63,,16,21,18,,,31,23,35,,17,16,18,,,55,30,32,33,34,35,23,37,28,34,28,28,27,29,29,,32,38,38,28,36,,28,28,31,30,30,28,29,25,6,,20,31,36,52,48,44,44,47,33,38,33,,44,43,48,,44,46,42,42,,41,40,52,,51,40,45,38,41,,52,60,47,54,26,19,19,,45,43,44,15,16,,9,11,57,28,18,21,70,68,63,66,29,32,,81,82,75,,44,44,,16,23,47,47,,46,49,39,26,18,53,52,53,72,50,58,26,67,67,66,66,75,84,84,84,80,29,12,19,29,6,19,41,24,18,31,42,38,41,39,32,59,78,73,68,78,23,7,7,6,3,29,15,65,54,81,69,63,56,81,115,105,102,54,54,53,37,44,48,54,5,21,26,,55,74,76,44,27,,24,44,40,44,37,62,65,61,61,54,23,28,59,5,38,,,,32,36,,38,5,4,5,4,3,,25,32,41,,,,,64,80,83,72,82,27,,20,,18,27,18,38,25,31,18,16,49,28,60,,,,,9,19,63,66,24,14,26,,48,39,34,73,77,72,64,70,9,9,12,20,13,16,,22,23,31,29,19,3,63,68,8,,28,12,,72,41,,62,56,54,,57,,72,,31,26,24,17,12,8,36,84,102,88,46,20,28,36,,90,93,,38,58,100,,139,136,65,70,111,85,,74,78,61,65,,,80,61,7,,67,99,85,56,65,131,69,,76,,,72,72,92,84,103,103,108,103,80,,90,112,108,116,121,88,120,122,115,,,100,94,,32,,107,73,83,82,43,53,111,48,46,43,44,102,125,,26,70,10,14,27,22,21,,26,,22,36,50,23,24,10,102,73,18,15,6,37,18,32,,,47,53,21,50,,64,87,79,25,,28,12,,,12,16,17,25,16,20,20,22,24,16,81,27,43,37,49,,49,44,,48,48,45,46,100,95,82,29,32,74,27,43,62,38,44,16,30,88,18,55,16,16,46,24,39,44,32,42,66,,61,48,18,57,72,57,64,74,64,58,44,48,6,35,41,7,70,94,104,26,23,27,42,69,13,11,,,98,27,78,26,28,83,68,3,33,100,53,24,17,66,45,39,37,26,,57,90,80,94,78,57,104,18,21,18,20,21,16,24,18,20,38,19,56,117,45,109,11,19,22,20,20,25,14,22,58,65,72,57,49,62,70,88,74,91,101,60,42,95,12,3,50,87,59,47,36,32,,42,24,16,22,18,31,22,22,84,85,52,55,39,88,91,30,23,40,39,15,32,41,28,8,45,40,24,51,20,25,32,,34,40,42,24,12,21,26,25,17,,26,48,38,24,35,51,38,,40,3,69,58,31,63,85,61,51,19,61,103,37,19,26,16,28,29,39,35,16,24,93,35,35,47,21,23,24,20,22,8,20,22,21,21,20,25,16,24,91,91,91,86,83,70,54,104,51,34,74,112,29,70,37,97,54,74,58,98,43,54,55,64,37,34,22,22,25,27,23,22,17,52,51,49,43,44,86,44,32,31,69,7,40,9,17,43,61,36,80,25,48,52,38,19,23,24,11,12,28,28,22,26,28,55,39,36,13,15,15,72,50,76,74,70,60,59,38,64,61,18,26,55,51,47,51,22,66,50,28,32,41,38,,26,25,53,84,63,20,30,50,50,29,24,20,55,18,47,5,32,82,112,116,132,32,103,84,94,29,32,29,17,70,77,121,93,54,54,53,29,34,77,51,59,53,29,82,53,44,46,69,46,16,38,20,53,45,77,67,50,132,92,115,105,16,21,79,110,66,114,23,67,116,53,83,86,2,67,40,,21,20,94,92,35,53,44,24,25,1,15,26,19,68,71,74,72,41,18,47,16,18,14,,68,50,22,120,72,41,52,72,21,32,45,50,42,66,11,16,6,75,30,33,52,50,15,38,26,47,34,26,58,83,83,32,60,73,44,55,51,31,48,14,52,63,25,20,23,17,33,81
20230729,3,CO,0.8,0.4,0.6,0.5,0.6,0.4,0.3,0.4,0.4,0.3,0.4,0.3,,,0.6,,0.8,0.6,0.7,,0.8,,,0.7,,0.4,0.6,,0.5,0.4,0.4,0.5,0.4,0.4,0.7,,0.5,0.8,,0.8,0.7,0.6,0.2,0.2,,0.2,,0.3,0.3,0.3,0.2,0.3,0.5,0.4,,0.3,0.2,,0.2,0.2,0.5,0.5,0.4,0.5,0.4,0.4,0.5,0.6,,0.6,0.4,0.1,,0.5,0.4,,0.5,0.4,0.5,0.5,0.7,,0.5,0.8,0.7,0.9,0.6,0.6,,0.4,0.7,,,0.5,0.5,0.5,0.4,0.2,0.6,0.4,,0.5,0.4,0.4,0.4,0.2,,0.2,0.5,0.1,0.3,0.5,0.4,,0.1,0.5,0.5,,0.6,0.6,0.5,0.4,0.5,0.4,0.5,0.5,0.5,0.5,0.7,0.5,0.5,0.7,0.5,0.3,0.6,0.4,0.8,0.3,0.3,0.5,0.4,0.3,0.4,0.6,0.4,,0.3,0.4,0.3,0.4,0.2,0.4,0.1,0.5,0.4,0.5,0.2,0.3,0.4,0.3,,0.4,0.4,0.4,0.4,0.4,0.5,0.3,0.3,0.3,0.3,0.3,0.2,,,,0.4,0.3,,0.3,0.2,0.3,,,,0.2,,0.7,0.6,,0.6,0.4,0.4,0.2,0.5,0.6,,,,0.4,0.4,,0.8,0.9,0.6,0.3,0.4,,0.5,0.6,0.4,0.5,0.7,0.3,0.3,0.2,,0.3,,0.5,0.4,,0.5,0.6,,0.4,0.5,0.4,,0.6,0.3,0.5,0.6,0.4,0.4,0.3,,,0.4,0.4,0.4,0.4,0.4,0.4,0.4,,0.4,,,0.4,,0.5,0.4,,0.4,0.4,0.3,0.3,0.4,0.3,,0.3,0.4,0.3,0.4,0.3,0.4,0.4,0.4,0.3,0.4,0.5,0.2,0.3,0.3,0.5,0.4,0.3,0.3,,,0.3,0.3,0.4,0.4,,0.2,,0.4,0.2,0.6,,0.4,0.5,0.7,,0.3,0.4,0.1,0.5,,0.5,0.5,0.4,0.6,0.3,,,0.2,0.4,0.4,0.1,0.4,0.3,0.4,0.4,0.5,0.3,0.4,0.4,0.4,0.3,0.5,0.5,0.4,0.3,0.4,0.4,0.4,0.5,,0.5,0.5,0.3,0.5,0.4,0.3,0.4,0.3,0.5,0.4,0.6,0.4,0.3,0.6,,0.6,0.4,0.6,0.6,0.7,0.6,0.7,0.3,0.9,0.7,0.7,1,0.7,0.7,,0.6,0.7,0.9,0.6,0.5,0.5,0.6,0.5,0.5,0.7,0.4,0.6,,0.6,0.7,0.5,0.4,0.6,0.3,0.4,0.5,0.5,0.5,0.4,,,1,0.7,0.8,0.7,0.8,0.6,0.8,0.8,0.5,0.5,0.4,0.5,0.9,0.6,0.8,0.8,0.6,0.8,0.9,1,,0.6,0.5,0.3,0.4,0.3,,1,1.2,0.7,0.4,0.7,0.7,0.8,,,1.2,0.4,1,0.8,0.9,,0.4,0.5,0.6,0.7,,,0.6,0.6,0.8,0.5,0.3,0.6,0.4,0.5,0.6,0.4,0.5,,0.6,,0.6,0.3,0.5,0.5,0.2,0.1,0.2,0.2,0.1,0.2,0.7,0.8,0.7,0.7,0.8,0.9,0.6,0.5,,0.9,,0.6,0.6,,0.4,,0.4,0.5,,,,,0.6,,,,0.6,0.5,0.3,0.2,0.2,0.4,0.3,,0.3,0.1,0.4,0.1,0.2,0.4,0.5,0.5,0.5,0.3,0.4,0.4,0.3,0.5,0.4,0.6,,0.7,0.9,0.4,0.8,0.6,0.5,0.4,0.5,0.9,,0.5,0.4,0.6,0.5,0.6,0.7,0.4,0.5,0.4,0.3,0.2,0.1,0.4,0.1,0.5,0.6,0.6,,,0.5,,,0.7,0.2,0.3,0.4,,0.3,0.7,,,0.2,0.3,0.3,,,0.2,0.2,0.1,,0.3,0.3,0.3,0.3,0.2,0.6,0.1,,0.3,,,,,0.5,,,0.5,,0.5,0.3,0.3,0.4,0.1,0.3,0.4,0.1,0.2,0.3,,,,,0.6,,0.5,0.4,0.5,0.6,0.5,0.7,0.6,0.6,,0.8,0.6,0.7,0.6,0.8,0.5,0.6,0.8,0.7,1.4,0.6,0.6,0.6,0.6,0.5,0.6,0.5,0.5,0.7,0.8,,0.5,0.3,0.4,,0.5,0.5,,0.5,0.6,0.6,0.5,0.8,,0.6,0.7,,,,0.1,,0.6,,0.5,0.6,0.7,0.6,0.8,0.8,,0.7,0.8,,1.4,1.1,,1,,0.9,0.8,0.9,,0.7,0.8,0.4,0.2,0.3,,0.9,1.5,1.1,1,1.2,1.1,0.5,0.5,0.5,0.3,0.5,0.3,0.7,0.2,1.8,3,0.6,0.6,0.4,0.4,0.5,0.4,0.6,0.5,0.5,0.7,0.5,0.6,0.6,0.6,0.5,0.2,0.3,,0.3,0.4,0.4,0.3,0.4,0.3,0.3,0.5,0.4,0.4,0.4,0.4,0.4,0.5,,0.5,0.5,0.4,,0.4,0.5,0.7,0.4,0.7,,0.7,0.6,0.6,,0.8,,0.5,0.4,0.4,0.3,0.5,0.2,0.1,,,,0.3,,0.6,,0.5,,0.6,,0.3,0.6,0.3,0.5,0.5,,0.7,,0.4,0.3,0.5,0.3,0.5,0.4,,0.6,0.7,0.5,0.5,0.4,0.6,,0.6,,,0.4,0.3,0.3,0.2,0.7,0.6,0.6,0.6,0.6,0.5,0.5,0.6,0.6,0.3,0.9,1,1.1,0.8,0.7,0.4,0.4,0.5,0.5,0.4,0.5,0.7,0.6,0.7,0.6,0.6,,0.7,0.6,1,4.3,0.5,0.6,0.6,0.5,,,,,0.4,0.4,,0.5,0.4,0.3,0.2,0.3,0.2,0.2,0.6,0.6,0.5,0.3,0.5,0.8,0.5,,0.6,0.9,,0.8,0.3,0.7,,0.6,0.4,,0.6,0.2,0.6,0.4,0.4,0.4,0.3,0.3,0.4,0.6,0.9,0.8,0.6,,0.6,0.7,0.3,0.5,0.8,0.4,0.3,0.2,0.2,,0.3,0.3,0.3,0.2,0.2,,,0.7,,,,,0.3,,,,,,,,,,,,,,,,0.3,,,,,,,,,,,,,,,,,,,,,,,,,,,,,,,,,,,,,,0.3,0.4,0.5,0.5,0.5,0.4,0.4,0.4,0.5,,,,1.8,1.8,1.3,1.2,,1.7,0.7,0.5,0.6,0.6,0.5,1,,0.9,0.8,1.4,,,1.4,1.3,,0.7,0.6,0.5,,0.5,,0.7,0.7,,,0.5,0.4,,,0.5,0.4,0.6,,,0.3,0.3,0.2,0.3,0.5,0.4,0.5,0.7,0.6,0.7,0.6,0.5,0.3,0.2,0.3,0.4,0.6,0.7,0.6,0.7,0.8,0.8,0.8,0.8,,0.6,0.4,0.5,,0.2,0.1,0.8,0.5,0.3,0.3,,0.1,0.5,0.5,0.6,,,,,0.4,0.3,0.4,0.1,0.5,,0.3,0.2,0.8,1,0.6,0.4,0.5,0.4,0.4,0.4,,,0.8,0.5,0.3,0.3,0.4,0.4,,0.1,0.3,0.2,,0.3,0.2,0.3,,0.3,0.2,0.2,0.3,0.2,0.2,0.3,,0.1,0.2,0.2,0.4,0.2,0.4,0.4,0.6,,0.4,0.3,0.3,0.2,0.2,0.4,,0.5,,0.5,,,,0.1,0.2,0.2,0.4,0.6,0.5,,0.3,,0.2,0.2,0.3,0.6,0.7,,0.6,,0.9,0.7,0.7,,,0.5,0.5,0.5,,0.5,0.4,0.3,,,0.6,0.5,0.1,0.3,0.3,0.2,0.4,0.4,0.6,0.3,0.8,0.6,0.5,0.4,1.1,,0.1,0.4,0.4,,0.4,,1.2,0.6,1,1,0.7,0.6,0.7,0.7,0.5,,0.7,0.7,0.6,1,1.1,0.9,0.8,1,0.6,0.3,0.7,,,0.3,0.3,,0.5,0.5,0.5,0.5,,0.4,0.2,0.4,,0.5,0.2,0.3,0.5,0.5,,0.3,0.3,0.2,0.3,0.8,0.3,0.4,,0.3,0.2,0.3,0.3,0.4,,1,0.8,0.5,0.8,0.4,0.3,0.6,0.5,0.5,0.5,0.5,0.5,,0.5,0.4,0.3,,0.5,0.6,,0.5,0.4,0.5,0.4,,0.6,0.6,0.7,0.7,0.6,0.2,0.6,0.6,0.6,0.7,0.7,0.3,0.4,0.5,0.4,0.2,0.4,0.5,0.5,0.7,0.7,0.7,0.5,0.5,0.5,0.4,0.5,1.2,0.4,0.6,0.6,0.8,0.6,1.3,0.7,0.6,0.5,0.3,0.5,1.6,0.2,,0.6,0.6,0.8,0.7,1,0.6,0.5,0.4,0.4,0.6,0.6,0.7,0.7,0.7,0.5,0.5,0.6,1.1,0.7,0.7,0.8,0.6,0.6,0.5,0.8,0.8,,0.4,0.4,0.5,0.3,0.7,,0.3,0.5,0.3,0.2,0.2,0.4,0.4,0.4,0.5,0.6,0.5,0.7,0.9,0.3,0.6,,,,0.4,0.2,,0.4,0.2,0.3,0.2,0.3,0.4,,0.5,0.4,0.5,,,,,0.3,0.4,0.3,0.3,0.3,,,0.4,,0.2,0.3,1,0.6,0.8,0.8,0.3,0.5,0.7,0.5,0.5,,,,,0.4,0.2,0.3,0.4,0.3,0.4,1.1,,0.5,0.5,0.4,0.2,0.3,0.7,0.6,0.6,0.7,0.5,0.3,0.5,0.8,0.7,,0.6,0.5,0.5,0.7,0.5,0.3,0.5,0.5,0.8,,0.5,0.3,,0.4,0.5,,0.3,0.3,0.5,,0.2,,0.1,,0.5,0.4,0.4,0.6,0.6,0.5,0.6,0.8,0.7,0.8,0.3,0.4,0.5,0.3,,0.6,0.3,,0.4,0.5,0.4,,0.4,0.5,0.2,0.4,0.4,0.3,,0.3,0.3,,,,,,0.3,0.3,,0.4,0.5,0.6,0.4,0.5,0.4,0.4,,0.5,,,0.3,0.2,0.4,0.3,0.3,0.4,0.1,0.3,0.5,,0.2,0.3,0.3,0.3,0.2,0.3,0.2,0.3,,,,0.6,0.6,,0.4,,0.5,0.3,0.3,0.4,0.8,0.1,0.6,0.8,0.4,0.5,0.5,0.3,0.9,,0.5,0.6,0.3,0.5,0.4,0.4,0.5,,0.4,,0.1,0.3,0.6,0.4,1,0.9,3.2,0.3,0.1,0.5,0.6,0.4,0.4,0.3,,,0.6,0.4,0.4,0.4,,0.6,0.6,0.5,0.5,,0.3,0.4,,,0.4,0.6,0.4,0.3,0.4,0.2,0.9,0.5,0.2,0.4,0.4,0.5,0.7,0.5,1.1,,0.5,0.5,,0.6,0.6,0.2,0.3,0.3,0.6,1,,0.6,0.4,0.7,0.7,0.3,0.7,0.6,0.7,,0.6,0.3,0.3,0.5,0.2,0.5,0.8,0.1,0.5,0.5,0.5,0.3,,0.3,0.1,0.7,0.4,0.4,0.4,0.5,0.5,0.6,,0.4,0.3,0.8,0.5,0.6,0.3,0.6,0.5,0.6,0.3,0.6,0.3,0.4,0.4,0.5,0.4,,,0.5,0.3,0.4,0.7,0.3,0.1,0.5,0.3,0.2,0.3,0.5,0.3,0.4,0.6,0.9,0.4,0.6,0.3,,0.8,0.7,0.4,0.5,0.7,0.3,0.3,0.3,0.5,0.4,0.4,0.6,0.4,0.5,0.4,0.5,0.3,0.9,0.6,0.5,0.7,0.5,0.5,0.3,0.4,0.4,0.5,0.2,0.3,0.4,0.5,0.7,0.6,0.6,0.3,,0.7,0.6,0.7,0.9,0.4,0.5,0.6,0.9,0.6,0.7,0.5,0.9,0.4,,0.1,0.5,,0.3,0.4,0.4,0.4,0.6,0.6,0.4,0.4,0.5,0.5,0.4,0.1,0.2,0.6,0.4,0.9,0.2,1.1,0.4,0.3,0.6,0.7,0.7,0.6,0.5,0.7,0.6,0.6,0.5,0.5,0.5,,0.8,0.4,0.8,0.3,0.4,0.2,0.1,0.2,0.1,,0.3,0.6,0.5,0.4,0.7,1.2,0.7,,0.4,0.2,0.5,0.5,0.5,0.5,0.6,0.7,0.6,0.5,0.6,0.6,0.7,0.5,0.3,0.6,0.7,0.4,0.5,0.4,0.9,0.3,0.8,0.3,0.4,0.6,0.6,0.6,0.2,0.5,0.3,0.7,0.5,0.3,0.5,0.3,0.3,0.4,0.4,0.1,0.3,0.3,0.2,0.6,0.3,0.4,0.3,0.6,0.6,0.5,0.6,0.5,0.5,0.7,0.4,0.7,0.8,0.5,0.4,0.4,0.2,0.3,0.4,0.9,1.4,0.1,0.3,0.3,0.3,0.4,0.5,0.6,0.4,0.4,0.6,0.2,0.2,0.4,0.3,0.4,0.2,0.5,0.4,0.6,0.4,0.7,0.7,0.5,0.5,0.5,0.6,0.7,0.5,0.4,0.3,0.3,0.4,0.7,0.4,0.4,0.5,0.4,,0.1,0.4,0.2,,0.3,0.5,0.2,0.3,0.2,0.3,0.4,0.5,0.4,0.5,0.5,,0.2,0.6,0.3,0.4,0.7,0.6,0.6,0.5,0.4,0.4,0.4,0.4,0.4,0.6,0.7,,0.4,0.6,0.3,0.5,0.5,0.7,0.6,0.4,0.7,0.4,0.5,0.4,0.4,0.4,0.5,0.6,0.6,0.6,0.9,0.9,0.7,0.7,0.7,0.4,0.5,0.4,1.2,0.8,0.9,0.3,1.1,0.2,0.3,0.3,0.5,0.3,0.4,0.4,0.3,0.4,0.4,0.4,3.4,0.4,0.2,0.3,0.3,0.3,0.5,0.7,0.8,0.4,0.6,0.5,0.5,0.6,0.6,0.1,0.2,0.6,0.6,0.4,0.5,0.5,0.9,2.1,0.4,0.4,0.9,0.8,0.7,0.8,0.9,0.4,0.6,0.9,,0.6,0.2,0.4,0.4,0.4,0.5,0.4,0.6,0.1,0.6,0.1,0.4,0.4,0.3,0.3,0.8,0.4,0.5,0.5,0.4,0.5,0.5,0.3,,0.5,0.3,0.5,0.2,1.4,1.4,0.2,1.6,0.3,0.3,1,0.4,0.7,0.9,0.5,0.3,0.6,1,0.5,0.5,0.2,0.2,0.9,0.6,0.3,0.4,0.4,0.4,0.5,0.4,0.4,0.3,0.2,0.4,0.2,0.6,0.2,0.3,0.8,0.3,,0.5,0.5,0.4,0.5,0.1,0.5,0.3
20230729,3,CO_24h,0.6,0.4,0.5,0.5,0.4,0.3,0.4,0.2,0.4,0.4,0.4,0.4,,,0.7,,0.7,0.6,0.8,,0.7,,0.4,0.7,,0.6,0.7,,0.5,0.3,0.4,0.5,0.4,0.4,0.7,,0.7,0.8,,0.9,0.8,0.6,0.2,0.3,,0.3,,0.4,0.5,0.5,0.2,0.2,0.4,0.4,,0.3,0.3,,0.3,0.2,0.6,0.6,0.5,0.6,0.6,0.5,0.3,0.4,,0.4,0.5,0.3,0.2,0.5,0.4,,0.5,0.4,0.5,0.5,0.8,,0.5,0.7,0.8,0.9,0.6,0.5,,0.4,0.7,,,0.5,0.5,0.5,0.3,0.3,0.6,0.6,,0.7,0.5,0.6,0.6,0.4,,0.4,0.5,0.1,0.3,0.5,0.4,0.1,0.1,0.5,0.5,0.3,0.5,0.5,0.4,0.3,0.4,0.3,0.6,0.5,0.5,0.4,0.6,0.6,0.5,0.7,0.3,0.5,0.6,0.6,0.9,0.3,0.4,0.5,0.4,0.3,0.4,0.6,0.4,,0.4,0.4,0.3,0.4,0.3,0.4,0.1,0.5,0.4,0.4,0.2,0.3,0.4,0.4,,0.4,0.4,0.4,0.4,0.5,0.5,0.3,0.3,0.4,0.3,0.3,0.2,,,,0.4,0.3,,0.3,0.2,0.3,,,,0.4,,0.7,0.7,,0.6,0.5,0.4,0.2,0.6,0.6,,,,0.6,0.5,,0.5,0.7,0.6,0.3,0.4,,0.5,0.6,0.5,0.6,0.7,0.3,0.3,0.3,,0.3,,0.5,0.4,,0.5,0.6,,0.4,0.5,0.5,,0.6,0.4,0.5,0.6,0.4,0.4,0.3,,,0.4,0.4,0.4,0.4,0.4,0.4,0.4,,0.5,,,0.4,,0.5,0.4,,0.4,0.4,0.3,0.3,0.4,0.3,,0.4,0.4,0.3,0.3,0.3,0.5,0.4,0.4,0.3,0.4,0.5,0.3,0.3,0.3,0.5,0.4,0.4,0.3,,,0.2,0.2,0.4,0.4,,0.2,,0.5,0.3,0.6,,0.5,0.5,1.1,,0.3,0.4,0.2,0.5,,0.6,0.5,0.5,0.5,0.3,,,0.2,0.4,0.4,0.2,0.5,0.3,0.4,0.4,0.5,0.4,0.5,0.5,0.4,0.4,0.6,1.1,0.7,0.5,1.1,0.5,0.7,0.6,,0.5,0.6,0.3,0.5,0.4,0.3,0.4,0.2,0.5,0.5,0.6,0.5,0.6,0.6,,0.5,0.4,0.6,0.6,0.7,0.5,0.6,0.3,0.8,0.6,0.7,0.9,0.6,0.6,,0.6,0.6,0.8,0.5,0.5,0.5,0.3,0.5,0.4,0.6,0.3,0.6,,0.5,0.6,0.5,0.4,0.5,0.3,0.4,0.5,0.5,0.5,0.4,,,0.8,0.6,0.8,0.6,0.7,0.5,0.8,0.7,0.5,0.5,0.4,0.5,0.9,0.8,0.9,0.9,0.7,0.8,0.8,0.9,,0.4,0.5,0.4,0.3,0.2,,0.8,1,0.6,0.5,0.6,0.7,0.7,,,0.9,0.4,0.9,0.7,1,,0.3,0.3,0.4,0.5,,,0.5,0.6,0.7,0.5,0.3,0.7,0.4,0.6,0.5,0.4,0.5,,0.7,0.6,0.5,0.4,0.6,0.6,0.2,0.3,0.3,0.2,0.1,0.2,0.6,0.7,0.5,0.5,0.5,0.7,0.5,0.5,,0.6,,0.6,0.6,,0.4,,0.4,0.6,,,,,0.7,,,,0.4,0.5,0.5,0.4,0.4,0.4,0.3,,0.3,,0.4,0.2,0.3,0.4,0.5,0.4,0.5,0.3,0.5,0.5,0.3,0.5,0.4,0.5,,0.7,0.8,0.5,0.7,0.6,0.5,0.6,0.6,0.9,,0.5,0.4,0.4,0.5,0.6,0.7,0.5,0.5,0.4,0.3,0.2,0.2,0.5,0.1,0.4,0.6,0.6,,,0.6,,0.1,0.7,0.1,0.3,0.6,,0.4,0.6,,,0.2,0.3,0.3,0.2,,0.2,0.1,0.2,,0.2,0.3,0.4,0.3,0.2,0.6,0.1,0.1,0.3,0.1,,,,0.2,,,0.5,,0.5,0.2,0.3,0.3,0.1,0.3,0.4,0.2,0.2,0.4,,,,,0.6,,0.5,0.4,0.6,0.7,0.6,0.7,0.7,0.6,,0.7,0.5,0.7,0.6,0.7,0.5,0.7,0.7,0.6,0.9,0.6,0.6,0.6,0.6,0.5,0.6,0.5,0.5,0.6,0.8,,0.6,0.4,0.4,,0.4,0.5,,0.5,0.6,0.6,0.5,0.8,,0.6,0.8,,,0.3,0.2,,0.5,,0.5,0.6,0.5,0.5,1,1,,0.7,1,,1.1,0.8,,0.8,,0.9,0.8,0.9,,0.8,0.8,0.3,0.3,0.3,,0.5,0.8,0.7,0.7,0.9,0.5,0.6,0.6,0.6,0.3,0.6,0.4,0.6,0.3,0.9,2.1,0.7,0.6,0.6,0.4,0.5,0.5,0.7,0.5,0.5,0.7,0.5,0.6,0.6,0.7,0.6,0.3,0.3,,0.3,0.4,0.4,0.3,0.4,0.3,0.2,0.4,0.4,0.3,0.3,0.5,0.5,0.5,,0.6,0.5,0.4,,0.4,0.5,0.7,0.4,0.7,,0.8,0.6,0.7,,0.9,,0.6,0.5,0.5,0.4,0.7,0.4,0.3,,,,0.4,,0.6,,0.5,,0.7,,0.4,0.6,0.3,0.5,0.5,,0.6,,0.5,0.4,0.5,0.4,0.5,0.4,,0.6,0.7,0.5,0.5,0.5,0.2,,0.6,,,0.3,0.3,0.4,0.2,0.7,0.5,0.5,0.5,0.5,0.5,0.6,0.6,0.6,0.3,0.8,0.8,0.7,1.2,0.6,0.3,0.3,0.5,0.6,0.5,0.6,0.6,0.5,0.6,0.5,0.6,,0.8,0.7,1,2.3,0.4,0.5,0.6,0.5,,,,,0.4,0.5,,0.5,0.4,0.3,0.2,0.3,0.3,0.2,0.7,0.8,0.6,0.3,0.5,0.7,0.5,,0.6,0.7,,0.9,0.4,0.7,,0.6,0.5,,0.7,0.3,0.6,0.5,0.4,0.4,0.4,0.4,0.5,0.4,0.5,0.6,0.5,,0.6,0.6,0.4,0.6,0.6,0.4,0.3,0.2,0.1,,0.3,0.3,0.3,0.2,0.2,,,0.3,,,,,0.3,,,,,,,,,,,,,,,,0.2,,,,,,,,,,,,,,,,,,,,,,,,,,,,,,,,,,,,,,0.3,0.4,0.5,0.5,0.5,0.4,0.4,0.4,0.4,,,,0.7,0.8,0.8,0.9,,0.7,0.6,0.5,0.5,0.6,0.4,0.6,,0.6,0.5,0.7,,,0.8,0.8,,0.6,0.6,0.5,,0.5,,0.7,0.6,,,0.5,0.5,,,0.5,0.4,0.6,,,0.4,0.3,0.2,0.2,0.5,0.5,0.5,0.7,0.6,0.2,0.6,0.6,0.3,0.3,0.4,0.7,0.6,0.6,0.6,0.7,0.8,0.8,0.8,0.8,,0.4,0.2,0.6,,0.3,0.1,0.5,0.5,0.4,0.3,0.1,0.2,0.5,0.5,0.5,0.1,,,,0.4,0.3,0.5,0.1,0.5,,0.4,0.4,0.4,0.7,0.4,0.3,0.5,0.5,0.5,0.5,,,0.8,0.5,0.4,0.4,0.4,0.4,,0.1,0.2,0.3,,0.4,0.2,0.4,,0.3,0.3,0.2,0.3,0.2,0.2,0.3,,0.1,0.2,0.2,0.5,0.2,0.4,0.4,0.6,,0.4,0.3,0.4,0.2,0.2,0.3,,0.5,,0.5,,,,0.2,0.2,0.3,0.4,0.5,0.5,,0.4,,0.3,0.3,0.3,0.6,0.6,0.5,0.6,,0.7,0.6,0.8,,,0.5,0.4,0.5,,0.5,0.4,0.3,,,0.6,0.5,0.2,0.3,0.3,0.2,0.4,0.4,0.4,0.3,0.8,0.7,0.5,0.4,0.8,,0.3,0.4,0.4,0.4,0.5,,1.1,0.6,0.9,0.8,0.6,0.6,0.6,0.7,0.5,,0.7,0.8,0.6,0.9,1.1,0.9,0.9,1,0.6,0.4,0.7,,1,0.5,0.5,,0.6,0.7,0.6,0.5,,0.5,0.4,0.5,,0.5,0.2,0.3,0.4,0.4,,0.3,0.3,0.3,0.4,0.8,0.3,0.4,,0.3,0.2,0.3,0.3,0.6,,0.5,0.4,0.6,0.8,0.4,0.3,0.7,0.5,0.6,0.5,0.5,0.5,,0.5,0.5,0.3,,0.5,0.5,,0.5,0.4,0.5,0.5,,0.6,0.5,0.6,0.7,0.5,0.2,0.6,0.6,0.6,0.9,0.7,0.4,0.3,0.6,0.4,0.3,0.4,0.6,0.6,0.7,0.7,0.7,0.5,0.5,0.4,0.4,0.5,0.7,0.5,0.6,0.5,0.8,0.6,0.8,0.7,0.5,0.5,0.3,0.5,1.2,0.3,0.5,0.6,0.6,0.9,0.8,1.1,0.6,0.4,0.5,0.4,0.7,0.7,0.7,0.8,0.8,0.7,0.6,0.6,0.8,0.7,0.8,0.8,0.6,0.6,0.4,0.7,0.6,,0.4,0.4,0.5,0.3,0.6,,0.3,0.5,0.3,0.2,0.2,0.4,0.4,0.4,0.4,0.4,0.4,0.5,0.7,0.2,0.4,,,,0.4,0.4,,0.4,0.2,0.3,0.2,0.3,0.4,,0.5,0.4,0.5,,,,,0.4,0.4,0.4,0.4,0.3,,,0.5,,0.3,0.3,0.7,0.6,0.8,0.8,0.3,0.6,0.7,0.5,0.6,,,,,0.3,0.3,0.3,0.4,0.3,0.5,0.5,,0.4,0.5,0.4,0.3,0.1,0.7,0.6,0.6,0.7,0.5,0.3,0.4,0.7,0.6,,0.5,0.4,0.4,0.5,0.5,0.4,0.6,0.6,0.8,,0.4,0.3,,0.4,0.5,,0.3,0.3,0.5,,0.3,,0.1,,0.5,0.4,0.5,0.6,0.7,0.4,0.6,0.8,0.7,0.7,0.3,0.4,0.5,0.4,,0.9,0.4,,0.4,0.5,0.4,,0.3,0.4,0.2,0.4,0.4,0.4,,0.4,0.3,0.1,,,,0.3,0.4,0.1,,0.4,0.5,0.5,0.4,0.5,0.4,0.5,,0.5,,,0.3,0.2,0.4,0.3,0.4,0.4,0.3,0.7,0.5,,0.4,0.3,0.3,0.3,0.2,0.3,0.3,0.3,0.3,,,0.5,0.4,,0.4,,0.7,0.3,0.3,0.4,1,0.1,0.6,0.6,0.8,0.7,0.7,0.4,0.6,,0.6,0.6,0.4,0.5,0.4,0.3,0.5,,0.4,,0.1,0.3,0.5,0.4,0.9,0.8,0.6,0.3,0.2,0.5,0.7,0.3,0.4,0.3,,,0.4,0.3,0.4,0.5,,0.5,0.4,0.5,0.5,,0.3,0.4,,,0.3,0.5,0.3,0.3,0.4,0.2,0.8,0.5,0.3,0.5,0.5,0.6,0.6,0.6,0.9,,0.5,0.5,,0.5,0.5,0.3,0.3,0.2,0.6,0.4,,0.5,0.5,0.8,0.3,0.3,0.8,0.7,0.6,,0.6,0.4,0.3,0.6,0.2,0.6,0.8,0.2,0.6,0.5,0.5,0.3,,0.3,0.2,0.7,0.4,0.4,0.4,0.5,0.5,0.5,0.2,0.4,0.3,0.7,0.5,0.5,0.4,0.5,0.6,0.7,0.2,0.5,0.1,0.5,0.5,0.5,0.4,,,0.5,0.3,0.4,0.7,0.3,0.1,0.5,0.4,0.2,0.3,0.5,0.3,0.5,0.5,0.8,0.4,0.5,0.4,,0.9,0.5,0.5,0.5,0.6,0.3,0.3,0.4,0.5,0.4,0.4,0.6,0.4,0.5,0.5,0.5,0.4,0.6,0.6,0.5,0.7,0.5,0.5,0.3,0.4,0.4,0.6,0.2,0.3,0.4,0.5,0.7,0.6,0.6,0.2,0.5,0.6,0.6,0.7,0.8,0.5,0.5,0.5,0.9,0.6,0.6,0.4,0.8,0.5,,0.4,0.4,,0.4,0.5,0.4,0.4,0.6,0.6,0.4,0.4,0.5,0.5,0.4,0.1,0.2,0.8,0.5,0.5,0.2,0.5,0.5,0.4,0.6,0.6,0.7,0.6,0.4,0.8,0.5,0.4,0.5,0.5,0.4,,0.5,0.4,0.4,0.3,0.5,0.2,,0.2,0.2,,0.3,0.6,0.6,0.3,0.7,0.8,0.7,,0.4,0.2,0.6,0.5,0.5,0.6,0.6,0.8,0.5,0.5,0.7,0.7,0.6,0.5,0.4,0.5,0.7,0.5,0.6,0.5,0.9,0.4,0.5,0.3,0.5,0.6,0.6,0.7,0.3,0.5,0.3,0.8,0.5,0.5,0.6,0.4,0.3,0.5,0.4,0.1,0.3,0.4,0.4,0.5,0.3,0.4,0.5,0.6,0.6,0.4,0.5,0.5,0.4,0.7,0.4,0.7,0.7,0.4,0.3,0.4,0.3,0.4,0.4,0.6,0.8,0.4,0.3,0.3,0.3,0.4,0.5,0.6,0.4,0.5,0.7,0.4,0.3,0.6,0.5,0.4,0.3,1,0.4,0.7,0.4,0.6,0.7,0.4,0.4,0.5,0.5,0.7,0.5,0.5,0.2,0.4,0.5,0.7,0.4,0.4,0.4,0.3,,0.1,0.4,0.3,0.5,0.3,0.5,0.3,0.4,0.3,0.2,0.4,0.5,0.4,0.5,0.5,0.2,0.1,0.6,0.2,0.4,0.7,0.6,0.6,0.6,0.5,0.5,0.4,0.4,0.4,0.6,0.6,,0.4,0.5,0.3,0.3,0.5,0.7,0.6,0.5,0.8,0.5,0.5,0.4,0.4,0.4,0.5,0.5,0.5,0.6,1.2,1,0.7,0.6,0.7,0.4,0.6,0.9,1.2,1.1,1,0.3,0.8,0.2,0.3,0.3,0.3,0.2,0.4,0.3,0.5,0.4,0.4,0.4,0.7,0.5,0.2,0.6,0.3,0.3,0.4,0.7,0.8,0.4,0.5,0.4,0.4,0.5,0.6,0.1,0.2,0.7,0.7,0.4,0.5,0.5,0.8,0.9,0.5,0.3,0.8,0.8,0.7,0.7,0.7,0.4,0.6,0.6,,0.6,0.2,0.5,0.5,0.5,0.4,0.5,0.5,0.2,0.4,0.2,0.4,0.3,0.4,0.3,0.7,0.4,0.5,0.6,0.4,0.6,0.6,0.4,,0.5,0.3,0.5,0.2,0.8,1.1,0.4,0.8,0.4,0.3,0.5,0.4,0.5,0.5,0.5,0.3,0.6,1.1,0.6,0.5,0.4,0.2,1,0.9,0.4,0.4,0.5,0.4,0.6,0.5,0.5,0.3,0.5,0.4,0.2,0.6,0.3,0.3,0.5,0.3,0.6,0.6,0.5,0.4,0.5,0.1,0.6,0.4
20230729,4,AQI,52,27,58,72,73,39,28,31,27,33,40,28,,,10,,11,16,15,,10,,,8,,9,13,,51,48,43,38,44,50,35,,42,40,,45,33,19,29,37,,41,,18,16,21,24,30,30,40,,32,21,,22,22,29,51,44,35,50,54,53,48,,56,17,15,24,39,35,,41,32,30,42,42,,37,35,44,38,31,39,,27,22,,,30,35,32,42,31,45,28,,35,,21,22,19,,23,15,12,11,9,20,12,,11,14,11,32,26,26,25,27,20,16,29,23,28,38,38,36,54,57,52,55,,55,52,53,52,25,,24,23,23,,23,23,24,28,10,12,14,9,12,,17,9,9,42,,20,24,15,20,21,16,13,16,10,10,13,9,,,,16,18,,22,9,15,,,,19,,14,10,14,8,14,8,12,12,20,,,,19,14,,21,26,23,14,15,,16,7,9,12,12,9,22,16,,20,,13,15,,13,15,,12,12,15,,12,21,11,12,16,10,11,,,13,11,13,16,19,18,15,,15,,,15,,13,14,,24,17,26,23,20,21,,11,10,20,13,15,10,16,15,10,18,13,9,12,13,14,8,6,14,,,16,16,17,17,,28,,15,,,,16,17,19,,17,9,18,16,,16,14,15,18,10,,,24,12,17,29,9,14,12,,12,14,12,10,,32,15,13,13,15,16,18,20,14,,12,16,15,18,16,13,15,14,13,19,15,22,24,23,,41,36,30,27,25,20,23,18,32,40,35,37,34,31,,28,28,36,43,31,29,35,29,29,22,34,20,,20,34,39,39,27,32,29,32,28,32,23,,,50,44,44,44,44,47,29,36,22,34,12,22,43,29,34,36,39,58,53,74,,38,43,29,31,25,,42,40,32,21,34,17,12,,,39,25,36,41,20,,29,27,35,28,,,38,23,22,30,14,13,24,24,22,22,34,,29,,30,30,35,29,27,27,28,19,28,25,34,34,,26,40,48,28,23,,53,,24,21,,41,,35,30,,,,,21,,,,28,28,123,129,119,116,119,,127,17,7,15,14,18,16,20,15,15,14,31,15,64,18,36,,70,52,46,34,48,33,25,27,59,,13,17,14,30,23,25,29,10,18,12,30,19,28,24,21,21,21,,,9,,17,7,8,12,20,,25,8,,,11,8,13,10,,8,10,6,,19,20,14,9,9,,9,,,,,,,6,,,21,,22,12,12,14,9,14,,6,9,7,,8,,,15,,20,28,23,28,32,28,34,30,,58,50,33,27,53,32,39,77,51,64,27,25,24,26,26,24,18,40,44,40,,34,16,14,,30,25,,,24,25,,17,,30,22,,,,18,,37,,37,41,51,52,29,29,,28,28,,69,58,,62,,40,39,57,,54,52,36,35,37,,17,14,16,28,32,15,22,53,29,19,25,20,29,15,20,19,13,12,46,35,23,37,39,46,15,14,15,24,16,15,22,22,27,,35,24,23,19,20,21,26,20,30,20,22,11,12,12,,16,,20,,9,25,9,12,9,,16,17,17,,21,,21,21,23,21,15,12,18,,,,16,,13,,17,,17,,14,15,15,22,39,,30,,17,21,17,14,22,22,,20,14,13,11,14,14,,19,,,19,25,22,31,9,22,33,39,21,18,43,27,25,64,56,58,47,56,30,29,15,14,18,21,20,25,31,31,32,30,,21,19,17,37,16,13,14,12,,,,,19,25,,19,15,16,17,16,22,18,14,28,25,21,10,21,24,,28,28,,28,22,24,,26,22,,25,21,18,16,20,16,22,,20,39,45,35,73,,73,53,289,23,38,25,26,38,39,,64,36,37,29,33,,,22,,,,,14,,,,,,,,,,,,,,,,8,,,,,,,,,,,,,,,,,,,,,,,,,,,,,,,,,,,,,,12,9,11,12,15,14,30,14,15,,,,44,66,47,33,,58,52,62,42,46,59,44,,46,54,58,,,53,60,,42,,32,,33,,42,32,,,52,29,,,29,36,46,,,22,20,33,33,34,37,38,40,33,,27,28,9,17,14,27,25,20,25,28,57,48,57,48,,20,19,12,,14,11,15,23,37,29,33,32,15,19,18,21,,,22,10,12,10,8,24,20,21,18,22,9,37,,24,23,24,33,,,23,15,26,28,24,28,,16,16,14,,12,19,14,,13,20,9,19,16,14,14,,13,12,12,26,16,15,9,11,,12,16,13,13,17,12,,7,,10,,,,8,9,6,12,14,20,,8,,13,14,,19,18,,19,,12,13,22,,,13,16,13,,20,14,17,,,16,10,23,54,11,24,10,18,24,15,20,19,24,24,29,,15,14,14,,15,,17,18,23,18,32,36,24,27,17,,24,20,33,17,15,22,16,14,20,16,14,,,12,13,,16,12,12,12,,9,9,10,,11,15,18,9,12,,14,16,19,15,12,15,,,15,11,18,28,37,,50,38,14,33,34,15,18,16,26,16,10,19,,20,22,21,,13,15,,16,11,15,14,,15,14,12,29,25,13,46,,21,23,36,20,33,,29,31,41,21,20,20,21,27,33,34,22,32,23,41,26,64,36,20,21,24,25,25,24,18,16,38,18,,22,21,50,50,52,58,30,24,26,21,23,30,26,26,25,24,38,33,55,24,26,23,33,48,32,33,,41,32,27,11,15,,13,12,12,12,12,22,21,29,31,27,35,26,27,20,23,,,,29,26,,32,,24,19,22,26,,12,16,18,,,,,15,19,20,26,20,15,,24,,17,15,17,16,18,26,29,12,22,20,14,,,,,15,19,20,16,49,14,18,,17,9,10,22,29,20,19,20,32,23,18,20,62,29,,42,40,38,35,17,8,24,16,22,,28,14,,20,12,,17,17,12,,21,,22,,8,7,17,32,23,24,32,38,30,113,11,21,26,19,,31,27,,16,19,49,,45,71,25,25,262,213,,27,27,22,26,,,,28,36,,26,30,26,32,18,44,17,,20,,,51,29,31,29,80,73,80,69,44,,90,44,49,38,41,59,42,45,,,,30,27,,23,,40,73,69,135,20,28,25,25,13,9,11,50,37,,36,19,18,27,12,12,16,,8,,6,9,45,16,29,31,196,30,10,43,26,25,12,12,,,50,15,20,12,,40,25,23,16,,10,11,,,9,20,22,14,10,9,16,12,6,16,22,32,27,20,57,,13,13,,14,23,20,19,130,38,23,8,44,,25,16,18,12,11,56,8,32,9,19,9,33,23,16,12,14,13,11,20,,22,24,23,19,22,24,17,24,23,15,12,25,52,22,22,19,37,24,,19,10,,27,20,13,12,,,22,17,49,13,12,25,20,22,18,44,15,32,20,32,16,19,19,11,,13,19,37,34,28,28,147,22,21,25,29,36,22,21,26,24,26,,30,35,44,35,22,17,17,10,17,26,16,17,15,,22,19,42,,34,36,42,37,29,36,34,45,20,22,15,42,25,26,13,58,,12,10,10,8,16,10,10,9,19,18,30,14,20,19,22,24,22,19,18,22,25,13,26,30,18,46,36,13,41,13,46,,28,18,26,17,11,12,12,8,7,,8,18,16,14,20,26,20,,12,24,19,19,15,29,28,28,47,36,23,25,29,10,21,12,10,10,16,17,14,5,44,31,46,33,16,8,9,21,13,14,17,19,14,16,14,20,21,13,162,113,125,120,102,69,15,28,10,25,34,29,31,41,19,33,33,25,16,46,32,12,30,45,62,11,12,14,9,20,15,19,12,12,18,13,11,16,19,13,12,24,36,21,20,30,26,23,27,22,32,12,16,20,22,7,12,9,21,29,10,12,19,7,19,14,,9,10,10,12,26,36,25,20,20,23,17,,21,20,14,24,26,46,22,27,19,19,14,36,27,20,30,,24,29,25,21,26,22,39,23,23,13,12,10,19,15,19,61,36,26,33,38,35,51,58,52,52,25,46,40,43,40,48,42,38,36,56,52,53,58,48,40,13,12,21,21,16,14,10,29,40,19,35,19,37,24,28,35,26,40,85,51,58,15,31,43,51,42,35,33,35,29,27,43,42,33,27,46,,12,10,22,22,17,21,23,10,7,13,13,11,20,19,23,28,32,19,32,13,44,9,12,,20,9,19,78,58,62,13,64,36,30,80,27,68,44,28,16,22,46,19,13,19,15,38,31,23,26,34,35,39,27,24,23,15,52,20,67,21,12,20,15,13,19,28,8,14,5,15,24
20230729,4,PM2.5,32,11,35,51,53,20,12,15,13,23,23,12,,,3,,4,5,6,,7,,,4,,2,7,,20,28,30,16,20,19,5,,29,19,,26,8,4,16,19,,12,,12,5,11,15,9,9,16,,17,1,,2,10,9,28,25,19,11,16,34,30,,35,8,5,9,27,24,,18,22,20,29,27,,19,24,23,24,21,26,,13,14,,,13,18,12,17,6,16,12,,14,,10,8,13,,16,,1,1,2,2,,1,2,2,2,14,14,16,12,14,12,10,15,16,19,26,14,17,16,17,12,23,,14,8,22,12,8,3,5,5,6,,6,8,6,5,2,,,2,7,,2,5,5,29,,7,6,5,9,4,6,2,3,6,,,,,,,11,10,,3,6,10,,,,10,,5,5,5,5,5,5,7,5,7,,,,3,6,,11,12,8,5,7,,6,4,5,,2,4,5,11,,14,,7,7,,5,6,,5,8,10,,8,5,6,6,8,4,6,,,3,2,3,9,4,6,8,,10,,,10,,3,6,,15,7,9,4,6,6,,4,3,6,8,10,5,4,4,7,12,9,5,7,9,1,5,2,6,2,,,,,,,9,,2,,,,7,,8,,,5,2,5,,2,,10,12,7,,,5,,2,7,5,5,8,,3,2,7,3,6,22,4,5,2,10,4,12,14,6,,,5,7,6,7,9,5,9,9,4,7,6,2,14,,17,18,21,11,12,9,15,12,22,21,13,19,22,21,,16,19,20,22,18,17,24,11,11,15,15,12,,8,10,27,27,17,22,20,22,11,22,11,,,22,24,21,28,13,14,20,18,10,16,8,15,30,20,23,25,27,32,32,54,,24,30,20,18,17,,29,28,22,8,13,8,6,,,23,13,25,17,9,,13,11,5,9,,,26,10,5,21,6,9,7,12,9,9,2,,13,,21,19,24,20,9,5,7,5,7,5,19,22,,14,27,23,19,8,,25,,14,14,,18,,24,21,,,,,5,,,,19,19,28,52,90,40,27,,50,7,2,7,5,,2,4,2,1,6,19,2,8,3,18,,51,36,19,18,19,19,17,14,19,,7,8,6,21,16,17,20,6,6,5,8,9,19,15,4,4,2,,,6,,7,4,5,5,14,,17,5,,,7,5,9,5,,5,7,2,,9,5,,5,5,,,,,,,,,4,,,9,,9,4,8,5,2,2,1,,2,2,,5,,,10,,7,19,14,5,10,6,15,12,,36,20,23,18,32,22,24,56,29,46,8,10,8,11,14,15,12,11,16,28,,18,10,8,,21,17,,10,7,10,8,10,,15,15,,,,12,,11,,25,21,19,24,12,9,,17,18,,50,24,,44,,28,27,17,,38,30,4,5,4,,6,8,7,15,22,7,6,25,20,12,10,10,19,7,8,11,9,5,18,24,6,17,23,21,8,8,8,9,11,7,2,8,10,,24,13,14,6,5,5,18,14,21,14,6,6,8,8,,10,,11,,5,2,6,8,5,,5,11,3,,8,,12,6,7,12,9,3,5,,,,5,,3,,7,,11,,5,,,14,14,,21,,7,14,7,5,14,9,,14,8,5,7,7,6,,13,,,2,17,8,15,5,15,21,17,12,7,2,12,7,46,31,41,30,35,19,9,9,4,6,14,11,17,16,19,18,19,,3,5,2,22,7,4,2,,,,,,13,12,,13,10,1,10,11,9,12,5,19,4,10,7,12,13,,19,19,,14,13,14,,12,15,,17,4,2,2,5,8,2,3,2,27,31,24,53,,23,24,112,9,26,13,16,7,13,,22,7,10,3,12,,,10,,,,,2,,,,,,,,,,,,,,,,,,,,,,,,,,,,,,,,,,,,,,,,,,,,,,,,,,,,,,1,,3,5,10,6,2,5,,,,6,29,27,24,22,,41,31,20,14,30,22,24,,32,28,41,,,37,43,,29,21,22,,23,,11,18,,,22,20,,,20,25,32,,,6,14,13,2,15,9,10,28,9,5,18,13,6,7,9,10,12,7,10,19,23,16,17,15,,14,12,8,,9,6,7,13,18,20,9,1,6,12,4,10,,,10,7,6,6,5,9,3,5,5,7,6,15,6,6,4,6,9,,,10,9,4,4,15,19,,11,5,2,,6,8,,,9,11,6,12,8,7,9,,5,8,8,8,2,10,6,5,,8,3,6,8,4,8,,3,,7,,,,1,6,1,8,6,,,5,,9,7,6,4,2,,8,42,8,9,10,6,2,4,11,3,13,12,9,10,2,,1,2,16,29,3,2,3,12,10,10,14,13,14,12,10,,,3,3,,8,,9,2,9,10,18,25,13,14,8,,11,11,15,5,7,8,8,3,14,7,5,,9,5,9,,5,,8,8,,6,6,6,,5,9,12,2,8,,8,9,13,9,8,7,,,5,7,12,7,10,,17,9,9,17,11,10,12,2,18,9,,2,,8,13,7,,8,6,,7,5,2,1,,10,8,8,19,17,9,21,,11,16,14,14,20,,20,21,8,8,7,6,4,14,20,16,13,16,16,26,15,46,20,6,12,16,13,12,9,12,6,17,4,,6,6,25,14,21,27,12,10,4,5,6,11,15,14,17,14,22,23,29,13,18,12,15,25,21,22,,26,19,14,7,8,,5,7,6,7,4,15,11,10,16,18,19,14,18,14,3,,,,20,14,,22,7,5,2,11,7,,7,7,8,,,,,6,,4,7,,6,,14,,7,10,5,6,9,9,20,8,5,5,7,,,,,7,6,8,8,20,7,10,,9,3,6,13,20,4,11,5,7,5,7,13,44,19,,29,28,26,24,6,5,8,2,10,,12,7,,8,3,,6,2,4,,5,,2,,1,4,8,12,6,7,22,26,19,85,5,5,7,7,,7,5,,6,5,17,,19,34,7,5,103,98,,3,2,15,18,,,,17,22,,17,8,13,15,1,14,10,,9,,,3,3,2,2,28,24,24,30,8,,36,10,10,9,17,30,6,14,,,,9,8,,9,,6,18,14,34,8,14,12,9,2,4,,19,24,,25,13,9,13,4,5,8,,2,,,6,15,10,9,13,110,7,4,14,13,17,8,6,,,31,4,5,3,,20,12,14,11,,7,2,,,,5,4,5,6,2,5,2,2,6,12,15,18,11,40,,4,9,,5,12,14,13,51,26,16,2,20,,10,,3,6,1,29,1,22,,12,,6,16,11,4,6,9,7,4,,15,8,9,6,9,12,10,12,14,4,8,17,4,13,11,9,17,8,,5,6,,17,11,9,7,,,12,4,34,9,6,2,8,9,12,12,7,10,14,19,2,13,13,2,,9,9,12,10,6,4,71,6,4,5,6,8,8,5,6,5,12,21,18,7,20,15,14,10,8,6,5,10,8,3,5,10,11,8,16,18,23,25,26,25,10,25,19,31,14,8,3,25,8,11,9,41,,5,7,7,3,8,4,2,4,5,5,6,8,7,13,15,16,15,13,8,15,17,8,18,17,12,32,25,7,16,6,32,,19,12,18,3,5,7,,,,,2,12,11,2,14,18,14,,5,8,11,13,10,16,16,18,32,17,9,12,19,3,8,8,2,2,4,,7,,29,10,25,23,2,,5,5,9,4,6,8,7,6,7,7,5,9,48,34,40,47,55,26,5,2,5,16,19,9,19,27,13,23,23,17,7,31,5,4,21,31,44,4,8,4,6,5,10,9,6,4,10,7,7,5,6,9,6,3,25,10,14,3,18,16,14,2,22,2,9,7,10,2,2,2,,9,7,6,12,1,7,2,,6,7,7,,6,20,12,12,14,16,8,,6,6,8,14,18,32,12,18,10,4,9,17,10,11,8,,6,20,2,12,18,15,26,7,16,9,8,5,6,6,5,33,23,15,18,26,24,29,29,8,22,17,24,16,22,28,33,10,7,9,18,28,17,16,16,21,6,,13,6,2,8,7,20,28,13,24,2,21,15,18,24,16,6,27,23,9,7,14,26,35,29,14,13,21,4,14,26,23,6,17,23,,8,7,6,5,4,11,10,5,,,9,,9,5,12,19,22,13,2,8,7,5,6,,8,6,4,28,38,44,6,46,12,11,59,12,48,17,7,5,15,32,5,6,8,6,22,21,12,15,16,15,15,17,14,11,8,30,12,48,6,4,13,10,3,,16,5,6,,5,11
20230729,4,PM2.5_24h,17,10,14,13,16,16,16,13,8,16,14,17,,,21,,24,23,21,,23,,18,19,,18,20,,20,25,23,16,18,18,12,,32,32,,43,26,6,11,23,,17,,20,17,14,10,10,10,11,,20,7,,12,17,12,22,18,18,18,16,20,21,,22,16,15,18,23,19,,18,21,24,23,21,,15,21,24,21,20,16,,14,12,,,12,16,14,14,17,13,9,,11,11,11,12,12,,12,11,10,12,10,13,11,10,10,10,15,12,12,11,10,9,8,8,11,14,12,14,9,8,12,12,9,14,,11,8,21,8,6,9,6,5,6,,4,7,5,9,3,4,2,3,4,2,4,7,6,9,,7,8,8,10,7,10,1,5,2,1,3,,,,,9,9,,8,8,10,,,,12,,6,6,6,5,8,6,7,4,8,,,,8,6,,10,10,11,6,6,,6,4,4,,7,5,4,7,,6,,7,7,,8,6,,6,7,8,,8,7,10,6,8,6,5,,,7,6,4,11,9,12,13,,7,,,6,,4,7,,12,12,10,5,7,6,,7,6,8,6,4,7,4,4,8,10,11,4,9,12,5,7,6,9,3,,1,2,2,3,,8,,9,7,4,,6,7,12,,8,11,4,6,,7,5,11,13,7,,,4,2,2,4,5,6,21,,11,13,14,14,13,29,14,9,7,10,8,14,16,8,,10,8,6,10,7,12,8,6,9,10,5,9,2,14,,14,14,14,8,12,15,12,11,13,13,18,20,13,12,,13,12,11,15,18,17,17,15,12,13,13,11,,12,15,19,16,18,16,15,15,14,15,11,,,13,13,13,14,10,10,14,13,12,11,11,10,40,37,41,37,40,32,41,42,,13,16,14,13,10,,14,19,10,15,19,8,13,,,17,15,18,14,14,,5,6,8,8,,,8,7,7,20,13,12,13,15,18,17,10,,14,6,14,12,16,14,8,7,6,6,8,7,13,10,27,8,13,12,9,7,,13,,6,9,,22,,27,25,,,,,11,,,,17,17,20,24,77,25,16,,29,10,8,7,10,6,8,8,7,5,8,23,5,9,7,12,,17,14,14,15,13,15,12,17,15,,9,8,7,21,15,15,17,7,8,6,10,12,15,14,10,7,7,,,11,,7,5,6,7,17,,15,4,,,12,8,9,7,,3,8,6,,6,3,2,4,6,4,5,5,4,1,,,,5,,,7,,8,6,9,10,2,4,1,8,5,10,,6,,,9,,10,13,12,12,12,12,14,10,,21,28,27,21,25,19,32,30,19,26,8,8,10,12,11,12,11,11,12,21,,19,13,10,,12,10,,11,10,10,13,11,,16,9,,,11,13,,19,,17,16,14,15,18,18,,21,20,,47,28,,41,,23,26,22,,29,29,6,6,5,,10,10,12,12,14,8,8,13,13,9,9,10,14,7,10,15,7,5,17,16,12,13,14,14,9,9,8,8,10,8,12,4,7,,11,9,14,13,6,6,13,8,17,10,7,8,7,6,,8,8,9,,7,9,9,6,7,,10,10,4,,21,,22,16,18,22,18,18,6,,,,12,,14,,20,,15,,15,12,8,14,18,,16,,10,14,8,7,16,14,,12,10,6,8,12,8,,14,,,7,17,15,14,11,14,13,14,12,17,8,13,22,35,27,29,25,32,24,7,7,8,9,12,9,12,13,15,15,12,,6,6,8,16,7,3,4,,,,,,8,9,,10,9,12,8,9,12,13,11,17,9,13,12,10,10,,14,8,,14,15,18,,11,13,,13,4,4,3,6,5,6,3,5,22,24,16,34,,19,20,27,10,16,11,10,4,10,,18,9,23,25,23,,,4,,,,,3,,,,,,,,,,,,,,,,5,,,,,,,,,,,,,,,,,,,,,,,,,,,,,,,,,,,,,,8,4,7,11,13,10,4,6,4,,,10,12,10,13,10,,20,16,17,11,15,16,17,,27,20,20,,,22,28,,22,21,16,,16,,12,14,,,26,13,,,16,14,22,,,10,10,10,5,15,10,15,13,14,23,21,14,8,11,8,11,8,9,11,12,18,15,10,14,,11,10,9,,4,2,5,7,14,12,8,6,6,10,5,10,,,10,8,9,10,10,11,11,6,5,4,11,16,5,11,12,14,9,,,13,6,6,8,10,13,,10,7,6,,10,11,6,,11,10,5,14,5,7,10,,7,10,8,6,9,4,9,10,,10,3,5,4,7,4,,3,,8,,,,4,4,6,10,6,4,,8,,8,6,6,2,1,4,4,20,9,9,7,11,3,4,5,5,8,8,6,8,6,,5,6,7,23,6,4,4,10,9,9,8,7,11,8,9,,8,6,6,8,12,,10,8,9,10,10,13,8,11,8,,11,12,12,6,9,7,7,6,6,6,5,,27,20,23,,14,12,12,13,,13,15,9,,10,10,13,8,10,,11,14,16,13,5,8,7,,9,10,13,4,8,,8,2,10,15,14,11,14,15,21,12,4,3,,11,16,15,,10,7,,9,6,8,8,,16,13,13,17,12,10,14,,9,17,13,19,17,14,18,17,7,12,13,10,8,10,14,14,14,13,13,14,14,18,15,9,14,16,14,15,8,11,11,12,12,11,10,10,32,30,30,29,17,25,28,26,29,21,31,34,35,30,30,34,32,13,18,16,16,27,21,21,,27,29,31,6,7,,3,8,6,8,5,14,14,8,12,11,13,8,12,11,4,,,,16,12,,14,6,3,6,8,6,,7,6,6,,,,,6,6,10,8,5,11,,14,,6,7,6,7,7,8,12,10,9,5,10,,,,,10,7,10,8,15,7,13,,11,8,10,10,12,6,11,6,9,7,15,16,25,17,,23,24,17,20,9,6,9,11,14,,12,9,,12,5,,4,5,4,,12,,3,,2,4,7,7,9,7,15,16,14,48,5,5,4,12,,14,13,,8,7,16,,17,19,7,6,27,31,,3,4,15,15,,,17,11,18,,12,9,14,17,2,20,8,,9,,,6,6,4,3,21,25,17,25,7,,22,11,11,13,13,30,18,22,19,,,14,12,,11,,7,25,22,24,11,8,17,11,20,22,18,21,16,,18,7,10,11,8,7,9,,3,,1,7,7,12,7,8,33,9,5,10,11,14,9,7,,,20,7,5,19,,15,11,15,10,,6,5,,,2,5,5,4,9,4,5,2,1,5,15,16,14,11,28,,20,14,,12,9,12,12,12,24,13,5,17,,8,4,3,19,13,21,6,18,6,12,4,5,19,6,10,11,12,11,7,,16,6,10,10,5,7,14,14,15,16,11,9,2,10,10,9,9,23,,6,9,2,10,7,8,7,,,26,6,24,10,6,2,11,9,6,17,18,8,14,17,4,13,15,3,,10,22,15,22,12,5,21,8,6,5,8,9,7,7,6,6,13,17,12,8,15,10,13,8,8,7,4,5,8,6,15,13,15,12,12,17,14,16,19,16,17,16,10,12,11,17,11,14,13,8,14,24,,18,6,6,6,7,5,5,6,15,17,10,11,9,25,25,9,10,9,7,16,11,11,21,18,13,27,22,10,19,16,10,,13,12,10,5,7,8,4,4,3,,2,16,17,3,12,15,15,,9,8,20,17,13,12,13,38,25,19,30,29,19,3,6,8,5,5,5,3,10,4,17,8,13,19,7,2,6,8,8,6,9,10,7,7,2,6,6,3,19,16,19,24,29,24,10,10,7,13,14,18,8,25,12,11,21,14,10,23,12,10,16,22,31,25,4,7,7,7,10,10,7,14,13,17,14,19,19,10,10,6,10,14,11,8,18,13,11,8,14,3,9,12,10,6,1,4,4,6,7,9,12,4,4,11,13,8,11,11,4,6,14,13,7,8,9,6,6,6,6,6,10,34,29,17,21,14,7,8,13,11,9,9,,6,14,9,13,18,14,17,7,10,7,7,9,10,7,8,20,17,13,29,26,27,21,22,10,18,30,32,31,33,31,21,13,8,7,15,16,16,12,17,15,11,12,12,21,10,23,13,21,18,7,15,2,12,9,8,12,7,10,16,93,74,8,7,18,26,12,16,11,15,15,9,14,14,8,14,19,,7,4,14,12,7,12,8,3,1,3,15,3,8,8,8,20,17,14,5,12,8,8,6,,5,6,5,12,25,34,22,22,12,12,19,14,14,15,7,6,10,15,7,5,17,4,40,31,12,7,16,10,15,14,6,7,23,22,11,32,10,5,13,11,5,2,13,7,6,3,9,14
20230729,4,PM10,54,27,65,94,86,39,28,31,27,24,40,28,,,8,,8,16,15,,10,,,8,,5,10,,52,48,23,38,44,50,24,,40,40,,45,33,19,29,37,,41,,18,16,21,24,30,30,40,,32,21,,22,22,29,51,44,35,50,57,55,48,,62,17,15,24,36,34,,41,32,30,29,42,,37,35,44,38,30,39,,27,22,,,30,35,32,42,31,45,28,,35,18,21,22,18,,18,6,6,11,4,20,9,,5,14,11,32,26,26,25,27,20,16,29,23,22,35,38,36,57,63,54,59,58,59,53,55,54,25,26,24,23,23,,23,23,24,28,10,12,14,9,12,11,17,9,9,37,,20,24,15,20,21,16,13,16,10,10,13,9,,,,9,18,,22,7,9,,,,19,,14,10,14,5,14,5,12,12,20,,,,19,14,,21,26,23,14,15,,16,7,9,12,12,9,22,14,,18,,13,15,,13,15,,12,11,10,,12,21,11,12,16,10,10,,,4,8,13,12,11,9,2,,12,,,15,,13,14,,24,17,26,23,20,21,,11,9,20,13,14,7,8,12,9,9,12,9,12,9,14,7,6,14,2,,4,13,5,4,,28,,4,,,,2,3,19,,1,7,12,10,,9,7,12,15,7,,,24,12,17,29,9,14,3,5,11,3,12,8,,1,5,11,9,13,16,14,19,14,,12,16,15,16,16,10,15,14,5,19,13,22,24,23,,41,36,28,27,25,20,23,18,28,40,35,37,34,31,,28,28,36,43,30,20,30,22,29,19,34,20,,20,34,30,19,23,24,25,24,28,7,23,,,50,44,44,44,44,47,26,36,22,34,12,16,33,23,34,34,18,65,55,78,,38,36,26,31,20,,40,29,28,21,34,17,12,,,39,25,34,41,20,,29,22,35,28,,,32,14,22,19,14,9,24,24,22,22,34,,29,,20,30,27,28,12,5,6,8,5,7,34,34,49,26,40,48,28,23,,55,,24,21,,41,,25,23,,,,,18,,,,26,14,196,207,96,181,188,,203,17,7,15,14,18,16,20,15,15,14,31,15,78,18,36,,42,36,46,34,48,29,24,27,68,,13,17,14,23,23,21,24,10,18,10,30,19,22,24,4,3,9,,,2,,17,7,5,12,17,,19,6,,,11,5,12,9,,6,6,,,19,20,14,9,9,,,,,2,,,,5,,,21,,22,12,9,14,9,14,19,5,,2,,5,,,7,,20,19,23,5,13,1,16,3,,66,50,31,27,56,22,39,70,51,68,27,25,24,26,22,23,17,40,44,38,,34,12,14,,25,18,,,4,,,17,,30,19,,,,17,,37,,37,41,52,54,18,16,,14,20,,62,66,,58,,37,39,63,,43,53,16,13,19,,17,14,16,28,32,15,22,55,25,19,25,20,29,15,20,19,9,12,46,29,23,37,39,46,12,14,15,24,15,15,19,18,27,,17,9,6,18,8,8,25,17,21,18,22,11,11,12,,16,12,20,,4,25,7,10,9,,16,17,2,,16,,9,7,15,12,4,12,18,,,,16,,13,,15,,8,,8,,9,22,39,,22,,17,21,17,14,22,22,,14,14,11,11,4,14,,19,,,8,25,22,31,3,22,33,39,21,16,23,16,25,41,62,53,47,62,30,29,15,12,13,21,17,23,31,31,32,30,,8,11,16,30,16,13,14,11,,,,,11,25,,15,8,16,17,14,22,13,14,15,25,21,8,21,24,,25,26,,20,21,19,,26,22,,25,6,3,8,4,15,5,,5,34,31,34,37,,95,56,412,16,32,14,24,10,9,,77,4,37,29,27,,,22,,,,,14,,,,,,,,,,,,,,,,2,,,,,,,,,,,,,,,,,,,,,,,,,,,,,,,,,,,,,,12,9,11,12,10,14,30,14,15,,,12,44,82,47,33,,46,54,73,42,46,67,44,,46,58,61,,,49,57,,36,43,29,,29,,42,27,,,54,23,,,21,31,43,,,17,10,15,16,16,13,16,26,33,,27,28,8,17,14,27,25,20,25,28,63,48,63,48,,20,19,12,,14,11,15,23,37,24,5,16,15,19,18,16,,,11,10,12,6,8,24,9,7,7,22,9,37,,9,17,13,10,,,19,5,12,2,24,28,,14,16,14,,12,19,14,,12,20,5,19,16,14,14,,13,8,11,26,16,1,9,11,,9,16,5,13,17,4,,3,,8,,,,7,1,1,8,14,20,,8,,13,14,,7,9,,19,,10,10,22,12,,13,11,13,33,20,14,17,1,,2,6,9,58,4,24,5,16,24,10,20,17,24,24,29,,3,6,10,,7,,17,18,23,18,32,26,24,27,17,,24,20,33,17,15,22,16,14,12,16,14,,12,11,2,,16,12,11,7,,9,6,2,,8,15,17,9,7,,14,14,16,12,12,15,,,15,11,16,28,37,,50,38,12,33,34,12,15,13,13,14,9,19,,18,17,17,,3,15,,16,6,2,5,,15,11,10,29,24,4,46,24,21,22,36,14,33,32,20,31,41,8,20,11,12,27,33,34,22,32,16,41,26,36,36,20,21,24,25,25,24,14,11,38,12,,22,21,50,50,53,66,30,24,17,9,19,30,14,19,8,17,38,30,60,24,24,23,33,48,32,33,,41,12,22,11,15,,13,12,12,12,12,7,21,29,31,27,35,26,27,20,23,,,,21,26,,32,,24,19,22,26,,12,16,18,,,,,12,12,11,26,10,15,,24,,17,14,17,16,18,26,17,8,12,20,12,,,,,15,19,9,9,49,14,18,,17,7,10,21,14,10,13,1,32,23,18,20,43,29,,35,39,34,34,17,6,11,9,22,,28,14,,11,6,,1,5,12,,20,,6,,8,7,17,32,23,24,26,37,30,29,11,21,26,19,,9,5,,16,19,49,,45,91,8,19,393,359,,13,3,21,23,,,,28,36,,26,22,19,32,4,22,15,,14,,,51,11,1,2,110,95,110,88,44,,130,44,49,10,19,68,42,45,,,,23,23,,23,,40,95,88,220,8,28,22,25,13,9,3,50,34,,28,18,18,27,11,12,16,,8,,2,8,45,16,29,31,342,30,10,43,26,23,12,12,,,50,15,20,8,,40,6,23,9,,9,11,,,9,20,22,14,10,9,16,12,5,16,17,32,27,20,61,,12,7,,11,23,19,18,210,36,21,7,44,25,25,2,14,10,6,61,,28,9,19,9,33,17,14,8,10,11,9,9,,21,24,23,19,14,24,17,24,23,8,9,18,53,22,22,19,37,24,,19,10,5,27,11,13,12,,,22,17,30,5,12,2,13,22,8,44,,32,13,32,1,15,15,11,,10,19,37,34,28,28,244,22,21,25,29,36,22,21,26,24,26,28,30,20,44,19,22,17,17,10,17,26,16,17,9,21,22,19,42,31,34,33,42,37,15,33,34,31,19,22,15,42,25,26,9,58,,9,7,9,8,16,10,10,9,11,7,30,14,20,15,15,24,10,12,4,14,23,11,24,30,17,32,32,13,41,13,35,,22,10,26,17,9,12,12,5,7,,7,17,9,14,18,24,18,,12,24,19,14,14,29,16,28,47,36,23,19,29,10,21,11,5,2,11,17,14,2,44,31,46,32,16,7,9,21,8,14,17,19,14,16,14,20,21,12,274,175,199,189,154,87,10,6,10,25,34,20,31,41,18,30,32,22,7,46,32,3,29,40,65,11,12,14,9,20,15,19,12,,18,9,9,16,19,11,12,24,36,21,18,30,21,20,25,22,29,12,14,12,22,7,12,9,21,29,10,12,19,,19,2,,7,9,8,12,13,36,4,18,13,23,17,,18,7,12,24,26,46,22,27,19,6,9,36,27,20,30,,24,25,25,13,12,21,39,23,21,9,8,10,10,15,19,72,36,24,26,20,21,52,66,54,54,20,46,40,43,29,34,42,38,36,61,53,55,65,48,40,7,3,21,6,7,4,8,22,28,19,26,19,37,24,28,31,26,16,119,51,66,15,31,43,51,37,31,33,35,7,27,43,42,33,27,46,,11,8,14,14,16,21,23,10,5,7,9,11,20,19,14,20,18,16,32,6,44,9,12,,16,9,19,105,66,54,4,67,36,30,99,27,85,44,28,16,17,38,17,12,19,2,38,31,23,26,34,35,39,27,24,23,12,53,14,55,21,10,20,14,6,3,28,5,14,,15,21
20230729,4,PM10_24h,28,21,28,30,31,34,29,27,18,26,25,29,,,30,,33,38,32,,32,,38,31,,29,17,,35,45,36,31,33,39,35,,56,44,,56,45,18,27,31,,38,,32,25,26,26,28,31,41,,29,23,,33,26,28,42,38,36,42,38,39,31,,45,26,25,28,31,34,,37,33,37,38,33,,25,31,42,32,30,26,,27,27,,,24,29,33,33,27,30,28,,28,19,28,24,24,,27,19,18,18,16,25,16,13,16,19,24,28,28,28,28,27,19,21,27,30,28,24,28,19,38,36,33,29,41,37,28,36,41,23,24,22,21,24,,24,21,21,24,12,10,13,9,11,12,18,11,11,31,,19,23,19,21,20,21,10,10,9,6,7,12,,,,20,20,,29,13,12,,,,18,,16,18,14,12,19,12,14,11,23,,,,18,11,,20,21,26,10,10,,14,9,11,12,7,11,13,11,,14,,14,15,,17,13,,13,12,11,,14,25,13,15,17,15,18,,,17,13,17,22,24,22,31,,13,,,17,,18,14,,23,24,21,19,22,18,,15,13,14,13,12,9,10,10,16,14,15,12,17,18,19,14,16,17,7,,13,15,13,14,,18,,18,13,3,,11,8,18,,16,19,16,15,,22,16,20,20,6,,,17,10,14,22,9,13,26,28,24,27,25,26,27,38,32,19,21,23,24,22,22,17,,28,20,12,14,15,13,16,21,10,11,17,28,27,25,,32,33,25,22,26,31,21,18,26,31,28,61,25,24,,26,25,25,40,28,30,28,25,25,21,25,17,,26,29,32,26,30,26,24,27,27,27,22,,,29,25,28,34,26,28,26,26,24,21,16,17,67,60,65,53,67,55,62,69,,25,29,25,24,13,,21,20,16,23,20,14,14,,,29,23,26,25,18,,14,13,20,17,,,16,9,22,22,22,16,30,28,25,22,28,,27,9,20,20,22,20,12,14,9,9,18,15,19,17,20,16,18,17,18,14,,27,,15,16,,41,,40,34,,,,,22,,,,26,32,83,83,79,99,82,,106,21,17,25,21,23,16,19,17,17,19,37,15,26,20,23,,28,25,25,24,35,34,33,35,42,,20,17,16,27,22,24,22,17,15,15,20,22,26,25,18,17,21,,,9,,16,8,4,9,27,,24,13,,,19,18,22,19,,10,12,10,,15,22,15,14,9,8,10,9,8,11,,,,11,,,19,,20,17,12,18,11,13,16,11,8,14,,12,,,25,,19,19,28,16,21,24,22,20,,37,36,37,40,45,27,50,43,36,45,17,18,17,27,23,41,21,24,31,33,,31,20,20,,19,16,,21,19,17,20,19,,32,15,,,32,21,,25,,27,27,30,32,30,31,,26,32,,68,53,,57,,35,44,52,,45,47,17,19,18,,17,19,28,26,22,17,28,34,24,19,24,16,26,27,22,28,17,16,31,25,32,24,31,40,16,15,19,20,14,12,29,19,31,,14,11,10,17,18,27,21,14,16,21,16,19,12,14,,15,16,17,,4,19,16,15,16,,16,18,4,,32,,35,28,33,32,37,28,29,,,,25,,24,,34,,20,,25,23,32,26,38,,30,,26,24,24,20,24,30,,19,19,19,15,17,14,,21,,,13,28,25,27,21,28,27,24,23,29,41,23,40,37,47,53,39,59,36,19,18,15,16,18,21,17,22,23,23,20,,24,13,23,23,11,12,11,9,,,,,11,24,,12,23,20,19,14,20,18,24,22,22,22,17,22,19,,23,15,,21,22,30,,17,18,,20,7,10,11,11,9,11,,9,27,25,22,32,,96,76,114,17,28,21,20,33,30,,60,49,88,93,82,,,15,,,,,11,,,,,,,,,,,,,,,,12,,,,,,,,,,,,,,,,,,,,,,,,,,,,,,,,,,,,,,16,16,24,18,25,18,20,15,14,,,17,29,34,30,30,,25,27,36,16,26,32,34,,35,41,34,,,31,42,,26,28,23,,23,,44,35,,,40,25,,,31,34,34,,,17,19,19,24,26,26,18,34,38,43,35,31,19,24,20,32,28,22,31,25,38,44,35,37,,24,24,15,,9,6,19,27,25,19,20,16,16,32,16,27,,,24,14,12,11,10,22,20,10,8,22,11,36,,15,21,19,16,,,21,7,16,6,20,19,,11,19,19,,20,18,20,,17,20,12,23,18,17,17,,16,16,18,22,16,10,13,15,,13,19,7,14,20,8,,9,,8,,,,10,12,7,11,14,16,,13,,13,16,13,13,18,22,18,12,11,9,9,11,,8,12,9,12,10,13,11,11,,13,11,11,33,10,22,5,14,17,16,19,12,27,24,22,,10,15,17,23,23,,21,14,16,22,22,19,19,20,18,,20,23,24,14,18,37,16,17,16,14,14,,34,30,30,,33,28,36,19,,26,24,21,,21,17,19,18,15,,28,26,27,21,19,17,18,,19,16,18,19,30,,23,21,17,28,22,19,25,29,26,27,17,24,,31,28,28,,13,14,,20,15,10,13,,23,20,18,31,22,19,33,23,17,28,24,23,28,24,26,38,22,19,24,22,22,21,19,28,20,26,20,23,22,22,27,19,21,27,28,24,24,21,21,25,18,17,20,19,55,58,60,54,38,37,37,46,47,42,45,54,48,54,51,47,64,23,26,34,34,33,32,36,,35,46,48,19,15,,10,14,15,15,14,13,12,16,22,15,18,18,18,14,18,,,,17,21,,21,,21,16,18,22,,14,14,15,,,,,14,16,16,15,15,33,,23,,7,9,14,15,14,20,16,9,13,17,9,,,,,30,19,11,11,27,15,21,,16,16,17,16,12,12,19,5,29,16,15,19,24,29,,22,28,25,28,16,9,19,17,22,,22,15,,16,7,,5,10,10,,38,,5,,6,7,16,18,18,16,23,22,22,21,9,12,12,22,,34,28,,15,17,49,,64,70,13,19,122,131,,8,7,26,29,,,24,26,32,,26,23,19,27,6,25,21,,19,,,19,11,8,8,83,77,55,88,25,,89,51,50,39,38,53,82,83,106,,,63,48,,39,,50,70,84,112,16,19,27,28,40,31,26,41,28,,27,20,16,20,14,19,18,,11,,9,13,17,18,17,18,110,25,16,37,22,20,12,10,,,37,10,10,29,,30,22,30,16,,8,8,,,10,21,22,12,14,13,15,13,8,20,28,28,19,26,47,,29,18,,22,17,18,15,69,27,17,15,24,30,28,17,20,28,20,46,11,31,17,17,16,10,24,12,13,15,14,14,24,,29,20,20,23,12,16,28,24,22,27,33,22,31,24,23,18,21,41,,18,15,11,20,15,14,10,,,32,24,30,15,15,6,24,18,11,53,23,25,15,21,15,22,9,14,,16,38,36,42,32,20,75,22,19,20,25,35,23,20,24,22,23,25,20,38,38,22,20,16,20,13,12,15,19,13,22,25,31,25,27,31,32,24,32,31,39,37,23,28,15,29,20,27,35,25,22,36,,28,10,16,11,17,11,12,12,32,34,30,17,22,32,30,15,11,10,9,17,15,18,31,23,14,26,26,15,38,26,16,,16,16,16,11,17,12,16,13,14,,7,27,22,16,16,20,20,,16,33,34,31,20,23,23,66,41,33,50,48,28,12,9,14,12,13,12,40,15,13,30,20,25,32,15,6,8,17,11,17,21,19,19,19,13,15,16,8,93,89,86,91,105,75,16,17,12,21,28,38,27,43,14,23,30,26,18,39,41,13,24,32,48,38,16,17,11,12,17,19,13,26,27,34,28,33,27,24,19,15,28,30,12,19,27,19,16,13,18,10,17,16,26,13,10,14,20,20,17,15,21,7,13,23,26,12,17,22,16,15,25,6,18,13,12,20,17,15,17,13,16,42,52,32,33,20,9,16,32,32,20,21,,24,18,21,28,27,23,26,18,17,9,7,15,22,15,19,34,30,19,49,36,36,56,47,43,37,45,51,54,55,36,22,39,32,32,55,53,52,56,34,39,23,33,22,34,24,32,20,28,20,16,17,14,19,16,19,16,18,50,87,276,257,13,14,30,42,29,42,25,32,25,17,27,27,28,24,37,,13,19,30,40,18,17,20,13,5,12,18,18,29,16,18,24,15,20,21,21,36,14,16,,15,11,15,47,41,49,35,33,27,27,42,28,33,32,26,21,16,22,23,12,39,16,48,48,21,15,31,25,40,33,16,25,33,41,33,46,27,12,24,18,7,7,19,16,9,11,19,36
20230729,4,SO2,3,3,3,3,3,1,1,3,3,3,3,3,,,5,,2,4,6,,5,,,6,,3,2,,2,3,3,3,3,2,6,,2,2,,4,2,4,2,6,,8,,2,3,2,8,2,6,9,,2,2,,1,3,8,6,6,8,8,5,1,1,,4,6,6,1,5,3,,5,4,3,4,5,,3,4,5,6,4,3,,5,6,,,7,6,6,6,3,16,26,,4,6,8,13,6,,8,4,3,6,4,7,5,3,6,5,6,4,4,4,6,4,5,4,5,3,4,8,5,6,3,6,7,5,5,3,4,5,8,4,,6,3,4,,2,6,6,5,5,3,4,6,14,6,4,6,7,5,,6,7,7,6,8,6,6,8,4,4,4,4,,,,6,8,,6,7,4,,,,6,,3,5,7,5,9,5,8,5,7,,,,7,5,,3,4,6,8,6,,7,5,7,4,6,7,5,3,,5,,7,5,,6,4,,4,6,6,,6,3,5,5,2,4,7,,,3,4,4,5,6,5,4,,5,,,2,,7,3,,4,2,3,5,3,4,,2,3,4,3,2,5,5,3,5,4,4,3,6,5,8,8,8,8,2,,4,2,3,3,,3,,7,4,7,,5,4,10,,6,5,6,4,,4,7,5,5,5,,,4,5,9,6,5,5,1,1,3,2,1,1,3,2,3,6,8,7,5,6,5,5,,6,6,3,4,4,1,4,2,4,3,2,5,4,4,,4,4,9,6,6,6,5,6,8,5,6,4,4,7,,5,6,5,7,4,6,6,4,6,10,5,6,,6,5,11,7,7,9,13,5,6,3,5,,,9,7,8,4,5,5,6,4,6,20,5,10,5,6,7,5,6,15,8,6,,8,5,8,7,8,,6,6,5,8,6,5,5,,,6,9,6,4,6,,3,3,2,1,,,2,15,5,5,3,5,3,9,6,5,3,,9,,8,4,6,6,6,12,8,11,9,10,7,5,3,6,6,7,2,5,,4,,4,6,,4,,4,5,,,,,5,,,,19,12,7,6,13,4,5,,6,11,3,10,13,6,4,4,5,5,7,1,6,4,7,12,,12,7,10,7,7,7,8,6,6,,6,7,5,2,4,6,3,3,3,5,2,5,2,2,8,7,7,,,4,,4,2,7,1,6,,6,2,,,2,1,2,10,,6,5,6,,11,9,7,9,6,6,2,3,4,6,,,,10,,,7,,4,9,7,8,5,7,6,4,4,4,,6,,,17,,11,15,8,4,4,8,4,7,,31,10,4,5,9,4,7,8,4,12,1,5,2,7,4,7,4,5,4,7,,7,6,7,,4,4,,6,5,1,4,4,,9,4,,,,5,,4,,8,14,9,10,7,10,,11,8,,10,10,,9,,8,6,7,,8,6,12,15,16,,7,6,4,6,3,4,3,3,5,8,5,3,5,4,4,6,5,6,6,4,5,7,3,2,6,5,6,6,4,6,5,3,7,,10,5,4,4,2,4,5,5,2,4,2,3,5,2,,7,8,6,,4,11,6,9,8,,11,10,7,,3,,3,4,4,3,8,6,4,,,,1,,2,,6,,3,,3,6,4,4,4,,6,,4,2,4,2,8,6,,8,6,9,8,6,2,,3,,,8,4,6,2,6,6,13,36,6,4,3,2,4,26,25,7,25,25,18,1,2,3,6,6,6,6,12,10,9,4,,8,6,14,6,4,4,6,3,,,,,1,1,,1,1,7,12,10,4,7,4,6,2,2,4,6,4,,4,3,,8,2,6,,6,4,,6,7,4,5,9,4,5,4,4,4,6,5,3,,28,8,3,16,15,7,6,8,3,,7,8,6,4,6,,,4,,,,,2,,,,,,,,,,,,,,,,4,,,,,,,,,,,,,,,,,,,,,,,,,,,,,,,,,,,,,,6,1,1,3,1,2,2,3,2,,,2,13,16,11,10,,11,4,8,4,5,6,11,,7,7,5,,,4,5,,14,8,3,,11,,19,26,,,5,5,,,2,3,14,,,3,2,7,10,10,5,6,3,3,9,7,5,3,5,9,6,10,4,6,13,9,5,2,4,,10,11,6,,7,6,6,6,2,4,7,2,7,5,6,5,,,6,9,7,9,10,15,6,10,5,3,6,13,8,2,3,4,1,,,7,20,7,5,5,3,,7,8,4,,6,8,6,,4,7,8,8,5,2,4,,4,4,4,9,2,4,4,4,,5,5,6,7,10,8,,6,,6,,,,2,6,12,6,4,4,,3,,10,6,4,6,5,,6,1,6,3,6,8,5,4,6,4,2,2,3,6,2,,8,3,4,5,6,6,29,12,16,13,14,28,9,8,7,,4,2,2,,3,,1,5,5,5,11,11,9,14,1,,2,2,7,3,4,4,4,4,1,4,5,,3,4,6,,8,2,5,4,,4,3,3,,1,8,6,7,4,,6,5,5,8,9,5,,,4,6,4,6,6,,4,10,7,4,5,4,6,5,6,8,3,4,,7,8,6,,7,7,,8,4,4,1,,6,3,6,9,10,3,31,8,16,11,15,3,11,6,7,13,4,4,2,2,4,6,5,6,5,4,6,8,10,12,10,12,4,9,8,7,2,15,12,11,5,,7,5,31,6,7,8,3,6,4,7,4,6,5,5,6,8,8,30,105,7,7,13,11,5,17,13,,30,4,3,6,5,,7,6,6,3,5,5,3,5,5,3,2,1,4,3,10,,,,6,8,,9,6,7,8,8,7,,7,8,6,,,,,5,5,5,6,7,1,,4,,4,5,10,10,8,17,3,5,8,6,4,,,,,4,1,4,4,56,4,2,,1,7,6,6,15,2,7,9,6,9,4,6,51,70,,16,49,7,5,8,9,4,8,10,,8,6,,7,7,,7,8,4,,6,,6,,8,8,3,13,9,8,5,7,6,8,5,5,5,8,,44,16,,5,8,6,,7,6,4,3,4,4,,5,5,7,7,,,,5,4,,11,8,10,9,11,11,5,,5,,,6,4,4,6,5,4,3,4,5,,6,7,9,5,6,10,2,2,,,,6,5,,5,,4,8,8,11,4,3,4,5,5,5,4,1,10,,7,3,8,2,5,2,2,,4,,6,1,3,4,10,10,51,10,4,5,6,8,5,4,,,2,4,6,6,,10,23,5,5,,5,4,,,2,4,5,4,7,6,2,4,4,5,5,7,7,8,9,,4,2,,6,13,8,5,4,14,4,4,31,3,4,6,3,2,4,20,2,33,4,2,2,6,4,8,3,7,6,8,6,,1,6,11,3,3,5,3,5,5,4,4,8,4,3,10,3,1,4,28,3,5,5,6,8,5,4,,,1,4,7,6,7,6,7,3,4,6,3,6,8,9,6,2,4,3,,5,7,6,15,28,5,7,6,7,6,8,5,7,2,5,6,3,4,6,22,14,10,2,7,6,6,7,7,1,4,4,5,5,7,8,5,6,6,4,6,6,7,25,1,7,7,7,5,1,1,6,8,,6,9,5,4,9,2,3,2,4,4,2,1,9,4,2,8,3,8,8,10,5,9,8,7,9,9,5,10,12,12,2,,3,8,11,3,6,10,7,3,5,,1,5,4,4,12,11,8,,5,8,5,7,6,11,5,5,13,40,7,8,5,2,3,4,5,4,3,4,5,4,6,3,14,12,4,1,5,6,4,6,6,4,6,6,2,4,2,7,4,5,2,9,8,6,5,7,4,8,6,4,5,4,9,3,10,7,6,1,3,6,5,4,6,8,3,3,6,6,2,3,4,2,6,3,3,3,9,8,4,10,7,12,6,9,8,6,3,1,2,6,4,6,6,3,4,9,3,4,8,6,6,2,5,6,,4,2,4,4,6,4,7,8,5,3,4,,3,7,3,11,7,24,10,2,6,5,4,5,2,3,3,,8,6,6,8,7,7,7,4,4,5,4,1,6,3,2,12,10,7,7,19,6,7,1,2,1,3,2,2,3,5,19,5,7,9,4,9,8,10,7,8,2,3,4,3,8,9,2,6,8,5,10,6,6,4,3,2,7,9,3,4,4,4,6,5,8,6,25,8,7,9,4,7,10,6,18,9,,6,3,5,1,6,5,1,4,6,7,5,7,2,3,7,3,4,6,6,3,6,3,4,,5,6,1,10,5,7,8,4,3,1,3,3,3,8,13,3,4,14,10,4,4,4,5,3,3,3,3,3,6,7,4,3,7,4,4,9,6,4,6,6,6,7,11,10,4,7,6,6
20230729,4,SO2_24h,3,3,3,3,3,3,2,3,3,3,3,3,,,5,,2,5,5,,4,,4,5,,3,3,,2,2,2,3,3,2,6,,2,3,,2,3,4,2,5,,5,,2,3,3,8,3,6,9,,4,3,,2,2,9,10,8,14,10,5,2,2,,4,5,9,2,4,2,,6,5,3,4,6,,3,6,6,6,4,3,,6,6,,,8,7,6,6,5,9,18,,6,8,12,10,10,,10,4,4,8,4,7,5,4,6,6,6,4,4,4,5,3,5,4,4,3,2,8,5,6,3,6,7,5,6,3,4,5,8,4,8,6,3,4,,2,6,6,5,4,3,3,6,9,6,4,6,7,5,,6,8,8,6,8,6,6,8,4,4,4,4,,,,6,8,,6,8,4,,,,6,,3,5,7,5,10,6,8,6,6,,,,8,5,,2,5,4,7,6,,7,5,7,4,6,7,4,3,,5,,6,5,,6,4,,4,5,6,,6,4,5,5,2,4,7,,,3,4,4,4,6,5,4,,5,,,2,,6,3,,3,2,3,5,4,4,,2,3,4,3,2,5,4,3,5,4,4,3,5,5,8,8,7,8,2,,4,2,2,3,,3,,8,6,8,,5,4,9,,7,5,6,4,,4,7,5,6,5,,,4,6,9,6,5,5,1,1,3,2,1,6,2,2,3,9,8,8,8,6,7,5,,6,6,3,5,4,2,4,2,5,2,2,5,6,7,,5,5,9,7,7,6,6,8,4,5,6,5,4,7,,5,7,5,8,6,8,6,6,7,11,5,7,,8,4,8,6,7,8,11,7,7,5,6,,,10,8,7,4,5,5,6,4,7,13,7,9,10,8,11,7,8,13,8,9,,7,6,7,7,7,,5,5,4,6,6,4,6,,,6,8,5,3,4,,3,3,3,2,,,2,8,4,3,3,5,4,5,5,4,3,,9,6,8,3,6,5,8,10,9,12,14,11,7,5,3,6,6,7,2,5,,4,,4,6,,7,,7,9,,,,,6,,,,11,13,5,5,14,5,5,,7,10,3,11,12,6,4,4,4,6,7,2,6,4,7,14,,12,9,13,7,6,8,10,9,7,,6,6,4,4,4,6,3,3,3,5,2,5,2,2,9,7,8,,,5,,4,2,4,2,7,,7,2,,,4,2,2,12,,8,6,7,,10,9,10,8,6,6,2,3,5,6,,,,10,,,5,,5,8,7,8,5,8,6,5,4,4,,9,,,15,,11,9,11,6,6,9,6,8,,10,8,11,10,7,4,8,8,4,12,1,5,2,7,4,7,5,6,5,7,,7,6,7,,4,5,,7,6,2,6,5,,14,5,,,3,5,,4,,8,6,8,8,8,11,,12,9,,8,7,,7,,10,8,9,,8,8,12,15,16,,8,5,4,5,3,4,3,12,5,7,6,4,6,5,5,6,6,6,6,10,16,10,4,3,5,5,6,6,4,6,5,3,7,,6,5,4,4,2,4,5,6,2,3,2,3,5,2,,6,8,6,,4,11,8,9,8,,11,10,7,,3,,2,4,6,3,8,8,5,,,,1,,2,,6,,3,,2,6,4,4,4,,6,,4,2,4,2,7,5,,11,9,9,7,7,2,,4,,,7,5,6,3,6,7,8,10,6,5,4,2,5,20,18,11,17,26,11,1,2,3,6,6,6,7,9,7,8,4,,8,7,15,6,5,4,6,2,,,,,2,3,,4,1,8,8,7,4,5,4,7,2,1,6,5,4,,4,3,,8,2,5,,6,4,,5,7,5,5,9,4,6,8,5,4,6,5,4,,25,30,3,17,31,8,11,9,2,,6,8,6,5,6,,,4,,,,,3,,,,,,,,,,,,,,,,5,,,,,,,,,,,,,,,,,,,,,,,,,,,,,,,,,,,,,,7,2,1,2,1,2,2,4,2,,,3,9,9,9,8,,7,5,6,4,4,6,12,,8,9,5,,,3,3,,14,12,2,,5,,19,22,,,5,4,,,8,4,14,,,4,3,7,10,10,5,7,4,4,8,8,5,3,6,8,9,9,4,6,10,8,5,3,4,,7,7,10,,7,5,7,5,5,4,6,4,8,6,7,5,,,6,8,7,9,10,12,6,9,6,4,6,15,10,2,2,4,1,,,7,8,4,2,5,3,,6,9,5,,6,5,8,,4,8,5,8,5,2,3,,3,3,4,8,3,3,5,4,,4,6,6,7,9,8,,5,,6,,,,3,7,8,6,4,4,,4,,7,6,6,6,6,8,6,1,10,4,7,10,5,4,6,4,3,4,4,3,2,,8,2,4,5,7,6,29,12,13,14,12,12,12,8,8,,6,9,12,17,10,,1,5,5,6,11,8,9,13,2,,4,3,7,3,4,4,5,5,2,7,9,,5,5,7,,6,2,6,5,,5,4,4,,2,9,4,8,5,,6,5,4,7,9,4,4,,4,6,4,6,6,,8,8,8,4,5,5,6,5,6,7,4,4,,8,9,7,,6,7,,7,5,5,2,,6,4,6,9,10,4,20,13,11,20,13,4,7,6,6,8,4,4,2,2,4,5,5,6,3,5,6,7,9,11,9,10,4,7,8,8,2,7,6,9,6,5,6,5,9,7,7,7,9,6,6,10,7,11,6,8,6,9,7,14,23,7,8,10,9,6,11,8,,10,4,3,6,4,,6,7,6,4,6,5,3,5,4,2,2,1,2,3,10,,,,6,15,,8,6,7,9,8,7,,7,8,6,,,,,5,5,6,6,7,2,,4,,4,5,8,10,8,12,2,5,6,4,5,,,,,2,2,4,4,19,5,2,,3,8,7,6,7,3,8,9,5,9,4,6,23,35,,12,12,7,5,7,9,5,8,13,,8,6,,7,7,,6,7,4,,7,,7,,8,8,2,6,7,8,5,7,6,8,5,5,4,8,,83,38,,6,7,6,,6,4,4,3,4,4,,5,5,8,8,,,7,6,4,,11,9,14,10,11,11,6,,8,,,7,5,4,6,6,4,4,5,5,,9,8,9,6,6,14,3,2,3,,,7,6,,5,,4,10,8,10,12,2,4,6,6,5,4,3,10,,5,2,8,2,4,2,2,,4,,6,2,3,4,7,7,12,8,4,7,7,8,5,4,,,2,4,6,6,,9,13,6,4,,5,5,,,2,4,5,4,7,6,2,5,5,5,6,5,6,6,7,,4,3,,6,4,8,5,5,15,4,7,13,3,4,6,3,2,5,13,3,27,4,2,3,6,5,8,6,8,8,9,6,,2,5,7,3,3,5,3,6,5,5,4,8,5,4,9,3,1,5,31,4,6,5,6,9,5,4,,,6,4,7,7,7,6,6,3,5,6,3,8,8,15,6,3,4,4,,5,11,6,18,34,5,5,6,7,6,7,5,8,2,5,6,3,6,8,23,10,10,2,7,6,7,6,6,2,4,6,7,7,8,8,5,7,6,4,7,7,8,12,2,7,8,7,8,5,2,6,8,,6,9,6,4,10,2,4,2,6,4,2,1,8,5,3,8,3,6,8,10,4,9,8,9,9,9,7,7,10,12,2,,3,6,4,3,7,10,9,5,6,,1,3,4,4,8,8,8,,6,7,5,8,6,6,5,6,11,32,10,10,5,2,1,4,5,4,4,6,7,5,4,3,12,12,4,2,5,6,4,8,5,5,6,6,2,5,2,7,4,8,2,6,6,7,13,8,6,9,6,5,6,5,8,4,6,7,6,1,3,5,4,5,6,8,4,3,6,6,3,3,4,4,6,4,5,6,10,8,5,16,6,13,7,9,8,4,3,2,2,6,4,6,6,4,3,9,3,4,7,6,5,2,5,6,2,5,4,6,4,10,5,7,8,5,2,4,3,2,7,4,11,8,16,7,4,4,5,4,5,2,3,3,,8,5,7,9,6,6,6,4,3,5,4,1,6,3,2,16,9,6,8,15,6,8,1,1,1,3,3,4,3,5,6,8,7,9,3,8,8,10,7,8,2,6,5,2,8,13,2,7,5,6,8,7,5,4,3,2,5,10,6,7,8,4,6,5,10,7,26,8,7,11,4,9,9,11,12,8,,6,3,5,2,6,5,3,4,6,7,6,7,2,4,7,2,4,7,5,4,8,1,4,,4,6,2,11,5,7,9,4,3,2,3,2,3,6,12,4,4,12,12,8,6,4,4,3,3,3,3,3,10,6,3,2,9,6,4,10,5,4,4,6,6,7,7,12,5,8,6,14
20230729,4,NO2,49,5,38,39,55,55,41,33,14,14,57,14,,,19,,17,17,30,,18,,,11,,10,19,,12,19,18,9,18,17,11,,20,23,,38,18,12,30,45,,42,,6,3,10,9,13,10,11,,15,6,,6,17,8,38,29,27,34,10,20,34,,21,31,30,40,10,12,,4,4,7,10,30,,6,19,14,32,13,50,,26,39,,,32,30,26,24,21,31,23,,19,15,18,15,17,,12,11,11,8,12,12,10,13,9,9,21,16,12,12,13,14,8,2,14,16,14,11,16,9,6,13,13,18,18,16,6,8,18,6,9,6,6,2,,6,14,5,10,5,9,6,2,5,7,10,6,6,3,,2,2,4,2,2,2,8,9,2,6,5,5,,,,6,6,,7,5,10,,,,14,,6,7,2,6,7,7,5,5,8,,,,1,2,,16,17,11,6,5,,4,7,6,5,4,4,2,1,,3,,2,5,,11,9,,9,10,11,,10,4,15,11,1,4,4,,,2,2,2,8,4,2,5,,13,,,6,,2,7,,2,2,5,5,2,1,,9,11,8,13,11,17,4,3,14,9,5,8,6,8,5,15,6,10,2,,7,6,4,2,,4,,7,3,10,,2,3,4,,6,18,35,31,,32,28,26,26,3,,,4,5,8,8,6,6,10,4,7,10,5,6,4,4,12,11,14,12,12,16,14,10,,9,14,27,10,22,16,22,16,20,28,10,5,46,14,,40,32,18,15,22,16,35,10,5,6,7,7,7,11,,8,2,22,16,6,4,7,1,10,16,20,16,,10,33,26,9,6,7,8,16,13,14,11,,,17,12,20,20,15,13,8,26,27,39,15,23,8,9,11,11,7,39,24,45,,45,23,20,27,5,,33,53,25,15,32,17,8,,,56,24,42,16,22,,20,53,61,30,,,35,6,13,18,14,14,14,17,12,13,14,,14,,9,14,8,10,2,9,6,11,6,6,21,12,25,11,11,16,7,9,,19,,10,21,,25,,20,26,,,,,13,,,,18,32,9,10,18,10,7,,9,14,12,18,17,10,18,25,14,13,21,3,5,23,6,32,,21,36,29,28,22,15,16,32,63,,10,11,17,2,1,4,2,10,18,10,4,10,3,12,3,5,3,,,9,,5,1,3,3,14,,12,13,,,11,11,10,20,,14,18,11,,15,10,8,9,7,2,2,2,2,5,,,,6,,,8,,6,7,4,7,11,1,3,4,3,3,,4,,,8,,4,22,16,6,6,6,7,4,,13,10,10,11,24,14,14,16,18,16,16,18,19,3,3,4,21,15,15,24,,15,6,7,,12,10,,3,3,6,2,5,,24,19,,,,18,,31,,24,25,28,34,5,8,,4,3,,17,23,,25,,12,11,13,,9,8,18,8,6,,6,6,6,24,24,8,3,27,25,11,23,7,19,9,20,14,8,7,15,17,10,10,16,17,6,9,6,6,7,1,5,7,7,,6,5,6,9,8,7,6,11,6,7,12,9,10,8,,6,7,8,,5,12,17,15,9,,18,13,1,,1,,4,5,7,3,4,1,1,,,,8,,7,,8,,6,,9,4,9,8,17,,8,,13,24,10,10,10,18,,7,10,10,14,9,3,,10,,,4,9,6,5,3,9,18,19,18,6,3,2,2,14,27,21,21,20,13,8,8,5,6,8,4,22,28,24,30,21,,7,11,15,49,13,7,4,5,,,,,5,6,,9,4,12,9,11,12,7,12,9,14,17,11,14,10,,9,14,,10,4,12,,11,14,,20,2,5,18,9,11,6,8,5,17,18,32,12,,25,14,8,16,12,11,13,1,3,,7,2,18,9,2,,,30,,,,,6,,,,,,,,,,,,,,,,3,,,,,,,,,,,,,,,,,,,,,,,,,,,,,,,,,,,,,,13,6,7,8,4,5,5,5,2,,,2,19,20,19,14,,17,32,22,24,20,49,19,,12,19,20,,,19,23,,27,39,30,,40,,9,12,,,11,7,,,13,5,25,,,11,7,4,7,14,6,6,16,12,10,12,9,3,7,8,15,18,22,16,25,10,10,16,8,,22,18,6,,2,2,9,11,6,6,6,4,10,15,7,7,,,4,14,11,19,6,13,4,5,4,11,9,1,7,6,6,6,4,,,8,18,7,2,14,11,,8,7,6,,8,13,9,,12,10,11,12,9,4,4,,5,6,6,18,7,6,12,12,,10,1,1,4,12,9,,13,,14,,,,2,6,7,4,6,6,,5,,11,12,13,2,2,,2,2,9,11,8,6,,4,10,4,8,13,10,7,6,,3,3,3,5,3,5,3,12,16,10,18,12,13,14,11,,1,2,2,,1,,9,4,9,8,10,5,8,11,30,,9,19,8,2,2,3,3,4,4,2,2,,11,9,8,,6,6,9,7,,7,5,7,,6,7,5,7,6,,6,1,7,4,8,10,,,9,5,7,16,16,,25,27,5,4,5,4,12,11,8,10,6,4,,7,7,8,,3,4,,1,4,1,3,,2,4,4,10,12,12,10,18,12,12,16,5,10,13,14,13,4,5,4,3,3,27,18,22,18,31,7,18,9,14,16,3,10,6,7,12,4,24,16,14,4,,7,8,34,12,34,26,15,7,5,10,8,16,11,9,8,9,14,15,26,17,23,16,16,10,19,18,,17,3,6,7,11,,5,5,9,9,15,7,11,11,17,15,21,30,21,5,45,,,,11,14,,12,14,22,22,27,25,,2,4,7,,,,,7,4,4,9,7,6,,8,,17,7,13,11,12,12,4,9,4,14,5,,,,,9,6,6,5,26,19,11,,5,9,5,10,11,4,11,9,12,12,11,12,23,22,,14,15,12,12,11,10,3,8,12,,15,11,,8,8,,10,11,21,,4,,18,,2,4,14,24,21,12,12,16,12,12,3,5,4,12,,5,13,,10,11,32,,7,6,17,13,12,19,,4,2,16,35,,,,11,53,,7,7,14,12,3,3,16,,7,,,11,4,4,1,16,12,5,6,8,,6,8,7,4,2,15,9,7,,,,11,10,,19,,2,7,5,7,4,2,5,25,21,18,13,15,12,,36,6,12,15,2,8,8,,15,,4,16,36,8,26,27,9,16,9,20,17,10,3,12,,,25,2,11,14,,24,15,29,2,,5,14,,,9,6,9,1,10,8,4,5,6,8,5,33,18,8,30,,25,7,,13,18,7,8,3,62,11,4,16,8,21,2,3,11,5,38,4,21,8,5,11,32,15,6,9,7,7,11,4,,1,22,35,5,8,30,4,9,7,3,7,25,10,12,19,13,26,9,57,8,15,2,17,6,14,20,,,17,8,12,16,4,3,7,13,16,31,7,13,13,22,3,9,5,6,,5,24,26,17,21,16,37,6,8,4,6,10,4,4,7,4,22,,23,9,57,10,11,6,2,7,2,2,12,5,8,,43,14,25,18,16,9,13,15,3,21,33,7,13,24,14,14,2,5,21,25,,23,7,13,6,11,4,4,3,10,7,7,6,10,5,2,8,14,10,11,12,17,6,17,19,12,19,21,16,32,4,33,,12,13,23,5,21,10,6,3,5,,2,10,14,18,15,24,11,,11,39,7,13,2,12,2,7,16,20,8,9,26,4,16,10,4,2,2,2,8,3,13,10,65,26,2,5,12,6,6,14,9,2,5,2,2,2,4,1,4,11,7,13,8,5,30,4,13,6,11,6,19,13,7,8,16,6,8,11,21,10,24,8,35,20,4,7,9,9,14,14,7,3,8,12,12,5,15,10,7,11,5,14,5,16,13,16,11,29,18,13,12,6,21,12,5,8,11,12,14,5,14,4,3,11,,15,14,10,6,9,46,6,10,3,20,2,,2,2,2,22,13,13,15,5,10,4,7,20,12,5,6,,6,3,14,2,10,14,16,22,11,11,10,12,2,4,2,39,16,12,9,19,2,37,18,18,10,21,14,25,38,11,10,8,14,19,30,32,26,26,40,41,12,4,36,7,10,8,4,21,16,5,14,5,12,15,12,11,17,2,4,4,5,11,19,13,10,21,9,7,21,8,24,12,19,24,19,32,,4,3,2,2,7,9,4,5,9,26,14,4,19,10,13,14,12,13,26,3,13,12,16,,10,11,3,18,22,16,2,19,11,16,27,5,41,29,10,10,32,24,14,3,2,2,38,20,19,5,19,40,32,33,5,2,7,12,8,13,5,2,21,16,4,6,17,6,5,7,11,6
20230729,4,NO2_24h,26,7,14,19,25,28,30,16,13,19,31,21,,,17,,19,19,21,,21,,26,14,,12,16,,8,13,13,5,12,12,11,,16,18,,18,14,11,20,26,,25,,8,5,10,8,11,9,12,,14,8,,13,14,9,28,20,22,24,9,18,22,,17,18,16,22,7,12,,8,11,12,14,23,,8,20,21,24,15,25,,20,27,,,23,25,28,24,14,25,17,,16,12,12,15,15,,11,14,13,10,10,11,12,14,10,12,14,19,14,10,12,13,6,3,13,10,14,11,13,8,10,16,19,23,20,22,8,13,19,9,5,9,8,3,,9,13,8,12,8,13,8,8,9,9,14,12,8,5,,3,4,8,3,2,9,8,9,2,7,6,6,,,,7,8,,9,7,8,,,,16,,13,21,9,13,17,13,12,10,16,,,,11,9,,20,21,17,8,5,,4,7,8,6,5,6,2,3,,5,,5,7,,15,12,,11,13,14,,11,7,18,13,7,6,6,,,2,5,4,7,3,2,8,,16,,,10,,4,11,,3,3,5,5,2,2,,17,18,10,9,9,9,5,5,16,12,8,10,8,13,8,17,9,12,2,,5,3,5,4,,3,,11,13,11,,6,6,6,,14,15,21,17,,23,21,25,21,4,,,6,10,14,8,7,11,13,7,11,15,7,9,8,9,14,19,22,17,22,18,22,16,,18,16,10,8,14,12,14,16,10,14,10,3,34,14,,22,24,18,16,22,20,17,11,14,18,17,24,21,19,,13,9,8,25,14,16,10,11,9,13,16,13,,16,22,22,13,10,9,8,14,15,15,12,,,15,12,19,16,12,8,12,18,18,23,16,15,31,27,58,27,34,19,34,42,,14,18,15,13,5,,20,39,19,26,33,23,18,,,39,36,29,22,29,,7,16,20,17,,,13,3,12,22,11,12,13,18,14,16,15,,15,10,15,20,15,17,14,16,17,12,20,17,19,12,22,11,15,15,8,10,,19,,17,15,,27,,28,30,,,,,12,,,,16,21,23,30,34,26,7,,17,15,12,14,17,11,8,13,8,7,11,13,5,16,6,27,,22,24,23,19,22,16,15,16,23,,10,10,12,5,2,6,3,10,13,7,2,9,4,10,3,5,3,,,10,,7,3,4,5,8,,9,8,,,12,13,11,21,,8,12,10,,14,12,10,11,8,3,2,2,2,6,,,,4,,,10,,7,5,5,4,13,2,4,5,4,5,,4,,,8,,5,8,10,8,9,9,10,5,,13,18,16,14,18,14,12,13,13,17,10,11,10,7,6,5,15,10,10,12,,11,9,6,,6,6,,6,5,9,4,7,,22,11,,,4,10,,21,,23,19,15,21,9,13,,6,8,,17,19,,19,,11,13,12,,11,10,24,20,12,,6,7,8,12,12,8,3,18,14,9,14,5,15,12,14,21,9,7,15,10,6,9,13,14,8,9,13,7,9,2,13,11,11,,8,10,12,9,10,12,10,22,7,10,8,14,11,11,,7,9,10,,6,13,17,13,8,,16,14,2,,8,,10,12,14,11,9,5,7,,,,6,,8,,11,,6,,11,8,9,11,16,,6,,18,18,12,12,9,13,,9,15,9,11,10,4,,4,,,3,9,14,8,4,6,11,10,11,9,4,4,6,10,20,20,16,22,13,7,6,7,17,13,10,12,16,15,16,14,,10,13,23,28,12,10,5,7,,,,,5,12,,9,4,12,9,11,14,7,14,10,14,13,12,15,12,,13,12,,13,8,20,,13,18,,18,6,8,19,14,11,11,10,13,18,22,19,15,,19,21,17,10,14,14,13,4,6,,7,4,22,12,6,,,18,,,,,6,,,,,,,,,,,,,,,,4,,,,,,,,,,,,,,,,,,,,,,,,,,,,,,,,,,,,,,8,6,7,8,5,6,5,7,3,,,3,15,15,15,13,,12,12,10,13,8,16,21,,16,18,9,,,10,13,,17,20,24,,21,,15,15,,,14,13,,,9,8,14,,,13,9,5,9,14,8,6,11,11,9,8,6,5,6,9,13,14,19,16,19,10,10,15,12,,14,12,7,,5,5,9,12,11,8,8,7,13,16,10,13,,,7,13,11,16,9,11,6,8,4,12,12,2,11,8,8,11,4,,,10,13,8,2,14,11,,4,7,10,,10,9,16,,10,9,12,12,10,7,3,,6,8,7,14,8,6,11,10,,9,4,4,5,19,17,,10,,12,,,,4,10,9,7,5,6,,7,,15,16,16,2,2,2,2,2,8,10,7,5,,5,7,3,5,7,5,4,6,,3,4,7,7,7,7,4,6,8,6,11,7,9,10,8,,4,4,4,10,9,,4,3,7,8,8,6,8,12,13,,9,12,6,3,4,3,3,5,6,6,4,,20,14,11,,11,6,12,8,,8,6,8,,6,6,5,7,6,,9,3,8,5,8,10,7,,9,5,7,11,10,,17,14,5,7,6,7,12,9,9,10,11,9,,8,9,9,,4,6,,5,4,5,7,,2,5,5,11,12,8,9,12,8,12,11,5,5,6,7,8,5,7,6,4,5,22,9,15,11,17,6,8,9,10,11,2,8,5,4,6,4,9,5,11,4,4,7,9,30,17,23,20,17,8,10,15,15,15,14,15,14,15,9,14,20,11,11,14,14,10,12,16,,10,9,14,8,10,,6,4,12,9,12,7,8,10,12,9,17,17,11,5,18,,,,9,10,,10,17,22,21,25,21,,12,9,8,,,,,8,6,8,8,7,15,,11,,12,4,7,9,10,12,5,10,12,15,7,,,,,11,6,7,7,16,18,14,,5,8,8,7,8,7,14,15,16,12,10,10,21,21,,10,9,12,13,12,13,11,11,10,,12,10,,10,10,,5,8,12,,7,,8,,4,5,8,10,13,9,16,11,12,11,3,7,6,8,,15,13,,10,11,20,,10,9,19,19,17,17,,5,5,14,23,,,17,15,24,,11,9,12,9,7,6,15,,7,,,11,13,7,10,20,20,26,33,9,,11,9,10,8,8,12,14,14,11,,,13,12,,28,,13,8,6,29,14,2,6,15,13,18,12,9,16,,27,8,15,18,4,12,14,,12,,4,8,11,9,22,17,18,11,9,14,14,7,7,9,,,20,2,15,15,,21,16,17,4,,6,11,,,12,13,14,2,11,8,6,9,7,14,7,34,15,15,20,,17,7,,15,10,7,6,6,17,10,4,9,9,17,6,3,17,7,28,3,20,7,6,13,16,15,6,9,8,8,8,9,,5,11,36,5,8,20,3,3,4,8,5,22,6,9,15,16,17,13,24,7,13,2,23,11,13,15,,,15,7,9,17,6,4,6,16,8,18,9,7,19,17,4,8,6,7,,6,26,20,15,18,13,18,10,5,8,9,10,7,8,11,5,13,18,23,14,18,23,15,6,6,10,3,2,12,5,11,18,29,20,17,20,14,13,22,27,13,14,14,10,8,13,12,11,6,4,18,15,,16,8,16,6,17,4,5,5,13,11,7,6,8,13,7,7,12,8,21,15,15,6,16,14,9,19,22,8,30,23,11,,12,9,11,6,22,13,5,6,4,,3,9,15,13,15,13,14,,13,24,9,12,4,7,4,24,10,10,12,15,11,7,7,18,11,7,7,10,10,3,10,6,32,20,7,7,13,8,7,18,17,10,14,3,2,2,5,2,14,24,9,24,11,5,21,6,6,5,17,14,14,11,4,12,11,10,6,11,10,10,14,10,19,19,4,9,11,10,12,13,9,6,8,15,11,10,14,9,8,12,10,14,6,21,19,11,11,19,11,13,11,8,13,8,6,7,10,10,11,5,12,6,4,14,14,9,13,14,7,13,22,11,12,5,14,2,3,3,2,3,10,15,14,11,6,11,5,7,13,12,4,5,,8,6,15,5,9,15,20,20,14,14,12,18,2,8,2,20,14,12,14,18,8,30,11,14,14,14,19,20,20,12,5,6,14,14,23,17,18,15,18,20,9,9,15,9,11,12,5,18,15,11,13,8,14,11,12,12,11,3,16,9,12,11,12,17,12,15,14,4,23,6,15,11,18,15,23,28,,6,4,7,9,16,7,9,8,10,22,18,12,11,9,13,21,11,16,15,8,16,17,17,,8,6,4,9,10,17,10,10,13,19,18,10,33,21,11,11,20,22,29,7,7,5,22,17,12,4,21,16,33,26,6,2,14,11,15,14,11,4,11,9,4,7,11,7,4,6,13,14
20230729,4,O3,15,43,19,19,17,,28,20,36,39,8,41,,,30,,33,35,26,,30,,,22,,28,40,,79,77,73,74,78,76,109,,15,11,,,8,34,16,8,,2,,38,45,44,61,61,69,79,,72,40,,58,50,41,4,3,14,4,,36,24,,32,14,7,10,42,53,,77,80,78,82,52,,34,78,95,58,97,16,,67,51,,,58,66,61,66,8,2,11,,4,19,17,19,21,,25,46,38,28,27,28,36,31,34,33,18,26,28,29,30,30,36,46,26,22,28,67,40,54,44,53,59,45,44,50,43,61,46,17,,16,22,18,,23,12,16,17,11,18,18,15,17,18,18,17,16,16,,17,19,18,19,18,17,18,16,18,15,18,20,,,,18,17,,24,21,20,,,,5,,23,26,15,23,20,13,18,19,16,,,,23,21,,13,7,14,17,14,,14,14,11,16,14,17,20,23,,26,,21,17,,12,18,,20,19,22,,16,26,14,17,29,28,33,,,40,34,34,50,58,57,46,,15,,,26,,26,22,,45,41,38,13,13,14,,35,32,32,31,30,32,49,47,15,19,25,25,19,21,22,13,19,22,,,50,50,53,53,,42,,46,47,39,,49,53,34,,52,8,5,3,,2,12,10,8,17,,,21,27,18,25,27,27,35,38,38,42,36,31,36,33,48,39,40,37,36,30,37,34,,35,37,7,55,14,33,16,36,19,13,46,49,28,50,,21,32,58,57,46,33,10,27,85,92,86,82,75,96,,83,72,39,95,97,91,86,92,47,42,35,38,,51,15,26,84,86,78,80,43,57,48,58,,,74,77,71,76,77,81,80,50,22,18,37,31,80,72,79,69,82,9,51,6,,11,30,31,30,77,,5,4,10,27,1,33,31,,,5,18,4,24,12,,21,2,,29,,,40,72,10,33,25,23,15,35,36,40,11,,48,,42,47,47,52,84,84,87,58,88,79,38,40,21,42,39,47,38,51,,32,,46,26,,53,,60,60,,,,,67,,,,74,31,87,97,88,92,79,,71,25,22,19,23,13,17,6,20,20,19,86,3,,40,56,,78,40,57,51,75,104,77,35,15,,38,29,28,48,44,44,43,32,30,36,35,38,43,32,65,65,67,,,19,,18,21,18,14,32,,34,24,,,10,17,14,15,,16,3,19,,19,29,26,24,28,16,27,23,24,14,,,,16,,,14,,17,16,24,15,20,24,,19,26,21,,21,,,26,,25,7,8,87,101,88,106,94,,43,47,46,47,25,52,58,27,25,16,7,6,5,80,83,74,9,12,10,41,,27,51,38,,26,29,,79,74,78,80,27,,7,15,,,,9,,17,,52,54,23,25,91,90,,88,88,,54,49,,44,,106,86,111,,108,113,114,111,116,,29,24,31,9,8,30,59,9,5,10,4,11,3,30,11,8,30,28,5,30,29,36,35,40,48,42,41,45,44,36,69,68,64,,69,76,72,60,64,67,83,61,74,63,65,24,21,24,,17,16,19,,26,23,20,20,17,,16,16,53,,65,,66,66,72,67,45,36,46,,,,20,,19,,52,,54,,44,47,47,62,52,,49,,34,26,26,38,61,55,,44,43,41,31,42,40,,42,,,60,15,19,8,27,26,20,18,42,57,135,84,73,31,18,23,25,25,38,54,44,42,55,65,62,26,12,18,6,14,,65,58,52,17,4,35,24,36,,,,,35,40,,33,35,22,32,33,28,28,27,29,23,9,18,35,35,,44,47,,87,69,75,,62,55,,50,65,55,49,62,50,68,59,64,27,44,20,34,,89,97,111,72,63,78,81,119,123,,73,114,71,87,103,,,8,,,,,27,,,,,,,,,,,,,,,,25,,,,,,,,,,,,,,,,,,,,,,,,,,,,,,,,,,,,,,12,28,27,28,33,26,25,25,27,,,,70,64,67,77,,70,22,52,51,35,2,105,,113,99,57,,,55,48,,32,,26,,18,,108,102,,,73,47,,,77,94,47,,,68,57,104,104,108,117,120,33,31,50,39,41,28,17,23,16,13,13,17,6,40,37,35,58,,11,14,31,,24,20,9,6,68,61,104,101,3,4,4,65,,,69,21,31,26,8,62,64,66,55,18,19,16,70,74,72,76,104,,,73,45,83,88,47,49,,23,13,12,,15,10,16,,14,11,14,11,3,24,24,,22,21,24,16,28,21,18,18,,22,45,41,24,13,20,,13,,16,,,,25,25,19,23,17,17,,19,,22,16,37,59,57,,58,,10,14,9,,,23,15,19,,6,9,14,,,49,29,31,32,33,30,11,25,22,29,18,13,18,19,19,,47,43,43,,48,,10,25,26,17,30,31,34,34,4,,11,6,17,33,46,44,38,44,32,40,30,,,37,39,,36,36,34,23,,22,22,31,,34,26,31,27,28,,43,50,43,46,23,16,,,26,26,27,15,5,,5,7,43,34,15,30,52,51,53,51,32,32,,63,69,67,,40,40,,20,34,45,42,,40,43,33,16,17,31,34,30,45,42,36,19,51,43,30,29,53,65,63,62,67,35,4,20,27,6,12,18,17,13,29,41,22,34,25,13,36,49,49,47,57,,5,5,4,,8,4,62,52,83,67,72,70,81,81,80,74,33,43,43,31,22,40,36,4,19,17,,23,102,86,33,27,,19,25,23,31,23,48,48,42,47,37,18,8,31,4,9,,,,37,41,,37,6,3,4,3,4,,32,28,27,,,,,48,60,62,40,64,17,,17,,11,36,25,33,25,34,16,25,70,36,43,,,,,6,8,62,51,10,6,32,,44,27,20,68,70,63,60,61,16,12,9,9,19,16,,24,22,25,27,11,,74,49,5,,11,9,,64,38,,54,52,31,,66,,69,,21,15,16,6,13,4,86,67,81,78,23,16,17,24,,98,86,,33,39,35,,124,122,77,77,102,85,,84,86,45,26,,,,57,8,,76,95,82,46,55,138,52,,63,,,72,90,98,92,85,86,117,112,86,,93,107,102,121,131,66,109,112,,,,94,86,,30,,105,73,78,70,62,50,80,27,22,27,34,76,117,,19,49,7,14,38,26,22,,15,,17,21,32,20,11,7,114,44,16,9,9,37,19,16,,,30,35,16,38,,60,79,31,28,,22,7,,,19,18,19,21,17,20,20,20,19,17,68,26,29,35,39,,24,26,,43,39,42,38,88,17,56,24,17,58,17,50,55,38,35,24,25,68,16,30,16,6,36,19,36,44,30,34,64,,51,25,12,36,69,23,51,32,39,47,22,37,5,19,30,6,28,57,76,19,15,19,36,64,7,4,,,68,24,48,15,22,79,62,3,18,46,46,13,18,34,50,17,49,22,,37,60,72,64,66,46,66,17,16,18,21,19,18,35,18,19,32,16,73,111,9,109,11,21,20,18,19,22,11,21,45,65,25,38,41,59,54,74,88,94,92,39,13,85,13,6,35,63,77,44,24,23,,23,24,16,21,20,21,20,20,59,57,27,33,22,55,63,20,24,24,55,14,26,40,21,7,22,30,13,39,10,33,13,,64,26,24,21,14,23,27,23,14,,23,35,29,17,38,26,39,,29,11,51,46,41,31,87,82,24,4,57,79,13,22,7,19,29,32,49,44,11,16,51,29,29,52,23,24,22,19,18,10,19,22,23,19,19,21,14,20,100,95,90,93,70,80,15,87,31,54,71,92,31,56,32,90,51,77,51,92,18,36,38,52,16,29,20,18,24,27,14,13,16,37,33,40,35,40,55,30,23,9,78,9,38,9,14,20,86,25,57,25,49,61,3,14,18,24,11,9,20,24,14,20,23,44,,21,9,18,13,83,37,77,62,64,45,51,,67,61,43,14,50,50,34,41,17,58,43,18,31,30,30,,22,22,67,66,63,12,39,55,51,24,21,21,59,22,46,4,19,82,103,50,86,23,77,65,94,6,16,8,,61,47,100,73,42,52,31,50,51,38,29,39,37,8,67,51,43,27,42,39,12,24,17,45,32,58,54,34,126,96,113,100,8,10,82,100,60,109,16,60,92,40,69,69,1,55,34,,20,18,70,68,53,40,36,24,20,1,15,28,12,52,71,87,61,32,4,41,18,19,26,,63,16,22,83,46,52,40,52,31,27,25,38,21,40,12,13,,80,58,41,43,48,,13,14,49,35,3,64,53,66,26,45,66,63,46,59,36,13,6,40,58,16,22,18,15,34,76
20230729,4,O3_24h,116,82,125,122,119,124,91,125,116,86,114,96,,,194,,172,187,174,,202,,86,186,,144,242,,154,156,150,158,149,165,162,,179,188,,190,188,91,65,75,,91,,139,150,145,137,139,127,139,,156,141,,134,138,147,120,126,136,125,107,155,146,,153,197,177,170,158,152,,162,163,165,170,120,,110,126,130,125,128,119,,148,156,,,180,163,135,154,89,92,81,,96,73,86,82,83,,93,79,66,62,65,104,78,76,67,73,70,97,101,101,105,107,93,106,97,97,102,120,82,103,99,95,101,91,98,99,103,96,97,33,34,33,39,32,,38,38,34,32,49,53,60,45,51,51,51,47,58,28,,32,33,33,33,32,26,36,36,38,32,39,50,,,,58,62,,69,65,64,,,,48,,30,35,23,32,31,27,28,34,33,,,,41,45,,47,49,61,49,47,,45,36,32,38,34,37,38,40,,43,,58,58,,25,27,,33,34,49,,30,36,26,30,34,28,35,,,40,34,34,51,61,57,47,,25,,,41,,40,33,,45,45,42,32,34,32,,69,72,52,58,55,51,58,55,58,54,64,65,62,64,59,61,60,65,,,63,64,62,59,,49,,63,71,67,,68,63,57,,64,113,128,112,,108,134,125,138,28,,,42,52,32,52,50,48,128,127,145,129,121,117,125,106,134,101,133,116,120,106,127,116,,106,158,88,115,88,108,96,109,93,103,126,103,65,144,,122,134,154,105,125,109,120,111,114,121,131,115,100,109,,146,140,95,121,168,166,164,167,109,102,91,124,,111,111,104,158,166,148,161,154,142,127,153,,,129,128,152,102,99,105,103,126,93,94,101,102,183,163,178,157,141,186,190,171,,96,95,102,95,86,,82,61,72,41,37,60,59,,,67,47,56,87,40,,146,120,143,120,,,142,135,72,92,76,87,96,87,92,89,85,,78,64,74,73,81,82,134,131,130,141,120,131,86,86,85,80,70,88,84,82,,84,,83,74,,155,,165,164,,,,,150,,,,170,175,101,107,113,100,95,,113,119,129,124,127,128,98,93,91,95,99,137,78,118,95,158,,157,157,156,153,158,176,171,167,166,,65,64,68,71,56,54,59,58,56,68,77,85,100,89,75,77,81,,,81,,52,60,58,49,144,,137,112,,,130,140,134,118,,82,77,102,,77,67,75,60,65,37,52,46,49,36,,,,68,,,75,,81,91,88,100,37,46,48,43,55,46,,89,,,80,,101,69,92,143,159,146,152,157,,110,93,96,94,105,101,138,117,109,116,59,59,59,196,198,174,63,59,58,127,,100,101,95,,83,102,,82,79,83,94,87,,95,80,,,63,90,,144,,164,157,154,154,137,145,,142,142,,142,130,,123,,170,156,172,,163,163,127,121,127,,95,84,89,87,80,86,120,117,118,106,114,106,105,80,71,70,73,72,70,80,72,82,84,88,114,116,110,117,115,110,102,103,102,,101,98,90,89,91,94,125,101,132,115,123,49,51,56,,41,40,44,,48,79,76,80,66,,77,73,76,,112,,118,113,127,122,131,140,148,,,,100,,102,,122,,117,,101,101,103,113,112,,114,,111,111,117,82,108,100,,136,122,124,121,124,125,,108,,,114,82,79,76,77,86,88,89,96,155,135,142,215,108,100,107,106,106,103,71,76,94,91,120,102,99,95,88,96,100,,92,94,106,124,58,70,71,61,,,,,110,113,,114,81,86,87,87,104,84,73,78,78,75,80,79,78,,84,80,,100,94,86,,108,108,,100,67,83,88,88,88,114,92,96,85,228,99,100,,149,149,147,163,176,139,148,125,131,,126,123,118,119,125,,,95,,,,,47,,,,,,,,,,,,,,,,46,,,,,,,,,,,,,,,,,,,,,,,,,,,,,,,,,,,,,,90,101,99,101,104,93,91,91,92,,,,129,126,119,121,,124,133,151,133,138,142,147,,138,130,122,,,119,116,,126,121,127,,127,,170,173,,,121,108,,,151,154,155,,,111,120,138,145,172,170,165,119,110,121,150,174,94,84,96,86,89,92,89,86,135,134,135,128,,101,101,112,,40,36,37,42,129,112,136,112,62,65,65,80,,,94,92,88,92,91,89,88,83,103,89,102,105,71,104,95,95,145,,,115,100,105,126,110,101,,89,56,59,,62,59,68,,72,73,83,79,59,61,67,,54,58,60,48,64,51,76,82,,70,46,41,47,40,56,,91,,91,,,,60,61,64,58,76,80,,64,,38,46,56,66,69,51,66,,44,47,43,,,52,52,55,,48,47,41,,,61,47,35,38,38,35,68,68,78,70,74,52,58,63,58,,60,63,68,38,64,,50,53,64,64,66,64,61,64,47,,71,62,67,63,61,46,47,51,53,64,58,,130,133,141,,111,121,115,115,,120,119,102,,103,102,106,99,101,,105,109,108,107,83,76,46,,100,99,96,72,74,,92,74,76,96,110,114,111,107,109,104,88,85,,114,112,111,,98,98,,85,79,101,103,,91,97,90,98,91,103,103,98,109,107,101,93,91,93,87,90,94,103,100,102,101,90,102,99,100,96,107,89,104,94,88,82,82,87,83,82,82,90,85,75,94,25,81,82,99,95,115,94,116,164,137,139,148,155,127,184,161,150,111,128,131,123,133,102,116,87,84,97,,142,143,160,89,82,,90,82,81,78,103,72,76,74,78,132,135,141,136,15,144,,,,101,101,,97,70,68,73,71,72,,117,108,103,,,,,71,95,93,91,102,83,,100,,84,74,95,100,85,104,80,79,81,73,83,,,,,74,84,78,79,93,91,70,,91,70,75,85,90,101,98,99,56,58,42,42,89,86,,74,78,78,80,40,46,74,84,48,,82,71,,79,93,,100,96,107,,105,,106,,54,54,76,81,85,83,136,124,130,130,78,69,68,80,,166,170,,120,130,150,,149,151,104,108,150,150,,89,88,151,146,,,93,160,142,,152,151,124,124,101,145,147,,142,,,142,120,125,116,132,127,179,163,125,,112,117,108,160,153,160,153,152,112,,,121,111,,114,,108,128,136,97,99,60,132,127,176,200,199,160,145,,126,116,54,56,38,39,38,,96,,63,111,141,93,76,71,147,128,74,76,88,99,36,72,,,149,53,24,203,,183,164,185,88,,60,41,,,46,44,40,37,59,68,42,43,48,38,115,55,62,49,140,,176,110,,103,96,78,82,138,146,113,99,72,114,71,60,67,169,125,152,48,112,76,110,78,84,146,46,88,94,88,83,102,,141,72,51,109,114,136,101,109,108,153,108,141,92,63,112,49,83,130,150,83,75,64,68,78,77,74,,,188,66,164,79,54,100,108,50,97,153,108,55,50,130,60,108,55,71,,115,193,167,187,180,120,144,30,46,33,46,38,36,44,33,39,88,147,157,178,153,125,59,68,32,31,42,40,52,51,115,108,108,126,147,152,145,116,112,120,173,149,102,111,63,104,92,127,82,144,176,162,,199,51,75,60,55,81,64,66,123,125,103,106,93,123,120,99,100,95,74,84,61,93,78,54,71,81,79,81,103,110,128,,157,74,142,52,91,64,97,48,60,,56,138,138,79,81,87,80,,71,144,107,104,87,102,123,172,108,103,142,131,113,35,39,30,29,32,64,68,69,62,126,110,162,152,53,48,48,33,43,51,26,38,46,34,36,48,45,41,120,113,115,109,99,131,54,170,66,100,117,198,142,133,93,180,133,158,102,163,124,130,145,148,165,162,65,53,53,62,87,85,40,129,122,139,127,119,117,101,102,87,127,92,72,38,62,103,128,124,152,76,112,131,144,123,55,96,82,72,96,93,98,50,49,133,33,106,143,141,110,146,130,119,127,87,83,65,43,70,72,50,95,138,135,117,152,72,80,86,84,85,69,70,,41,89,110,114,118,122,74,83,83,31,35,30,61,38,47,155,163,142,140,172,148,158,167,156,170,164,190,177,168,162,134,153,150,136,159,160,162,186,170,166,118,120,101,111,104,130,103,110,105,72,99,43,93,81,91,99,89,132,116,118,114,90,88,121,164,120,153,74,90,177,152,132,127,95,157,160,,48,59,120,116,84,74,111,46,41,126,125,86,91,136,133,96,103,101,92,104,28,27,57,,101,92,51,159,112,137,126,116,68,101,135,120,129,158,45,78,108,155,94,64,120,65,192,186,79,112,93,99,157,164,107,66,132,119,80,113,76,36,109,67,97,106,94,102,54,65,63,160
20230729,4,O3_8h,29,37,34,29,28,8,28,24,44,42,18,48,,,41,,36,39,36,,33,,,29,,27,45,,94,87,80,94,93,96,109,,29,20,,14,17,40,33,11,,8,,47,53,51,79,72,82,91,,87,48,,57,65,42,10,4,18,3,,47,34,,42,17,20,20,55,59,,78,78,73,82,52,,43,80,82,46,87,15,,64,65,,,64,56,57,67,10,2,12,,4,22,24,20,23,,27,40,34,26,27,28,33,27,27,21,18,38,41,41,43,43,46,62,39,36,42,73,48,65,53,57,63,54,53,56,53,65,54,16,20,18,22,18,,22,13,17,19,12,17,19,16,17,18,18,18,16,16,,18,20,19,19,19,18,18,16,19,15,19,22,,,,17,16,,24,20,21,,,,6,,22,25,14,23,18,13,18,19,14,,,,21,17,,11,6,11,18,15,,15,17,12,18,16,19,22,24,,29,,23,20,,12,16,,21,17,20,,16,24,14,14,25,23,28,,,32,29,31,48,56,52,43,,17,,,26,,23,18,,45,42,40,14,14,15,,28,22,24,29,29,37,51,47,18,20,26,26,20,21,22,16,20,23,,,51,51,52,48,,45,,43,44,39,,46,50,24,,49,11,9,11,,5,14,14,7,18,,,24,27,17,27,28,28,43,46,48,51,46,37,45,41,51,38,32,37,35,29,32,34,,26,42,17,34,10,23,14,24,24,13,21,38,49,57,,28,35,52,54,54,36,40,38,88,95,85,90,68,85,,83,71,50,89,101,94,88,80,42,44,36,44,,50,21,30,79,80,78,77,55,62,52,66,,,82,80,86,81,84,94,88,64,14,25,31,37,33,32,36,42,45,23,30,11,,30,38,42,40,78,,7,4,8,32,1,33,27,,,5,15,4,24,11,,30,12,10,23,,,56,81,16,34,22,24,22,33,36,39,10,,48,,46,49,47,52,73,74,78,63,89,78,42,48,29,44,43,51,48,45,,35,,43,34,,56,,69,69,,,,,70,,,,77,41,84,92,79,83,73,,73,22,38,19,19,6,26,9,25,26,27,94,8,3,28,62,,72,42,54,45,74,100,85,58,27,,36,31,30,59,50,51,54,37,36,44,43,37,41,32,63,63,67,,,16,,26,22,20,16,41,,40,32,,,8,12,13,14,,20,9,20,,16,30,27,23,23,18,30,26,25,16,,,,17,,,12,,16,18,25,18,21,26,,23,30,25,,22,,,33,,24,13,14,101,116,102,118,108,,39,46,48,51,25,56,58,25,22,12,10,8,13,77,80,72,11,13,12,49,,37,50,41,,34,36,,79,67,66,68,31,,11,20,,,,12,,24,,47,54,41,51,109,108,,107,106,,48,44,,40,,114,104,118,,113,110,112,102,116,,30,26,32,21,23,32,61,13,14,16,12,15,4,30,9,6,30,28,6,30,43,38,33,39,58,53,49,54,54,47,64,70,66,,72,72,70,63,62,62,78,59,71,62,64,24,21,24,,18,16,19,,26,26,26,26,23,,25,21,55,,72,,74,72,80,75,50,43,52,,,,30,,30,,69,,74,,48,50,46,57,57,,57,,33,41,33,46,63,60,,41,37,47,36,43,46,,58,,,49,20,24,9,52,28,24,22,49,36,102,82,74,36,22,24,28,28,44,47,39,42,52,56,57,24,16,20,13,15,,56,58,39,26,4,30,30,38,,,,,56,47,,34,34,24,37,38,29,30,26,31,22,10,20,38,34,,53,53,,71,59,63,,58,54,,59,59,54,49,61,55,64,62,62,33,48,41,44,,102,105,110,86,68,74,74,123,126,,75,114,83,90,103,,,8,,,,,28,,,,,,,,,,,,,,,,28,,,,,,,,,,,,,,,,,,,,,,,,,,,,,,,,,,,,,,20,36,32,36,39,33,32,33,34,,,,68,65,65,70,,59,34,52,61,54,16,104,,110,105,69,,,64,59,,29,25,24,,34,,108,99,,,76,53,,,84,103,52,,,77,69,109,110,122,127,131,34,28,46,39,39,32,21,27,22,14,12,17,6,66,58,68,69,,21,24,44,,23,20,14,8,72,64,100,100,4,5,4,53,,,60,34,40,33,7,72,65,67,58,23,22,18,66,65,72,67,99,,,48,63,80,95,52,54,,40,13,11,,14,12,14,,14,12,14,11,3,23,26,,22,22,24,22,30,22,22,22,,24,44,39,29,11,18,,18,,20,,,,26,26,21,24,21,21,,19,,20,17,34,62,61,,60,,12,17,13,,,26,19,26,,11,14,16,,,53,30,30,31,33,31,16,33,24,33,24,20,22,26,20,,36,38,38,,38,,18,28,29,24,30,28,30,27,4,,14,20,26,41,48,43,41,45,33,38,32,,44,42,45,,40,41,38,32,,30,30,42,,42,32,38,33,34,,48,54,46,50,25,18,,,34,33,34,15,8,,7,9,52,30,18,23,60,59,57,59,25,30,,72,76,72,,41,41,,17,26,47,46,,44,47,38,23,18,40,42,38,60,46,48,22,63,54,55,47,63,73,72,70,73,31,7,20,26,6,15,29,21,17,28,41,34,38,33,25,48,68,66,59,70,,6,6,3,1,21,7,60,53,80,68,65,60,81,97,92,88,42,50,47,32,32,45,42,4,21,21,,40,81,78,36,24,,22,32,32,37,29,58,58,53,57,48,20,19,47,4,17,,,,33,34,,38,5,4,4,3,3,,27,31,35,,,,,52,65,66,54,68,22,,19,,11,30,20,37,25,32,16,18,54,30,56,,,,,8,14,60,60,18,12,27,,45,32,25,71,72,66,62,66,10,9,11,14,14,16,,18,22,29,27,16,2,66,61,8,,19,10,,67,38,,57,54,42,,59,,72,,26,22,16,12,12,6,48,76,89,82,39,19,22,30,,92,92,,36,49,63,,131,128,68,72,105,85,,76,80,50,31,,,,58,7,,69,96,84,52,59,133,60,,68,,,72,76,91,85,96,97,110,105,82,,91,110,104,118,123,78,116,118,,,,97,91,,29,,102,72,79,76,48,52,100,43,36,32,38,92,113,,24,60,9,13,30,23,21,,20,,18,29,44,21,15,9,105,58,17,12,6,35,18,25,,,36,42,18,44,,62,84,50,26,,24,10,,,14,17,18,22,16,19,20,21,22,16,76,27,37,36,36,,35,34,,46,41,44,42,97,37,69,26,22,67,20,45,56,37,41,18,28,79,16,39,14,10,40,21,37,44,29,38,65,,56,34,15,48,72,41,57,54,51,52,32,45,6,26,38,7,52,76,93,23,19,22,40,68,10,8,,,84,26,63,19,25,80,64,3,28,68,51,17,17,46,46,28,40,23,,44,76,78,72,70,54,94,18,16,18,20,20,17,27,18,18,30,18,60,112,30,109,10,20,21,18,20,23,13,21,55,65,56,52,46,61,58,76,78,92,98,48,26,89,12,4,42,81,63,44,27,30,,33,24,16,20,18,25,20,21,74,72,39,42,29,66,71,24,23,29,43,14,29,40,21,7,35,34,16,44,16,27,23,,38,36,32,23,12,22,26,23,16,,25,40,30,20,36,36,33,,35,5,58,52,32,46,86,61,36,12,60,92,21,19,16,17,28,29,41,37,12,19,71,34,34,48,21,22,23,19,20,8,20,22,21,20,20,24,15,22,93,90,90,88,76,72,40,93,42,38,70,105,28,64,35,91,53,75,56,97,31,45,46,55,24,26,20,19,24,26,18,17,16,45,40,45,40,40,74,37,27,18,71,7,40,9,16,30,59,28,58,25,48,54,20,17,20,23,10,10,22,26,17,24,26,47,,27,8,12,13,74,45,72,69,65,53,54,,65,59,24,20,49,48,40,46,20,63,44,24,32,34,31,,24,24,56,76,62,14,28,52,50,26,20,20,56,19,46,5,25,82,110,88,110,27,95,77,94,17,22,16,9,63,61,116,88,50,48,40,34,38,57,40,50,46,18,74,46,43,36,54,41,13,32,18,51,35,65,58,42,130,93,114,104,12,16,80,107,60,110,18,65,102,49,80,78,2,58,38,,20,18,78,75,40,48,42,24,22,1,14,26,16,60,71,73,65,37,10,46,17,18,17,,64,34,22,98,56,42,46,62,23,27,38,47,24,51,12,14,4,74,37,35,48,50,9,27,17,47,32,14,59,59,72,29,50,68,46,50,48,32,28,9,45,62,22,21,21,16,33,79
20230729,4,O3_8h_24h,59,37,60,41,56,33,36,25,47,43,21,51,,,52,,41,42,47,,44,,94,35,,35,51,,104,96,98,103,99,108,116,,47,32,,23,27,44,40,14,,18,,56,62,61,85,84,86,95,,98,53,,60,74,45,18,5,24,3,,66,46,,54,27,34,31,75,72,,79,82,73,82,60,,46,86,86,47,87,15,,64,76,,,73,56,62,67,11,4,13,,4,24,27,21,24,,27,48,34,26,28,31,33,27,27,21,18,45,50,48,51,51,54,78,47,46,51,79,56,74,62,63,68,64,64,63,64,68,65,16,20,18,22,19,,22,16,18,20,12,17,20,16,18,18,19,18,16,18,,19,21,20,21,20,19,18,16,20,15,19,24,,,,17,16,,24,20,22,,,,6,,22,25,14,23,18,13,18,19,14,,,,21,17,,11,6,11,19,16,,15,18,14,20,17,21,24,27,,32,,26,22,,12,16,,21,17,20,,17,24,14,14,25,23,28,,,32,29,31,48,56,52,43,,19,,,26,,23,18,,45,42,41,15,16,16,,28,22,24,29,29,42,54,51,20,21,27,27,22,22,24,19,20,24,,,57,57,55,49,,46,,43,44,39,,46,50,24,,49,13,11,18,,9,16,16,7,21,,,25,27,18,29,29,30,52,54,56,59,54,42,54,48,57,38,32,37,35,29,32,35,,26,44,32,40,10,23,22,24,32,25,21,38,65,59,,30,36,52,54,60,38,58,62,90,98,85,96,68,85,,87,71,57,89,108,98,88,80,44,46,38,50,,50,23,32,80,83,78,77,67,67,55,75,,,85,80,92,102,99,105,98,87,16,27,31,39,33,32,36,42,45,30,38,22,,51,43,51,51,86,,11,5,8,37,1,36,27,,,5,15,4,25,11,,39,44,38,27,,,64,84,23,34,26,25,24,33,36,39,10,,50,63,48,49,47,53,80,74,78,70,90,78,48,52,37,47,44,59,52,45,,36,,43,45,,62,,78,77,,,,,71,,,,81,62,84,92,85,83,73,,74,22,56,22,20,6,39,14,30,35,39,98,13,6,28,88,,101,57,63,45,81,100,88,78,34,,36,31,32,66,53,53,59,40,41,50,52,39,51,43,64,63,70,,,16,,29,22,22,16,51,,47,38,,,10,13,16,14,,26,11,21,,16,30,28,23,23,20,34,29,26,21,,,,18,,,12,,16,24,28,22,22,27,,26,33,26,,24,,,44,,25,18,22,107,122,121,148,120,,48,56,50,52,25,57,59,33,22,12,13,9,19,80,83,76,11,13,14,53,,42,50,42,,38,45,,79,67,66,68,35,,12,21,,,60,15,,40,,52,66,67,67,118,119,,116,116,,48,51,,48,,119,112,123,,119,114,112,102,116,,34,30,37,28,33,35,64,17,27,29,20,25,5,30,11,6,30,30,8,33,53,45,33,39,63,59,52,59,58,58,64,75,68,,79,72,70,65,62,62,78,60,71,64,64,24,22,25,,18,17,20,,27,32,33,32,30,,30,28,57,,86,,91,89,96,91,53,49,59,,,,40,,40,,84,,90,,49,52,46,57,69,,71,,33,51,36,58,71,67,,41,37,50,42,49,52,,72,,,59,24,29,10,63,35,29,24,51,36,102,82,74,42,31,25,39,35,46,53,39,42,52,56,57,24,29,33,25,21,,56,58,39,43,5,30,32,38,,,,,73,52,,35,36,26,42,41,32,33,26,34,23,11,20,39,34,,65,63,,72,59,66,,65,54,,68,59,54,52,63,60,64,64,62,39,64,66,57,,110,116,110,91,72,75,81,124,128,,81,114,92,93,107,,,8,,,,,30,,,,,,,,,,,,,,,,30,,,,,,,,,,,,,,,,,,,,,,,,,,,,,,,,,,,,,,34,44,39,45,47,41,39,43,40,,,,78,76,74,75,,59,46,68,79,73,22,119,,110,109,84,,,78,63,,40,35,26,,53,,112,112,,,80,61,,,87,108,68,,,83,80,116,118,130,134,137,36,28,47,39,39,34,24,29,27,17,15,19,6,85,87,90,76,,34,37,59,,25,23,16,11,78,69,100,100,4,6,4,53,,,60,45,57,43,10,77,66,72,60,30,32,21,66,65,72,67,99,,,48,75,80,97,61,61,,58,14,11,,14,16,14,,16,12,15,12,4,23,28,,23,22,24,24,30,22,24,26,,26,44,39,31,11,18,,24,,25,,,,28,27,25,24,27,27,,21,,20,18,34,64,64,49,63,,16,21,18,,,31,23,35,,17,16,18,,,55,30,32,33,34,35,23,37,28,34,28,28,27,29,29,,36,38,38,29,38,,28,28,31,30,30,28,30,27,6,,20,31,36,52,48,44,44,47,33,38,33,,44,43,48,,44,46,42,42,,41,40,52,,51,40,45,38,41,,52,60,47,54,26,19,48,,45,43,44,15,16,,9,11,57,30,18,23,70,68,63,66,29,32,,81,82,75,,44,44,,17,26,47,47,,46,49,39,26,18,53,52,53,72,50,58,26,67,67,66,66,75,84,84,84,80,31,12,20,29,6,19,41,24,18,31,42,38,41,39,32,59,78,73,68,78,24,7,7,6,3,29,15,65,54,81,69,65,60,81,115,105,102,54,54,53,37,44,48,54,5,21,26,,55,81,78,44,27,,24,44,40,44,37,62,65,61,61,54,23,28,59,5,38,,,,33,36,,38,5,4,5,4,3,,27,32,41,,,,,64,80,83,72,82,27,,20,,18,30,20,38,25,32,18,18,54,30,60,,,,,9,19,63,66,24,14,27,,48,39,34,73,77,72,64,70,10,9,12,20,14,16,,22,23,31,29,19,3,66,68,8,,28,12,,72,41,,62,56,54,,59,,72,,31,26,24,17,12,8,48,84,102,88,46,20,28,36,,92,93,,38,58,100,,139,136,68,72,111,85,,76,80,61,65,,,82,61,7,,69,99,85,56,65,133,69,,76,,,72,76,92,85,103,103,110,105,82,,91,112,108,118,123,88,120,122,114,,,100,94,,32,,107,73,83,82,48,53,111,48,46,43,44,102,125,,26,70,10,14,30,23,21,,26,,22,36,50,23,24,10,105,73,18,15,6,37,18,32,,,47,53,21,50,,64,87,79,26,,28,12,,,14,17,18,25,16,20,20,22,24,16,81,27,43,37,49,,49,44,,48,48,45,46,100,95,82,29,32,74,27,45,62,38,44,18,30,88,18,55,16,16,46,24,39,44,32,42,66,,61,48,18,57,72,57,64,74,64,58,44,48,6,35,41,7,70,94,104,26,23,27,42,69,13,11,,,98,27,78,26,28,83,68,3,33,100,53,24,17,66,46,39,40,26,,57,90,80,94,78,57,104,18,21,18,20,21,17,27,18,20,38,19,60,117,45,109,11,20,22,20,20,25,14,22,58,65,72,57,49,62,70,88,78,92,101,60,42,95,12,4,50,87,63,47,36,32,,42,24,16,22,18,31,22,22,84,85,52,55,39,88,91,30,23,40,43,15,32,41,28,8,45,40,24,51,20,27,32,,38,40,42,24,12,22,26,25,17,,26,48,38,24,36,51,38,,40,5,69,58,32,63,86,61,51,19,61,103,37,19,26,17,28,29,41,37,16,24,93,35,35,48,21,23,24,20,22,8,20,22,21,21,20,25,16,24,93,91,91,88,83,72,54,104,51,38,74,112,29,70,37,97,54,75,58,98,43,54,55,64,37,34,22,22,25,27,23,22,17,52,51,49,43,44,86,44,32,31,71,7,40,9,17,43,61,36,80,25,48,54,38,19,23,24,11,12,28,28,22,26,28,55,38,36,13,15,15,74,50,76,74,70,60,59,39,65,61,24,26,55,51,47,51,22,66,50,28,32,41,38,,26,25,56,84,63,20,30,52,50,29,24,20,56,19,47,5,32,82,112,116,132,32,103,84,94,29,32,29,17,70,77,121,93,54,54,53,34,38,77,51,59,53,29,82,53,44,46,69,46,16,38,20,53,45,77,67,50,132,93,115,105,16,21,80,110,66,114,23,67,116,53,83,86,2,67,40,,21,20,94,92,40,53,44,24,25,1,15,26,19,68,71,74,72,41,18,47,17,18,17,,68,50,22,120,72,42,52,72,23,32,45,50,42,66,12,16,6,75,37,35,52,50,15,38,26,47,34,26,59,83,83,32,60,73,46,55,51,32,48,14,52,63,25,21,23,17,33,81
20230729,4,CO,0.7,0.4,0.6,0.7,0.7,0.3,0.3,0.4,0.4,0.3,0.4,0.3,,,0.8,,0.7,0.9,1,,0.7,,,0.6,,0.4,0.6,,0.5,0.4,0.4,0.5,0.4,0.4,0.7,,0.6,0.6,,1,0.6,0.7,0.3,0.3,,0.2,,0.3,0.4,0.4,0.3,0.3,0.5,0.4,,0.3,0.2,,0.2,0.1,0.5,0.5,0.4,0.4,0.5,0.4,0.7,0.8,,0.8,0.3,0.1,0.1,0.5,0.4,,0.5,0.4,0.4,0.4,0.7,,0.5,0.6,0.5,0.9,0.6,0.6,,0.5,0.7,,,0.4,0.5,0.5,0.5,0.4,0.6,0.4,,0.4,0.4,0.4,0.4,0.3,,0.4,0.4,0.1,0.3,0.5,0.4,,0.1,0.5,0.5,0.4,0.6,0.6,0.5,0.4,0.5,0.4,0.5,0.5,0.6,0.6,0.6,0.5,0.5,0.7,0.4,0.3,0.6,0.4,0.6,0.3,0.3,0.5,0.4,0.3,0.4,0.6,0.4,,0.3,0.4,0.3,0.4,0.2,0.4,0.1,0.5,0.4,0.5,0.2,0.3,0.4,0.3,,0.4,0.4,0.4,0.4,0.4,0.5,0.3,0.3,0.3,0.3,0.3,0.2,,,,0.3,0.2,,0.3,0.2,0.3,,,,0.3,,0.7,0.6,,0.6,0.4,0.5,0.2,0.5,0.7,,,,0.4,0.4,,0.8,0.8,0.5,0.3,0.4,,0.5,0.6,0.4,0.6,0.7,0.3,0.3,0.3,,0.3,,0.4,0.4,,0.5,0.6,,0.4,0.5,0.4,,0.6,0.3,0.5,0.6,0.4,0.4,0.3,,,0.4,0.4,0.4,0.4,0.4,0.4,0.4,,0.4,,,0.4,,0.5,0.4,,0.4,0.4,0.3,0.3,0.4,0.3,,0.3,0.4,0.3,0.4,0.3,0.5,0.4,0.4,0.3,0.4,0.5,0.2,0.3,0.3,0.5,0.4,0.3,0.3,,,0.2,0.2,0.4,0.4,,0.2,,0.4,0.3,0.6,,0.4,0.4,0.6,,0.3,0.4,0.2,0.5,,0.6,0.5,0.4,0.6,0.3,,,0.2,0.4,0.4,0.1,0.4,0.3,0.4,0.4,0.4,0.4,0.4,0.4,0.4,0.4,0.5,0.7,0.4,0.3,0.4,0.4,0.4,0.5,,0.5,0.6,0.3,0.5,0.3,0.3,0.3,0.3,0.5,0.4,0.6,0.5,0.4,0.6,,0.6,0.5,0.6,0.6,0.8,0.6,0.7,0.3,0.9,0.7,0.6,0.9,0.6,0.7,,0.6,0.6,0.9,0.7,0.5,0.4,0.5,0.5,0.5,0.7,0.4,0.6,,0.6,0.7,0.5,0.4,0.6,0.4,0.5,0.5,0.5,0.5,0.4,,,1,0.7,1,0.7,0.8,0.6,0.8,0.8,0.4,0.5,0.4,0.5,0.7,0.5,0.6,0.7,0.5,0.8,0.7,1,,0.6,0.5,0.3,0.4,0.2,,1,1.2,0.7,0.4,0.7,0.6,0.6,,,1.1,0.3,1,0.7,0.9,,0.4,0.5,0.6,0.7,,,0.6,0.7,0.8,0.5,0.2,0.6,0.3,0.5,0.6,0.4,0.5,,0.6,,0.6,0.4,0.6,0.5,0.1,0.1,0.2,0.2,0.1,0.2,0.6,0.8,0.7,0.5,0.8,0.8,0.6,0.5,,0.9,,0.6,0.6,,0.4,,0.6,0.5,,,,,0.6,,,,0.6,0.4,0.5,0.4,0.1,0.4,0.3,,0.3,0.1,0.4,0.2,0.2,0.5,0.5,0.6,0.6,0.3,0.5,0.4,0.3,0.5,0.4,0.4,,0.8,0.8,0.4,0.8,0.6,0.5,0.4,0.5,0.9,,0.5,0.5,0.6,0.5,0.5,0.7,0.4,0.5,0.4,0.3,0.2,0.1,0.4,,0.5,0.6,0.6,,,0.5,,,0.7,0.2,0.3,0.5,,0.3,0.6,,,0.2,0.2,0.3,,,0.2,0.9,0.2,,0.2,0.3,0.3,0.3,0.2,0.6,0.1,0.1,0.3,0.1,,,,0.5,,,0.5,,0.5,0.4,0.2,0.5,0.2,0.3,0.4,0.2,0.2,0.3,,,,,0.6,,0.5,0.4,0.5,0.6,0.4,0.6,0.6,0.6,,0.7,0.5,0.7,0.6,0.8,0.5,0.6,0.8,0.7,1.1,0.6,0.6,0.6,0.6,0.5,0.6,0.5,0.5,0.6,0.7,,0.5,0.3,0.4,,0.5,0.5,,0.5,0.6,0.5,0.5,0.8,,0.6,0.7,,,,0.1,,0.5,,0.6,0.7,0.7,1,0.6,0.8,,0.8,0.9,,1.4,1.1,,1,,0.9,0.8,0.9,,0.7,0.7,0.4,0.3,0.4,,0.8,1.4,1,1.7,1.6,0.5,0.5,0.5,0.5,0.2,0.5,0.3,0.7,0.2,1,0.9,0.6,0.6,0.4,0.4,0.5,0.4,0.6,0.5,0.5,0.7,0.5,0.6,0.6,0.6,0.4,0.1,0.3,,0.2,0.4,0.4,0.3,0.4,0.3,0.4,0.5,0.4,0.4,0.4,0.4,0.4,0.5,,0.6,0.5,0.4,,0.4,0.5,0.7,0.4,0.7,,0.8,0.6,0.5,,0.8,,0.6,0.5,0.4,0.3,0.5,0.3,0.1,,,,0.3,,0.6,,0.5,,0.6,,0.4,0.6,0.3,0.6,0.5,,0.6,,0.4,0.3,0.5,0.3,0.5,0.4,,0.5,0.6,0.5,0.5,0.4,0.6,,0.6,,,0.4,0.2,0.3,0.2,0.7,0.5,0.6,0.6,0.6,0.5,0.4,0.6,0.6,0.3,0.9,1,0.9,1,0.7,0.4,0.4,0.5,0.5,0.4,0.5,0.7,0.6,0.7,0.6,0.6,,0.7,0.6,0.8,3.7,0.5,0.6,0.6,0.5,,,,,0.5,0.4,,0.5,0.3,0.3,0.2,0.3,0.2,0.2,0.6,0.7,0.5,0.4,0.5,0.6,0.5,,0.6,0.9,,0.9,0.4,0.6,,0.6,0.4,,0.6,0.2,0.6,0.4,0.4,0.4,0.3,0.3,0.4,0.6,0.8,0.8,0.6,,0.6,0.7,0.4,0.5,0.9,0.3,0.3,0.2,0.1,,0.3,0.3,0.3,0.2,0.2,,,0.6,,,,,0.4,,,,,,,,,,,,,,,,0.3,,,,,,,,,,,,,,,,,,,,,,,,,,,,,,,,,,,,,,0.4,0.4,0.5,0.5,0.4,0.4,0.3,0.4,0.5,,,,2,2.1,1.5,1.3,,1.6,0.7,0.6,0.6,0.6,0.5,0.8,,0.7,0.7,1.3,,,1.4,1.5,,0.7,0.6,0.5,,0.5,,0.7,0.6,,,0.5,0.4,,,0.5,0.4,0.6,,,0.3,0.3,0.3,0.3,0.5,0.4,0.5,0.7,0.6,0.8,0.5,0.5,0.3,0.2,0.3,0.5,0.5,0.7,0.5,0.7,0.8,0.7,0.8,0.8,,0.6,0.4,0.5,,0.3,0.1,0.6,0.5,0.4,0.2,,0.1,0.5,0.5,0.6,0.1,,,,0.4,0.2,0.4,0.1,0.5,,0.2,0.3,0.8,0.9,0.6,0.4,0.5,0.4,0.4,0.4,,,0.7,0.5,0.3,0.3,0.4,0.4,,0.1,0.3,0.2,,0.3,0.3,0.3,,0.3,0.2,0.2,0.3,0.2,0.2,0.3,,0.1,0.1,0.2,0.4,0.2,0.4,0.5,0.7,,0.4,0.3,0.3,0.2,0.2,0.4,,0.5,,0.5,,,,0.1,0.2,0.2,0.4,0.6,0.5,,0.3,,0.2,0.2,0.3,0.6,0.7,,0.6,,0.8,0.7,0.7,,,0.5,0.5,0.5,,0.5,0.4,0.3,,,0.6,0.5,0.2,0.3,0.3,0.2,0.4,0.4,0.7,0.6,0.5,0.6,0.5,0.4,1,,0.1,0.3,0.4,,0.3,,1.2,0.6,1,0.9,0.7,0.6,0.7,0.7,0.5,,0.7,0.7,0.6,1,1.1,0.9,0.8,1,0.6,0.3,0.7,,,0.4,0.3,,0.5,0.6,0.5,0.5,,0.4,0.2,0.5,,0.5,0.2,0.3,0.4,0.5,,0.4,0.3,0.2,0.3,0.8,0.3,,,0.3,0.2,0.3,0.3,0.4,,1.2,0.7,0.5,0.7,0.4,0.2,0.6,0.4,0.5,0.5,0.5,0.5,,0.5,0.4,0.3,,0.6,0.6,,0.5,0.4,0.5,0.4,,0.5,0.6,0.7,0.7,0.6,0.3,0.6,0.6,0.6,0.7,0.8,0.3,0.3,0.5,0.4,0.1,0.4,0.5,0.5,0.7,0.7,0.7,0.6,0.5,0.4,0.4,0.5,1.1,0.4,0.6,0.5,0.8,0.6,1.3,0.7,0.6,0.5,1,1.1,1.6,0.3,,0.6,0.5,0.9,0.7,1.1,0.6,0.5,0.4,0.4,0.6,0.6,0.7,0.7,0.7,0.6,0.5,0.6,0.8,0.7,0.7,0.8,0.6,0.6,0.5,0.8,0.8,,0.4,0.4,0.4,0.3,0.6,,0.3,0.5,0.3,0.2,0.2,0.4,0.4,0.4,0.5,0.7,0.5,0.8,1.2,0.3,0.5,,,,0.4,0.3,,0.4,0.2,0.3,0.2,0.3,0.3,,0.4,0.4,0.5,,,,,0.3,0.4,0.3,0.4,0.3,,,0.4,,0.2,0.3,0.8,0.6,0.8,0.7,0.3,0.5,0.4,0.5,0.5,,,,,0.4,0.3,0.3,0.4,0.3,0.5,0.6,,0.5,0.5,0.4,0.2,0.5,0.7,0.6,0.6,0.7,0.5,0.3,0.5,0.8,0.7,,0.5,0.6,0.5,0.5,0.4,0.3,0.5,0.5,0.7,,0.4,0.3,,0.3,0.5,,0.3,0.3,0.5,,0.3,,0.1,,0.5,0.4,0.4,0.6,0.5,0.4,0.6,0.8,0.6,0.7,0.3,0.4,0.5,0.3,,0.7,0.4,,0.4,0.4,0.4,,0.4,0.5,0.2,0.4,0.3,0.3,,0.3,0.3,,,,,,0.4,0.2,,0.4,0.5,0.6,0.4,0.5,0.4,0.4,,0.5,,,0.3,0.2,0.4,0.3,0.3,0.4,0.1,0.3,0.5,,0.2,0.3,0.3,0.3,0.2,0.3,0.3,0.3,,,,0.5,0.5,,0.3,,0.5,0.3,0.3,0.5,0.7,0.1,0.5,0.8,0.4,0.4,0.7,0.4,0.7,,0.5,0.6,0.4,0.4,0.4,0.4,0.5,,0.4,,0.1,0.3,0.7,0.4,1.3,0.9,2.9,0.3,0.1,0.7,0.5,0.4,0.4,0.3,,,0.8,0.4,0.4,0.7,,0.6,0.6,0.5,0.5,,0.3,0.5,,,0.3,0.6,0.3,0.3,0.3,0.2,0.8,0.5,0.2,0.5,0.4,0.5,0.7,0.5,1.1,,0.7,0.5,,0.6,0.6,0.2,0.3,0.3,0.5,0.3,,0.7,0.6,0.7,0.2,0.4,0.6,0.7,0.9,,0.6,0.3,0.3,0.5,0.2,0.5,0.8,0.2,0.5,0.5,0.5,0.3,,0.2,0.1,0.7,0.4,0.4,0.4,0.5,0.5,0.5,0.1,0.4,0.3,0.9,0.5,1.2,0.4,0.6,0.5,0.6,0.3,0.6,0.3,0.5,0.4,0.5,0.4,,,0.5,0.3,0.4,0.7,0.3,0.1,0.5,0.3,0.5,0.3,0.5,0.3,0.5,0.5,0.8,0.4,0.5,0.3,,0.9,0.7,0.4,0.5,0.5,0.3,0.6,0.3,0.5,0.4,0.4,0.5,0.4,0.5,0.4,0.5,0.3,0.8,0.6,0.5,0.7,0.5,0.4,0.3,0.4,0.4,0.5,0.2,0.3,0.4,0.5,0.7,0.6,0.6,0.3,,0.7,0.6,0.7,0.9,0.4,0.5,0.6,0.9,0.6,0.6,0.5,0.9,0.4,,0.1,0.7,,0.3,0.4,0.3,0.4,0.5,0.6,0.4,0.4,0.4,0.4,0.5,0.1,0.2,0.7,0.5,0.9,0.3,0.9,0.4,0.3,0.6,0.8,0.7,0.6,0.5,0.7,0.6,0.6,0.6,0.4,0.5,,0.7,0.4,1.1,0.3,0.4,0.2,,0.2,0.1,,0.3,0.6,0.6,0.4,0.7,1.2,0.6,,0.4,0.2,0.5,0.4,0.5,0.6,0.6,0.6,0.6,0.5,0.6,0.6,0.7,0.5,0.4,0.6,0.7,0.4,0.5,0.4,0.9,0.3,0.8,0.3,0.6,0.6,0.6,0.6,0.2,0.5,0.3,0.7,0.5,0.3,0.5,0.4,0.3,0.5,0.4,0.1,0.2,0.3,0.2,0.8,0.3,0.4,0.3,0.6,0.6,0.4,0.6,0.5,0.5,0.7,0.4,0.6,0.7,0.5,0.4,0.4,0.2,0.3,0.4,0.9,1.3,0.1,0.3,0.2,0.3,0.4,0.5,0.6,0.4,0.4,0.7,0.2,0.2,0.4,0.4,0.4,0.3,0.6,0.4,0.6,0.4,0.7,0.7,0.5,0.4,0.5,0.5,0.7,0.5,0.4,0.2,0.3,0.4,0.7,0.3,0.4,0.6,0.4,0.1,0.1,0.4,0.2,,0.3,0.4,0.3,0.4,0.4,0.3,0.4,0.5,0.4,0.6,0.6,,0.1,0.6,0.3,0.4,0.8,0.6,0.6,0.5,0.4,0.4,0.4,0.4,0.4,0.6,0.6,,0.4,0.5,0.2,0.3,0.5,0.7,0.6,0.4,0.7,0.4,0.5,0.4,0.4,0.4,0.5,0.6,0.8,0.6,0.9,0.7,0.6,0.7,0.7,0.4,0.5,0.5,1.4,0.7,0.9,0.3,1.4,0.2,0.3,0.3,0.5,0.4,0.4,0.4,0.4,0.4,0.4,0.4,0.5,0.5,0.2,0.2,0.3,0.3,0.5,0.6,0.8,0.4,0.7,0.5,0.5,0.7,0.6,0.1,0.1,0.6,0.7,0.4,0.6,0.6,0.8,2.3,0.5,0.4,1,0.9,0.7,0.9,0.9,0.4,0.6,1.3,,0.6,0.2,0.4,0.4,0.4,0.5,0.5,0.6,0.1,0.4,0.1,0.4,0.4,0.3,0.3,0.8,0.4,0.5,0.5,0.4,0.5,0.5,0.3,,1.1,0.3,0.5,0.2,1.4,1.4,0.2,1.5,0.3,0.2,0.9,0.4,0.8,0.9,0.5,0.3,0.6,1,0.4,0.4,0.3,0.2,1,0.7,0.3,0.5,0.4,0.4,0.5,0.5,0.4,0.3,0.2,0.3,0.2,0.6,0.3,0.3,0.7,0.3,,0.5,0.5,0.4,0.5,0.1,0.6,0.3
20230729,4,CO_24h,0.6,0.4,0.5,0.5,0.5,0.3,0.4,0.2,0.4,0.4,0.4,0.4,,,0.7,,0.7,0.6,0.8,,0.7,,0.4,0.7,,0.6,0.7,,0.5,0.3,0.4,0.5,0.4,0.4,0.7,,0.7,0.8,,0.9,0.8,0.6,0.2,0.3,,0.3,,0.4,0.5,0.5,0.2,0.2,0.4,0.4,,0.3,0.2,,0.3,0.2,0.6,0.6,0.5,0.6,0.5,0.5,0.4,0.5,,0.4,0.5,0.3,0.2,0.5,0.4,,0.5,0.4,0.5,0.5,0.8,,0.5,0.7,0.8,0.9,0.6,0.5,,0.4,0.7,,,0.5,0.5,0.5,0.4,0.3,0.6,0.6,,0.6,0.5,0.6,0.6,0.4,,0.4,0.5,0.1,0.3,0.5,0.4,0.1,0.1,0.5,0.5,0.3,0.5,0.5,0.4,0.3,0.4,0.3,0.6,0.5,0.5,0.4,0.6,0.6,0.5,0.7,0.3,0.5,0.6,0.6,0.9,0.3,0.4,0.5,0.4,0.3,0.4,0.6,0.4,,0.4,0.4,0.3,0.4,0.3,0.4,0.1,0.5,0.4,0.4,0.2,0.3,0.4,0.4,,0.4,0.4,0.4,0.4,0.5,0.5,0.3,0.3,0.4,0.3,0.3,0.2,,,,0.4,0.3,,0.3,0.2,0.3,,,,0.4,,0.7,0.6,,0.6,0.5,0.4,0.2,0.6,0.6,,,,0.6,0.5,,0.5,0.7,0.6,0.3,0.4,,0.5,0.6,0.5,0.6,0.7,0.3,0.3,0.3,,0.3,,0.5,0.4,,0.5,0.6,,0.4,0.5,0.5,,0.6,0.4,0.5,0.6,0.4,0.4,0.3,,,0.4,0.4,0.4,0.4,0.4,0.4,0.4,,0.5,,,0.4,,0.5,0.4,,0.4,0.4,0.3,0.3,0.4,0.3,,0.4,0.4,0.3,0.3,0.3,0.5,0.4,0.4,0.3,0.4,0.5,0.3,0.3,0.3,0.5,0.4,0.4,0.3,,,0.2,0.2,0.4,0.4,,0.2,,0.5,0.3,0.6,,0.5,0.5,1.1,,0.3,0.4,0.2,0.5,,0.6,0.5,0.5,0.5,0.3,,,0.2,0.4,0.4,0.2,0.5,0.3,0.4,0.4,0.5,0.4,0.5,0.5,0.4,0.4,0.6,1,0.7,0.5,1,0.5,0.6,0.6,,0.5,0.6,0.3,0.5,0.4,0.3,0.4,0.2,0.5,0.5,0.6,0.5,0.6,0.6,,0.5,0.4,0.6,0.6,0.7,0.5,0.6,0.3,0.8,0.6,0.7,0.9,0.6,0.6,,0.6,0.6,0.8,0.5,0.5,0.5,0.3,0.5,0.4,0.6,0.3,0.6,,0.5,0.6,0.5,0.4,0.5,0.3,0.4,0.5,0.5,0.5,0.4,,,0.9,0.6,0.8,0.6,0.7,0.5,0.8,0.7,0.5,0.5,0.4,0.5,0.9,0.8,0.9,0.9,0.7,0.8,0.8,0.9,,0.4,0.5,0.4,0.3,0.2,,0.8,1,0.6,0.5,0.6,0.7,0.7,,,0.9,0.4,0.9,0.7,1,,0.3,0.3,0.4,0.5,,,0.5,0.6,0.7,0.5,0.3,0.7,0.4,0.6,0.5,0.4,0.5,,0.7,0.6,0.5,0.4,0.6,0.6,0.2,0.3,0.3,0.2,0.1,0.2,0.6,0.7,0.5,0.5,0.5,0.7,0.5,0.5,,0.6,,0.6,0.6,,0.4,,0.4,0.6,,,,,0.7,,,,0.4,0.5,0.5,0.4,0.4,0.4,0.3,,0.3,,0.4,0.2,0.3,0.4,0.5,0.5,0.4,0.3,0.5,0.5,0.3,0.5,0.4,0.5,,0.7,0.8,0.5,0.7,0.6,0.5,0.6,0.5,0.9,,0.5,0.4,0.5,0.5,0.6,0.7,0.5,0.5,0.4,0.3,0.2,0.1,0.5,0.1,0.4,0.6,0.6,,,0.6,,0.1,0.7,0.1,0.3,0.6,,0.4,0.6,,,0.2,0.3,0.3,0.2,,0.2,0.2,0.2,,0.2,0.3,0.4,0.3,0.2,0.6,0.1,0.1,0.3,0.1,,,,0.3,,,0.5,,0.5,0.2,0.3,0.3,0.1,0.3,0.4,0.2,0.2,0.4,,,,,0.6,,0.5,0.4,0.6,0.7,0.6,0.7,0.7,0.6,,0.7,0.6,0.7,0.6,0.7,0.6,0.7,0.7,0.7,0.9,0.6,0.6,0.6,0.6,0.5,0.6,0.5,0.5,0.6,0.8,,0.6,0.4,0.4,,0.4,0.5,,0.5,0.6,0.6,0.5,0.8,,0.6,0.8,,,0.3,0.2,,0.5,,0.5,0.6,0.5,0.5,0.9,0.9,,0.7,0.9,,1.1,0.9,,0.9,,0.9,0.8,0.9,,0.8,0.8,0.4,0.3,0.3,,0.5,0.9,0.7,0.7,0.9,0.5,0.6,0.6,0.6,0.4,0.6,0.4,0.6,0.3,0.9,2,0.7,0.6,0.6,0.4,0.5,0.5,0.7,0.5,0.5,0.7,0.5,0.6,0.6,0.7,0.6,0.3,0.3,,0.3,0.4,0.4,0.3,0.4,0.3,0.2,0.4,0.4,0.3,0.3,0.5,0.5,0.5,,0.6,0.5,0.4,,0.4,0.5,0.7,0.4,0.7,,0.8,0.6,0.7,,0.9,,0.6,0.5,0.5,0.4,0.7,0.4,0.3,,,,0.4,,0.6,,0.5,,0.7,,0.4,0.6,0.3,0.5,0.5,,0.6,,0.5,0.4,0.5,0.4,0.5,0.4,,0.6,0.7,0.5,0.5,0.5,0.2,,0.6,,,0.3,0.2,0.4,0.2,0.7,0.5,0.5,0.5,0.5,0.5,0.6,0.6,0.6,0.3,0.9,0.8,0.8,1.2,0.6,0.3,0.3,0.5,0.6,0.5,0.6,0.6,0.5,0.6,0.5,0.6,,0.8,0.7,1,2.4,0.4,0.6,0.6,0.5,,,,,0.4,0.5,,0.5,0.4,0.3,0.2,0.3,0.3,0.2,0.7,0.8,0.6,0.3,0.5,0.7,0.5,,0.6,0.8,,0.9,0.4,0.7,,0.6,0.5,,0.7,0.3,0.6,0.5,0.4,0.4,0.4,0.4,0.5,0.4,0.6,0.6,0.5,,0.6,0.6,0.4,0.6,0.6,0.4,0.3,0.2,0.1,,0.3,0.3,0.3,0.2,0.2,,,0.3,,,,,0.3,,,,,,,,,,,,,,,,0.2,,,,,,,,,,,,,,,,,,,,,,,,,,,,,,,,,,,,,,0.3,0.4,0.5,0.5,0.5,0.4,0.4,0.4,0.4,,,,0.8,0.9,0.8,0.9,,0.7,0.6,0.5,0.5,0.6,0.4,0.6,,0.6,0.6,0.7,,,0.9,0.9,,0.7,0.6,0.5,,0.5,,0.7,0.6,,,0.5,0.5,,,0.5,0.4,0.6,,,0.4,0.3,0.2,0.2,0.5,0.5,0.5,0.7,0.6,0.3,0.6,0.6,0.3,0.3,0.4,0.7,0.6,0.6,0.6,0.7,0.8,0.8,0.8,0.8,,0.4,0.2,0.6,,0.3,0.1,0.5,0.5,0.4,0.3,0.1,0.2,0.5,0.5,0.5,0.1,,,,0.4,0.3,0.4,0.1,0.4,,0.4,0.4,0.5,0.7,0.4,0.3,0.5,0.5,0.5,0.5,,,0.8,0.5,0.4,0.4,0.4,0.4,,0.1,0.2,0.3,,0.3,0.2,0.3,,0.3,0.3,0.2,0.3,0.2,0.2,0.3,,0.1,0.2,0.2,0.5,0.2,0.4,0.4,0.6,,0.4,0.3,0.4,0.2,0.2,0.3,,0.5,,0.5,,,,0.2,0.2,0.3,0.4,0.6,0.5,,0.4,,0.3,0.3,0.3,0.6,0.6,0.5,0.6,,0.7,0.6,0.8,,,0.5,0.4,0.5,,0.5,0.4,0.3,,,0.6,0.5,0.2,0.3,0.3,0.2,0.4,0.4,0.4,0.3,0.7,0.7,0.5,0.4,0.8,,0.3,0.4,0.4,0.4,0.5,,1.1,0.6,0.9,0.9,0.6,0.6,0.6,0.7,0.5,,0.6,0.7,0.6,0.9,1.1,0.9,0.9,1,0.6,0.4,0.7,,1,0.5,0.5,,0.6,0.6,0.6,0.5,,0.4,0.3,0.4,,0.5,0.2,0.3,0.4,0.4,,0.3,0.3,0.2,0.4,0.8,0.3,0.4,,0.3,0.2,0.3,0.3,0.6,,0.6,0.4,0.6,0.8,0.4,0.3,0.7,0.5,0.6,0.5,0.5,0.5,,0.5,0.5,0.3,,0.5,0.5,,0.5,0.4,0.5,0.5,,0.6,0.5,0.6,0.7,0.5,0.2,0.6,0.6,0.6,0.9,0.7,0.3,0.3,0.6,0.4,0.3,0.4,0.6,0.6,0.7,0.7,0.7,0.5,0.5,0.4,0.4,0.5,0.7,0.5,0.6,0.5,0.7,0.6,0.8,0.7,0.5,0.5,0.3,0.5,1.3,0.3,0.5,0.6,0.6,0.9,0.7,1.1,0.6,0.4,0.5,0.4,0.7,0.7,0.7,0.8,0.8,0.7,0.6,0.6,0.8,0.7,0.8,0.8,0.6,0.6,0.4,0.7,0.6,,0.4,0.4,0.5,0.3,0.6,,0.3,0.5,0.3,0.2,0.2,0.4,0.4,0.4,0.5,0.5,0.4,0.5,0.7,0.2,0.4,,,,0.4,0.4,,0.4,0.2,0.3,0.2,0.3,0.4,,0.5,0.4,0.5,,,,,0.4,0.4,0.4,0.4,0.3,,,0.5,,0.3,0.3,0.7,0.7,0.8,0.8,0.3,0.6,0.7,0.5,0.6,,,,,0.3,0.3,0.3,0.4,0.3,0.5,0.5,,0.4,0.5,0.4,0.2,0.1,0.7,0.6,0.6,0.7,0.5,0.3,0.5,0.7,0.6,,0.5,0.4,0.4,0.6,0.5,0.4,0.6,0.6,0.8,,0.4,0.3,,0.4,0.5,,0.3,0.3,0.5,,0.3,,0.1,,0.5,0.4,0.5,0.6,0.7,0.4,0.6,0.8,0.7,0.7,0.3,0.4,0.5,0.4,,0.9,0.4,,0.4,0.5,0.4,,0.3,0.4,0.2,0.4,0.4,0.4,,0.4,0.3,0.1,,,,0.3,0.4,0.1,,0.4,0.5,0.5,0.4,0.5,0.4,0.5,,0.5,,,0.3,0.2,0.4,0.3,0.4,0.4,0.3,0.7,0.5,,0.3,0.3,0.3,0.3,0.2,0.3,0.3,0.3,0.3,,,0.5,0.4,,0.4,,0.7,0.3,0.3,0.4,1,0.1,0.6,0.7,0.7,0.7,0.7,0.4,0.6,,0.6,0.6,0.4,0.5,0.4,0.3,0.5,,0.4,,0.1,0.3,0.5,0.4,0.9,0.8,0.8,0.3,0.2,0.5,0.7,0.3,0.4,0.3,,,0.4,0.3,0.4,0.5,,0.5,0.5,0.5,0.5,,0.3,0.4,,,0.3,0.5,0.3,0.3,0.4,0.2,0.8,0.5,0.3,0.5,0.5,0.6,0.6,0.6,1,,0.6,0.5,,0.5,0.6,0.3,0.3,0.2,0.6,0.4,,0.5,0.5,0.7,0.3,0.3,0.8,0.7,0.6,,0.6,0.4,0.3,0.6,0.2,0.6,0.8,0.2,0.6,0.5,0.5,0.3,,0.3,0.1,0.7,0.4,0.4,0.4,0.5,0.5,0.5,0.2,0.4,0.3,0.7,0.5,0.5,0.4,0.5,0.5,0.7,0.3,0.5,0.2,0.5,0.5,0.5,0.4,,,0.5,0.3,0.4,0.7,0.3,0.1,0.5,0.4,0.2,0.3,0.5,0.3,0.5,0.5,0.8,0.4,0.5,0.4,,0.9,0.5,0.5,0.5,0.6,0.3,0.3,0.4,0.5,0.4,0.4,0.6,0.4,0.5,0.5,0.5,0.4,0.6,0.6,0.5,0.6,0.5,0.5,0.3,0.4,0.4,0.6,0.2,0.3,0.4,0.5,0.7,0.6,0.6,0.2,0.5,0.6,0.6,0.7,0.8,0.5,0.5,0.5,0.9,0.6,0.6,0.4,0.8,0.5,,0.4,0.4,,0.4,0.5,0.4,0.4,0.6,0.6,0.4,0.4,0.5,0.5,0.4,0.1,0.2,0.8,0.5,0.5,0.2,0.5,0.5,0.4,0.6,0.6,0.7,0.6,0.4,0.8,0.5,0.4,0.5,0.5,0.4,,0.6,0.4,0.4,0.3,0.5,0.2,,0.2,0.2,,0.3,0.6,0.6,0.3,0.7,0.8,0.7,,0.4,0.2,0.6,0.5,0.5,0.6,0.6,0.8,0.5,0.5,0.7,0.7,0.7,0.5,0.4,0.5,0.7,0.5,0.6,0.5,0.9,0.4,0.5,0.3,0.5,0.6,0.6,0.7,0.3,0.5,0.3,0.8,0.5,0.5,0.6,0.4,0.3,0.5,0.4,0.1,0.3,0.4,0.4,0.5,0.3,0.4,0.5,0.6,0.6,0.4,0.5,0.5,0.4,0.7,0.4,0.7,0.7,0.4,0.4,0.4,0.3,0.4,0.4,0.7,0.8,0.4,0.3,0.3,0.3,0.4,0.5,0.6,0.4,0.5,0.7,0.4,0.3,0.6,0.4,0.4,0.3,1,0.4,0.7,0.4,0.6,0.7,0.4,0.4,0.5,0.5,0.7,0.5,0.5,0.2,0.4,0.5,0.7,0.3,0.4,0.4,0.3,,0.1,0.4,0.3,0.4,0.3,0.5,0.3,0.4,0.3,0.2,0.4,0.5,0.4,0.5,0.5,0.3,0.1,0.6,0.2,0.4,0.7,0.6,0.6,0.6,0.5,0.5,0.4,0.4,0.4,0.6,0.6,,0.4,0.5,0.3,0.3,0.5,0.7,0.6,0.5,0.8,0.5,0.5,0.4,0.4,0.4,0.5,0.5,0.5,0.6,1.2,1,0.6,0.6,0.7,0.5,0.6,0.9,1.3,1.1,1,0.3,0.9,0.2,0.3,0.3,0.3,0.2,0.4,0.3,0.5,0.4,0.4,0.4,0.7,0.5,0.2,0.5,0.3,0.3,0.4,0.7,0.8,0.4,0.5,0.4,0.4,0.5,0.6,0.1,0.2,0.7,0.7,0.4,0.5,0.5,0.8,0.9,0.4,0.3,0.8,0.8,0.7,0.7,0.7,0.4,0.6,0.6,,0.6,0.2,0.5,0.5,0.5,0.4,0.5,0.5,0.2,0.4,0.2,0.4,0.3,0.4,0.3,0.7,0.4,0.5,0.6,0.4,0.6,0.6,0.4,,0.5,0.4,0.5,0.2,0.8,1.2,0.4,0.9,0.4,0.3,0.5,0.4,0.5,0.6,0.5,0.3,0.6,1.1,0.6,0.5,0.4,0.2,1,0.9,0.4,0.4,0.5,0.4,0.6,0.5,0.5,0.3,0.5,0.4,0.2,0.6,0.3,0.3,0.5,0.3,0.6,0.6,0.5,0.4,0.5,0.1,0.6,0.4
20230729,5,AQI,53,29,40,49,39,36,29,34,33,32,35,32,,,10,,10,19,15,,9,,,9,,9,12,,50,50,45,37,35,42,33,,45,33,,52,35,9,22,29,,36,,35,31,30,36,38,34,45,,34,21,,21,26,26,45,48,33,44,42,62,56,,54,25,19,22,41,42,,47,30,38,42,45,,34,35,44,34,33,36,,24,23,,,31,30,30,44,33,39,24,,34,,21,20,20,,26,7,10,12,8,19,9,,10,14,9,25,30,30,25,24,19,15,28,27,25,38,42,32,55,48,54,55,,56,54,52,54,22,,24,16,21,,20,23,24,28,13,7,12,7,12,13,15,10,9,48,,15,18,11,16,15,10,12,12,14,13,7,12,,,,17,14,,32,19,13,,,,19,,9,11,15,8,7,10,9,8,15,,,,17,13,,18,23,21,17,12,,17,6,14,9,7,12,22,20,,25,,14,18,,13,14,,12,12,13,,12,18,11,13,15,10,11,,,12,11,12,16,17,19,14,,9,,,15,,11,13,,24,20,26,22,21,21,,12,11,14,13,12,15,18,18,12,13,18,8,15,13,14,17,9,12,,,16,15,18,17,,19,,13,15,,,15,16,19,,14,12,17,16,,19,17,14,17,10,,,29,9,19,27,12,9,12,,10,11,12,14,16,30,21,15,12,13,13,18,19,12,,17,19,13,17,12,19,16,18,15,16,20,22,34,24,,32,43,32,27,29,21,23,18,,36,30,30,33,30,,26,28,33,36,28,27,30,26,27,23,24,20,,28,46,49,36,30,33,30,29,28,33,23,,,46,42,42,53,41,49,30,42,24,31,11,20,38,26,26,30,36,51,29,64,,42,39,35,35,24,,38,31,32,24,31,16,21,,,36,24,29,33,22,,29,26,37,18,,,39,20,22,29,12,10,22,27,25,19,27,,23,,26,27,32,29,18,24,22,18,28,22,35,32,,23,39,39,28,24,,56,,24,22,,36,,35,32,,,,,24,,,,30,23,114,107,130,111,102,,103,17,17,21,15,18,16,23,21,18,14,30,14,29,23,40,,64,57,48,36,41,35,29,28,56,,13,11,14,28,21,23,26,14,13,11,20,13,17,20,21,20,22,,,9,,14,9,9,12,13,,20,18,,,10,6,10,8,,7,13,6,,19,20,8,14,10,,9,,,,,,,6,,,20,,21,12,12,24,17,17,,5,7,6,,8,,,25,,21,46,22,27,30,26,31,31,,52,29,28,23,51,28,32,77,52,73,22,24,21,27,27,25,22,54,39,33,,33,16,14,,28,23,,,23,,24,16,,37,26,,,,24,,34,,45,43,51,54,28,25,,26,25,,73,64,,77,,35,45,52,,55,50,34,35,35,,15,10,13,26,18,14,21,62,26,25,22,22,29,16,26,20,16,15,34,30,13,25,40,42,15,15,15,27,17,16,20,23,34,,23,25,24,22,20,23,26,23,32,43,24,12,15,14,,15,11,16,,9,23,12,15,15,,10,18,17,,18,,21,18,21,20,13,15,14,,,,20,,22,,78,,22,,16,13,14,26,46,,30,,22,30,23,12,19,30,,18,12,15,12,18,17,,23,,,21,23,22,31,12,23,42,30,19,16,35,27,31,50,53,52,46,53,33,19,16,10,17,19,16,24,33,32,29,25,,20,17,17,47,19,17,16,11,,,,,19,24,,19,22,21,16,14,13,22,18,19,22,19,13,21,23,,28,30,,27,24,34,,26,22,,24,20,16,16,19,20,22,,21,42,46,42,67,,64,48,183,25,25,23,25,37,39,,60,34,56,33,30,,,22,,,,,17,,,,,,,,,,,,,,,,7,,,,,,,,,,,,,,,,,,,,,,,,,,,,,,,,,,,,,,12,14,11,15,12,16,16,26,15,,,,41,55,46,35,,48,56,60,50,47,62,43,,41,55,60,,,49,62,,33,,35,,36,,44,33,,,52,29,,,35,32,42,,,18,16,35,34,35,35,36,29,47,17,33,31,12,12,13,27,20,23,32,26,51,46,48,39,,24,28,16,,15,5,18,32,28,28,26,25,15,32,18,19,,,21,9,20,18,,20,22,18,18,19,15,38,24,28,26,27,37,,,25,15,22,17,27,30,,16,21,12,,18,19,17,,16,19,12,23,14,12,12,,10,14,13,29,17,12,9,9,,15,14,14,22,17,8,,7,,9,,,,8,8,6,13,14,17,,15,,13,13,11,19,22,,24,,15,15,20,,,13,16,21,,18,16,18,,,15,10,25,16,11,23,10,16,23,22,22,22,26,27,24,,14,15,15,,15,,24,15,19,28,31,28,21,25,19,,24,25,27,16,19,24,16,14,15,18,14,,16,15,23,,12,13,,15,,12,10,12,,18,10,20,12,10,,16,14,20,14,17,14,,,18,13,19,28,45,,48,41,15,30,31,14,18,17,23,16,11,17,,22,20,22,,15,12,,17,11,16,15,,15,13,10,27,25,19,28,,25,34,37,20,36,,32,39,15,20,20,18,21,22,43,37,30,32,22,35,29,69,40,17,20,28,36,35,24,45,38,20,19,,24,22,48,51,50,58,26,17,23,21,22,35,25,24,23,24,42,47,59,22,32,23,34,38,31,32,,54,27,23,12,15,,14,19,12,12,13,22,19,20,30,23,36,24,28,27,26,,,,30,31,,34,,20,17,19,27,,13,17,19,,,,,15,17,18,20,19,13,,28,,12,13,18,14,18,24,13,16,20,17,22,,,,,15,18,17,16,44,21,17,,14,9,12,19,32,18,18,20,34,18,20,23,48,38,,48,43,32,32,17,9,22,15,24,,30,8,,20,12,,14,15,19,,24,,22,,8,8,21,27,24,26,36,36,30,120,12,22,25,24,,50,20,,15,13,38,,43,64,23,24,206,209,,27,28,22,27,,,,25,35,,28,29,28,35,16,43,19,,20,,,22,27,27,26,95,81,63,54,43,,81,37,42,34,35,62,36,33,,,,25,26,,37,,41,62,60,117,19,15,21,23,11,10,10,51,35,,39,17,19,22,12,9,12,,9,,4,25,33,17,32,25,213,27,8,46,26,23,10,11,,,57,17,15,12,,39,23,24,20,,15,12,,,14,18,19,19,10,7,16,14,6,13,19,38,27,18,58,,11,18,,15,20,20,18,98,50,24,9,46,,22,15,18,11,12,56,8,38,7,26,9,21,20,18,10,13,15,13,17,,33,14,20,28,22,19,24,30,21,14,27,18,43,22,16,18,41,20,,18,13,5,25,21,14,13,,,23,18,32,15,13,24,19,24,10,35,13,29,18,29,15,23,19,14,,12,25,36,31,21,29,138,21,23,22,26,29,17,19,22,25,27,,42,34,30,36,19,18,12,7,12,28,16,18,13,,27,21,40,,38,32,36,33,26,34,37,39,20,27,15,41,24,27,12,48,,13,12,12,7,16,9,13,10,18,16,23,18,22,18,19,27,22,19,19,23,18,18,25,31,18,55,36,18,30,16,25,,32,19,28,20,9,18,9,6,5,,7,20,16,17,20,23,23,,9,28,27,15,20,28,26,22,52,48,22,25,39,7,19,12,9,10,15,31,14,5,41,33,54,34,11,8,11,17,15,13,13,15,9,13,12,25,20,17,108,107,103,116,89,53,16,28,10,22,32,25,37,44,20,31,30,27,19,48,38,12,38,42,58,13,13,14,12,16,18,17,10,10,19,12,13,12,33,12,12,14,39,18,16,23,16,35,31,15,29,10,17,17,15,7,12,9,19,21,12,10,18,6,22,13,,20,12,8,8,22,34,26,20,20,30,17,,20,20,16,18,26,41,26,26,28,17,13,39,26,17,20,,22,18,17,19,22,19,43,26,25,12,10,8,20,14,18,59,38,25,42,23,32,48,56,50,51,32,45,44,52,48,40,46,46,41,60,55,55,56,53,58,11,12,23,20,15,13,12,35,42,18,30,17,42,32,29,36,23,40,64,38,32,16,50,42,48,41,43,33,27,26,25,42,40,36,25,44,,16,12,20,20,15,21,24,11,7,11,13,8,25,18,24,29,32,14,36,12,,9,15,,19,9,20,96,62,60,24,62,35,33,72,27,69,50,29,20,17,54,17,15,18,12,43,30,24,32,43,35,44,31,21,22,14,47,16,64,18,13,23,16,13,16,29,8,9,5,14,24
20230729,5,PM2.5,33,13,21,24,24,19,12,16,16,22,18,15,,,3,,6,6,6,,6,,,4,,2,8,,21,25,31,15,21,24,10,,20,23,,29,16,5,9,18,,20,,24,17,21,25,15,8,18,,21,1,,5,12,3,14,18,16,15,19,37,34,,37,17,2,10,14,26,,25,21,22,29,29,,18,24,23,20,23,24,,15,12,,,14,21,13,20,10,15,12,,15,,9,8,14,,18,,2,2,2,2,1,2,2,3,2,13,14,15,12,14,11,10,14,15,17,26,14,14,12,19,13,21,,14,8,21,11,2,6,8,5,6,,4,6,7,2,2,2,,,5,,7,7,2,33,,6,6,5,8,4,6,1,7,3,,,,,,,6,9,,4,13,9,,,,11,,5,5,5,5,2,7,5,5,5,,,,1,6,,10,12,8,5,5,,6,4,6,,3,4,5,14,,17,,8,8,,5,6,,4,8,9,,8,4,6,6,7,4,5,,,4,2,2,10,1,5,8,,4,,,10,,2,5,,15,8,9,5,6,5,,4,7,5,6,8,5,3,3,5,9,12,5,10,9,7,2,5,8,2,,,,,,,6,,2,,,,10,1,11,,,5,2,5,,2,,7,10,7,,,5,,5,7,7,5,8,,3,3,8,4,6,21,4,10,5,7,5,12,13,6,,5,4,7,6,6,9,5,9,7,4,8,10,2,15,,16,20,22,11,16,9,15,12,16,19,8,14,19,19,,12,19,18,20,18,15,21,4,12,16,15,14,,11,8,34,25,16,23,19,20,12,23,12,,,24,24,20,30,14,15,21,20,10,16,7,14,26,18,18,21,25,26,19,46,,20,26,24,15,11,,26,21,22,9,13,7,5,,,25,14,20,17,11,,15,9,14,4,,,11,11,2,20,2,7,5,17,17,7,2,,12,,18,18,22,20,7,5,5,5,6,5,20,22,,12,27,23,19,7,,24,,14,15,,18,,24,22,,,,,10,,,,21,16,37,46,99,42,30,,39,9,2,8,6,,2,5,3,1,6,21,3,8,5,14,,46,40,24,24,19,19,7,19,22,,4,6,5,19,14,16,18,6,5,4,8,7,9,7,5,8,6,,,6,,7,6,6,4,9,,14,12,,,7,2,7,2,,3,9,,,7,2,,2,7,,2,,,,,,,4,,,7,,9,4,7,6,4,4,2,2,2,2,,5,,,11,,9,22,12,5,10,7,11,14,,28,20,19,13,26,19,22,56,36,53,7,10,10,12,14,13,9,7,13,23,,16,10,8,,19,16,,11,6,10,3,10,,15,15,,,,14,,16,,21,18,20,26,19,12,,17,11,,53,35,,56,,24,30,17,,39,28,3,5,5,,5,4,6,12,9,6,5,24,17,12,11,12,20,7,12,12,7,5,16,21,1,9,19,18,10,10,8,10,11,8,2,6,5,,4,17,15,13,6,6,18,16,22,15,8,8,8,9,,10,6,10,,4,8,7,10,1,,4,8,3,,8,,9,5,7,12,7,,4,,,,9,,4,,5,,15,,11,,7,17,15,,21,,9,7,7,2,10,21,,12,6,5,4,12,8,,14,,,3,16,9,16,8,15,23,18,12,5,5,7,10,35,31,36,29,35,13,8,9,4,4,13,11,16,18,20,16,16,,4,7,3,24,6,3,1,,,,,,13,12,,13,15,9,7,8,9,10,4,13,4,10,7,12,13,,19,21,,16,15,16,,12,15,,14,4,2,2,5,4,7,3,3,29,32,29,48,,23,16,90,10,15,14,17,2,10,,19,7,27,12,8,,,10,,,,,7,,,,,,,,,,,,,,,,,,,,,,,,,,,,,,,,,,,,,,,,,,,,,,,,,,,,,,1,,3,5,8,4,2,5,,,,2,22,22,27,19,,33,30,41,15,29,31,30,,27,27,43,,,32,44,,23,26,24,,25,,17,19,,,23,20,,,24,20,29,,,12,11,5,3,11,10,7,20,27,4,20,14,5,6,9,10,12,14,14,15,15,15,9,14,,13,19,9,,8,3,2,13,17,19,4,4,7,22,3,8,,,6,5,14,12,,9,4,4,4,5,10,14,7,8,6,7,8,,,17,10,6,9,17,21,,11,7,5,,12,8,4,,8,13,3,14,1,7,8,,4,8,8,5,10,4,6,5,,7,7,3,5,1,5,,3,,6,,,,2,4,3,9,7,1,,10,,9,6,6,,12,,7,66,9,10,10,6,2,4,11,5,16,12,9,12,2,,2,6,17,11,3,2,2,11,13,10,15,12,13,12,11,,,4,3,,2,,14,4,9,19,16,19,10,14,11,,11,7,16,3,8,7,9,2,2,5,5,,9,10,16,,3,,,10,,8,7,7,,7,7,12,5,6,,7,9,14,9,8,7,,,5,9,13,7,15,,10,10,5,14,14,8,12,3,16,8,,,,8,12,8,,10,5,,9,4,2,1,,10,7,7,14,17,9,19,,17,20,13,14,24,,22,23,8,8,8,4,3,12,10,15,21,18,15,24,17,50,24,6,12,12,17,15,7,31,26,13,13,,11,7,29,13,26,28,12,9,4,7,6,12,17,12,16,14,22,26,33,12,16,12,18,25,21,22,,29,18,12,7,5,,5,7,6,5,6,15,10,9,18,16,20,15,18,9,3,,,,21,14,,23,5,5,5,10,5,,7,8,8,,,,,9,,5,6,,4,,16,,8,9,5,4,9,9,4,11,4,5,15,,,,,5,4,7,7,23,6,10,,9,2,5,11,22,8,10,8,8,10,5,16,33,26,,33,30,22,22,5,6,6,5,12,,11,5,,6,3,,3,5,4,,7,,3,,5,3,8,12,6,9,25,25,21,91,5,6,6,7,,7,6,,5,5,13,,21,32,6,5,82,97,,2,2,14,15,,,,17,20,,19,7,14,16,4,15,10,,12,,,4,3,2,2,36,31,22,27,7,,31,10,7,7,22,34,12,14,,,,13,10,,13,,6,16,17,31,8,6,14,10,1,3,2,24,19,,27,10,10,10,3,4,7,,3,,2,17,7,10,7,12,122,6,5,14,13,16,6,6,,,31,3,5,4,,16,15,13,14,,10,5,,,,3,2,9,7,3,5,2,2,7,12,12,14,12,41,,4,12,,5,9,14,12,44,35,16,2,27,,9,,5,5,,30,3,26,2,18,,6,14,12,5,7,10,8,6,,18,6,10,5,7,12,10,12,14,3,10,12,,10,11,10,19,2,,6,5,,17,5,9,7,,,16,4,22,8,7,1,9,9,7,9,7,10,12,20,2,16,6,3,,8,7,11,18,6,4,70,6,5,3,7,8,4,4,4,7,13,22,29,3,17,16,12,12,7,4,7,14,9,,6,10,13,7,15,19,26,22,21,23,5,19,20,27,14,10,3,26,4,17,5,33,,5,8,8,2,8,2,4,4,4,7,6,9,7,12,6,13,15,13,7,16,12,9,17,10,12,39,25,12,13,6,7,,22,13,18,4,5,12,,,,,2,14,11,2,14,16,16,,4,6,11,10,14,19,11,14,33,29,10,14,20,3,9,8,4,4,4,,6,,27,13,38,21,5,2,4,5,10,5,5,6,4,6,5,14,7,9,39,32,36,48,51,16,6,4,5,14,19,8,22,27,14,20,21,14,13,31,2,6,26,29,41,4,6,4,8,6,9,8,7,5,13,4,3,2,8,6,8,5,16,12,11,6,11,24,14,10,20,2,10,6,7,2,2,5,,8,5,5,12,2,5,2,,14,8,3,,6,18,12,14,14,21,7,,8,5,4,12,18,28,18,14,16,3,9,18,10,9,6,,5,12,6,11,15,13,29,17,17,8,7,4,5,5,6,25,16,16,21,16,22,19,17,4,21,17,28,23,35,33,28,17,6,12,30,26,24,19,30,30,7,,14,8,5,1,8,24,29,12,21,2,25,18,20,25,9,5,17,26,7,8,25,26,33,22,19,13,15,4,17,26,24,6,17,21,,8,6,4,6,5,13,11,2,,,9,,14,5,8,19,22,3,4,7,6,5,8,,5,5,6,26,43,39,5,40,11,12,52,12,50,18,7,5,10,38,5,6,7,3,24,21,12,18,22,16,17,19,5,7,7,30,6,46,4,4,16,10,4,,16,,6,,3,11
20230729,5,PM2.5_24h,17,10,14,13,17,16,15,13,8,17,14,17,,,20,,23,22,20,,22,,18,17,,18,20,,20,25,24,17,18,18,12,,32,31,,43,25,6,11,22,,17,,19,16,14,10,10,10,12,,19,6,,12,16,12,22,18,18,18,16,20,21,,23,16,14,17,23,20,,18,21,23,22,22,,16,22,24,21,20,17,,14,12,,,12,16,14,15,17,14,10,,11,11,11,12,13,,13,11,10,12,10,13,11,10,10,10,15,12,12,12,10,9,8,8,11,14,12,14,9,8,12,12,9,14,,11,8,21,8,6,9,7,5,6,,4,7,5,9,2,4,2,3,4,2,4,7,6,10,,7,8,8,10,7,10,1,5,2,1,3,,,,,8,9,,8,8,10,,,,12,,6,6,5,5,8,6,7,4,8,,,,8,7,,10,10,11,6,6,,6,4,4,,6,5,4,8,,6,,7,7,,8,6,,6,7,8,,8,7,10,6,9,6,5,,,7,6,4,11,9,12,13,,7,,,7,,4,7,,13,12,10,5,7,6,,6,6,8,7,4,7,4,4,8,10,11,4,9,12,5,6,6,9,3,,1,2,2,3,,8,,9,6,4,,6,7,12,,8,10,4,6,,7,5,10,13,7,,,4,2,2,4,5,6,20,,10,12,13,13,12,28,13,8,7,10,8,14,16,7,,10,8,6,10,7,12,7,6,8,9,5,9,2,14,,15,14,14,8,12,15,12,11,14,14,18,20,13,12,,13,13,12,16,18,17,16,15,12,13,13,12,,12,15,19,17,18,16,15,15,14,15,11,,,14,13,14,14,10,10,15,13,12,11,11,11,40,36,39,36,39,31,41,43,,13,17,14,13,11,,15,20,11,15,19,8,13,,,17,15,18,14,13,,5,6,8,7,,,8,7,6,20,12,12,12,15,17,17,9,,14,7,14,13,16,14,8,7,6,6,8,7,13,11,27,8,13,12,10,7,,14,,7,9,,22,,27,25,,,,,11,,,,17,17,22,25,77,26,16,,29,10,8,7,10,5,8,8,7,5,8,23,5,9,7,12,,19,15,14,16,13,15,12,17,16,,9,8,7,22,15,15,17,7,7,6,9,12,15,13,10,7,7,,,10,,7,5,6,6,16,,14,5,,,12,8,9,7,,3,8,6,,6,3,2,4,6,3,5,4,3,1,,,,5,,,7,,8,6,9,10,2,4,1,7,5,10,,6,,,10,,11,13,12,11,12,12,13,10,,22,29,27,22,25,20,33,32,20,27,8,8,10,12,11,12,11,11,12,20,,18,13,10,,12,11,,12,10,10,13,11,,16,9,,,12,13,,20,,17,16,14,16,17,17,,21,20,,48,28,,42,,23,26,22,,29,29,6,6,5,,10,10,12,12,14,8,8,14,13,9,10,10,14,7,11,15,7,5,17,17,12,13,15,14,9,9,8,8,10,8,12,4,7,,11,10,14,13,6,6,14,9,17,10,7,8,7,7,,8,8,9,,7,9,9,6,7,,9,10,4,,20,,21,15,17,21,17,16,5,,,,11,,13,,18,,15,,15,11,8,14,18,,16,,10,13,8,6,15,14,,12,10,6,8,12,8,,14,,,7,17,14,14,11,14,14,15,12,17,8,13,22,35,27,29,26,32,23,8,8,8,9,13,10,12,13,16,16,13,,6,6,8,17,7,3,4,,,,,,8,10,,10,9,12,8,9,12,14,10,17,9,12,12,11,10,,14,9,,14,15,18,,11,13,,14,4,4,3,6,5,7,3,5,22,24,17,35,,19,20,30,10,15,11,10,4,10,,19,9,23,25,23,,,5,,,,,3,,,,,,,,,,,,,,,,4,,,,,,,,,,,,,,,,,,,,,,,,,,,,,,,,,,,,,,8,3,7,11,13,10,4,6,3,,,10,12,10,13,10,,20,18,18,11,16,17,18,,28,20,21,,,23,29,,23,21,16,,16,,12,14,,,26,13,,,16,14,23,,,10,10,10,5,15,10,14,14,14,21,21,14,8,12,8,11,8,9,11,12,18,15,10,14,,11,11,9,,4,2,5,8,14,13,8,6,6,10,4,10,,,10,8,9,10,9,11,11,6,5,5,11,16,6,11,12,14,9,,,14,6,7,8,10,13,,10,6,6,,10,10,6,,11,10,5,14,4,7,10,,7,10,8,6,9,4,9,10,,10,3,5,5,7,4,,3,,8,,,,4,4,5,10,6,4,,8,,8,6,6,2,2,4,4,23,9,9,8,11,3,4,6,5,9,8,6,9,5,,5,7,8,22,6,4,4,10,9,9,8,7,11,8,9,,7,6,6,8,11,,11,7,9,10,10,13,8,11,8,,11,11,12,6,9,7,7,6,6,6,5,,24,18,22,,13,11,11,12,,12,14,8,,9,9,12,7,9,,11,14,16,13,6,8,7,,9,10,13,4,9,,8,3,10,15,13,11,14,14,21,12,4,3,,11,16,14,,10,7,,9,6,8,8,,15,12,12,17,12,9,14,,9,17,13,18,17,13,18,17,7,12,12,10,7,10,14,14,14,13,13,14,14,20,15,9,14,15,13,15,8,12,12,12,12,11,10,10,31,29,30,27,17,25,28,25,28,21,30,32,33,29,29,33,31,13,18,16,16,26,21,21,,27,28,30,6,7,,4,8,6,8,5,14,14,8,13,11,13,9,12,11,4,,,,16,12,,14,6,4,6,8,6,,7,6,6,,,,,6,6,10,8,5,11,,14,,6,7,6,7,7,8,12,10,8,5,10,,,,,10,7,10,8,16,7,13,,10,8,10,11,12,6,11,7,9,7,15,16,25,18,,24,24,18,21,9,6,9,11,14,,11,8,,11,5,,4,5,5,,12,,3,,2,4,7,8,9,8,16,16,14,51,5,6,4,12,,13,12,,8,7,15,,17,20,7,6,30,34,,3,4,15,15,,,17,11,18,,13,9,14,17,2,20,8,,9,,,6,6,4,3,21,25,17,26,7,,23,11,11,12,13,31,17,21,18,,,14,13,,11,,7,25,23,24,11,8,17,11,19,20,17,21,17,,18,7,10,11,8,7,9,,3,,2,7,7,12,7,8,38,9,5,10,11,14,9,7,,,19,7,5,18,,15,11,15,11,,6,5,,,2,5,5,4,9,4,5,2,1,5,14,16,14,11,29,,19,13,,11,9,12,12,14,25,13,5,17,,8,4,3,18,12,22,6,19,5,13,4,5,17,6,9,10,12,10,7,,16,6,11,9,5,7,14,13,15,14,10,9,2,9,10,9,10,21,,6,9,2,10,7,8,7,,,25,7,24,10,6,2,11,9,6,16,17,8,14,17,3,12,15,3,,10,22,15,21,10,5,23,8,6,6,8,9,7,7,6,6,13,18,13,8,15,10,13,8,8,7,4,6,8,6,14,12,15,12,12,17,15,16,19,16,16,16,10,13,11,17,11,15,13,8,13,25,,17,6,6,6,7,5,5,6,14,16,9,10,8,25,23,10,10,9,7,16,12,11,20,16,13,28,22,10,19,15,10,,13,12,10,5,7,8,4,4,3,,2,15,16,3,12,15,15,,9,8,19,16,13,12,13,37,25,20,30,28,19,3,7,8,5,5,5,3,10,4,18,8,14,19,7,2,6,8,8,6,9,10,7,7,3,6,6,4,20,17,20,26,30,24,9,10,7,13,14,18,9,26,12,11,21,14,10,23,11,9,16,23,32,24,4,7,7,7,10,10,7,13,12,16,13,17,18,10,9,6,10,14,11,8,18,14,12,8,14,3,9,12,9,6,1,4,4,6,7,9,12,4,4,10,16,8,11,11,4,6,14,13,7,9,10,6,7,6,6,6,10,32,28,17,21,13,6,8,13,11,10,9,,6,14,8,13,18,14,18,7,11,8,7,9,10,7,8,20,17,13,28,25,26,22,22,10,18,29,32,30,33,31,21,14,8,7,16,17,17,12,17,15,11,11,11,20,9,21,12,21,19,8,16,2,11,9,8,12,7,10,17,87,69,8,8,19,26,12,16,11,15,14,9,15,15,8,14,19,,8,4,14,11,7,12,8,3,1,3,15,3,8,8,8,20,17,14,5,12,8,8,7,,5,6,5,13,27,34,20,23,12,12,20,14,16,15,7,6,10,16,7,6,16,5,39,31,13,8,16,10,15,15,6,7,21,22,10,33,9,5,13,11,5,2,14,7,6,3,8,14
20230729,5,PM10,56,29,40,49,39,36,29,34,33,24,33,32,,,10,,10,19,15,,8,,,9,,7,11,,50,50,37,37,35,42,31,,45,33,,54,35,6,22,29,,36,,25,31,16,20,38,34,45,,34,21,,21,26,26,45,48,33,44,42,74,62,,58,14,19,22,41,42,,47,26,38,39,45,,34,35,44,34,33,36,,24,19,,,31,30,30,44,33,39,24,,34,19,21,20,19,,23,7,7,12,5,19,9,,7,14,9,25,30,30,25,24,19,14,28,27,22,32,42,32,59,48,57,60,69,61,57,54,57,22,25,24,16,21,,20,23,24,28,13,7,12,7,12,13,15,10,9,26,,15,18,11,16,15,10,12,12,14,13,7,12,,,,17,14,,32,5,9,,,,19,,9,10,15,5,7,7,9,7,15,,,,17,13,,18,23,21,17,12,,17,5,14,9,7,12,22,16,,23,,14,18,,13,14,,12,12,10,,12,18,11,13,15,9,4,,,5,8,10,11,10,8,3,,9,,,14,,11,13,,24,20,26,22,21,21,,12,11,14,10,11,3,5,7,12,9,9,5,9,12,14,17,9,9,6,,2,2,5,1,,19,,1,,,,3,2,19,,,12,12,12,,19,10,10,17,7,,,29,9,19,27,12,9,10,7,6,4,10,14,16,9,21,15,12,13,13,17,19,10,,17,19,13,10,12,10,16,18,5,16,13,22,26,24,,32,43,30,27,29,21,23,17,20,36,30,30,33,28,,22,28,33,36,28,17,28,22,27,22,24,15,,28,46,49,15,24,26,30,22,28,11,22,,,46,42,42,56,41,49,30,42,24,31,11,16,18,25,26,21,14,51,29,71,,42,39,29,35,24,,34,31,28,24,31,16,21,,,36,24,28,33,22,,29,23,37,18,,,39,16,22,22,12,9,22,27,24,19,27,,23,,21,27,23,28,10,4,4,5,4,8,35,30,,23,38,39,28,24,,61,,24,22,,36,,29,26,,,,,19,,,,30,22,178,164,143,171,154,,156,17,15,21,15,18,16,23,21,18,14,24,14,29,23,40,,33,29,48,36,41,27,29,27,61,,13,11,14,22,21,21,23,14,13,11,20,12,17,20,11,11,11,,,2,,14,5,2,12,12,,12,18,,,3,,6,7,,6,6,,,19,20,7,14,7,,,,,,,,,5,,,20,,21,12,12,24,17,17,22,5,,5,,,,,25,,21,46,22,5,5,3,6,7,,54,28,28,23,52,26,31,66,53,73,22,24,21,18,22,20,22,57,39,28,,33,12,14,,22,21,,,11,,,16,,37,26,,,,24,,34,,45,43,51,58,19,21,,20,20,,61,78,,79,,33,45,54,,42,50,15,17,15,,15,7,13,26,18,14,21,73,26,25,22,22,29,16,26,20,16,15,34,24,13,25,40,42,13,15,15,27,17,16,15,14,34,,3,7,7,14,20,11,23,16,21,43,24,8,15,14,,9,11,16,,4,23,10,11,9,,8,18,3,,11,,21,3,11,8,2,15,4,,,,20,,22,,105,,11,,10,2,9,26,46,,29,,22,30,23,12,7,20,,12,8,12,12,10,10,,23,,,8,23,22,31,4,23,42,30,19,12,33,15,31,36,56,47,46,56,33,19,16,10,11,10,14,24,33,32,29,25,,7,14,8,34,19,17,16,11,,,,,10,24,,9,5,21,16,14,9,22,18,19,22,19,13,21,23,,27,28,,23,24,34,,20,20,,24,,8,6,12,5,8,,4,34,39,34,39,,78,48,315,20,24,13,16,6,5,,70,12,61,33,18,,,22,,,,,17,,,,,,,,,,,,,,,,5,,,,,,,,,,,,,,,,,,,,,,,,,,,,,,,,,,,,,,12,14,11,15,9,16,16,26,15,,,8,41,59,46,35,,41,61,70,50,47,74,41,,41,60,62,,,49,63,,28,24,26,,34,,44,30,,,53,20,,,18,32,41,,,14,15,14,16,18,21,12,28,47,12,33,31,12,12,12,27,20,23,32,26,52,46,48,39,,24,21,16,,15,4,18,32,28,24,9,23,15,18,18,15,,,10,8,13,15,,20,22,10,9,19,10,38,,10,16,12,11,,,21,12,10,2,27,30,,15,21,12,,14,19,17,,16,19,12,23,14,12,10,,10,14,13,29,17,12,7,9,,15,12,7,22,17,8,,5,,5,,,,4,8,6,10,14,17,,14,,13,13,8,10,22,,24,5,15,8,20,15,,13,13,21,43,17,16,15,1,,5,7,6,16,9,23,9,11,23,22,20,22,26,27,24,,7,8,9,,7,,24,15,19,21,31,26,21,25,19,,24,25,27,16,19,24,16,14,15,18,14,,2,2,1,,12,9,11,8,,10,3,12,,18,7,20,12,10,,16,14,18,12,17,14,,,18,13,18,28,45,,48,41,2,30,31,14,14,17,13,9,3,17,,22,17,22,,3,7,,17,9,2,3,,14,12,9,27,18,19,28,25,25,34,37,17,36,34,22,39,6,9,20,14,12,22,43,37,28,32,17,34,29,40,40,17,20,28,36,35,24,39,37,20,18,,24,22,48,51,50,65,26,15,23,14,12,35,24,14,6,24,42,47,67,22,32,23,34,38,31,29,,58,14,12,12,15,,14,19,12,12,13,15,19,20,30,19,36,24,28,27,26,,,,22,31,,34,,20,17,19,27,,13,17,19,,,,,15,12,12,20,12,13,,28,,10,13,18,14,18,24,13,4,12,17,7,,,,,15,18,9,8,44,21,17,,14,9,12,19,24,12,15,3,34,18,20,23,32,38,,35,39,32,22,17,6,12,5,24,,30,5,,10,3,,1,8,13,,24,,4,,3,8,21,27,24,26,23,22,25,26,12,22,25,24,,16,8,,15,13,38,,43,77,6,19,354,356,,8,3,22,27,,,,24,35,,26,23,18,35,6,29,19,,16,,,16,6,2,5,140,112,75,58,43,,112,37,42,12,19,73,36,32,,,,24,18,,37,,41,74,69,183,8,11,20,23,8,5,6,52,34,,30,17,19,22,10,4,12,,9,,,17,33,17,32,25,359,27,7,46,26,23,10,11,,,63,13,15,9,,39,15,24,19,,10,12,,,14,18,19,19,5,5,16,14,5,13,16,38,27,13,61,,11,14,,15,11,19,18,146,39,24,6,46,28,22,1,18,5,7,61,,33,7,19,9,21,12,16,8,10,12,9,16,,33,14,20,28,17,19,24,30,21,1,27,15,43,22,16,18,41,20,,18,13,5,17,13,14,13,,,21,18,20,15,13,3,16,24,6,35,,29,12,25,7,22,14,14,,12,25,36,31,14,29,226,21,23,22,26,29,17,19,22,25,27,28,38,31,30,21,19,8,12,7,12,28,16,18,11,19,27,21,40,31,34,28,36,33,14,34,37,36,9,27,15,41,22,27,7,46,,10,10,8,4,16,9,13,10,9,9,23,18,22,15,8,27,10,17,5,13,17,18,22,31,17,28,31,16,30,16,25,,29,19,28,20,7,10,7,2,5,,7,9,7,17,19,22,18,,9,28,27,8,10,28,14,16,53,48,22,22,39,7,19,11,9,6,8,31,14,2,41,33,56,34,11,5,11,17,13,13,13,15,9,13,12,25,20,17,165,163,156,181,127,55,12,6,10,22,32,18,37,44,18,31,28,27,15,48,38,7,22,39,60,11,13,14,10,16,18,17,9,,19,5,8,3,33,12,12,14,39,12,11,23,16,22,24,10,26,10,17,8,15,7,12,9,19,21,12,10,14,2,22,7,,19,5,8,8,13,34,4,16,16,29,14,,14,15,8,14,25,41,20,26,28,5,12,39,26,17,20,,22,12,17,9,10,16,43,26,22,6,7,8,9,14,18,68,38,21,42,23,16,48,61,50,51,32,45,44,54,43,36,46,46,41,70,60,59,62,56,65,11,2,23,20,8,5,12,26,30,16,23,17,42,32,27,28,23,8,78,34,27,16,50,42,48,41,43,33,27,11,17,42,40,36,25,44,,16,12,5,9,14,21,24,11,2,6,4,,25,12,11,29,21,14,36,11,46,9,15,,9,9,20,142,73,69,24,73,35,33,88,27,86,50,29,20,17,34,17,15,18,2,43,27,24,32,43,35,44,31,14,22,5,47,14,54,18,10,22,16,7,5,29,2,9,2,14,19
20230729,5,PM10_24h,29,21,28,32,32,34,29,27,18,26,25,29,,,29,,32,37,31,,30,,38,29,,28,16,,36,46,37,32,34,40,35,,56,44,,56,44,17,27,31,,38,,31,25,25,26,29,32,41,,30,23,,33,26,29,42,38,37,42,39,40,32,,46,25,25,28,31,35,,37,32,36,37,33,,26,32,42,32,30,27,,27,28,,,25,29,33,34,27,31,28,,28,19,28,24,24,,28,19,17,18,16,25,16,13,15,19,23,29,29,28,29,28,19,21,28,31,27,24,28,19,39,36,34,30,42,38,28,36,41,23,25,22,21,24,,25,22,21,24,12,10,13,9,11,12,18,11,10,32,,20,23,19,21,20,21,11,10,10,6,8,12,,,,19,20,,28,12,12,,,,18,,16,19,14,12,19,12,14,12,23,,,,18,12,,20,21,26,11,10,,14,9,11,12,8,11,14,12,,14,,14,15,,17,13,,13,12,11,,14,25,13,15,17,15,18,,,17,13,17,22,24,22,30,,12,,,17,,18,14,,23,24,21,19,22,19,,15,13,14,13,12,9,10,10,16,13,15,12,17,17,19,14,15,16,7,,12,14,13,13,,18,,17,12,4,,11,7,18,,16,18,16,15,,22,16,20,19,6,,,17,10,15,22,10,13,25,26,22,25,23,24,25,36,31,18,21,22,23,22,21,17,,28,20,13,14,15,13,15,20,9,11,16,28,27,25,,33,34,26,23,26,32,21,18,26,31,29,61,26,24,,26,26,25,40,28,29,28,24,26,21,25,17,,26,30,32,26,30,26,24,27,27,27,22,,,30,26,29,35,27,30,27,27,24,21,16,17,64,58,62,51,64,54,61,70,,26,30,26,25,14,,21,21,17,23,20,14,14,,,30,23,27,25,17,,14,14,20,17,,,17,10,22,22,22,16,29,28,25,22,28,,28,8,21,20,22,20,13,14,9,9,18,15,20,18,20,17,20,18,18,14,,28,,16,17,,41,,39,33,,,,,22,,,,26,32,89,88,82,103,86,,108,21,16,25,21,22,16,19,17,17,19,37,14,26,20,24,,28,26,26,25,36,34,33,35,43,,20,17,16,27,22,24,22,17,15,15,20,22,26,25,19,17,21,,,9,,16,8,4,9,25,,22,13,,,18,17,21,18,,10,12,10,,14,22,14,14,9,8,9,9,8,11,,,,10,,,19,,20,17,12,18,11,13,16,10,7,13,,11,,,24,,19,21,28,16,21,23,21,20,,39,37,37,40,47,28,51,45,37,47,17,18,17,27,23,40,22,26,32,32,,30,20,20,,19,16,,22,19,18,20,19,,32,16,,,33,22,,26,,28,28,31,34,29,30,,26,30,,68,55,,58,,34,44,52,,45,47,17,19,18,,17,19,28,26,21,17,28,36,25,20,25,16,27,27,22,28,17,17,32,26,31,24,32,40,16,15,19,21,14,12,29,20,32,,14,11,10,17,18,26,21,14,16,21,16,18,12,14,,15,16,17,,4,20,16,15,15,,16,18,4,,31,,34,26,32,30,33,26,27,,,,23,,22,,36,,19,,24,21,31,26,38,,29,,26,24,24,20,23,29,,19,19,19,15,16,13,,21,,,13,27,25,26,21,28,27,25,23,28,41,23,41,37,47,53,39,59,36,20,18,15,16,18,21,18,23,24,24,20,,22,13,22,24,12,12,11,9,,,,,11,24,,12,22,20,19,14,20,19,23,21,22,22,16,22,20,,24,16,,21,22,30,,17,19,,20,7,10,11,11,9,11,,9,28,25,22,32,,95,76,126,18,28,21,20,32,30,,62,49,88,92,78,,,15,,,,,12,,,,,,,,,,,,,,,,11,,,,,,,,,,,,,,,,,,,,,,,,,,,,,,,,,,,,,,16,16,23,17,24,17,21,16,14,,,17,29,34,30,30,,25,29,38,18,28,34,35,,36,42,35,,,32,44,,27,28,23,,24,,44,35,,,40,24,,,31,34,34,,,17,19,19,24,26,26,18,35,39,41,35,31,20,24,20,33,28,22,31,26,39,45,36,37,,25,24,15,,10,6,19,28,26,20,19,16,16,32,15,27,,,23,14,12,12,9,22,21,10,8,23,11,36,,15,21,19,16,,,21,7,16,6,20,20,,12,19,18,,20,18,20,,17,19,12,22,18,17,16,,16,16,18,23,16,10,13,15,,13,19,7,14,20,8,,9,,8,,,,10,12,7,11,14,16,,13,,13,16,13,13,18,20,18,11,11,9,10,11,,8,12,10,13,11,13,11,10,,12,11,11,31,10,22,5,13,17,16,18,12,27,24,22,,9,15,16,24,22,,21,14,16,22,22,19,19,20,18,,20,23,24,15,19,38,16,17,16,14,15,,30,28,27,,31,26,34,18,,24,22,19,,21,16,18,16,14,,27,25,26,20,19,17,18,,19,16,17,20,30,,24,22,16,29,22,19,24,27,25,26,16,23,,30,28,28,,12,14,,20,15,10,12,,22,19,17,31,22,19,34,23,17,29,24,23,28,24,26,39,20,18,24,21,21,22,20,28,21,26,20,23,22,22,28,19,21,27,28,24,24,22,21,25,18,17,20,19,52,54,58,54,39,37,37,45,47,43,44,52,46,52,50,46,62,24,27,34,34,34,32,35,,36,44,47,19,15,,10,14,15,15,14,13,13,16,22,15,19,18,19,14,18,,,,18,22,,22,,21,17,18,23,,14,14,15,,,,,14,15,16,16,15,33,,23,,8,9,15,15,14,20,16,9,13,17,9,,,,,29,19,11,10,28,15,20,,16,15,17,16,13,12,19,5,29,17,15,19,24,30,,23,28,26,29,16,9,19,16,22,,22,15,,16,7,,5,10,11,,39,,5,,6,7,16,18,19,17,23,22,22,22,9,13,13,23,,33,27,,15,17,48,,64,71,13,19,134,144,,8,7,26,29,,,24,26,32,,26,23,19,28,6,26,20,,19,,,19,10,8,8,84,78,56,87,26,,92,52,51,39,38,55,76,77,98,,,61,47,,39,,51,71,85,116,15,19,26,27,39,29,25,42,29,,27,20,16,21,14,19,17,,11,,8,13,18,18,18,18,124,26,15,38,23,20,12,10,,,39,10,10,28,,31,22,29,16,,8,8,,,10,21,22,12,13,13,15,12,8,20,27,28,19,25,47,,28,17,,22,17,18,16,73,27,18,15,24,30,27,16,20,27,17,47,10,32,16,17,15,11,22,11,11,14,13,13,24,,29,20,20,22,12,17,27,24,22,24,32,22,31,24,23,19,22,40,,18,15,10,20,15,15,11,,,32,24,29,15,15,6,23,19,10,52,21,25,15,21,14,21,9,14,,16,37,36,42,31,21,83,22,20,20,26,35,23,20,25,23,24,26,21,38,37,22,20,16,20,13,12,16,19,13,22,25,31,25,28,31,32,24,32,31,38,37,23,29,15,29,21,28,34,25,22,37,,27,10,16,10,17,11,12,11,30,32,28,16,22,31,28,15,12,10,9,17,16,18,31,22,14,26,26,16,38,26,16,,17,16,17,11,16,12,15,12,14,,7,23,20,16,16,20,20,,16,33,33,30,20,23,23,63,41,33,49,47,29,12,9,14,12,13,12,40,14,12,31,21,26,33,15,6,8,17,11,16,22,19,19,19,13,15,17,9,98,93,91,95,107,75,15,17,12,22,28,37,24,44,15,23,30,26,18,39,40,11,24,34,49,37,16,17,11,12,17,19,13,24,25,32,26,29,27,23,17,15,28,29,12,19,27,19,16,12,19,10,17,16,25,13,9,14,20,20,17,15,20,6,13,20,28,12,17,21,15,14,26,6,18,13,13,19,18,16,18,13,16,40,51,32,33,20,8,16,32,32,20,21,,24,17,21,26,26,22,27,18,18,9,7,15,21,15,19,37,30,20,48,35,34,58,49,44,37,45,51,53,55,36,22,40,34,32,57,54,53,57,36,41,21,30,21,32,21,29,19,28,20,17,18,14,18,17,20,15,19,50,89,250,234,13,16,30,43,29,42,25,32,25,17,28,28,28,24,37,,13,19,28,38,18,18,21,13,4,11,16,18,30,16,18,24,16,20,22,20,38,14,17,,15,11,15,52,43,50,33,35,27,28,44,28,36,33,26,21,16,23,22,12,38,16,48,47,22,16,32,25,41,33,15,24,29,41,33,45,26,13,24,18,7,7,20,16,9,10,19,36
20230729,5,SO2,3,3,3,3,3,3,1,3,3,3,3,3,,,5,,2,4,7,,4,,,7,,4,2,,2,1,3,3,4,2,6,,1,3,,8,2,4,2,6,,6,,2,3,1,8,4,6,9,,4,2,,3,3,8,6,6,8,7,4,1,1,,5,5,6,2,4,4,,6,4,3,4,5,,3,4,3,5,3,3,,6,6,,,7,6,6,9,5,10,13,,5,6,8,9,6,,12,4,4,7,4,7,5,4,6,5,6,4,4,4,6,4,5,3,5,3,4,8,5,6,3,5,6,5,5,3,4,5,8,4,8,6,3,4,,2,6,7,5,4,3,4,7,13,6,4,6,7,5,,6,7,8,6,8,6,6,8,4,4,4,4,,,,6,8,,6,7,4,,,,6,,3,5,7,5,9,5,8,5,7,,,,6,5,,3,3,5,8,6,,6,5,7,4,6,7,5,3,,5,,7,5,,6,4,,4,5,6,,6,3,6,5,2,4,7,,,3,4,4,5,6,5,4,,5,,,2,,6,2,,4,2,3,5,4,5,,2,4,4,2,2,4,5,3,6,4,4,3,5,5,8,9,7,9,2,,4,2,2,3,,3,,7,4,7,,5,4,10,,6,5,6,4,,4,7,5,6,5,,,5,6,11,6,5,5,1,1,3,2,1,1,3,2,3,7,7,7,5,6,5,5,,6,6,3,5,4,1,4,2,4,3,2,5,4,4,,4,4,9,6,6,6,5,7,5,5,5,4,4,7,,5,6,5,7,4,6,4,4,6,10,5,7,,8,7,14,6,6,8,12,6,7,4,5,,,9,7,8,4,6,6,6,4,7,20,4,10,5,7,7,5,5,9,7,5,,6,5,8,7,12,,5,6,4,7,7,5,5,,,7,9,6,4,6,,3,3,2,1,,,3,14,5,5,3,5,3,6,8,4,3,,7,,8,4,7,6,7,13,8,11,9,10,7,5,3,6,6,7,2,4,,4,,4,6,,5,,4,6,,,,,5,,,,18,11,5,6,13,4,5,,7,10,3,10,14,6,4,4,4,6,6,1,6,4,7,20,,12,7,20,7,8,7,8,6,6,,6,6,5,3,4,6,3,2,3,5,2,5,2,2,8,7,8,,,4,,4,2,5,1,6,,6,2,,,2,1,2,11,,10,6,6,,16,8,7,8,6,6,2,3,4,7,,,,10,,,5,,5,9,7,9,5,8,6,4,4,4,,5,,,17,,29,20,8,4,3,8,4,7,,23,15,10,10,7,4,6,7,4,13,1,4,1,7,4,6,4,5,4,6,,7,7,8,,4,4,,6,5,2,4,4,,10,5,,,,4,,4,,10,28,9,11,8,10,,11,8,,10,11,,10,,7,6,7,,8,6,12,15,16,,6,5,4,7,2,4,3,2,5,8,6,4,5,4,4,6,5,6,6,11,4,6,3,4,5,5,6,6,4,6,5,3,6,,7,5,4,4,2,4,5,6,2,4,2,3,5,2,,6,8,6,,4,10,7,8,8,,11,10,7,,3,,3,4,5,3,8,6,4,,,,2,,2,,6,,2,,3,6,4,3,4,,6,,4,2,4,2,8,6,,8,6,8,5,7,1,,4,,,8,4,6,3,6,4,21,26,4,4,3,2,3,36,30,6,35,27,19,1,2,3,7,6,5,4,9,10,8,5,,8,6,16,6,5,5,6,3,,,,,1,1,,1,1,7,8,10,4,6,4,6,2,1,4,6,4,,4,3,,9,1,7,,6,4,,6,7,4,5,9,4,5,4,4,4,6,5,4,,26,8,5,17,13,5,6,8,3,,7,7,6,5,5,,,4,,,,,3,,,,,,,,,,,,,,,,4,,,,,,,,,,,,,,,,,,,,,,,,,,,,,,,,,,,,,,6,1,1,3,1,2,2,3,1,,,2,12,14,11,10,,10,6,9,5,5,8,11,,7,7,6,,,4,4,,9,7,3,,11,,21,29,,,5,5,,,2,3,13,,,2,2,7,10,10,5,6,3,4,7,9,5,3,6,31,6,10,4,6,13,8,5,2,4,,9,10,5,,7,4,6,6,2,3,7,2,7,5,6,5,,,5,9,7,9,,12,6,9,5,6,7,15,8,2,2,4,1,,,8,9,3,2,5,3,,7,11,7,,6,6,6,,4,7,10,8,5,2,3,,4,4,4,7,2,3,4,4,,5,5,5,7,9,8,,6,,6,,,,2,6,12,6,4,4,,3,,5,6,4,6,6,,6,1,6,2,6,10,5,4,7,4,2,2,5,5,2,,8,2,3,5,6,6,30,12,13,15,12,22,8,8,8,,2,2,1,,2,,1,5,6,5,7,13,9,15,2,,2,2,7,3,4,4,4,4,1,5,8,,3,5,6,,5,2,5,4,,4,3,4,,2,8,6,7,4,,5,6,4,8,9,5,,,4,5,4,6,5,,4,10,7,4,6,4,6,5,6,8,3,4,,6,7,6,,7,6,,7,5,5,1,,6,3,6,9,10,4,16,8,13,13,8,3,14,8,10,9,4,4,2,2,4,5,4,5,3,4,6,6,10,13,10,12,4,10,7,8,2,29,20,10,6,,6,5,13,6,8,6,4,6,4,7,4,12,5,5,6,7,7,56,119,7,9,17,9,5,15,13,,58,4,2,6,4,,8,6,5,3,6,5,3,6,5,2,1,1,9,3,10,,,,7,8,,9,5,7,8,8,6,,6,6,6,,,,,5,5,6,6,7,1,,4,,4,5,8,9,10,12,2,5,7,6,5,,,,,5,1,4,4,39,3,2,,3,7,6,13,17,2,7,8,5,9,4,6,21,68,,32,46,5,5,7,9,4,8,10,,8,6,,7,7,,7,8,4,,5,,6,,8,8,1,6,9,7,5,7,6,7,5,4,5,7,,148,22,,4,2,6,,8,6,4,3,4,4,,5,5,7,7,,,,5,4,,10,10,14,8,11,9,5,,5,,,6,4,4,6,6,4,3,4,5,,5,6,10,6,6,9,6,4,,,,6,5,,5,,4,8,7,11,4,3,4,4,5,4,4,3,10,,8,2,8,2,5,2,2,,4,,6,1,2,4,9,10,22,10,4,6,6,8,5,3,,,3,4,6,6,,12,20,5,5,,5,5,,,1,3,5,4,7,6,2,4,4,6,5,7,6,7,11,,4,2,,6,4,7,5,4,13,3,3,60,2,3,6,3,2,4,20,2,18,4,2,2,6,4,8,3,7,6,8,6,,1,5,10,3,3,5,2,5,5,4,4,8,3,2,10,3,1,4,32,3,5,5,6,8,5,4,,,3,4,6,7,7,6,6,3,3,5,3,5,8,8,6,2,4,3,,5,7,6,13,38,5,12,6,7,6,8,5,7,2,5,6,3,5,7,21,15,10,2,8,7,7,7,7,1,4,4,5,5,7,7,5,6,6,3,6,6,8,23,2,6,7,6,5,1,2,6,8,,6,9,6,4,10,2,3,2,4,3,2,1,8,4,2,8,4,7,8,10,5,9,7,5,9,12,12,8,13,12,2,,2,9,18,3,5,9,8,3,4,,2,5,4,4,14,11,8,,5,8,5,7,7,10,4,5,11,53,7,8,5,2,3,3,6,4,3,5,5,4,4,3,37,12,4,1,4,6,4,5,6,4,6,6,2,5,2,7,4,5,2,7,9,8,6,7,4,8,6,4,5,4,9,3,9,7,6,1,2,5,4,5,10,9,4,3,6,6,2,4,4,2,6,3,4,1,9,8,4,14,6,11,6,9,8,6,3,3,2,5,4,7,6,3,3,10,3,4,8,6,7,1,6,8,,4,2,4,3,9,4,7,8,5,3,4,,3,7,3,10,14,12,10,3,8,5,4,5,2,2,4,,8,5,7,7,6,7,7,6,4,5,4,2,6,5,2,10,7,6,7,14,6,7,1,2,1,3,3,4,4,6,15,5,7,9,4,8,8,10,6,9,2,3,5,3,7,9,1,6,7,5,9,7,6,4,3,3,7,9,3,4,4,4,16,5,8,7,25,8,6,10,3,7,10,16,16,10,,6,3,5,1,6,5,1,4,6,8,5,6,2,3,7,2,4,6,7,3,6,1,4,,5,6,1,10,6,7,8,5,3,2,3,3,3,8,9,3,4,37,10,13,4,4,6,2,3,3,3,3,6,5,5,3,7,4,4,10,5,4,5,7,5,7,10,10,4,7,6,7
20230729,5,SO2_24h,3,3,3,3,3,3,1,3,3,3,3,3,,,5,,2,5,5,,4,,4,5,,3,3,,2,2,2,3,3,2,6,,2,3,,2,3,4,2,5,,5,,2,3,3,8,3,6,9,,4,3,,2,2,9,10,8,14,10,5,2,2,,4,5,9,2,4,3,,6,5,3,4,6,,3,6,6,6,4,3,,6,6,,,8,7,6,6,4,9,18,,6,8,11,10,9,,9,4,4,8,4,7,5,4,6,6,6,4,4,4,5,3,5,4,4,3,2,8,5,6,3,6,7,5,6,3,4,5,8,4,8,6,3,4,,2,6,6,5,4,3,3,6,9,6,4,6,7,5,,6,8,8,6,8,6,6,8,4,4,4,4,,,,6,8,,6,7,4,,,,6,,3,5,7,5,10,6,8,6,6,,,,8,5,,2,5,4,7,6,,7,5,7,4,6,7,4,3,,5,,6,5,,6,4,,4,5,6,,6,4,5,5,2,4,7,,,3,4,4,4,6,5,4,,5,,,2,,6,3,,4,2,3,5,4,4,,2,3,4,3,2,5,4,3,5,4,4,3,5,5,8,8,7,8,2,,4,2,2,3,,3,,8,6,8,,5,4,9,,7,5,6,4,,4,7,5,6,5,,,4,6,9,6,5,5,1,1,3,2,1,6,2,2,3,9,8,8,8,6,7,5,,6,6,3,5,4,2,4,2,5,2,2,5,5,6,,5,5,9,7,7,6,6,8,4,5,6,5,4,7,,5,7,5,8,6,8,5,6,7,11,5,7,,8,4,9,6,7,8,12,7,7,5,6,,,10,8,7,4,5,5,6,4,7,13,7,9,9,8,10,7,7,12,8,9,,6,6,7,7,8,,5,5,4,6,6,4,6,,,6,8,5,4,4,,3,3,3,2,,,2,8,4,4,3,5,4,5,5,4,3,,9,6,8,3,6,5,8,10,9,12,14,11,7,5,3,6,6,7,2,5,,4,,4,6,,7,,7,9,,,,,6,,,,11,13,5,5,14,5,5,,7,10,3,10,12,6,4,4,4,6,7,2,6,4,7,14,,12,9,14,7,6,8,10,9,7,,6,6,4,4,4,6,3,3,3,5,2,5,2,2,9,7,8,,,5,,4,2,4,2,7,,7,2,,,3,2,2,12,,8,6,7,,11,9,10,8,6,6,2,3,5,6,,,,10,,,5,,5,8,7,8,5,8,6,5,4,4,,9,,,15,,11,9,11,5,5,9,5,8,,10,9,10,9,7,4,8,8,4,12,1,5,2,7,4,7,4,6,5,7,,7,6,7,,4,5,,7,6,2,6,5,,14,5,,,3,5,,4,,8,7,9,8,8,10,,12,9,,8,7,,7,,10,7,9,,8,7,12,15,16,,8,6,5,5,3,4,3,10,5,7,6,4,6,5,5,6,6,6,6,10,16,10,4,3,5,5,6,6,4,6,5,3,7,,6,5,4,4,2,4,5,6,2,3,2,3,5,2,,6,8,6,,4,11,8,9,8,,11,10,7,,3,,2,4,6,3,8,7,5,,,,1,,2,,6,,3,,2,6,4,3,4,,6,,4,2,4,2,8,5,,11,9,9,7,7,2,,4,,,7,5,6,3,6,7,9,10,6,5,4,2,5,20,18,11,18,26,11,1,2,3,6,6,6,7,9,7,8,4,,8,7,15,6,5,4,6,2,,,,,2,3,,4,1,8,8,7,4,5,4,7,2,1,5,5,4,,4,3,,8,2,5,,6,4,,5,7,5,5,9,4,6,8,5,4,6,5,4,,24,30,3,17,30,8,11,9,2,,6,8,6,5,6,,,4,,,,,3,,,,,,,,,,,,,,,,5,,,,,,,,,,,,,,,,,,,,,,,,,,,,,,,,,,,,,,7,2,1,2,1,2,2,4,2,,,3,9,10,9,8,,7,5,6,4,4,6,12,,8,9,5,,,3,3,,14,13,2,,6,,19,22,,,5,4,,,7,4,14,,,4,3,7,10,10,5,7,4,4,8,7,5,3,6,9,9,9,4,6,10,8,5,3,4,,7,7,10,,7,5,7,5,5,4,6,4,8,6,7,5,,,6,8,7,9,10,12,6,9,6,4,6,15,9,2,2,4,1,,,7,8,4,2,5,3,,6,9,5,,6,5,8,,4,8,5,8,5,2,3,,3,3,4,8,2,3,5,4,,4,6,6,7,9,8,,5,,6,,,,3,7,8,6,4,4,,3,,7,6,5,6,6,8,6,1,10,4,7,10,5,4,6,4,3,4,4,3,2,,8,2,4,5,7,5,29,11,13,14,11,12,11,8,8,,6,8,12,18,10,,1,5,5,5,11,8,9,13,2,,4,3,7,2,4,4,5,5,2,7,9,,4,5,7,,6,2,6,5,,4,4,4,,2,9,4,8,5,,6,5,4,7,9,4,4,,4,6,4,6,6,,7,8,7,4,5,5,6,5,6,7,4,4,,8,9,7,,6,7,,7,5,5,2,,6,4,6,9,10,4,20,13,11,20,13,4,7,6,6,8,4,4,2,2,4,5,5,6,3,5,6,7,9,11,10,10,4,7,8,8,2,8,6,9,6,5,6,5,9,6,7,7,9,6,6,10,7,11,6,8,6,8,7,16,27,7,8,10,9,6,11,8,,12,4,3,6,4,,6,7,6,4,6,5,3,5,4,2,2,1,2,3,10,,,,6,15,,8,6,7,9,8,7,,7,7,6,,,,,5,5,6,6,7,2,,4,,4,5,8,10,8,12,2,5,6,4,5,,,,,2,2,4,4,21,5,2,,3,8,7,6,8,3,8,9,5,9,4,6,24,38,,12,13,7,5,7,9,5,8,13,,8,6,,7,7,,6,7,4,,8,,7,,8,8,2,6,7,8,5,7,6,8,5,5,5,8,,88,38,,6,7,6,,7,4,4,3,4,4,,5,5,8,8,,,7,6,4,,11,9,14,10,11,11,6,,7,,,7,5,4,6,6,4,4,5,5,,8,8,9,6,6,14,3,2,3,,,7,6,,5,,4,10,8,10,11,2,4,5,6,5,4,3,10,,5,2,8,2,4,2,2,,4,,6,2,3,4,7,7,12,8,4,6,6,8,5,4,,,2,4,6,6,,9,13,6,4,,5,5,,,2,4,5,4,7,6,2,5,5,5,6,6,6,6,8,,4,3,,6,4,8,5,5,15,4,6,14,3,4,6,3,2,5,13,3,27,4,2,3,6,5,8,5,8,7,9,6,,2,5,8,3,3,5,3,6,5,5,4,8,4,4,9,3,1,5,30,4,6,5,6,9,5,4,,,6,4,7,7,7,6,6,3,4,6,3,8,8,15,6,3,4,4,,5,11,6,18,35,5,6,6,7,6,7,5,8,2,5,6,3,6,8,22,10,10,2,7,6,7,7,6,2,4,6,7,7,8,8,5,7,6,4,7,7,8,12,2,7,8,7,8,5,2,6,8,,6,9,5,4,10,2,4,2,6,4,2,1,8,5,3,8,3,6,8,10,4,9,8,8,9,10,7,7,10,12,2,,3,6,4,3,7,10,9,5,6,,1,3,4,4,8,8,8,,6,7,5,8,6,6,5,6,12,34,10,10,5,2,2,4,5,4,4,6,7,5,4,3,13,12,4,2,5,6,4,7,5,5,6,6,2,5,2,7,4,8,2,6,6,7,12,8,6,9,6,5,6,5,9,4,7,7,6,1,3,5,4,5,6,8,4,3,6,6,3,3,4,4,6,4,5,5,10,8,5,17,6,13,7,9,8,4,3,2,2,6,4,6,6,4,3,9,3,4,7,6,5,2,5,6,2,5,4,6,4,10,5,7,8,5,2,4,3,2,7,4,11,8,16,7,4,4,5,4,5,2,3,3,,8,5,7,9,6,6,6,4,3,5,4,1,6,3,2,16,9,6,8,15,6,8,1,1,1,3,3,4,4,5,6,8,7,9,3,8,8,10,7,8,2,5,5,2,8,12,2,7,5,6,8,7,5,4,3,2,5,10,6,7,8,4,6,5,10,7,26,8,7,11,4,9,9,10,12,8,,6,3,5,2,6,5,3,4,6,7,6,7,2,4,7,2,4,6,5,4,7,1,4,,4,6,2,11,5,7,9,4,3,2,3,2,3,6,11,4,4,13,12,8,6,4,4,3,3,3,3,3,9,6,3,2,9,6,4,10,5,4,4,6,6,7,7,12,4,8,6,13
20230729,5,NO2,60,8,35,45,30,42,36,23,19,44,69,15,,,16,,12,14,28,,10,,,12,,7,21,,19,19,23,7,16,16,12,,22,33,,39,22,12,13,34,,40,,4,3,9,12,15,13,15,,20,5,,8,16,7,26,25,24,30,8,24,31,,24,24,25,31,15,14,,6,4,6,12,26,,5,17,11,26,10,37,,23,24,,,34,25,28,21,27,28,22,,18,18,16,16,19,,12,13,15,14,16,17,14,18,10,12,18,18,14,13,14,14,8,2,15,17,13,9,17,10,5,12,14,20,16,18,8,8,20,6,8,6,7,2,,6,14,4,9,1,7,4,2,4,4,8,4,4,2,,2,2,4,2,2,2,7,8,2,5,4,5,,,,4,5,,6,3,6,,,,12,,6,8,2,6,8,6,6,5,8,,,,1,1,,14,12,9,8,6,,6,7,7,5,4,4,1,2,,3,,3,5,,12,8,,9,10,11,,9,4,14,11,2,5,4,,,2,3,1,9,6,4,7,,10,,,7,,2,8,,3,3,4,4,3,2,,9,18,7,8,11,10,2,2,14,9,5,7,6,8,5,13,6,10,1,,8,12,3,2,,7,,6,8,15,,3,5,3,,9,21,34,31,,28,33,28,31,3,,,6,6,15,7,6,7,11,5,9,12,6,6,5,5,13,14,15,11,11,17,14,6,,12,15,14,6,20,8,20,8,8,16,5,4,68,14,,28,52,20,17,40,18,24,11,,5,8,7,5,9,,6,7,24,15,7,4,6,1,10,16,16,19,,20,33,42,9,5,5,6,9,10,12,8,,,19,14,18,18,14,14,8,16,36,39,14,23,5,7,7,10,6,24,17,42,,29,27,30,28,6,,31,41,27,12,29,18,8,,,46,23,36,15,22,,27,51,45,19,,,27,6,12,22,9,14,12,19,14,14,12,,12,,9,15,8,11,6,11,13,9,5,8,27,11,24,9,11,18,9,5,,27,,9,20,,21,,22,23,,,,,9,,,,16,27,7,12,17,13,5,,9,12,8,14,17,9,18,23,15,10,17,2,4,22,5,39,,18,49,29,28,21,12,30,37,58,,15,11,11,2,1,4,1,13,17,12,5,7,1,9,3,5,3,,,9,,6,2,3,3,5,,5,19,,,6,9,6,15,,13,17,10,,14,11,9,8,7,2,2,2,2,5,,,,8,,,8,,5,8,4,7,12,2,3,7,7,4,,2,,,13,,7,16,15,6,6,6,6,5,,12,11,9,7,16,17,10,11,10,17,16,19,18,3,3,3,8,9,10,17,,14,5,7,,8,10,,3,2,6,2,9,,20,16,,,,20,,28,,26,32,25,40,6,8,,3,3,,18,21,,20,,12,12,10,,10,8,20,7,6,,4,4,8,26,12,6,2,27,20,16,21,14,17,12,22,14,8,9,13,16,13,9,14,14,7,10,10,7,7,2,9,6,7,,6,7,7,7,16,6,7,23,8,7,6,9,10,8,,5,7,7,,4,6,13,7,2,,14,6,2,,1,,3,6,7,3,5,2,2,,,,9,,8,,8,,3,,8,6,10,12,23,,6,,14,28,10,9,10,15,,4,15,7,14,13,2,,12,,,4,7,5,5,3,10,27,21,19,7,4,2,2,13,25,21,23,18,15,6,10,4,5,8,11,15,29,27,27,14,,6,11,14,60,17,8,5,5,,,,,4,4,,4,3,9,8,12,11,7,11,8,14,13,10,16,11,,7,13,,10,3,20,,8,14,,13,2,5,18,9,7,6,7,5,19,16,23,12,,23,15,35,8,2,10,16,1,3,,9,2,10,11,6,,,24,,,,,6,,,,,,,,,,,,,,,,4,,,,,,,,,,,,,,,,,,,,,,,,,,,,,,,,,,,,,,10,7,8,8,6,6,5,6,1,,,3,16,18,17,13,,14,67,56,35,26,58,18,,13,26,17,,,21,27,,26,31,23,,28,,8,9,,,11,9,,,7,5,19,,,14,10,2,7,12,5,6,16,12,10,9,11,3,9,8,15,16,28,20,22,10,9,20,9,,20,19,8,,5,2,7,14,8,5,7,6,9,16,6,7,,,4,17,13,22,,11,4,6,5,13,10,1,5,5,5,6,4,,,15,22,10,2,10,9,,7,11,10,,10,8,12,,9,9,11,12,8,4,4,,4,6,5,22,6,5,12,11,,9,2,2,4,14,10,,13,,12,,,,1,6,7,4,5,6,,10,,13,12,12,3,2,,2,2,11,13,9,6,,4,9,5,8,16,13,7,6,,4,5,4,7,6,3,3,12,12,14,12,9,13,14,8,,1,1,1,,2,,10,6,8,12,12,12,10,15,30,,7,21,7,2,2,3,3,4,4,6,4,,10,7,5,,7,3,6,6,,6,5,8,,6,6,4,6,4,,6,2,6,4,9,11,,,8,6,7,15,14,,24,27,5,8,6,2,11,11,8,10,5,3,,5,6,9,,3,4,,1,4,1,3,,1,4,4,11,12,10,8,16,15,21,15,6,10,15,15,13,5,6,5,4,3,24,20,17,19,25,7,13,9,14,17,3,7,9,10,18,4,27,27,9,7,,8,8,33,9,27,27,10,6,7,10,9,24,18,6,6,7,12,16,28,26,16,17,17,11,19,16,,18,9,11,8,4,,8,5,9,9,16,6,10,10,16,11,17,20,20,4,38,,,,14,15,,15,12,20,21,23,22,,4,3,7,,,,,10,4,4,11,7,5,,6,,19,6,11,7,9,9,3,10,7,10,2,,,,,8,7,6,6,26,19,11,,6,6,5,12,12,4,9,10,12,10,10,12,23,20,,19,15,10,13,11,8,4,11,11,,19,12,,7,7,,11,13,11,,3,,16,,2,4,20,20,20,12,13,13,12,12,4,6,4,12,,6,12,,10,15,24,,7,7,14,13,11,38,,4,1,15,35,,,,12,44,,6,7,8,10,4,3,16,,7,,,11,5,4,2,16,12,10,9,8,,6,12,9,5,8,20,14,8,,,,16,11,,19,,4,6,3,6,5,2,5,21,4,12,13,13,11,,25,6,14,11,4,8,7,,14,,8,21,38,13,31,18,15,16,8,21,17,10,3,13,,,31,1,11,10,,18,15,27,2,,5,14,,,7,6,7,2,8,7,4,5,7,8,5,24,16,8,23,,13,7,,18,9,10,11,3,24,13,1,16,14,27,2,5,10,4,29,3,18,10,5,11,24,12,8,10,8,7,9,7,,2,8,27,5,5,18,5,13,10,3,7,15,4,12,22,15,30,7,32,8,12,2,19,7,14,18,,,24,8,14,10,5,3,8,13,15,26,10,5,20,21,4,11,4,7,,5,27,23,16,19,10,75,5,9,5,6,11,4,5,7,4,9,,40,9,26,10,8,4,2,7,3,2,14,6,12,,52,20,23,18,20,6,12,15,3,14,30,8,7,25,14,16,1,4,24,22,,25,7,11,5,14,3,5,4,11,10,6,6,10,5,2,7,17,9,13,12,12,6,19,15,13,22,21,13,20,18,24,,14,13,19,5,18,9,4,4,7,,2,7,11,17,20,17,10,,11,37,7,13,2,13,2,8,16,20,10,8,22,4,14,11,6,1,3,5,8,4,11,13,73,47,2,4,11,4,5,14,9,2,5,2,2,2,6,1,3,11,3,9,8,7,31,4,11,4,10,5,17,13,7,10,21,7,15,10,29,10,22,8,36,25,4,6,9,8,13,14,7,4,8,10,7,5,15,9,8,15,6,7,4,17,11,20,6,23,15,13,18,8,22,12,5,9,9,16,14,4,15,6,2,11,,20,8,8,7,13,26,6,11,2,20,2,,3,1,1,24,17,13,14,9,13,4,8,17,14,3,4,,6,3,22,3,9,13,21,23,10,9,8,11,2,5,2,36,13,12,8,18,2,37,15,21,10,29,20,34,36,11,6,11,23,24,24,29,27,25,39,41,12,2,33,6,12,8,4,17,16,3,13,5,11,11,12,12,22,1,4,7,5,12,21,13,9,19,12,6,19,14,26,15,19,27,16,26,,4,2,1,2,12,12,4,9,8,21,13,4,21,9,10,13,9,17,16,6,,13,22,,15,11,2,18,18,15,3,18,10,15,23,5,54,31,11,10,29,26,20,7,2,9,37,20,7,12,18,30,29,31,5,2,3,10,17,13,6,2,22,10,3,6,17,4,5,8,17,5
20230729,5,NO2_24h,28,6,15,20,25,28,30,16,13,19,32,21,,,17,,19,19,22,,21,,26,14,,12,17,,8,13,14,6,13,13,11,,17,19,,20,14,11,18,24,,24,,6,4,9,8,11,10,12,,14,8,,13,14,9,28,20,22,24,9,18,22,,18,18,17,23,8,12,,7,9,10,13,23,,8,20,21,24,15,26,,20,27,,,23,25,28,25,14,25,17,,16,12,12,14,15,,11,14,13,10,10,11,12,14,10,12,13,19,14,10,12,13,7,2,13,11,14,11,13,8,10,16,19,22,20,22,8,13,19,9,5,8,8,3,,9,13,7,12,8,13,8,7,9,9,14,11,8,5,,3,4,7,3,2,9,8,9,2,7,6,5,,,,7,7,,8,6,8,,,,15,,13,20,9,12,17,13,12,10,16,,,,10,8,,20,20,17,8,5,,4,7,8,6,5,6,2,3,,5,,5,7,,15,12,,11,13,14,,11,6,18,13,7,6,6,,,2,5,4,7,3,2,8,,16,,,9,,4,11,,3,3,5,5,2,2,,16,18,10,9,9,9,5,5,16,12,8,10,8,13,8,16,9,12,2,,5,4,5,4,,3,,11,12,11,,6,6,6,,14,16,22,18,,23,21,26,21,4,,,6,10,14,8,7,10,13,7,10,14,7,8,8,9,14,18,22,16,21,18,21,16,,18,16,10,8,14,11,14,15,9,15,9,3,41,14,,22,25,18,16,22,20,17,11,14,17,16,22,20,19,,12,8,9,24,13,15,10,10,9,13,16,13,,16,22,23,13,10,9,8,13,15,14,11,,,15,12,19,16,12,9,12,17,19,23,16,15,30,27,56,26,32,19,34,42,,15,19,16,13,5,,21,40,20,25,33,22,18,,,40,36,31,22,29,,8,18,21,18,,,14,3,12,23,11,13,13,18,15,16,15,,15,11,15,20,15,17,14,16,17,12,20,17,19,12,22,11,15,15,8,10,,19,,17,15,,26,,27,29,,,,,11,,,,15,21,22,28,31,25,7,,16,14,11,14,17,11,8,13,8,7,11,13,4,16,6,28,,21,26,24,19,23,16,16,17,25,,11,9,12,5,2,6,3,10,14,7,2,9,4,10,3,5,3,,,10,,7,3,4,4,8,,9,8,,,11,12,10,21,,7,12,9,,14,12,10,11,8,3,2,2,2,6,,,,4,,,10,,6,5,5,4,13,2,4,6,4,5,,4,,,8,,5,8,10,7,9,9,10,5,,13,18,16,14,18,14,12,12,12,17,10,11,10,6,6,5,15,10,10,12,,11,9,6,,6,6,,6,5,9,4,7,,22,11,,,4,11,,21,,23,20,16,22,8,12,,5,7,,17,20,,20,,12,13,12,,11,10,24,20,12,,6,7,8,12,12,8,3,18,15,9,14,6,15,11,14,20,9,7,15,10,6,9,13,14,8,9,13,7,9,2,13,11,11,,8,10,12,9,10,11,10,22,7,10,8,13,11,11,,7,9,10,,6,13,17,13,8,,15,13,2,,8,,9,11,13,10,8,4,6,,,,6,,8,,11,,6,,10,8,9,11,16,,6,,18,19,12,12,9,14,,9,15,9,11,10,4,,5,,,3,9,14,8,4,6,12,10,11,9,4,4,6,10,21,20,16,22,13,7,6,7,16,13,10,12,17,16,17,14,,10,13,23,30,12,11,5,7,,,,,5,11,,9,4,12,9,11,14,7,14,9,14,13,12,15,12,,12,12,,12,7,20,,13,18,,19,6,8,19,14,11,11,10,13,18,21,19,14,,19,21,18,9,13,14,13,4,6,,7,4,21,12,6,,,19,,,,,6,,,,,,,,,,,,,,,,4,,,,,,,,,,,,,,,,,,,,,,,,,,,,,,,,,,,,,,8,6,7,8,5,6,5,6,2,,,3,15,15,15,13,,12,14,13,14,9,18,21,,16,19,10,,,11,14,,18,21,25,,21,,14,15,,,14,13,,,9,7,15,,,13,9,5,9,14,8,6,11,11,10,8,7,5,6,9,13,14,19,16,19,10,10,16,11,,14,12,7,,5,4,8,12,11,8,8,6,13,16,10,13,,,7,13,11,16,9,11,6,8,5,12,12,2,10,8,8,11,4,,,10,13,8,2,14,11,,5,7,10,,10,9,15,,10,9,12,11,9,7,3,,6,8,6,14,8,6,11,10,,9,4,4,4,19,16,,10,,12,,,,4,10,9,6,5,6,,7,,15,16,16,2,2,2,2,2,8,10,7,5,,5,7,3,5,8,5,4,6,,3,4,6,7,7,7,4,6,9,6,11,7,9,10,8,,4,4,4,10,8,,4,3,7,7,8,6,8,12,14,,9,13,6,3,4,3,3,5,6,6,4,,19,13,10,,10,6,11,8,,7,6,8,,6,5,5,7,6,,9,3,7,5,8,10,6,,9,5,6,11,10,,17,14,5,7,6,7,11,9,9,10,11,8,,8,9,9,,4,5,,5,4,4,7,,2,5,5,11,12,8,9,12,8,13,10,5,6,6,8,9,5,7,6,4,5,23,10,15,11,17,6,8,9,10,12,2,8,5,4,7,4,10,6,11,4,4,7,9,30,16,22,20,17,8,10,15,15,16,14,14,13,14,9,14,20,12,12,14,14,10,13,15,,10,9,13,8,10,,6,4,12,10,13,7,9,10,12,10,18,17,11,5,19,,,,9,11,,10,17,23,21,26,22,,12,9,8,,,,,8,6,8,8,7,15,,11,,12,4,8,9,10,12,4,10,12,15,7,,,,,11,7,7,6,16,18,14,,5,8,8,8,8,7,14,14,16,12,10,10,21,21,,10,9,12,13,12,12,11,11,10,,11,9,,10,10,,6,8,12,,7,,9,,4,5,9,10,13,9,16,12,12,12,3,7,6,8,,15,13,,11,12,20,,10,9,18,19,17,18,,5,5,14,22,,,17,15,25,,10,9,13,9,7,6,15,,8,,,11,13,7,10,20,19,26,32,9,,10,9,10,8,8,13,14,14,12,,,13,12,,28,,13,8,6,26,14,2,6,15,13,18,12,9,16,,28,8,15,18,4,12,13,,12,,4,9,13,9,23,17,17,11,8,15,13,7,7,10,,,20,2,15,15,,20,16,17,4,,6,11,,,12,12,14,2,11,8,6,8,7,14,7,34,15,14,20,,18,7,,15,10,7,7,6,18,10,4,9,10,18,6,3,17,7,29,3,20,7,6,13,17,14,6,9,8,8,8,9,,5,10,37,5,8,21,3,3,4,8,5,22,6,9,15,16,18,13,23,7,12,2,23,11,13,15,,,15,7,10,16,6,4,6,15,8,18,9,7,19,18,4,7,6,6,,6,25,20,14,18,13,20,10,5,7,9,10,7,8,10,5,13,18,24,14,19,23,14,5,5,9,3,2,13,5,11,17,30,20,17,20,14,12,21,26,12,14,14,10,8,14,12,11,6,4,18,15,,17,8,15,6,17,4,5,5,13,11,6,6,8,12,7,7,13,8,20,15,16,6,16,14,10,20,22,8,30,22,12,,12,9,12,6,22,13,5,6,4,,3,9,13,13,15,13,14,,12,25,9,11,4,7,4,23,10,10,12,15,12,7,8,17,10,7,7,10,9,3,10,6,34,22,7,7,13,8,6,17,16,9,13,3,2,2,5,2,14,23,8,22,10,5,22,6,7,5,16,14,15,12,4,12,12,10,6,11,11,9,14,10,20,20,4,9,10,10,11,13,8,5,7,14,11,8,14,9,8,12,10,14,6,21,19,11,11,19,11,13,12,8,13,9,6,7,10,10,11,5,12,6,4,13,14,9,12,13,6,12,22,11,12,5,15,2,3,3,2,3,11,14,13,11,6,11,5,6,13,13,4,5,,8,5,15,5,9,15,21,20,14,14,11,17,2,8,2,21,14,12,13,18,6,31,11,15,14,15,19,21,21,12,5,7,14,15,24,18,19,15,19,22,9,8,15,8,10,11,4,18,15,11,13,7,14,11,12,12,12,2,15,9,12,11,13,17,12,15,15,4,22,6,15,11,18,15,23,28,,6,4,6,8,16,8,9,8,10,22,17,11,11,9,13,21,11,16,15,7,16,17,17,,9,6,4,10,11,17,9,11,14,19,18,10,34,22,10,11,21,22,28,8,6,5,23,18,12,4,21,17,33,26,6,2,12,11,14,14,11,4,11,9,4,7,11,7,4,6,13,14
20230729,5,O3,6,46,19,13,3,21,24,26,31,11,1,42,,,29,,30,33,26,,28,,,16,,26,33,,66,81,55,81,76,83,105,,13,2,,,2,26,29,16,,1,,42,46,48,48,48,54,62,,56,40,,51,42,40,7,3,11,1,,24,18,,22,16,8,16,29,43,,71,82,78,74,64,,34,84,98,74,97,29,,65,71,,,56,69,47,62,8,2,11,,6,14,18,17,16,,23,20,29,18,19,22,27,24,29,27,22,23,25,27,27,28,31,39,22,19,27,70,37,48,51,54,57,46,48,48,42,63,42,15,19,17,19,18,,23,11,16,18,13,20,22,19,21,20,21,20,18,19,,20,22,20,22,18,18,18,16,19,16,19,18,,,,19,17,,24,22,22,,,,7,,22,34,16,23,20,16,19,20,17,,,,23,24,,15,11,17,16,13,,13,14,10,15,13,16,18,21,,26,,19,16,,12,15,,23,19,23,,17,28,16,17,31,29,34,,,37,34,38,50,54,58,43,,19,,,28,,24,22,,44,40,40,13,12,13,,36,22,37,40,31,45,55,56,15,20,26,25,20,21,22,16,19,22,,,50,46,55,52,,36,,41,47,30,,46,49,35,,43,6,3,2,,2,6,7,8,16,,,18,24,13,26,24,26,30,32,32,34,30,26,29,28,42,32,24,37,35,25,40,37,,31,34,34,54,14,60,29,57,46,40,61,51,7,53,,34,9,52,50,23,26,17,21,82,86,79,77,79,94,,83,70,37,91,87,84,83,82,47,40,42,31,,40,14,8,87,94,85,88,58,65,55,72,,,64,71,79,73,72,74,78,60,9,14,35,32,77,69,78,66,77,26,66,7,,30,27,17,33,76,,3,9,7,28,1,30,26,,,8,19,4,23,10,,14,6,14,49,,,60,63,10,25,26,18,11,20,32,34,11,,49,,39,41,45,48,55,74,70,57,89,70,31,36,18,44,32,44,33,60,,20,,51,24,,53,,52,59,,,,,74,,,,69,34,89,92,86,91,75,,65,31,54,25,24,17,16,5,8,19,27,61,1,,55,38,,88,22,58,48,77,110,34,24,19,,32,25,31,43,37,35,36,26,27,30,29,40,38,32,65,63,69,,,19,,10,19,17,12,39,,38,15,,,15,18,17,19,,17,3,18,,19,26,24,24,25,17,27,21,22,13,,,,13,,,13,,17,15,25,15,17,23,,16,21,19,,23,,,19,,20,12,8,84,96,83,97,99,,41,42,49,56,37,48,62,35,42,18,5,6,6,84,86,79,47,42,37,47,,27,49,38,,29,26,,80,73,76,74,20,,6,13,,,,5,,20,,37,42,21,8,76,80,,83,77,,47,48,,46,,108,87,112,,111,101,108,109,112,,29,30,29,8,23,34,57,5,5,6,3,4,2,24,6,7,31,24,5,27,23,32,32,38,39,33,30,38,36,26,63,73,66,,72,74,75,68,64,73,79,49,67,63,64,24,21,25,,18,18,21,,28,44,37,39,48,,30,35,53,,57,,61,56,66,61,40,33,42,,,,14,,15,,51,,46,,44,41,43,40,34,,46,,27,22,28,36,59,56,,45,36,46,36,34,52,,36,,,67,14,16,10,27,16,5,12,40,50,111,84,71,32,19,24,22,23,32,55,37,28,52,59,40,33,9,12,10,28,,62,54,52,7,1,29,14,33,,,,,35,36,,28,45,31,35,31,31,29,26,33,19,8,21,30,27,,46,44,,84,69,64,,81,51,,61,64,51,50,60,61,69,64,66,20,45,37,38,,88,98,76,77,78,73,73,116,122,,79,106,78,77,96,,,9,,,,,26,,,,,,,,,,,,,,,,22,,,,,,,,,,,,,,,,,,,,,,,,,,,,,,,,,,,,,,17,25,21,25,27,23,22,22,24,,,,84,80,79,86,,86,6,14,34,34,2,100,,103,68,59,,,50,38,,17,,37,,42,,105,105,,,67,41,,,82,93,56,,,52,47,111,107,111,109,113,33,32,54,44,34,29,15,24,12,16,6,11,8,29,36,26,47,,11,12,25,,20,16,13,4,60,56,83,78,4,4,4,60,,,67,21,20,19,,58,50,57,56,18,17,16,75,87,81,85,116,,,59,33,70,52,50,49,,16,9,7,,12,12,12,,16,12,15,10,4,23,22,,24,23,26,9,30,23,18,20,,23,43,44,22,11,19,,13,,16,,,,23,24,18,21,17,17,,16,,20,18,35,60,60,,60,,7,10,8,,,22,16,20,,3,6,11,,,48,31,32,32,33,36,10,22,18,17,20,15,12,16,22,,43,47,45,,46,,8,19,29,16,24,26,29,22,3,,13,6,17,38,47,44,39,43,26,30,21,,49,32,36,,36,41,36,22,,20,21,25,,29,22,28,24,25,,39,41,41,43,21,13,,,24,23,25,14,8,,14,8,46,16,13,27,50,51,52,50,34,33,,57,62,55,,38,36,,18,35,50,48,,37,40,32,17,15,31,37,29,31,27,28,12,41,28,20,21,47,61,64,55,65,15,2,25,17,4,11,17,17,10,17,36,18,27,16,4,33,36,33,42,44,,5,5,,,8,1,60,52,73,65,70,65,60,74,72,68,29,34,32,16,31,34,20,4,15,18,,25,86,73,34,46,,15,21,19,25,17,43,41,38,39,34,21,24,28,4,11,,,,34,43,,30,4,3,4,3,5,,24,29,25,,,,,34,54,57,37,59,15,,16,,7,32,22,40,34,35,17,25,62,41,43,,,,,7,6,54,51,6,3,33,,34,21,20,54,53,57,56,62,15,15,9,7,13,19,,17,22,28,22,9,,69,46,5,,6,4,,63,38,,44,48,58,,56,,69,,20,16,4,6,14,,83,81,89,87,19,15,17,19,,94,63,,28,32,42,,119,105,72,76,104,52,,84,87,42,18,,,,54,10,,77,92,88,45,49,136,55,,62,,,70,86,86,81,81,78,103,101,87,,85,91,94,106,112,58,100,105,,,,80,81,,24,,84,74,86,70,59,48,67,35,33,30,32,85,109,,37,39,6,18,37,27,26,,14,,12,13,34,14,11,12,107,40,16,9,8,29,23,11,,,16,52,14,37,,64,72,30,30,,21,8,,,18,19,22,19,19,20,18,20,17,18,58,31,26,33,45,,34,23,,39,63,32,26,97,51,38,27,23,36,6,48,45,35,38,24,23,68,13,29,16,6,34,15,31,41,31,40,54,,45,37,16,31,68,33,50,26,33,44,18,45,27,16,29,5,17,60,81,18,18,16,34,66,6,4,,,56,24,38,40,21,74,59,4,16,48,39,19,13,32,45,12,60,21,,35,52,71,66,65,48,10,17,17,15,23,16,16,15,15,20,34,26,52,108,33,114,15,20,20,21,17,20,10,20,40,50,7,21,44,57,49,66,80,90,81,45,14,81,21,4,30,63,76,38,18,23,,16,26,17,21,17,20,18,19,57,50,24,34,19,53,60,21,12,22,60,10,29,24,13,7,16,26,10,38,28,18,13,,50,20,27,21,16,25,26,18,10,,22,37,30,16,30,32,38,,27,2,46,43,41,26,82,70,20,4,52,77,14,22,5,19,26,32,47,39,11,14,34,33,30,14,26,24,24,24,18,10,20,23,23,20,19,21,14,19,100,98,94,98,71,69,17,89,32,57,71,78,34,50,28,82,44,83,36,90,10,36,29,50,11,24,19,19,26,28,13,13,16,31,26,37,39,38,45,26,18,11,73,33,35,7,17,15,97,32,56,22,34,53,1,12,16,21,12,4,19,27,15,19,23,41,,11,15,17,12,68,53,81,54,62,42,52,,63,61,50,7,40,47,31,26,14,54,37,13,28,28,26,,20,34,49,59,66,11,32,43,51,26,18,24,61,26,46,4,14,77,86,44,98,14,86,55,95,1,9,1,,58,48,89,49,29,54,32,38,40,30,21,33,36,6,54,47,41,23,43,35,13,18,17,45,31,48,43,29,126,98,108,100,5,6,84,104,74,101,13,56,81,36,63,66,2,57,36,,20,18,64,61,48,31,33,19,22,4,17,25,10,56,76,81,66,24,8,36,16,21,21,,58,8,22,77,48,46,37,49,31,33,24,36,9,29,6,11,,74,49,28,43,37,,13,22,39,36,15,59,41,67,27,42,58,49,36,56,39,8,10,40,49,13,23,16,13,27,75
20230729,5,O3_24h,116,82,125,122,119,124,91,125,116,86,114,96,,,194,,172,187,174,,202,,85,186,,144,242,,154,156,150,158,149,165,162,,179,188,,190,188,67,65,75,,91,,139,150,145,137,139,127,139,,156,141,,134,138,147,120,126,136,125,107,155,146,,153,197,177,170,158,152,,162,163,165,170,120,,110,126,130,125,128,119,,148,156,,,180,163,135,154,89,92,81,,96,73,86,82,83,,93,79,66,62,65,104,78,76,67,73,70,97,101,101,105,107,93,106,97,97,102,120,82,103,99,95,101,91,98,99,103,96,97,33,34,33,39,32,,38,38,34,32,49,53,60,45,51,51,51,47,58,28,,32,33,33,33,32,26,36,36,38,32,39,50,,,,58,62,,69,65,64,,,,48,,30,35,23,32,31,27,28,34,33,,,,41,45,,47,49,61,49,47,,45,36,32,38,34,37,38,40,,43,,58,58,,25,27,,33,34,49,,30,36,26,30,34,29,35,,,40,34,38,51,61,58,47,,25,,,41,,40,33,,45,45,42,32,34,32,,69,72,52,58,55,51,58,56,58,54,64,65,62,64,59,61,60,65,,,63,64,62,59,,49,,63,71,67,,68,63,57,,64,113,128,112,,108,134,125,138,28,,,42,52,32,52,50,48,128,127,145,129,121,117,125,106,134,101,133,116,120,106,127,116,,106,158,88,115,88,108,96,109,93,103,126,103,65,144,,122,134,154,105,125,109,120,111,114,121,131,115,100,109,,146,140,95,121,168,166,164,167,109,102,91,124,,111,111,104,158,166,148,161,154,142,127,153,,,129,128,152,102,99,105,103,126,93,94,101,102,183,163,178,157,141,186,190,171,,96,95,102,95,86,,82,61,72,41,37,60,59,,,67,47,56,87,40,,146,120,143,120,,,142,135,72,92,76,87,96,87,92,89,85,,78,64,74,73,81,82,134,131,130,141,120,131,86,86,85,80,70,88,84,82,,84,,83,74,,155,,165,164,,,,,150,,,,170,175,101,107,113,100,95,,113,119,129,124,127,128,98,93,91,95,99,137,78,118,95,158,,157,157,156,153,158,176,171,167,166,,65,64,68,71,56,54,59,58,56,68,74,78,98,84,75,77,81,,,81,,52,60,58,49,144,,137,112,,,130,140,134,118,,82,77,102,,77,67,75,60,65,37,52,46,49,36,,,,68,,,75,,81,91,88,100,37,46,48,43,55,46,,89,,,80,,101,69,92,143,159,146,152,157,,110,93,96,94,105,101,138,117,109,116,59,59,59,196,198,174,63,59,58,127,,100,101,95,,83,102,,82,79,83,94,87,,95,80,,,65,90,,144,,164,157,154,154,137,145,,142,142,,142,130,,123,,170,156,172,,163,163,127,121,126,,95,84,89,87,80,86,120,117,118,106,114,106,105,80,71,70,73,72,70,80,71,82,84,88,114,116,110,117,115,110,94,99,94,,100,98,90,89,91,94,125,101,132,115,123,49,51,56,,41,40,44,,48,79,76,80,66,,77,73,76,,112,,118,113,127,122,131,140,148,,,,100,,102,,122,,117,,101,101,103,113,112,,114,,111,111,117,82,108,100,,136,122,124,121,124,125,,108,,,114,82,79,76,77,86,88,89,96,155,135,142,215,108,100,107,106,106,103,71,76,94,91,120,102,99,95,88,96,100,,92,94,106,124,58,70,71,61,,,,,110,113,,114,81,86,87,87,104,84,73,78,78,75,80,79,78,,84,80,,100,94,86,,108,108,,100,67,83,88,88,88,114,92,96,85,228,99,100,,149,149,147,163,176,139,148,125,131,,126,123,118,119,125,,,95,,,,,47,,,,,,,,,,,,,,,,46,,,,,,,,,,,,,,,,,,,,,,,,,,,,,,,,,,,,,,90,101,99,101,104,93,91,91,92,,,,129,126,119,121,,124,133,151,133,138,142,147,,138,130,122,,,119,116,,126,121,127,,127,,170,173,,,121,108,,,151,154,155,,,110,120,138,145,172,170,165,119,110,121,150,174,94,84,96,86,89,92,89,86,135,134,135,128,,101,101,112,,40,36,37,42,129,112,136,112,62,65,65,80,,,94,92,88,92,91,89,88,83,103,89,102,105,75,104,95,95,145,,,115,100,105,126,110,101,,89,56,59,,62,59,68,,72,73,83,79,59,61,67,,54,58,60,48,64,51,76,82,,70,46,44,47,40,56,,91,,91,,,,60,61,64,58,76,80,,64,,38,46,56,66,69,52,66,,44,47,43,,,52,52,55,,48,47,41,,,61,47,35,38,38,36,68,68,78,70,74,52,58,63,58,,60,63,68,40,64,,50,53,64,64,66,64,61,64,47,,71,62,67,63,61,46,47,51,53,64,58,,130,133,141,,111,121,115,115,,120,119,102,,103,102,106,99,101,,105,109,108,107,83,76,46,,100,99,96,72,74,,92,74,76,96,110,114,111,107,109,104,88,85,,114,112,111,,98,98,,85,79,101,103,,91,97,90,98,91,103,103,98,109,107,101,93,91,93,87,90,94,103,100,102,101,90,102,99,100,96,107,89,104,94,88,82,82,87,83,82,76,87,83,75,88,26,81,82,99,95,115,94,116,164,137,139,148,155,127,184,161,150,111,128,131,123,133,102,116,87,84,97,,142,143,160,89,82,,90,82,81,78,103,72,76,74,78,132,135,141,136,15,144,,,,101,101,,97,70,68,73,71,72,,117,108,103,,,,,71,95,93,91,102,83,,100,,84,74,95,100,85,104,80,79,81,73,83,,,,,74,84,78,79,93,91,70,,91,70,75,85,90,101,98,99,56,58,42,42,89,86,,74,78,78,80,40,46,74,84,48,,82,71,,79,93,,100,96,107,,105,,106,,54,54,76,81,85,83,136,124,130,130,72,68,65,80,,166,170,,120,130,150,,149,151,104,108,150,150,,89,88,151,146,,,96,160,142,,152,151,124,124,101,145,147,,142,,,142,120,125,116,132,127,179,163,125,,112,117,108,160,153,160,153,152,111,,,121,108,,114,,108,128,136,97,99,60,132,127,176,200,199,160,145,,126,116,54,56,38,39,38,,96,,63,111,141,93,76,71,147,128,74,76,88,99,36,72,,,149,53,24,203,,183,164,185,88,,60,41,,,46,44,40,37,59,68,42,43,48,38,115,55,54,49,140,,176,110,,103,96,78,82,136,146,113,99,72,114,71,60,67,169,125,152,48,112,76,110,78,84,146,46,88,94,88,83,102,,141,72,51,109,114,136,101,109,108,153,108,141,92,63,112,49,83,130,150,83,75,64,68,78,77,74,,,188,66,164,79,54,100,108,50,97,153,108,55,50,130,60,108,60,71,,115,193,167,187,180,120,144,30,46,33,46,38,36,44,33,39,88,147,157,178,153,125,59,68,32,31,42,40,52,51,115,108,108,126,147,152,145,116,112,120,173,149,102,111,63,104,92,127,82,144,176,162,,199,51,75,60,55,81,64,66,123,125,103,106,93,123,120,99,100,95,74,84,61,93,78,54,71,81,79,81,103,110,128,,157,74,142,52,91,64,97,48,60,,56,138,138,79,81,87,80,,71,144,107,104,87,102,123,172,108,103,142,131,113,35,39,30,29,32,64,68,69,62,126,110,162,152,53,48,48,33,43,51,26,38,46,34,36,48,45,41,120,113,115,109,99,131,54,170,66,100,117,198,142,133,93,180,133,158,102,163,124,130,145,148,165,162,65,53,53,62,87,85,40,129,122,139,127,119,117,101,102,87,127,92,72,38,62,103,128,124,152,76,112,131,144,123,55,96,82,72,96,93,98,50,49,133,34,106,143,141,110,146,130,119,127,87,83,65,43,70,72,50,95,138,135,117,152,72,80,86,84,85,69,70,,41,89,110,114,118,122,74,83,83,31,35,30,61,38,47,155,163,142,140,172,148,158,167,156,170,164,190,177,168,162,134,153,150,136,159,160,162,186,170,166,118,120,101,111,104,130,103,110,105,66,99,43,93,81,91,99,89,132,116,118,114,90,88,121,164,120,153,74,90,177,152,132,127,95,157,160,,48,59,120,116,84,74,111,46,41,126,125,86,91,136,133,96,103,101,92,104,28,27,57,,101,92,51,159,112,137,126,116,68,101,135,120,129,158,45,78,108,155,94,64,120,65,192,186,79,112,93,99,157,164,107,66,132,119,80,113,76,39,109,67,97,106,94,102,54,65,63,160
20230729,5,O3_8h,24,39,31,26,23,11,27,24,41,36,14,47,,,38,,35,38,34,,32,,,26,,27,43,,88,86,75,92,90,93,108,,26,17,,11,14,37,32,12,,7,,46,51,50,73,67,76,85,,81,46,,56,60,42,9,4,17,2,,43,31,,38,17,18,19,50,56,,77,79,74,80,55,,41,81,86,52,89,18,,65,66,,,62,58,55,66,9,2,12,,4,21,23,20,21,,26,36,33,25,25,27,32,26,27,22,20,35,38,38,40,40,43,58,36,32,39,72,46,62,53,56,62,52,52,54,51,65,51,16,20,17,21,18,,23,13,17,19,12,18,19,16,18,18,19,18,17,17,,18,20,19,20,19,18,18,16,19,15,19,21,,,,17,16,,24,20,21,,,,6,,22,27,15,23,19,14,18,19,15,,,,21,19,,12,7,12,17,15,,14,16,12,18,15,19,21,24,,28,,22,19,,12,16,,21,17,21,,17,25,14,15,26,24,30,,,33,30,32,48,55,53,43,,18,,,26,,23,19,,45,41,40,14,14,15,,29,22,27,31,29,39,52,49,17,20,26,26,20,21,22,16,20,23,,,51,50,52,49,,43,,43,45,37,,46,50,27,,48,10,8,9,,5,12,12,7,17,,,22,27,16,27,27,28,41,44,44,47,42,35,42,38,49,37,30,37,35,28,33,35,,27,40,21,38,11,30,17,30,29,18,29,41,38,56,,29,30,52,53,48,34,36,35,87,93,84,87,71,87,,83,71,47,90,98,92,87,81,43,43,37,41,,48,19,26,81,83,80,79,56,63,53,67,,,79,78,85,80,82,90,86,63,13,23,32,36,42,40,44,47,52,23,37,10,,30,36,37,38,77,,6,5,7,32,1,32,27,,,6,16,4,23,11,,27,11,10,28,,,57,77,14,32,23,23,20,30,35,38,10,,49,,45,47,46,52,69,74,76,62,89,76,40,45,27,44,41,50,45,48,,32,,44,32,,55,,66,67,,,,,71,,,,76,40,85,92,80,84,74,,71,24,41,20,20,8,24,8,22,25,27,87,6,2,34,57,,75,38,55,45,74,102,75,51,26,,35,30,31,56,48,48,50,35,34,41,40,37,40,32,64,63,68,,,17,,23,21,20,15,41,,40,28,,,9,13,14,15,,19,8,19,,17,29,27,23,23,18,30,25,25,15,,,,16,,,12,,17,18,25,17,20,25,,21,28,24,,23,,,30,,24,13,13,97,112,98,114,107,,40,45,48,52,27,54,59,27,26,14,9,8,11,79,82,73,18,19,17,49,,35,50,40,,33,34,,79,68,68,69,28,,10,18,,,,11,,23,,45,52,37,43,103,102,,102,100,,48,45,,42,,113,100,117,,112,109,111,103,115,,30,26,32,18,23,32,60,12,12,14,10,13,3,29,8,7,30,27,6,29,39,37,33,39,54,49,45,51,50,43,63,71,66,,72,72,71,64,63,65,78,57,70,62,64,24,21,24,,18,17,20,,27,29,28,29,28,,26,24,55,,69,,71,69,77,72,48,41,50,,,,26,,27,,65,,69,,47,49,45,53,52,,55,,32,37,32,44,62,59,,42,37,47,36,41,47,,53,,,53,19,22,9,47,26,20,20,47,39,104,83,73,35,22,24,27,27,41,49,39,39,52,57,54,25,14,19,12,18,,57,57,42,22,4,29,27,37,,,,,52,45,,33,37,25,36,37,29,30,26,31,21,10,20,37,33,,52,51,,74,61,63,,62,53,,59,60,54,49,61,56,65,62,63,31,47,40,43,,99,103,103,85,70,74,74,122,125,,76,112,82,87,102,,,8,,,,,28,,,,,,,,,,,,,,,,27,,,,,,,,,,,,,,,,,,,,,,,,,,,,,,,,,,,,,,20,34,30,34,36,31,30,31,32,,,,71,68,68,73,,64,28,44,56,50,14,103,,108,97,67,,,61,55,,26,25,27,,36,,107,100,,,74,51,,,83,101,52,,,72,64,110,109,120,123,127,34,29,48,40,38,31,20,26,20,14,11,16,6,59,53,60,64,,19,21,40,,22,19,14,7,70,62,96,95,4,5,4,55,,,61,31,36,30,7,69,62,65,58,22,21,18,68,69,74,70,102,,,50,57,78,86,52,53,,35,12,10,,14,12,14,,14,12,14,11,3,23,25,,23,22,24,20,30,22,21,22,,24,43,40,28,11,18,,17,,19,,,,25,25,21,23,20,20,,19,,20,17,34,61,61,,60,,11,15,12,,,26,19,24,,9,13,15,,,52,30,30,31,33,32,14,31,23,30,23,19,20,24,21,,37,40,39,,39,,16,26,29,22,29,28,30,26,4,,14,17,24,40,48,43,41,45,31,37,30,,45,40,43,,39,41,37,30,,28,28,39,,39,30,36,31,33,,46,52,45,49,24,17,,,32,31,32,15,8,,8,9,50,27,17,24,58,57,56,57,27,31,,69,73,69,,41,40,,17,27,47,46,,43,45,36,22,17,38,41,36,54,42,44,20,58,49,48,42,60,70,71,67,71,28,6,21,24,5,14,26,20,15,26,40,31,36,29,21,45,61,59,56,65,,6,6,2,1,19,6,60,53,78,68,66,61,77,92,88,84,39,47,44,29,32,43,38,4,20,20,,37,82,77,36,28,,21,30,29,34,26,55,54,50,53,45,20,20,43,4,16,,,,33,35,,36,5,3,4,3,3,,26,31,33,,,,,48,63,64,51,66,21,,18,,10,30,20,38,27,32,17,20,56,32,53,,,,,8,13,59,59,16,10,28,,43,30,24,68,68,64,61,65,11,10,11,13,14,16,,18,22,29,26,14,2,66,58,7,,16,9,,66,38,,54,53,45,,59,,71,,25,20,13,11,13,4,55,77,89,83,35,18,21,28,,92,86,,35,46,59,,129,123,69,72,105,78,,78,81,48,29,,,,57,7,,71,95,85,50,57,134,59,,67,,,71,78,90,84,93,93,109,104,83,,90,106,102,115,121,74,113,115,,,,94,89,,28,,98,73,81,75,50,51,93,41,36,32,37,91,112,,26,56,8,14,31,24,22,,19,,17,26,42,20,14,10,105,54,17,11,7,34,19,22,,,32,44,17,43,,62,81,46,27,,24,9,,,15,17,18,22,17,19,19,21,21,16,72,28,35,36,38,,35,32,,45,46,42,38,97,40,63,26,22,61,17,46,54,37,40,19,27,77,16,37,15,9,39,20,36,43,30,39,63,,54,34,15,44,71,39,55,48,48,51,29,45,10,24,36,7,45,73,91,22,19,21,39,67,9,7,,,78,26,58,23,24,79,63,3,25,64,49,18,16,44,46,25,44,23,,43,71,77,71,69,53,78,17,16,18,21,20,17,24,18,18,31,19,58,111,30,110,11,20,21,18,19,23,12,21,52,62,46,46,46,60,56,74,78,91,95,47,24,88,14,4,39,78,66,43,25,28,,30,24,16,21,18,24,20,20,70,68,36,41,27,63,69,23,21,28,47,14,29,37,19,7,31,32,15,43,18,25,21,,41,33,31,23,13,22,26,22,15,,24,40,30,20,34,35,34,,34,5,55,50,34,42,85,63,33,10,59,89,20,20,14,17,27,29,42,38,12,18,63,34,33,42,22,23,23,20,19,9,20,22,22,20,19,23,15,22,94,91,90,90,75,72,35,92,40,42,70,99,29,61,34,89,51,77,52,95,27,43,42,54,21,26,20,19,25,27,17,16,16,42,37,44,39,40,68,35,25,17,72,12,39,9,16,27,67,29,58,24,46,54,16,16,19,23,11,8,22,26,17,23,25,46,,24,10,13,13,73,46,74,66,65,51,53,,64,60,29,18,47,48,38,42,19,61,43,22,31,33,30,,23,26,55,72,63,14,29,50,50,26,20,21,57,20,46,5,23,81,105,79,107,24,93,72,94,14,19,13,7,62,58,110,80,46,49,38,35,39,52,36,46,44,16,70,47,42,33,52,40,13,29,18,50,34,62,55,39,129,94,113,103,10,14,80,106,63,108,17,63,98,46,76,76,2,57,38,,20,18,75,72,41,44,40,23,22,2,14,26,15,59,72,75,65,34,10,44,17,19,18,,62,29,22,94,54,43,44,60,25,28,35,45,21,46,10,13,3,74,39,34,47,47,7,24,18,45,33,14,59,56,71,28,48,66,46,47,49,33,24,9,44,59,20,21,20,15,32,78
20230729,5,O3_8h_24h,59,39,60,41,56,33,36,25,47,43,21,51,,,52,,41,42,47,,44,,93,35,,35,51,,104,96,98,103,99,108,116,,47,32,,23,27,44,40,14,,18,,56,62,61,85,84,86,95,,98,53,,60,74,45,18,5,24,3,,66,46,,54,27,34,31,75,72,,79,82,74,82,60,,46,86,86,52,89,18,,65,76,,,73,58,62,67,11,4,13,,4,24,27,21,24,,27,48,34,26,28,31,33,27,27,22,20,45,50,48,51,51,54,78,47,46,51,79,56,74,62,63,68,64,64,63,64,68,65,16,20,18,22,19,,23,16,18,20,12,18,20,16,18,18,19,18,17,18,,19,21,20,21,20,19,18,16,20,15,19,24,,,,17,16,,24,20,22,,,,6,,22,27,15,23,19,14,18,19,15,,,,21,19,,12,7,12,19,16,,15,18,14,20,17,21,24,27,,32,,26,22,,12,16,,21,17,21,,17,25,14,15,26,24,30,,,33,30,32,48,56,53,43,,19,,,26,,23,19,,45,42,41,15,16,16,,29,22,27,31,29,42,54,51,20,21,27,27,22,22,24,19,20,24,,,57,57,55,49,,46,,43,45,39,,46,50,27,,49,13,11,18,,9,16,16,7,21,,,25,27,18,29,29,30,52,54,56,59,54,42,54,48,57,38,32,37,35,29,33,35,,27,44,32,40,11,30,22,30,32,25,29,41,65,59,,30,36,52,54,60,38,58,62,90,98,85,96,71,87,,87,71,57,90,108,98,88,81,44,46,38,50,,50,23,32,81,83,80,79,67,67,55,75,,,85,80,92,102,99,105,98,87,16,27,32,39,42,40,44,47,52,30,38,22,,51,43,51,51,86,,11,5,8,37,1,36,27,,,6,16,4,25,11,,39,44,38,28,,,64,84,23,34,26,25,24,33,36,39,10,,50,63,48,49,47,53,80,74,78,70,90,78,48,52,37,47,44,59,52,48,,36,,44,45,,62,,78,77,,,,,71,,,,81,62,85,92,85,84,74,,74,24,56,22,20,8,39,14,30,35,39,98,13,6,34,88,,101,57,63,45,81,102,88,78,34,,36,31,32,66,53,53,59,40,41,50,52,39,51,43,64,63,70,,,17,,29,22,22,16,51,,47,38,,,10,13,16,15,,26,11,21,,17,30,28,23,23,20,34,29,26,21,,,,18,,,12,,17,24,28,22,22,27,,26,33,26,,24,,,44,,25,18,22,107,122,121,148,120,,48,56,50,52,27,57,59,33,26,14,13,9,19,80,83,76,18,19,17,53,,42,50,42,,38,45,,79,68,68,69,35,,12,21,,,60,15,,40,,52,66,67,67,118,119,,116,116,,48,51,,48,,119,112,123,,119,114,112,103,116,,34,30,37,28,33,35,64,17,27,29,20,25,5,30,11,7,30,30,8,33,53,45,33,39,63,59,52,59,58,58,64,75,68,,79,72,71,65,63,65,78,60,71,64,64,24,22,25,,18,17,20,,27,32,33,32,30,,30,28,57,,86,,91,89,96,91,53,49,59,,,,40,,40,,84,,90,,49,52,46,57,69,,71,,33,51,36,58,71,67,,42,37,50,42,49,52,,72,,,59,24,29,10,63,35,29,24,51,39,104,83,74,42,31,25,39,35,46,53,39,42,52,57,57,25,29,33,25,21,,57,58,42,43,5,30,32,38,,,,,73,52,,35,37,26,42,41,32,33,26,34,23,11,20,39,34,,65,63,,74,61,66,,65,54,,68,60,54,52,63,60,65,64,63,39,64,66,57,,110,116,110,91,72,75,81,124,128,,81,114,92,93,107,,,8,,,,,30,,,,,,,,,,,,,,,,30,,,,,,,,,,,,,,,,,,,,,,,,,,,,,,,,,,,,,,34,44,39,45,47,41,39,43,40,,,,78,76,74,75,,64,46,68,79,73,22,119,,110,109,84,,,78,63,,40,35,27,,53,,112,112,,,80,61,,,87,108,68,,,83,80,116,118,130,134,137,36,29,48,40,39,34,24,29,27,17,15,19,6,85,87,90,76,,34,37,59,,25,23,16,11,78,69,100,100,4,6,4,55,,,61,45,57,43,10,77,66,72,60,30,32,21,68,69,74,70,102,,,50,75,80,97,61,61,,58,14,11,,14,16,14,,16,12,15,12,4,23,28,,23,22,24,24,30,22,24,26,,26,44,40,31,11,18,,24,,25,,,,28,27,25,24,27,27,,21,,20,18,34,64,64,49,63,,16,21,18,,,31,23,35,,17,16,18,,,55,30,32,33,34,35,23,37,28,34,28,28,27,29,29,,37,40,39,30,39,,28,28,31,30,30,28,30,27,6,,20,31,36,52,48,44,44,47,33,38,33,,45,43,48,,44,46,42,42,,41,40,52,,51,40,45,38,41,,52,60,47,54,26,19,48,,45,43,44,15,16,,9,11,57,30,18,24,70,68,63,66,29,32,,81,82,75,,44,44,,17,27,47,47,,46,49,39,26,18,53,52,53,72,50,58,26,67,67,66,66,75,84,84,84,80,31,12,21,29,6,19,41,24,18,31,42,38,41,39,32,59,78,73,68,78,25,7,7,6,3,29,15,65,54,81,69,66,61,81,115,105,102,54,54,53,37,44,48,54,5,21,26,,55,82,78,44,28,,24,44,40,44,37,62,65,61,61,54,23,28,59,5,38,,,,33,36,,38,5,4,5,4,3,,27,32,41,,,,,64,80,83,72,82,27,,20,,18,30,20,38,27,32,18,20,56,32,60,,,,,9,19,63,66,24,14,28,,48,39,34,73,77,72,64,70,11,10,12,20,14,16,,22,23,31,29,19,3,66,68,8,,28,12,,72,41,,62,56,54,,59,,72,,31,26,24,17,13,8,55,84,102,88,46,20,28,36,,92,93,,38,58,100,,139,136,69,72,111,85,,78,81,61,65,,,85,61,7,,71,99,85,56,65,134,69,,76,,,72,78,92,85,103,103,110,105,83,,91,112,108,118,123,88,120,122,114,,,100,94,,32,,107,73,83,82,50,53,111,48,46,43,44,102,125,,26,70,10,14,31,24,22,,26,,22,36,50,23,24,10,105,73,18,15,7,37,19,32,,,47,53,21,50,,64,87,79,27,,28,12,,,15,17,18,25,17,20,20,22,24,16,81,28,43,37,49,,49,44,,48,48,45,46,100,95,82,29,32,74,27,46,62,38,44,19,30,88,18,55,16,16,46,24,39,44,32,42,66,,61,48,18,57,72,57,64,74,64,58,44,48,10,35,41,7,70,94,104,26,23,27,42,69,13,11,,,98,27,78,26,28,83,68,3,33,100,53,24,17,66,46,39,44,26,,57,90,80,94,78,57,104,18,21,18,21,21,17,27,18,20,38,19,60,117,45,110,11,20,22,20,20,25,14,22,58,65,72,57,49,62,70,88,78,92,101,60,42,95,14,4,50,87,66,47,36,32,,42,24,16,22,18,31,22,22,84,85,52,55,39,88,91,30,23,40,47,15,32,41,28,8,45,40,24,51,20,27,32,,41,40,42,24,13,22,26,25,17,,26,48,38,24,36,51,38,,40,5,69,58,34,63,86,63,51,19,61,103,37,20,26,17,28,29,42,38,16,24,93,35,35,48,22,23,24,20,22,9,20,22,22,21,20,25,16,24,94,91,91,90,83,72,54,104,51,42,74,112,29,70,37,97,54,77,58,98,43,54,55,64,37,34,22,22,25,27,23,22,17,52,51,49,43,44,86,44,32,31,72,12,40,9,17,43,67,36,80,25,48,54,38,19,23,24,11,12,28,28,22,26,28,55,36,36,13,15,15,74,50,76,74,70,60,59,39,65,61,29,26,55,51,47,51,22,66,50,28,32,41,38,,26,26,56,84,63,20,30,52,50,29,24,21,57,20,47,5,32,82,112,116,132,32,103,84,94,29,32,29,17,70,77,121,93,54,54,53,35,39,77,51,59,53,29,82,53,44,46,69,46,16,38,20,53,45,77,67,50,132,94,115,105,16,21,80,110,66,114,23,67,116,53,83,86,2,67,40,,21,20,94,92,41,53,44,24,25,2,15,26,19,68,72,75,72,41,18,47,17,19,18,,68,50,22,120,72,43,52,72,25,32,45,50,42,66,12,16,6,75,39,35,52,50,15,38,26,47,34,26,59,83,83,32,60,73,46,55,51,33,48,14,52,63,25,21,23,17,33,81
20230729,5,CO,0.8,0.4,0.6,0.6,0.5,0.2,0.3,0.4,0.4,0.3,0.4,0.3,,,0.8,,0.5,0.5,0.7,,0.6,,,0.5,,0.4,0.7,,0.5,0.4,0.4,0.5,0.5,0.4,0.8,,0.5,0.6,,1.3,0.6,0.6,0.3,0.3,,0.2,,0.4,0.4,0.4,0.3,0.3,0.5,0.5,,0.4,0.2,,0.2,0.1,0.5,0.5,0.4,0.4,0.5,0.4,0.7,0.9,,0.9,0.2,0.2,,0.5,0.5,,0.6,0.4,0.5,0.5,0.6,,0.5,0.6,0.5,1.1,0.6,0.6,,0.5,0.6,,,0.4,0.6,0.5,0.4,0.6,0.6,0.4,,0.5,0.6,0.4,0.4,0.4,,1,0.6,,0.3,0.5,0.4,,0.1,0.5,0.5,0.4,0.6,0.6,0.5,0.4,0.4,0.3,0.5,0.5,0.5,0.5,0.6,0.5,0.5,0.7,0.4,0.3,0.6,0.4,0.5,0.3,0.3,0.5,0.4,,0.4,0.6,0.4,,0.3,0.4,0.3,0.4,0.2,0.4,0.1,0.5,0.4,0.5,0.1,0.3,0.4,0.3,,0.4,0.4,0.4,0.4,0.4,0.5,0.3,0.3,0.3,0.3,0.3,0.3,,,,0.3,0.2,,0.3,0.2,0.3,,,,0.3,,0.7,0.6,,0.6,0.4,0.4,0.2,0.5,0.7,,,,0.4,0.4,,0.7,0.5,0.4,0.3,0.4,,0.5,0.6,0.4,0.6,0.7,0.3,0.3,0.2,,0.3,,0.5,0.4,,0.5,0.6,,0.4,0.5,0.4,,0.6,0.3,0.5,0.6,0.4,0.4,0.3,,,0.4,0.4,0.4,0.4,0.4,0.4,0.4,,0.4,,,0.4,,0.5,0.4,,0.4,0.4,0.3,0.3,0.4,0.3,,0.3,0.4,0.3,0.4,0.3,0.4,0.4,0.3,0.3,0.4,0.5,0.2,0.3,0.3,0.5,0.4,0.4,0.3,,,0.2,0.2,0.4,0.4,,0.2,,0.4,0.3,0.6,,0.4,0.5,0.6,,0.3,0.4,0.2,0.5,,0.7,0.6,0.4,0.5,0.3,,,0.2,0.4,0.4,0.1,0.4,0.3,0.4,0.4,0.4,0.4,0.4,0.4,0.4,0.4,0.5,0.7,0.4,0.3,0.6,0.4,0.4,0.5,,0.5,0.5,0.3,0.5,0.3,0.3,0.4,0.3,0.5,0.4,0.6,0.5,0.6,0.6,,0.6,0.5,0.6,0.6,0.8,0.6,0.7,0.3,0.8,0.6,0.6,0.9,0.6,0.7,,0.6,0.6,0.9,0.6,0.5,0.4,0.3,0.5,0.5,0.7,0.4,0.7,,0.6,0.7,0.5,0.4,0.6,0.4,0.5,0.5,0.5,0.6,0.4,,,1.1,0.8,1.1,0.7,0.8,0.6,0.8,0.7,0.5,0.5,0.4,0.5,0.6,0.5,0.6,0.7,0.5,0.7,0.7,1,,0.5,0.5,0.4,0.4,0.2,,1,1.1,0.7,0.4,0.7,0.6,0.6,,,1,0.3,1,0.7,0.9,,0.4,0.5,0.5,0.5,,,0.5,0.6,0.8,0.6,0.2,0.7,0.2,0.5,0.7,0.4,0.5,,0.6,,0.6,0.4,0.6,0.6,0.2,0.2,0.2,0.2,0.1,0.2,0.6,0.8,0.7,0.5,0.7,0.8,0.6,0.5,,0.8,,0.6,0.6,,0.5,,0.5,0.5,,,,,0.6,,,,0.6,0.4,0.3,0.4,0.1,0.4,0.3,,0.3,,0.6,0.3,0.4,0.5,0.5,0.5,0.5,0.4,0.4,0.4,0.3,0.5,0.4,0.6,,0.7,1,0.5,0.8,0.6,0.5,0.4,0.5,0.9,,0.6,0.4,0.4,0.5,0.5,0.8,0.4,0.5,0.4,0.3,0.2,0.1,0.4,,0.5,0.6,0.6,,,0.5,,0.1,0.7,0.1,0.3,0.4,,0.3,0.8,,,0.2,0.3,0.3,,,0.3,0.9,0.2,,0.2,0.3,0.3,0.3,0.2,0.5,0.1,0.1,0.3,,,,,0.4,,,0.5,,0.5,0.4,0.3,0.6,0.2,0.3,0.4,0.2,0.2,0.4,,,,,0.6,,0.6,0.5,0.6,0.6,0.4,0.6,0.6,0.6,,0.7,0.5,0.6,0.6,0.7,0.5,0.6,0.7,0.6,1,0.6,0.6,0.6,0.6,0.5,0.6,0.5,0.5,0.7,0.7,,0.5,0.3,0.4,,0.5,0.5,,0.5,0.6,0.5,0.5,0.8,,0.7,0.8,,,,0.2,,0.6,,0.8,0.8,0.7,1.2,0.7,0.8,,0.7,0.9,,1.4,1.2,,1.1,,0.8,0.7,0.8,,0.6,0.7,0.5,0.3,0.4,,0.5,0.7,0.8,1.4,1,0.4,0.5,0.4,0.5,0.3,0.5,0.4,0.6,0.2,2,0.9,0.6,0.6,0.4,0.3,0.5,0.4,0.6,0.5,0.5,0.7,0.5,0.6,0.6,0.6,0.4,0.1,0.3,,0.2,0.4,0.4,0.4,0.4,0.3,0.4,0.5,0.5,0.4,0.4,0.4,0.4,0.5,,0.6,0.5,0.4,,0.4,0.4,0.7,0.4,0.5,,0.7,0.8,0.4,,0.8,,0.7,0.5,0.5,0.4,0.5,0.2,0.1,,,,0.4,,0.6,,0.4,,0.6,,0.4,0.6,0.3,1.1,0.6,,0.7,,0.4,0.3,0.5,0.3,0.5,0.4,,0.6,0.6,0.5,0.5,0.4,0.6,,0.6,,,0.4,0.2,0.3,0.1,0.7,0.6,0.8,0.6,0.6,0.5,0.4,0.6,0.6,0.3,0.9,1,0.9,0.8,0.7,0.4,0.4,0.5,0.5,0.5,0.5,0.6,0.6,0.6,0.6,0.6,,0.7,0.6,0.8,4.7,0.5,0.6,0.6,0.5,,,,,0.5,0.4,,0.5,0.3,0.3,0.2,0.3,0.2,0.2,0.6,0.6,0.5,0.3,0.5,0.6,0.5,,0.7,1,,1,0.4,0.8,,0.6,0.4,,0.6,0.2,0.6,0.4,0.4,0.4,0.3,0.3,0.4,0.6,0.8,0.9,0.7,,0.6,0.7,0.5,0.5,0.3,0.3,0.3,0.2,0.2,,0.3,0.3,0.2,0.2,0.2,,,0.6,,,,,0.4,,,,,,,,,,,,,,,,0.3,,,,,,,,,,,,,,,,,,,,,,,,,,,,,,,,,,,,,,0.4,0.4,0.5,0.5,0.5,0.4,0.3,0.4,0.5,,,,1.9,2,1.4,1.2,,1.5,0.7,0.6,0.6,0.7,0.6,0.7,,0.6,0.6,1.2,,,1.5,1.3,,0.7,0.6,0.5,,0.5,,0.7,0.5,,,0.5,0.4,,,0.5,0.4,0.5,,,0.3,0.3,0.3,0.3,0.5,0.5,0.5,0.7,0.6,0.8,0.6,0.5,0.3,0.2,0.3,0.5,0.5,0.9,0.7,0.6,0.7,0.7,0.7,0.7,,0.5,0.4,0.5,,0.3,0.1,0.6,0.5,0.3,0.2,,0.2,0.5,0.6,0.6,,,,,0.4,0.2,0.4,,0.3,,0.4,0.4,0.8,1,0.5,0.4,0.5,0.4,0.4,0.4,,,0.8,0.5,0.3,0.3,0.4,0.4,,0.1,0.3,0.2,,0.3,0.2,0.3,,0.3,0.2,0.2,0.3,0.2,0.2,0.3,,0.1,0.1,0.2,0.5,0.2,0.4,0.5,0.6,,0.4,0.2,0.3,0.2,0.2,0.2,,0.5,,0.5,,,,0.1,0.2,0.2,0.4,0.5,0.5,,0.4,,0.2,0.2,0.3,0.7,0.7,,0.6,,0.8,0.8,0.8,,,0.5,0.5,0.5,,0.5,0.4,0.3,,,1,0.5,0.1,0.3,0.3,0.2,0.4,0.6,0.4,0.7,0.4,0.6,0.6,0.4,1,,0.1,0.3,0.4,,0.4,,1.2,0.6,1,0.9,0.7,0.6,0.7,0.8,0.5,,0.7,0.7,0.6,1,1.1,0.9,0.8,1,0.6,0.4,0.8,,0.8,0.3,0.3,,0.6,0.6,0.5,0.5,,0.4,0.2,0.5,,0.6,0.2,0.3,0.4,0.5,,0.4,0.3,0.2,0.3,0.8,0.3,,,0.3,0.3,0.3,0.4,0.6,,0.8,0.7,0.5,0.8,0.4,0.2,0.6,0.5,0.5,0.5,0.4,0.5,,0.5,0.5,0.3,,0.6,0.6,,0.5,0.4,0.5,0.4,,0.5,0.6,0.6,0.7,0.6,0.2,0.5,0.6,0.7,1.4,0.6,0.3,0.3,0.5,0.4,0.1,0.4,0.5,0.5,0.7,0.7,0.7,0.6,0.5,0.5,0.4,0.5,0.9,0.5,0.6,0.7,0.8,0.6,1.3,0.7,0.7,0.5,1.7,1.6,1,0.4,,0.6,0.6,0.9,0.7,1.2,0.6,0.5,0.4,0.4,0.6,0.6,0.8,0.7,0.7,0.5,0.5,0.6,0.9,0.8,0.7,0.8,0.7,0.6,0.6,0.8,0.8,,0.5,0.4,0.5,0.3,0.6,,0.3,0.5,0.3,0.2,0.2,0.4,0.4,0.5,0.5,0.6,0.5,0.7,1.4,0.3,0.4,,,,0.4,0.3,,0.4,0.2,0.3,0.2,0.3,0.3,,0.4,0.3,0.5,,,,,0.5,0.4,0.3,0.4,0.3,,,0.4,,0.2,0.3,0.7,0.6,0.7,0.6,0.3,0.5,0.4,0.5,0.5,,,,,0.4,0.3,0.3,0.4,0.3,0.4,0.5,,0.5,0.5,0.4,0.3,0.5,0.7,0.6,0.6,0.6,0.4,0.3,0.5,0.8,0.7,,0.7,0.6,0.5,0.5,0.4,0.3,0.5,0.5,0.7,,0.4,0.3,,0.3,0.5,,0.3,0.3,0.5,,0.3,,0.1,,0.5,0.4,0.4,0.6,0.6,0.5,0.6,0.8,0.6,0.7,0.3,0.4,0.5,0.3,,1.8,0.6,,0.4,0.4,0.4,,0.4,0.5,0.2,0.4,0.3,0.4,,0.3,0.3,,,,,,0.4,0.2,,0.4,0.5,0.6,0.3,0.5,0.4,0.4,,0.5,,,0.3,0.2,0.4,0.3,0.4,0.4,0.1,0.3,0.5,,0.2,0.3,0.4,0.3,0.2,0.3,0.3,0.3,,,,0.6,0.6,,0.4,,0.5,0.3,0.3,0.4,0.7,0.1,0.6,0.8,0.4,0.3,0.8,0.4,0.6,,0.5,0.6,0.4,0.4,0.4,0.4,0.5,,0.4,,0.1,0.4,0.6,0.4,1.1,0.9,3.7,0.3,0.1,1.2,0.6,0.4,0.4,0.3,,,0.8,0.3,0.4,0.4,,0.6,0.5,0.5,0.5,,0.3,0.6,,,0.3,0.6,0.3,0.3,0.3,0.2,0.8,0.5,0.3,0.6,0.5,0.5,0.7,0.5,1.2,,0.4,0.4,,0.6,0.5,0.3,0.3,0.3,0.5,0.3,,0.8,1,0.7,0.2,0.3,0.6,0.7,1,,0.7,0.3,0.3,0.5,0.2,0.5,0.8,0.2,0.6,0.5,0.5,0.3,,0.2,0.1,0.7,0.4,0.4,0.4,0.5,0.5,0.6,0.1,0.4,0.3,0.5,0.5,1,0.4,0.6,0.3,0.6,0.3,0.6,0.3,0.5,0.4,0.5,0.4,,,0.7,0.3,0.4,0.5,0.3,0.1,0.5,0.3,0.3,0.3,0.5,0.3,0.4,0.5,1,0.4,0.5,0.3,,1.1,0.6,0.4,0.5,0.6,0.3,1.2,0.3,0.5,0.4,0.4,0.6,0.4,0.5,0.4,0.5,0.3,0.9,0.6,0.5,0.7,0.5,0.4,0.3,0.4,0.4,0.5,0.2,0.4,0.4,0.5,0.7,0.6,0.6,0.3,,0.7,0.5,0.6,0.8,0.4,0.5,0.6,0.9,0.6,0.6,0.5,0.9,0.4,,0.2,0.6,,0.3,0.4,0.3,0.4,0.7,0.6,0.5,0.4,0.4,0.4,0.5,0.1,0.2,0.7,0.5,0.8,0.5,0.8,0.4,0.3,0.5,0.7,0.7,0.6,0.5,0.7,0.6,0.5,0.5,0.5,0.5,,0.6,0.5,1.6,0.3,0.3,0.2,,0.2,0.1,,0.3,0.5,0.5,0.4,0.8,0.8,0.6,,0.4,0.2,0.5,0.4,0.5,0.6,0.6,0.6,0.6,0.6,0.6,0.6,0.7,0.5,0.3,0.5,0.7,0.4,0.5,0.4,0.9,0.3,0.7,0.3,0.9,0.7,0.5,0.6,0.2,0.5,0.3,0.7,0.5,0.3,0.5,0.4,0.3,0.5,0.4,0.1,0.2,0.3,0.2,0.5,0.3,0.5,0.3,0.6,0.6,0.4,0.6,0.4,0.5,0.7,0.4,0.6,0.7,0.5,0.4,0.4,0.3,0.4,0.4,0.9,1.2,0.2,0.3,0.2,0.3,0.4,0.5,0.5,0.4,0.4,0.7,0.2,0.2,0.3,0.4,0.4,0.3,1.1,0.4,0.5,0.4,0.7,0.8,0.5,0.4,0.5,0.5,0.8,0.5,0.4,0.3,0.3,0.5,0.7,0.3,0.4,0.6,0.4,0.2,0.1,0.4,0.2,,0.4,0.4,0.3,0.4,0.5,0.3,0.4,0.5,0.4,0.7,0.5,,0.2,0.6,0.3,0.4,0.8,0.6,0.6,0.5,0.4,0.4,0.4,0.4,0.4,0.6,0.6,,0.4,0.5,0.2,0.4,0.4,0.7,0.7,0.5,0.7,0.4,0.5,0.4,0.4,0.4,0.5,0.6,0.6,0.6,0.8,0.6,0.4,0.7,0.7,0.4,0.4,0.8,2,1.1,1.2,0.3,0.8,0.2,0.4,0.3,0.5,0.4,0.4,0.4,0.5,0.4,0.5,0.4,0.5,0.5,0.2,0.1,0.3,0.3,0.4,0.6,0.8,0.4,0.9,0.6,0.5,0.9,0.6,0.1,0.1,0.6,0.7,0.5,0.7,0.5,0.7,2.2,0.4,0.4,0.9,1,0.8,0.9,0.9,0.4,0.6,0.6,,0.6,0.2,0.5,0.5,0.4,0.5,0.5,0.6,0.1,0.3,,0.4,0.4,0.3,0.3,0.8,0.4,0.4,0.5,0.4,0.5,0.5,0.4,,1.1,0.3,0.5,0.3,1.4,1.5,0.3,1.4,0.3,0.3,0.9,0.4,0.8,0.8,0.5,0.3,0.6,1.4,0.5,0.5,0.2,0.2,1.2,0.6,0.3,0.5,0.5,0.4,0.6,0.5,0.4,0.3,0.3,0.3,0.2,0.6,0.2,0.3,0.6,0.3,,0.6,0.5,0.4,0.5,0.1,0.7,0.3
20230729,5,CO_24h,0.6,0.4,0.5,0.5,0.5,0.3,0.4,0.2,0.4,0.4,0.4,0.4,,,0.7,,0.7,0.6,0.8,,0.7,,0.4,0.7,,0.6,0.7,,0.5,0.3,0.4,0.5,0.4,0.4,0.7,,0.7,0.8,,0.9,0.8,0.6,0.2,0.3,,0.3,,0.4,0.5,0.5,0.2,0.2,0.4,0.4,,0.3,0.3,,0.3,0.2,0.6,0.6,0.5,0.6,0.5,0.5,0.4,0.5,,0.4,0.4,0.3,0.2,0.5,0.5,,0.5,0.4,0.5,0.5,0.8,,0.5,0.7,0.8,0.9,0.6,0.5,,0.4,0.7,,,0.5,0.5,0.5,0.4,0.4,0.6,0.5,,0.6,0.5,0.6,0.6,0.4,,0.4,0.5,0.1,0.3,0.5,0.4,,0.1,0.5,0.5,0.3,0.5,0.5,0.4,0.3,0.4,0.3,0.6,0.5,0.5,0.4,0.6,0.6,0.5,0.7,0.3,0.5,0.6,0.6,0.9,0.3,0.4,0.5,0.4,0.3,0.4,0.6,0.4,,0.4,0.4,0.3,0.4,0.3,0.4,0.1,0.5,0.4,0.4,0.2,0.3,0.4,0.3,,0.4,0.4,0.4,0.4,0.5,0.5,0.3,0.3,0.4,0.3,0.3,0.2,,,,0.4,0.3,,0.3,0.2,0.3,,,,0.4,,0.7,0.7,,0.6,0.5,0.4,0.2,0.6,0.6,,,,0.6,0.5,,0.5,0.7,0.6,0.3,0.4,,0.5,0.6,0.5,0.6,0.7,0.3,0.3,0.3,,0.3,,0.5,0.4,,0.5,0.6,,0.4,0.5,0.5,,0.6,0.4,0.5,0.6,0.4,0.4,0.3,,,0.4,0.4,0.4,0.4,0.4,0.4,0.4,,0.5,,,0.4,,0.5,0.4,,0.4,0.4,0.3,0.3,0.4,0.3,,0.4,0.4,0.3,0.3,0.3,0.5,0.4,0.4,0.3,0.4,0.5,0.3,0.3,0.3,0.5,0.4,0.4,0.3,,,0.2,0.2,0.4,0.4,,0.2,,0.5,0.3,0.6,,0.5,0.5,1.1,,0.4,0.4,0.2,0.5,,0.6,0.5,0.5,0.5,0.3,,,0.2,0.4,0.4,0.2,0.5,0.3,0.4,0.4,0.5,0.4,0.5,0.5,0.4,0.4,0.6,0.9,0.7,0.5,0.9,0.5,0.6,0.6,,0.5,0.6,0.3,0.5,0.4,0.3,0.4,0.2,0.5,0.5,0.6,0.5,0.6,0.6,,0.5,0.4,0.6,0.6,0.7,0.5,0.6,0.3,0.8,0.6,0.7,0.9,0.6,0.6,,0.6,0.6,0.8,0.5,0.5,0.5,0.3,0.5,0.4,0.6,0.3,0.6,,0.5,0.6,0.5,0.4,0.5,0.3,0.4,0.5,0.5,0.5,0.4,,,0.9,0.6,0.8,0.6,0.7,0.5,0.8,0.7,0.5,0.5,0.4,0.5,0.9,0.8,0.9,0.8,0.7,0.8,0.8,0.9,,0.4,0.5,0.4,0.4,0.2,,0.8,1,0.6,0.5,0.7,0.7,0.7,,,0.9,0.4,0.9,0.8,1,,0.3,0.4,0.4,0.5,,,0.5,0.6,0.7,0.5,0.3,0.7,0.4,0.6,0.6,0.4,0.5,,0.7,0.6,0.5,0.4,0.6,0.6,0.2,0.3,0.3,0.2,0.1,0.2,0.6,0.7,0.6,0.5,0.6,0.7,0.5,0.5,,0.7,,0.6,0.6,,0.4,,0.4,0.5,,,,,0.7,,,,0.4,0.5,0.5,0.4,0.4,0.4,0.3,,0.3,,0.4,0.2,0.3,0.4,0.5,0.5,0.4,0.3,0.5,0.5,0.3,0.5,0.4,0.5,,0.7,0.8,0.5,0.7,0.6,0.5,0.6,0.5,0.9,,0.5,0.4,0.5,0.5,0.6,0.7,0.5,0.5,0.4,0.3,0.2,0.1,0.4,0.1,0.4,0.6,0.6,,,0.6,,0.1,0.7,0.1,0.3,0.6,,0.4,0.6,,,0.2,0.3,0.3,0.2,,0.2,0.2,0.2,,0.2,0.3,0.4,0.3,0.2,0.6,0.1,0.1,0.3,0.1,,,,0.3,,,0.5,,0.5,0.2,0.3,0.3,0.1,0.3,0.4,0.2,0.2,0.4,,,,,0.6,,0.5,0.4,0.6,0.6,0.6,0.7,0.7,0.6,,0.7,0.6,0.7,0.6,0.7,0.6,0.7,0.7,0.6,0.9,0.6,0.6,0.6,0.6,0.5,0.6,0.5,0.5,0.6,0.8,,0.6,0.4,0.4,,0.4,0.5,,0.5,0.6,0.6,0.5,0.8,,0.6,0.8,,,0.3,0.2,,0.5,,0.5,0.6,0.5,0.6,0.8,0.9,,0.7,0.9,,1.1,0.9,,0.9,,0.9,0.8,0.9,,0.8,0.8,0.4,0.3,0.3,,0.5,0.9,0.8,0.7,0.9,0.5,0.6,0.6,0.6,0.4,0.6,0.4,0.6,0.3,1,1.9,0.7,0.6,0.6,0.4,0.5,0.4,0.7,0.5,0.5,0.7,0.5,0.6,0.6,0.6,0.6,0.3,0.3,,0.3,0.4,0.4,0.3,0.4,0.3,0.2,0.4,0.4,0.3,0.3,0.5,0.5,0.5,,0.6,0.5,0.4,,0.4,0.5,0.7,0.4,0.7,,0.8,0.6,0.7,,0.9,,0.6,0.5,0.5,0.4,0.6,0.4,0.3,,,,0.4,,0.6,,0.5,,0.7,,0.4,0.6,0.3,0.6,0.5,,0.6,,0.5,0.4,0.5,0.4,0.5,0.4,,0.6,0.7,0.5,0.5,0.5,0.2,,0.6,,,0.3,0.2,0.4,0.2,0.7,0.5,0.6,0.5,0.5,0.5,0.6,0.6,0.6,0.3,0.9,0.8,0.8,1.2,0.6,0.4,0.3,0.5,0.6,0.5,0.6,0.6,0.5,0.6,0.5,0.6,,0.8,0.7,1,2.5,0.4,0.6,0.6,0.5,,,,,0.4,0.5,,0.5,0.4,0.3,0.2,0.3,0.3,0.2,0.7,0.8,0.5,0.3,0.5,0.7,0.5,,0.6,0.8,,0.9,0.4,0.7,,0.6,0.5,,0.7,0.3,0.6,0.5,0.4,0.4,0.4,0.4,0.5,0.4,0.6,0.6,0.5,,0.6,0.7,0.4,0.6,0.6,0.4,0.3,0.2,0.1,,0.3,0.3,0.3,0.2,0.2,,,0.3,,,,,0.3,,,,,,,,,,,,,,,,0.2,,,,,,,,,,,,,,,,,,,,,,,,,,,,,,,,,,,,,,0.3,0.4,0.5,0.5,0.5,0.4,0.4,0.4,0.4,,,,0.9,0.9,0.8,0.9,,0.7,0.6,0.5,0.5,0.6,0.4,0.6,,0.6,0.6,0.8,,,0.9,0.9,,0.7,0.6,0.5,,0.5,,0.7,0.5,,,0.5,0.5,,,0.5,0.4,0.6,,,0.4,0.3,0.2,0.2,0.5,0.5,0.5,0.7,0.6,0.3,0.6,0.6,0.4,0.3,0.4,0.7,0.6,0.7,0.6,0.7,0.8,0.8,0.8,0.8,,0.4,0.2,0.6,,0.3,0.1,0.5,0.5,0.4,0.3,0.1,0.2,0.5,0.5,0.5,0.1,,,,0.4,0.3,0.4,0.1,0.4,,0.4,0.4,0.5,0.7,0.4,0.3,0.5,0.5,0.5,0.4,,,0.8,0.5,0.4,0.4,0.4,0.4,,0.1,0.3,0.3,,0.3,0.2,0.3,,0.3,0.3,0.2,0.3,0.2,0.2,0.3,,0.1,0.2,0.2,0.5,0.2,0.4,0.4,0.6,,0.4,0.3,0.4,0.2,0.2,0.3,,0.5,,0.5,,,,0.1,0.2,0.3,0.4,0.6,0.5,,0.4,,0.3,0.3,0.3,0.6,0.7,0.5,0.6,,0.7,0.6,0.8,,,0.5,0.4,0.5,,0.5,0.4,0.3,,,0.7,0.5,0.2,0.3,0.3,0.2,0.4,0.4,0.4,0.3,0.7,0.7,0.5,0.4,0.9,,0.3,0.4,0.4,0.4,0.5,,1.1,0.6,0.9,0.9,0.6,0.6,0.6,0.7,0.5,,0.6,0.7,0.6,0.9,1.1,0.9,0.9,1,0.6,0.4,0.7,,1,0.5,0.5,,0.6,0.6,0.6,0.5,,0.4,0.3,0.4,,0.5,0.2,0.3,0.4,0.4,,0.3,0.3,0.2,0.3,0.8,0.3,0.4,,0.3,0.2,0.3,0.3,0.6,,0.6,0.4,0.6,0.8,0.4,0.3,0.6,0.5,0.6,0.5,0.5,0.5,,0.5,0.5,0.3,,0.5,0.5,,0.5,0.4,0.5,0.5,,0.5,0.5,0.6,0.7,0.5,0.2,0.6,0.6,0.6,0.9,0.7,0.3,0.3,0.6,0.4,0.2,0.4,0.6,0.6,0.7,0.7,0.7,0.5,0.5,0.4,0.4,0.5,0.7,0.5,0.6,0.5,0.7,0.6,0.9,0.7,0.5,0.5,0.4,0.6,1.3,0.3,0.5,0.6,0.6,0.9,0.7,1.1,0.6,0.4,0.5,0.4,0.7,0.7,0.7,0.8,0.8,0.7,0.6,0.6,0.8,0.7,0.8,0.8,0.6,0.6,0.4,0.7,0.6,,0.5,0.4,0.5,0.3,0.6,,0.3,0.5,0.3,0.2,0.2,0.4,0.4,0.4,0.5,0.5,0.4,0.5,0.7,0.2,0.4,,,,0.4,0.4,,0.4,0.2,0.3,0.2,0.3,0.4,,0.5,0.4,0.5,,,,,0.4,0.4,0.4,0.4,0.3,,,0.5,,0.3,0.3,0.7,0.7,0.8,0.8,0.3,0.6,0.7,0.5,0.6,,,,,0.3,0.3,0.3,0.4,0.3,0.5,0.5,,0.4,0.5,0.4,0.2,0.2,0.7,0.6,0.6,0.7,0.5,0.3,0.5,0.7,0.6,,0.5,0.4,0.4,0.6,0.5,0.4,0.6,0.6,0.8,,0.4,0.3,,0.4,0.5,,0.3,0.3,0.5,,0.3,,0.1,,0.5,0.4,0.5,0.6,0.7,0.4,0.6,0.8,0.7,0.7,0.3,0.4,0.5,0.4,,0.9,0.4,,0.4,0.5,0.4,,0.3,0.4,0.2,0.4,0.4,0.4,,0.4,0.3,0.1,,,,0.3,0.4,0.1,,0.4,0.5,0.5,0.4,0.5,0.4,0.5,,0.5,,,0.3,0.2,0.4,0.3,0.4,0.4,0.3,0.6,0.5,,0.3,0.3,0.3,0.3,0.2,0.3,0.3,0.3,0.3,,,0.5,0.4,,0.4,,0.7,0.3,0.3,0.4,1,0.1,0.6,0.7,0.7,0.7,0.7,0.4,0.6,,0.6,0.6,0.4,0.5,0.4,0.4,0.5,,0.4,,0.1,0.3,0.5,0.4,0.9,0.8,0.9,0.3,0.2,0.6,0.7,0.3,0.4,0.3,,,0.4,0.3,0.4,0.5,,0.5,0.5,0.5,0.5,,0.3,0.4,,,0.3,0.5,0.3,0.3,0.4,0.2,0.8,0.5,0.2,0.5,0.5,0.6,0.6,0.6,1,,0.6,0.5,,0.5,0.6,0.3,0.3,0.2,0.5,0.4,,0.5,0.5,0.7,0.3,0.3,0.8,0.7,0.6,,0.6,0.4,0.3,0.6,0.2,0.6,0.8,0.2,0.6,0.5,0.5,0.3,,0.3,0.1,0.7,0.4,0.4,0.4,0.5,0.5,0.5,0.2,0.4,0.3,0.7,0.5,0.5,0.4,0.5,0.5,0.7,0.3,0.5,0.2,0.5,0.5,0.5,0.4,,,0.5,0.3,0.4,0.7,0.3,0.1,0.5,0.4,0.2,0.3,0.5,0.3,0.5,0.5,0.9,0.4,0.5,0.4,,0.9,0.5,0.5,0.5,0.5,0.3,0.4,0.4,0.5,0.4,0.4,0.6,0.4,0.5,0.5,0.5,0.4,0.6,0.6,0.5,0.6,0.5,0.5,0.3,0.4,0.4,0.6,0.2,0.3,0.4,0.5,0.7,0.6,0.6,0.2,0.5,0.6,0.6,0.7,0.8,0.5,0.5,0.5,0.9,0.6,0.6,0.4,0.8,0.5,,0.4,0.4,,0.4,0.5,0.4,0.4,0.6,0.6,0.4,0.4,0.5,0.5,0.4,0.1,0.2,0.8,0.5,0.5,0.2,0.5,0.5,0.4,0.6,0.6,0.7,0.6,0.5,0.8,0.5,0.4,0.5,0.5,0.4,,0.6,0.4,0.5,0.3,0.5,0.2,,0.2,0.2,,0.3,0.6,0.6,0.3,0.7,0.8,0.7,,0.4,0.2,0.6,0.5,0.5,0.6,0.6,0.7,0.5,0.5,0.7,0.7,0.7,0.5,0.4,0.5,0.7,0.5,0.6,0.5,0.9,0.4,0.5,0.3,0.5,0.6,0.6,0.7,0.3,0.5,0.3,0.8,0.5,0.5,0.6,0.4,0.3,0.5,0.4,0.1,0.3,0.4,0.4,0.5,0.3,0.4,0.4,0.6,0.6,0.4,0.5,0.5,0.4,0.7,0.4,0.7,0.7,0.4,0.4,0.4,0.3,0.4,0.4,0.7,0.8,0.4,0.3,0.3,0.3,0.4,0.5,0.6,0.4,0.5,0.7,0.3,0.3,0.6,0.4,0.4,0.3,1,0.4,0.6,0.4,0.7,0.7,0.4,0.4,0.5,0.5,0.7,0.5,0.5,0.2,0.4,0.5,0.7,0.3,0.4,0.4,0.3,,0.1,0.4,0.3,0.5,0.3,0.5,0.3,0.4,0.3,0.2,0.4,0.5,0.4,0.5,0.5,0.3,0.1,0.6,0.3,0.4,0.7,0.6,0.6,0.6,0.5,0.4,0.4,0.4,0.4,0.6,0.6,,0.4,0.5,0.3,0.3,0.5,0.7,0.6,0.5,0.8,0.5,0.5,0.4,0.4,0.4,0.5,0.5,0.6,0.6,1.1,1,0.6,0.6,0.7,0.5,0.6,0.9,1.3,1.1,1,0.3,0.9,0.2,0.3,0.3,0.3,0.2,0.4,0.3,0.5,0.4,0.4,0.4,0.8,0.5,0.2,0.5,0.3,0.3,0.4,0.7,0.8,0.4,0.5,0.4,0.4,0.5,0.6,0.1,0.2,0.7,0.7,0.4,0.5,0.5,0.8,1,0.4,0.3,0.8,0.8,0.7,0.7,0.8,0.4,0.6,0.6,,0.6,0.2,0.5,0.5,0.5,0.4,0.5,0.5,0.2,0.4,0.2,0.4,0.3,0.4,0.3,0.7,0.4,0.5,0.6,0.4,0.6,0.6,0.4,,0.5,0.4,0.5,0.2,0.9,1.2,0.4,0.9,0.4,0.3,0.5,0.4,0.6,0.6,0.5,0.3,0.6,1.1,0.6,0.5,0.4,0.2,1,0.9,0.4,0.4,0.5,0.4,0.6,0.5,0.5,0.3,0.5,0.4,0.2,0.6,0.3,0.3,0.5,0.3,0.5,0.6,0.5,0.4,0.5,0.1,0.6,0.4
20230729,6,AQI,39,35,47,58,33,36,27,36,33,43,33,39,,,9,,9,15,9,,8,,,10,,8,13,,52,50,52,34,50,38,35,,38,34,,54,36,8,17,25,,28,,28,25,25,28,36,32,50,,32,16,,28,28,18,42,45,35,35,38,62,59,,67,16,17,18,34,32,,44,39,39,32,46,,34,36,51,54,46,38,,31,24,,,32,31,31,44,33,38,34,,35,,26,25,19,,33,8,8,11,7,19,9,,8,14,11,28,26,33,23,27,18,17,28,28,25,33,36,33,53,39,53,43,,42,31,48,55,20,21,20,10,18,,18,23,19,23,12,7,8,7,9,12,15,10,14,52,,17,19,13,16,17,12,11,17,22,8,9,12,,,,14,18,,22,18,13,,,,16,,8,8,6,8,9,10,6,7,11,,,,14,11,,16,16,18,14,15,,17,12,17,14,15,19,24,19,,23,,16,20,,10,14,,13,11,12,,12,16,12,11,14,10,13,,,12,10,11,16,17,17,13,,9,,,10,,10,12,,18,22,21,22,20,22,,15,14,14,12,10,15,19,14,14,18,18,8,10,13,14,9,13,12,,,,17,17,18,,17,,13,15,,,15,16,20,,12,17,15,15,,17,16,15,25,18,,,34,17,22,36,12,12,13,,9,10,13,13,17,28,13,18,16,12,10,18,19,13,,13,19,18,17,12,19,53,17,17,18,19,21,35,27,,28,40,32,28,26,20,23,16,25,31,22,28,29,28,,23,26,31,29,33,24,30,21,27,28,24,20,,39,48,51,38,31,33,33,29,32,39,27,,,44,41,40,54,45,51,32,32,26,38,11,22,38,27,26,33,35,36,29,65,,40,39,40,34,29,,37,36,35,28,29,22,21,,,39,29,30,41,23,,20,25,32,39,,,33,21,27,24,12,14,22,27,24,20,19,,22,,20,26,28,24,17,13,16,18,27,20,37,32,100,22,42,25,35,20,,53,,22,23,,32,,38,32,,,,,22,,,,35,30,102,98,130,96,95,,88,19,15,22,21,29,15,20,26,23,14,28,13,41,23,33,,69,62,34,53,36,35,25,34,54,,11,11,14,30,22,22,26,11,14,10,20,14,22,16,23,22,26,,,9,,14,9,8,7,13,,12,25,,,13,9,9,10,,21,12,7,,14,20,8,9,10,,9,6,,5,,,,5,,,23,,22,14,12,19,14,17,,4,7,7,,10,,,32,,29,46,30,28,30,25,31,31,,33,43,36,35,35,28,34,55,34,70,22,26,40,,,,16,29,17,40,,32,,18,,26,23,,23,23,19,20,22,,42,22,,,,25,,39,,54,46,50,58,25,28,,30,28,,90,64,,85,,40,44,48,,55,47,34,31,34,,13,10,11,25,24,15,20,48,23,22,28,19,28,18,24,19,12,16,45,27,19,22,40,43,15,18,17,26,19,16,24,21,24,,21,24,23,23,22,25,28,18,25,25,20,11,15,12,,13,9,15,,15,14,20,14,14,,13,20,17,,16,,21,16,19,18,,9,12,,,,23,,21,,61,,20,,14,14,14,34,58,,30,,24,23,24,18,23,22,,22,9,13,12,22,17,,24,,,19,25,22,30,8,22,42,33,31,20,26,25,22,32,46,59,48,56,32,19,24,9,14,16,18,26,32,31,29,26,,20,17,18,37,17,22,20,13,,,,,18,25,,20,22,18,22,20,18,22,18,23,23,24,16,25,22,,28,37,,23,27,31,,24,24,,23,20,17,14,17,20,22,,19,41,46,42,44,,65,53,164,24,28,24,29,38,37,,45,35,45,48,59,,,32,,,,,14,,,,,,,,,,,,,,,,7,,,,,,,,,,,,,,,,,,,,,,,,,,,,,,,,,,,,,,14,12,15,11,17,16,21,22,13,,,,32,47,37,32,,38,58,91,51,56,62,44,,36,46,65,,,60,69,,28,30,38,,36,,45,33,,,51,30,,,28,32,39,,,30,12,34,34,33,31,35,43,34,18,36,32,23,14,12,25,28,34,30,23,40,28,48,36,,25,30,18,,10,8,26,33,22,25,25,23,20,32,18,19,,,22,15,19,24,8,21,27,18,21,21,16,40,22,24,23,23,28,,,32,12,16,18,28,30,,18,25,22,,20,19,19,,12,16,17,22,14,14,15,,13,12,15,30,15,7,9,8,,9,17,13,24,20,10,,9,,8,,,,7,8,8,15,13,14,,12,,14,15,14,18,18,,23,,20,15,17,,,12,15,11,,22,18,18,,,17,12,10,18,10,25,11,27,23,22,22,20,28,28,25,,12,13,14,,14,,32,17,19,20,30,30,23,25,18,,21,21,22,16,15,24,15,13,20,16,12,,13,10,20,,10,11,15,19,,15,15,11,,10,10,25,8,9,,14,15,16,14,13,16,,,23,12,28,24,38,,23,37,14,27,,19,18,20,19,15,12,17,,18,19,21,,12,13,,19,16,17,14,,12,12,10,26,22,16,48,,30,38,22,20,40,,33,33,13,15,21,15,18,25,40,29,30,30,20,30,27,97,37,19,20,40,49,42,21,49,45,27,23,,28,25,54,53,51,53,19,24,22,22,23,39,26,24,23,23,40,46,54,19,25,19,37,39,35,42,,57,26,22,14,18,,15,17,13,13,12,25,20,25,26,23,33,22,27,24,24,,,,36,30,,33,,27,14,27,20,,13,16,18,,,,,19,14,16,17,16,13,,26,,11,14,19,17,19,25,22,15,18,18,18,,,,,18,20,15,13,44,22,17,,18,10,14,20,30,19,19,20,36,16,25,28,49,36,,42,48,33,35,17,8,20,18,28,,29,21,,20,11,,15,16,16,,25,,23,,7,7,29,30,25,20,34,32,34,80,13,21,24,24,,54,20,,11,18,38,,36,72,,22,196,190,,26,27,25,34,,,,25,36,,29,28,23,27,14,42,23,,21,,,22,24,26,24,98,90,37,36,41,,71,39,38,29,29,67,43,34,,,,26,24,,21,,41,58,58,100,18,15,23,21,7,9,10,42,34,,42,19,18,16,12,10,10,,7,,7,,29,17,26,23,175,34,15,42,27,26,10,12,,,57,16,14,11,,40,30,31,18,,13,11,,,17,16,16,22,12,10,16,14,9,11,16,42,29,17,60,,9,22,,20,17,19,21,71,48,26,7,50,,28,15,17,10,11,53,8,49,17,25,12,28,13,13,11,12,16,12,17,,19,15,20,14,20,24,26,26,22,13,25,24,,20,16,21,37,17,,17,8,5,26,22,15,14,,,28,19,33,13,15,24,19,19,10,33,13,29,18,25,16,23,20,15,,12,27,31,27,31,25,157,19,29,19,26,23,14,18,19,24,31,,40,41,34,31,15,16,13,9,14,28,19,22,12,,27,27,39,,39,28,24,30,23,52,36,42,20,25,15,44,30,19,17,32,,11,10,10,10,17,8,13,11,16,16,17,17,18,16,17,22,28,18,16,22,21,23,29,35,22,45,42,20,19,15,30,,32,19,27,21,10,13,9,5,9,,7,12,19,19,15,25,26,,12,29,20,14,25,37,25,25,47,39,28,24,35,9,19,12,10,10,15,26,17,5,39,31,54,32,13,7,13,14,16,16,12,12,9,13,14,25,18,19,86,96,95,93,76,54,14,26,13,17,31,25,35,28,20,31,29,25,20,45,29,10,20,43,53,15,14,17,10,10,16,12,20,9,19,12,12,11,23,17,17,38,41,20,15,29,23,28,27,19,25,16,23,16,22,12,9,10,25,20,15,15,18,5,17,12,,26,10,19,7,24,33,27,20,20,32,17,,18,21,16,18,29,40,26,26,30,15,18,32,22,16,14,,22,16,15,17,23,19,40,28,23,13,9,9,14,13,16,59,35,25,43,32,36,37,53,40,49,28,45,51,54,62,23,51,47,50,60,52,64,59,54,53,21,11,21,15,15,12,13,46,46,23,28,14,45,35,32,43,30,41,68,39,31,16,32,44,39,31,44,36,21,28,19,39,39,35,29,41,,14,12,17,18,16,22,23,14,7,10,15,8,28,18,23,33,29,12,29,15,46,11,14,,21,12,24,69,78,56,11,62,34,34,62,27,73,56,23,16,13,46,16,14,20,13,42,39,26,33,39,34,31,39,23,21,12,45,18,60,18,12,26,20,12,15,30,,9,5,13,24
20230729,6,PM2.5,23,17,26,37,23,20,12,17,16,30,18,18,,,3,,4,5,6,,4,,,5,,3,9,,27,26,36,14,17,24,12,,21,22,,30,12,5,10,17,,11,,19,14,16,19,11,15,20,,22,11,,19,19,12,23,11,14,12,18,39,42,,48,11,7,9,23,22,,18,27,24,22,31,,19,25,28,33,32,24,,17,12,,,15,20,16,20,11,14,13,,12,,10,11,13,,19,,2,1,1,1,,1,4,3,2,14,13,15,12,13,12,10,14,15,17,23,12,13,14,17,13,20,,14,8,21,10,4,9,,7,6,,3,8,6,3,2,2,,,5,2,5,7,5,36,,8,7,6,8,5,7,,4,,,,,,,,6,12,,9,12,9,,,,11,,5,5,2,2,2,7,2,2,2,,,,4,7,,8,8,8,5,7,,8,5,7,,4,5,7,13,,15,,7,8,,5,6,,4,7,8,,8,4,6,5,7,5,5,,,6,3,2,9,1,5,9,,4,,,7,,2,5,,12,10,9,4,5,5,,5,7,3,6,6,5,2,3,2,12,12,5,7,9,6,2,5,6,2,,,,,,,6,,2,,,,10,3,14,,2,5,5,7,,7,2,10,17,12,,,7,,2,5,7,5,9,,3,3,9,6,6,19,4,12,5,5,5,12,13,5,,5,5,7,6,8,9,5,5,9,4,6,7,2,18,,15,20,22,10,14,9,14,11,8,17,6,11,17,17,,9,18,17,16,23,14,21,2,12,19,15,14,,13,6,32,26,19,23,20,20,13,27,13,,,25,24,18,31,14,16,22,20,12,19,7,15,26,18,18,23,24,19,20,47,,19,26,28,16,8,,25,25,24,12,17,8,11,,,27,18,21,17,13,,6,7,22,14,,,20,14,5,14,2,7,2,9,14,14,,,15,,14,17,19,16,6,8,5,7,6,5,22,22,75,11,29,17,21,7,,25,,12,16,,11,,26,22,,,,,7,,,,21,21,22,43,99,41,29,,30,9,3,11,7,,2,5,3,1,9,19,3,9,6,17,,50,44,17,37,22,17,17,22,24,,3,6,5,21,15,15,18,5,5,4,8,7,8,5,6,10,7,,,6,,7,6,5,2,7,,5,16,,,9,6,6,2,,6,7,2,,7,5,,5,7,,6,1,,,,,,3,,,7,,7,5,7,6,6,9,6,2,2,2,,7,,,12,,18,22,12,11,11,9,13,16,,23,30,25,19,24,19,19,39,19,51,8,11,19,11,13,12,6,3,9,19,,16,13,10,,18,15,,11,6,11,6,10,,16,14,,,,17,,27,,24,23,21,28,14,14,,14,9,,67,42,,63,,28,29,24,,39,25,7,13,9,,4,4,5,9,13,6,5,21,16,12,12,12,17,8,10,12,6,5,17,17,,12,14,14,10,12,9,11,13,10,13,4,3,,5,12,11,12,10,4,19,12,17,14,13,7,8,8,,9,6,10,,10,7,6,5,3,,1,10,2,,9,,10,7,8,9,6,,4,,,,10,,4,,4,,14,,7,1,7,18,18,,21,,7,9,5,,10,11,,15,5,3,4,15,8,,16,,,7,13,8,17,5,15,23,20,14,5,5,12,10,21,30,42,27,25,13,9,9,6,3,11,12,16,17,21,16,16,,2,5,2,21,5,3,3,2,,,,,12,13,,14,9,1,8,11,12,15,5,10,8,9,7,13,9,,19,24,,16,16,17,,13,16,,15,4,2,3,5,4,4,3,3,24,31,29,5,,15,17,83,11,19,15,20,7,10,,17,9,18,22,11,,,15,,,,,9,,,,,,,,,,,,,,,,,,,,,,,,,,,,,,,,,,,,,,,,,,,,,,,,,,,,,,1,,5,7,6,8,2,5,2,,,2,19,14,19,17,,23,26,49,29,23,34,30,,24,23,47,,,43,50,,19,19,26,,25,,19,21,,,29,21,,,19,13,26,,,21,8,19,6,18,10,9,30,9,6,20,15,6,5,8,9,12,12,12,14,14,14,18,15,,13,21,10,,6,,8,4,15,17,2,11,6,22,4,8,,,7,9,13,9,5,8,6,4,4,5,11,15,7,8,7,9,8,,,22,8,7,12,17,21,,12,10,7,,14,6,6,,8,11,8,15,2,8,10,,3,8,5,7,6,4,6,4,,4,1,4,5,1,1,,1,,3,,,,2,,5,10,8,1,,8,,8,6,6,,3,,5,49,8,10,10,6,,4,10,5,16,15,9,12,3,,,8,4,12,2,2,2,11,14,14,15,14,14,12,17,,1,3,4,,1,,19,10,13,12,18,21,10,15,12,,12,12,13,7,6,6,8,2,2,6,3,,9,2,14,,2,,5,13,,10,10,4,,6,7,17,5,6,,4,9,11,9,8,6,,,4,7,19,5,1,,5,4,5,14,,4,12,3,13,8,1,2,,4,10,8,,7,9,,10,5,2,6,,8,6,6,18,15,8,15,,21,20,12,14,23,,23,22,8,6,8,10,4,14,24,14,13,19,14,21,16,72,22,5,12,22,22,9,11,29,25,12,15,,11,9,26,16,24,29,13,12,5,2,8,27,10,9,13,7,23,21,22,12,17,13,22,26,21,24,,23,18,14,8,7,,5,7,5,9,5,17,14,12,18,16,18,14,18,10,3,,,,25,21,,23,7,,5,18,2,,8,7,8,,,,,6,,5,10,2,6,,18,,7,8,5,6,10,9,15,10,6,5,12,,,,,7,4,7,8,21,3,10,,12,6,6,10,19,7,11,4,7,8,9,19,34,19,,29,33,23,24,6,5,10,8,8,,11,6,,5,4,,4,2,2,,7,,4,,,3,10,13,7,11,21,20,18,59,5,6,6,7,,7,4,,5,6,10,,13,25,,6,103,80,,2,2,17,15,,,,17,22,,20,8,13,16,2,9,11,,11,,,4,4,1,1,35,44,21,25,7,,29,9,11,6,20,26,10,15,,,,11,8,,5,,10,19,18,30,7,4,12,10,1,2,,21,22,,29,9,9,7,5,4,4,,2,,2,,11,10,7,12,102,6,10,13,14,17,4,7,,,40,6,4,3,,13,21,14,12,,9,7,,,5,4,2,12,8,7,7,,,4,10,14,16,10,42,,3,15,,7,10,13,12,24,33,11,2,34,,8,,,3,,31,1,34,7,17,2,1,5,8,6,8,11,8,6,,9,5,13,3,9,9,11,14,14,3,10,14,,11,11,10,22,11,,5,5,,18,9,10,8,,,19,5,23,9,6,2,6,9,7,8,8,10,12,17,2,16,2,3,,8,14,12,17,7,4,67,3,8,2,9,5,4,3,2,7,16,23,28,17,14,18,10,11,7,6,5,16,9,5,5,8,14,9,15,21,27,19,11,21,8,30,20,29,14,8,5,27,6,12,7,22,,5,7,7,7,8,3,4,4,5,5,6,10,7,11,7,5,19,12,8,15,13,14,17,12,15,31,29,14,13,7,15,,22,13,18,7,2,9,,,1,,2,7,13,5,10,17,18,,5,8,12,6,17,22,11,17,32,27,11,7,21,2,8,8,4,5,4,,8,,27,14,32,12,9,2,9,8,10,6,5,5,2,6,5,15,8,12,36,23,31,38,37,25,8,10,6,11,19,7,21,19,14,19,19,17,14,28,2,5,14,30,37,6,6,4,7,5,9,8,6,6,12,4,1,7,7,9,8,5,11,10,10,20,10,19,14,13,17,2,11,5,15,2,2,7,17,6,7,4,12,1,7,5,,18,7,13,,5,20,9,14,12,22,8,,5,5,3,12,18,23,18,18,17,4,12,17,11,9,5,,4,11,10,5,16,13,27,19,16,9,6,4,8,6,5,24,15,17,23,22,19,24,27,8,30,9,31,29,38,44,16,20,12,17,19,25,25,19,27,26,8,,13,7,4,3,9,32,32,15,19,2,29,21,22,30,10,11,17,20,11,8,16,30,24,14,22,14,9,4,9,23,24,6,20,24,,8,6,2,4,3,12,10,2,2,,10,,9,8,7,20,20,7,4,10,6,6,8,,2,8,11,24,57,38,2,41,11,13,43,14,53,19,6,7,7,32,5,3,14,9,29,13,15,17,20,16,19,20,6,7,3,31,10,43,7,4,17,9,4,1,16,,6,2,4,11
20230729,6,PM2.5_24h,17,11,14,15,17,17,14,13,9,17,14,17,,,19,,22,21,20,,21,,18,16,,17,19,,20,25,25,17,18,19,12,,31,31,,42,24,6,11,22,,16,,18,16,14,11,11,10,12,,19,7,,13,17,12,22,18,18,18,16,21,22,,24,16,14,17,23,20,,18,20,23,22,22,,16,22,25,22,21,17,,14,12,,,12,16,14,15,18,14,10,,11,11,11,12,13,,13,11,10,12,10,13,10,10,10,10,15,12,13,12,11,10,8,9,12,14,13,14,9,8,12,12,9,14,,11,7,20,8,6,9,7,5,6,,4,8,5,9,3,4,2,3,4,2,4,7,6,12,,7,9,8,9,7,10,1,5,2,1,2,,,,,8,9,,8,8,10,,,,12,,6,6,5,5,8,7,7,4,8,,,,8,7,,10,10,11,6,6,,6,4,5,,6,5,4,8,,7,,7,7,,8,6,,6,7,8,,8,7,10,6,9,7,6,,,7,6,4,11,9,11,13,,7,,,7,,4,7,,13,12,10,5,7,6,,6,6,8,7,5,7,4,4,7,10,11,4,9,12,5,6,6,9,3,,1,2,1,3,,8,,8,6,4,,6,7,12,,8,10,4,6,,7,5,10,12,7,,,4,1,2,4,5,6,18,,10,11,11,12,12,27,12,8,6,10,8,14,15,7,,9,9,6,10,7,12,7,6,8,9,5,8,2,15,,15,14,15,8,12,16,12,11,14,14,18,20,14,13,,13,13,12,16,19,17,16,14,12,13,13,12,,12,15,20,17,18,17,15,15,14,16,11,,,14,14,14,15,10,11,15,13,12,11,11,11,39,35,38,36,37,30,40,43,,14,17,15,13,10,,15,21,12,14,19,7,13,,,18,15,19,14,13,,5,6,8,8,,,9,8,6,20,12,12,11,14,17,16,9,,14,8,14,13,17,15,9,7,6,6,8,7,14,12,30,9,14,12,11,7,,14,,7,9,,22,,26,25,,,,,12,,,,18,17,22,26,77,26,17,,29,10,8,7,9,5,8,8,6,5,8,22,5,9,7,12,,20,16,15,16,13,15,12,17,16,,8,8,7,22,16,16,18,7,7,6,9,12,15,13,10,7,7,,,10,,7,5,6,6,16,,14,5,,,12,8,8,7,,3,7,5,,6,3,2,4,6,3,5,4,3,1,,,,5,,,8,,8,6,9,10,2,4,1,6,4,9,,6,,,10,,11,14,12,11,12,12,13,11,,22,29,27,21,26,20,33,32,20,29,8,8,10,12,11,12,11,11,12,19,,17,13,10,,12,11,,12,10,10,13,11,,16,9,,,12,14,,20,,18,16,14,17,16,17,,20,19,,48,29,,42,,23,26,22,,30,29,6,6,5,,10,10,12,12,15,8,8,15,14,10,10,11,15,7,11,15,8,5,17,17,12,13,15,14,9,9,9,8,11,8,12,4,7,,11,10,14,13,6,6,14,9,17,9,7,8,7,7,,9,8,9,,7,9,9,6,7,,9,10,4,,20,,20,14,16,20,16,15,5,,,,10,,12,,16,,15,,14,10,8,14,17,,16,,10,13,8,6,15,14,,12,10,5,8,12,8,,14,,,8,17,14,14,11,14,14,15,12,17,8,13,22,35,27,30,26,32,23,8,8,8,9,13,10,12,14,16,16,13,,6,6,8,17,7,3,4,,,,,,8,10,,10,9,11,8,9,12,14,9,16,8,12,12,11,11,,15,10,,14,15,17,,11,14,,14,4,4,3,6,5,7,3,5,22,24,17,34,,19,20,33,9,15,11,11,4,11,,19,9,23,25,22,,,5,,,,,4,,,,,,,,,,,,,,,,3,,,,,,,,,,,,,,,,,,,,,,,,,,,,,,,,,,,,,,7,3,6,11,13,9,4,5,3,,,10,12,10,13,10,,20,18,20,12,17,18,18,,28,20,23,,,24,30,,23,22,16,,16,,13,14,,,27,14,,,16,14,23,,,11,10,10,5,15,10,14,14,14,21,21,14,8,12,8,11,9,10,12,12,18,15,10,14,,12,11,10,,5,2,6,8,14,13,8,6,6,10,4,10,,,10,8,10,10,9,11,11,6,5,5,11,16,6,11,11,14,9,,,14,6,7,8,10,13,,11,7,6,,10,10,6,,10,9,5,14,4,7,10,,7,10,8,6,9,4,8,10,,10,3,5,5,7,4,,3,,8,,,,4,3,5,9,6,4,,8,,8,6,6,2,2,3,3,26,9,9,8,10,3,4,6,5,9,8,6,9,5,,4,6,8,21,6,4,4,10,9,9,8,7,11,8,9,,7,6,6,8,11,,11,8,9,11,11,13,8,11,8,,11,11,12,6,9,7,8,6,6,6,5,,22,17,20,,12,10,10,11,,11,14,7,,8,8,12,6,8,,10,13,15,12,6,8,7,,8,9,12,4,8,,8,3,9,15,13,11,14,14,20,11,4,3,,10,15,14,,10,7,,9,6,7,8,,14,12,11,17,13,9,14,,10,17,12,18,17,13,18,17,7,11,12,9,7,11,14,14,15,14,12,14,14,22,16,9,14,15,14,14,8,13,12,11,12,11,10,10,30,27,29,25,18,24,28,24,28,21,29,30,31,27,29,31,29,14,18,16,16,26,21,21,,26,28,30,7,7,,3,8,6,8,5,15,14,9,13,12,14,9,13,10,4,,,,16,13,,15,6,3,6,8,6,,7,6,7,,,,,6,5,9,8,4,11,,14,,7,7,6,6,7,8,12,9,8,4,10,,,,,9,6,10,7,16,7,13,,10,8,10,11,13,6,11,6,9,7,14,16,26,18,,24,24,18,21,8,6,9,11,13,,11,8,,11,5,,4,5,5,,12,,3,,2,4,7,8,8,8,17,17,15,52,5,6,5,12,,12,11,,8,7,15,,17,20,6,6,33,37,,3,4,15,15,,,17,11,18,,13,9,14,18,2,20,8,,9,,,6,6,4,3,22,26,17,26,7,,23,11,12,12,14,31,16,20,16,,,14,13,,10,,7,25,23,24,10,8,17,11,18,18,16,21,17,,19,8,10,11,8,7,9,,3,,2,7,8,12,7,8,41,9,5,10,11,14,9,7,,,20,7,5,17,,15,11,14,11,,7,5,,,2,6,5,5,9,4,5,2,1,5,14,16,15,11,29,,18,12,,11,9,13,12,15,25,13,5,17,,8,3,3,17,11,22,5,19,5,13,3,5,17,7,8,9,11,10,7,,16,6,11,8,5,8,13,13,14,13,9,10,2,9,10,9,10,20,,6,9,2,11,7,8,7,,,25,7,24,10,6,2,10,9,6,15,16,8,13,18,3,11,15,3,,10,22,15,21,9,5,26,8,6,5,8,9,7,7,6,6,13,18,13,8,15,11,13,8,8,7,4,7,8,6,14,12,15,12,12,18,16,16,19,16,16,17,11,14,12,17,11,15,13,8,12,25,,16,6,6,6,7,5,5,6,14,15,8,9,8,24,22,9,11,10,7,16,12,12,20,16,14,29,22,10,19,15,10,,14,12,11,5,7,8,4,4,3,,2,15,16,3,12,15,15,,9,8,19,16,13,13,13,36,25,20,29,27,20,3,7,8,5,5,5,3,9,4,18,8,15,19,7,2,6,8,8,6,9,9,7,7,3,6,7,4,21,17,21,26,30,24,8,10,7,13,14,18,9,26,12,12,21,14,11,23,9,8,16,24,33,23,4,7,7,7,10,9,7,12,11,15,12,15,17,9,8,6,9,14,11,9,17,15,12,8,14,3,9,12,9,5,1,4,5,6,6,8,12,3,4,9,14,8,10,11,4,6,15,13,7,9,11,6,7,6,6,6,10,30,27,17,20,13,5,8,13,11,10,9,,6,13,8,12,18,14,18,7,11,8,7,9,10,7,9,21,17,13,27,25,25,22,23,10,19,29,32,30,33,31,20,14,8,8,16,17,18,13,18,16,10,9,11,18,8,19,12,21,20,8,17,2,12,10,9,13,8,10,17,82,65,8,8,20,27,12,16,11,15,14,9,16,15,8,14,19,,8,4,13,11,7,12,8,2,,3,14,3,8,8,8,20,18,13,5,12,8,8,7,,5,6,5,14,28,34,17,24,12,12,21,14,18,15,7,6,10,17,7,6,15,5,39,30,13,8,16,11,15,15,6,7,19,23,10,33,9,5,14,11,5,2,14,7,6,3,8,13
20230729,6,PM10,39,35,47,65,,36,27,36,33,31,33,39,,,8,,4,15,9,,4,,,10,,8,13,,53,50,37,34,50,38,32,,38,34,,58,36,4,17,25,,28,,18,25,25,24,36,32,50,,31,11,,24,22,18,42,45,35,35,38,73,58,,62,14,17,18,34,32,,44,26,39,26,46,,34,35,52,58,44,38,,31,24,,,32,31,31,44,33,38,34,,35,19,26,25,17,,33,6,6,11,4,19,8,,7,14,11,28,26,33,23,27,18,17,28,28,22,27,36,33,55,39,55,43,47,42,31,48,59,20,21,20,6,18,,18,23,19,23,12,7,7,7,9,12,15,10,14,16,,17,19,13,16,17,12,11,17,22,8,9,12,,,,14,14,,22,9,5,,,,12,,7,6,6,5,9,7,5,7,11,,,,14,11,,16,16,18,14,15,,17,12,17,14,15,19,24,17,,23,,16,20,,10,14,,13,11,10,,11,16,12,11,14,10,5,,,12,9,10,10,10,11,4,,9,,,10,,10,12,,18,22,21,22,20,22,,15,14,10,10,9,2,3,8,14,12,12,2,9,12,14,9,13,12,3,,,13,3,7,,17,,,,,,2,2,18,,1,17,10,10,,17,15,15,20,14,,,34,17,22,36,12,12,10,9,5,2,13,13,17,7,7,16,16,12,10,14,17,6,,13,19,14,8,10,10,56,14,8,14,13,21,25,27,,28,40,30,28,26,20,23,16,14,31,18,28,29,24,,18,26,31,29,28,16,26,21,27,24,24,20,,39,48,51,20,31,25,33,21,32,12,27,,,44,41,40,57,45,52,27,32,26,38,11,17,27,27,21,24,18,36,25,68,,40,39,36,34,29,,37,34,25,28,29,22,21,,,38,29,28,41,23,,20,16,21,39,,,33,21,27,24,12,14,22,27,24,12,19,,19,,20,26,25,24,11,9,8,4,5,10,37,32,53,22,39,21,35,20,,56,,22,23,,32,,31,28,,,,,12,,,,35,27,153,145,95,142,140,,125,19,15,22,21,29,15,20,26,23,14,24,13,41,23,33,,44,41,34,43,36,22,22,34,58,,11,11,14,24,21,20,23,11,14,10,20,14,22,16,23,22,26,,,5,,14,5,5,7,7,,6,25,,,,,9,5,,11,12,,,14,20,7,9,7,,5,,,5,,,,5,,,23,,22,14,12,19,14,17,24,2,2,2,,,,,32,,29,46,30,1,8,14,10,17,,33,35,29,35,31,23,34,41,34,63,22,26,40,,,,5,29,16,40,,32,21,18,,20,23,,3,10,18,10,22,,42,22,,,,19,,38,,57,46,50,65,23,22,,22,23,,59,78,,81,,39,44,48,,51,47,20,19,15,,13,6,11,25,24,15,20,48,23,22,28,19,28,18,24,19,12,16,45,27,19,22,40,43,15,15,17,26,18,16,24,9,24,,13,9,5,9,20,10,27,14,22,25,20,11,15,12,,10,9,14,,4,13,20,14,9,,13,20,2,,9,,21,2,9,7,,6,,,,,23,,21,,72,,8,,6,5,13,34,66,,28,,24,23,24,18,23,22,,12,9,13,5,9,16,,24,,,10,25,22,30,4,21,42,33,31,20,26,14,17,32,46,40,48,61,32,19,24,6,10,14,14,26,32,31,29,26,,16,10,18,32,17,22,20,13,,,,,11,25,,11,22,18,22,20,14,20,18,23,23,24,16,25,22,,27,37,,21,27,31,,11,24,,23,,5,10,5,4,12,,8,41,46,36,44,,79,56,278,15,16,24,25,4,12,,45,10,45,48,67,,,32,,,,,14,,,,,,,,,,,,,,,,7,,,,,,,,,,,,,,,,,,,,,,,,,,,,,,,,,,,,,,14,12,15,11,17,16,21,22,13,,,4,32,47,37,32,,38,65,132,52,62,74,44,,36,46,67,,,52,66,,25,30,27,,32,,45,31,,,51,26,,,20,32,39,,,17,10,18,16,19,20,21,32,34,13,36,32,23,14,9,25,28,34,30,23,40,28,48,36,,25,24,18,,10,8,26,33,16,23,19,20,20,25,18,14,,,10,15,12,24,3,21,27,16,6,21,11,40,2,12,14,13,12,,,23,12,16,2,28,28,,9,25,22,,19,19,19,,10,15,17,21,14,14,13,,13,9,15,30,15,6,6,3,,9,17,5,24,20,10,,9,,8,,,,6,8,8,10,13,14,,12,,14,15,14,7,8,,23,6,20,13,17,16,,12,9,11,28,18,18,15,8,,6,9,8,16,5,25,5,27,23,22,21,18,28,28,24,,5,11,10,,10,,32,17,16,20,30,24,23,25,16,,21,21,22,16,15,24,15,13,20,16,12,,2,3,1,,8,6,15,9,,12,13,11,,6,10,21,7,7,,14,14,15,11,13,16,,,23,12,15,24,38,,23,37,6,27,,19,14,20,14,12,11,17,,18,11,21,,12,11,,19,16,3,14,,11,12,6,19,18,16,48,21,28,38,22,17,40,22,26,33,12,11,21,15,18,25,40,29,30,30,15,30,27,49,37,19,20,40,49,42,21,49,45,27,23,,28,25,58,56,51,56,13,24,5,17,11,35,26,14,11,12,40,46,58,19,24,18,37,39,35,42,,63,18,16,14,18,,15,17,13,13,12,18,14,25,24,19,33,22,27,24,24,,,,24,28,,29,,27,14,27,20,,13,16,18,,,,,19,10,14,17,15,13,,25,,11,14,19,17,19,25,19,3,18,18,9,,,,,18,20,8,8,44,22,17,,12,10,14,20,30,12,14,4,36,16,25,24,32,36,,34,37,30,28,17,6,9,1,28,,29,21,,11,6,,7,6,16,,25,,5,,2,7,29,30,25,20,25,22,22,20,13,21,24,24,,15,11,,11,18,38,,36,93,,20,342,329,,5,,24,34,,,,25,36,,28,23,20,27,5,26,23,,12,,,13,5,10,3,146,129,37,36,41,,92,39,38,14,19,83,43,34,,,,26,19,,21,,41,65,66,149,7,7,17,21,6,4,1,42,34,,28,19,18,16,10,3,8,,1,,7,,29,17,26,23,300,34,8,42,27,26,10,12,,,63,9,14,5,,40,23,31,16,,11,11,,,17,16,16,22,7,5,16,14,9,11,12,42,29,17,69,,6,14,,20,17,18,21,92,37,26,7,50,28,28,,8,1,8,55,2,37,17,13,12,28,7,13,11,11,12,9,17,,19,15,20,14,17,24,26,26,22,,25,24,36,20,16,21,37,17,,17,5,5,23,15,15,14,,,24,19,15,10,15,1,13,19,7,33,2,29,14,23,,20,11,15,,10,27,31,27,18,25,264,19,29,19,26,23,14,18,19,24,31,27,37,41,34,30,14,3,13,9,14,28,19,22,9,12,27,27,39,29,36,27,24,29,14,53,36,27,14,25,15,44,30,19,17,31,,10,9,8,9,17,8,13,11,12,12,17,17,18,16,5,22,18,17,8,17,21,23,29,35,22,24,31,13,14,10,30,,24,16,27,21,5,7,2,5,9,,5,9,3,19,14,24,20,,12,29,20,7,11,37,14,22,47,36,28,17,35,7,19,11,7,8,13,26,17,2,39,31,58,32,13,2,11,14,16,16,12,12,8,13,14,25,18,19,121,142,140,136,102,58,14,8,13,17,31,16,35,27,18,31,29,24,17,45,29,5,9,41,54,15,14,17,10,8,16,10,20,8,19,3,7,2,23,17,17,38,41,20,13,13,23,24,23,13,22,16,23,16,22,12,9,7,22,20,15,15,17,2,17,7,,25,1,7,7,14,33,3,18,10,30,12,,9,21,6,17,29,40,19,18,30,6,17,32,22,16,14,,22,16,12,9,15,18,40,25,21,8,8,8,12,13,16,67,35,25,43,20,20,37,56,40,49,28,40,52,51,45,14,52,47,50,70,53,77,68,58,55,21,5,21,7,10,4,10,31,33,23,19,14,45,35,31,40,30,41,85,39,16,16,32,44,39,31,44,36,21,14,19,39,39,35,24,41,,14,12,3,12,,22,23,14,7,5,13,3,28,17,13,33,18,12,29,10,46,11,14,,20,9,24,88,77,62,11,73,34,34,73,27,86,62,23,16,12,37,14,14,15,4,36,39,26,33,39,34,31,39,21,21,2,40,17,53,16,9,26,20,9,6,30,2,9,,13,20
20230729,6,PM10_24h,30,22,29,34,30,34,28,28,19,26,25,30,,,28,,30,36,30,,29,,38,28,,27,15,,37,47,38,32,36,40,35,,55,43,,56,44,17,26,30,,37,,29,24,24,26,29,32,42,,30,23,,34,26,29,42,38,37,42,38,42,34,,47,25,25,28,32,34,,36,31,35,35,34,,26,32,44,34,32,28,,28,28,,,25,30,33,35,28,32,29,,28,19,28,25,25,,28,18,17,18,16,25,16,12,15,19,23,30,29,29,30,28,19,22,29,32,26,24,28,18,39,36,35,31,42,38,27,36,41,23,25,22,21,25,,25,22,22,25,12,10,13,9,11,12,18,12,10,32,,20,23,18,21,20,21,11,11,10,7,8,12,,,,19,19,,28,12,11,,,,18,,16,19,15,12,19,12,14,12,23,,,,18,12,,20,21,26,11,11,,15,9,12,12,8,12,14,12,,15,,14,15,,17,13,,13,12,11,,14,25,13,15,17,15,17,,,16,13,17,21,23,21,29,,12,,,17,,18,14,,23,25,21,20,22,19,,15,13,14,13,12,9,10,10,16,13,15,12,16,17,19,14,15,16,7,,12,14,12,13,,18,,16,12,3,,10,7,18,,16,19,15,15,,22,15,20,18,6,,,18,11,15,23,10,13,22,24,21,23,21,22,23,34,29,17,20,21,22,21,21,16,,27,20,13,14,14,12,16,20,9,11,16,28,27,25,,33,35,26,23,26,32,21,18,26,31,28,60,26,24,,26,26,26,39,28,29,28,24,26,21,25,17,,26,30,33,26,31,27,25,27,27,27,22,,,31,27,30,37,28,31,27,28,24,21,16,17,62,56,59,50,62,52,60,70,,26,31,27,25,15,,22,22,17,23,21,15,15,,,30,23,27,26,17,,15,14,21,18,,,18,11,22,22,21,15,28,27,25,21,28,,28,8,20,20,23,21,13,14,9,9,18,16,21,19,22,17,21,19,19,15,,29,,16,17,,40,,37,32,,,,,22,,,,26,32,94,91,80,105,89,,109,20,16,24,20,22,16,19,17,17,18,37,14,26,20,24,,29,27,27,27,36,34,32,36,44,,19,17,16,27,22,24,23,17,15,15,20,22,26,25,18,17,22,,,8,,16,7,4,8,24,,21,13,,,17,16,20,17,,10,11,9,,14,22,13,13,9,8,9,8,8,10,,,,10,,,19,,20,16,11,17,11,14,17,9,6,12,,11,,,25,,19,23,27,15,20,23,21,20,,40,38,38,39,48,28,51,45,37,48,17,18,18,27,24,41,22,27,32,33,,30,20,21,,20,17,,22,19,18,20,19,,32,16,,,34,21,,26,,30,29,33,36,28,29,,25,28,,68,56,,59,,34,43,51,,46,47,17,20,19,,17,19,28,26,22,17,27,38,25,20,25,17,27,26,23,27,18,17,32,26,31,24,32,41,16,15,19,22,15,12,29,20,32,,15,10,9,17,17,25,21,13,16,21,16,18,12,14,,15,16,17,,4,19,16,15,15,,16,18,4,,30,,32,25,30,28,31,24,24,,,,22,,22,,37,,18,,23,20,30,26,38,,29,,25,24,24,20,23,29,,18,18,18,14,16,13,,21,,,13,27,25,26,20,28,28,25,24,28,41,23,41,37,47,52,40,59,36,20,18,15,16,18,20,18,23,24,25,21,,22,13,21,24,12,12,12,9,,,,,11,24,,12,22,20,19,15,20,19,23,21,22,22,16,23,20,,25,17,,21,22,30,,17,19,,21,6,9,11,11,9,11,,9,28,26,23,32,,93,77,136,17,28,22,21,31,29,,62,49,87,92,80,,,15,,,,,12,,,,,,,,,,,,,,,,10,,,,,,,,,,,,,,,,,,,,,,,,,,,,,,,,,,,,,,16,15,22,17,23,17,21,17,14,,,17,30,35,30,29,,26,31,43,20,30,37,36,,37,43,37,,,33,45,,28,29,23,,25,,44,35,,,40,24,,,30,34,34,,,16,19,19,24,26,26,18,35,39,40,35,31,20,25,20,33,29,23,32,26,39,45,37,37,,25,25,15,,10,6,20,28,26,20,18,16,16,32,15,27,,,23,14,12,12,9,22,22,11,8,23,11,36,1,15,21,19,16,,,21,8,16,5,20,20,,12,19,18,,20,18,20,,16,18,12,22,18,16,16,,16,16,18,23,16,10,13,14,,13,19,7,14,20,8,,9,,7,,,,10,12,7,11,14,16,,13,,13,16,13,13,18,21,18,10,12,9,10,11,,8,12,9,14,11,14,12,10,,12,10,11,31,10,22,5,13,18,16,18,12,26,24,22,,10,15,16,24,22,,22,14,16,22,23,19,19,20,18,,20,23,24,15,18,38,16,16,16,14,15,,26,25,25,,29,24,32,17,,22,21,17,,19,15,17,15,13,,26,24,25,18,18,16,18,,19,15,17,20,30,,24,22,16,29,23,19,23,26,24,24,15,23,,29,27,28,,12,14,,20,14,9,13,,21,18,16,31,22,19,35,23,18,29,24,23,29,24,26,39,19,18,23,21,20,22,21,28,21,26,19,24,22,23,28,19,21,27,28,25,23,23,22,25,18,17,20,19,51,52,56,53,38,37,37,44,46,43,44,49,44,49,49,45,60,24,27,34,34,34,33,34,,36,42,45,19,15,,10,14,15,16,15,14,13,17,23,15,20,19,20,15,19,,,,19,23,,23,,22,17,19,23,,14,14,15,,,,,14,15,15,16,15,33,,23,,8,9,15,15,15,21,16,8,13,16,8,,,,,28,18,10,10,29,15,20,,15,15,16,16,14,12,19,5,30,17,16,20,25,31,,23,28,27,29,17,9,18,16,23,,23,16,,16,7,,5,10,11,,38,,5,,6,7,17,19,19,18,24,23,23,22,9,14,14,23,,32,27,,16,17,48,,64,73,13,19,146,156,,8,7,25,29,,,25,26,32,,26,23,19,28,6,26,21,,19,,,19,10,8,8,87,81,55,86,27,,94,53,51,39,38,57,68,68,70,,,60,46,,40,,52,72,86,118,15,19,26,27,37,27,24,43,30,,28,21,16,21,14,18,17,,10,,8,14,19,18,17,18,131,27,15,38,23,21,12,10,,,40,10,10,27,,31,22,29,16,,8,9,,,10,21,23,13,13,12,15,12,8,20,26,29,19,24,48,,27,16,,22,17,18,16,76,28,18,15,25,30,27,16,20,25,16,47,10,32,16,17,15,11,21,11,10,14,12,12,25,,29,19,20,20,13,17,27,24,21,21,31,23,31,24,22,19,23,37,,18,14,10,20,15,15,11,,,32,23,28,15,15,6,23,19,10,52,19,25,15,22,13,20,10,14,,17,36,35,41,31,21,93,23,20,21,26,35,23,20,25,23,24,26,22,39,37,23,20,15,20,13,13,17,19,14,21,25,30,26,29,32,33,24,32,30,37,38,24,29,15,29,21,29,34,25,21,37,,25,11,15,10,17,11,12,11,29,30,25,14,21,29,26,15,12,11,8,17,16,18,32,22,15,26,27,15,37,26,17,,18,16,18,12,15,12,15,11,13,,6,22,19,17,16,21,20,,16,33,32,28,20,23,23,60,41,33,49,45,30,12,10,13,11,12,13,40,14,12,32,22,28,33,15,6,8,18,12,16,21,19,18,19,13,16,17,9,102,96,94,98,108,76,14,17,12,22,28,36,24,45,15,24,30,26,18,40,39,9,23,35,50,35,16,17,11,12,17,18,12,22,24,29,24,26,26,22,17,16,27,28,12,19,26,19,17,13,19,11,17,16,24,13,9,14,20,20,16,14,20,6,13,18,34,13,16,20,15,14,27,5,19,13,14,19,18,16,18,13,16,38,50,32,32,20,7,15,32,33,20,21,,24,17,20,25,26,22,28,18,18,9,8,14,21,15,19,39,30,20,47,34,32,58,50,44,38,44,50,52,54,35,21,41,35,33,58,54,56,58,38,42,19,28,20,30,19,24,17,28,21,17,18,13,18,18,21,16,20,50,90,233,215,14,16,31,43,29,43,25,32,24,17,29,29,27,24,38,,13,18,27,36,17,18,21,12,4,11,16,17,30,16,18,24,16,19,22,20,40,13,17,,16,11,15,54,45,51,30,37,28,29,45,28,39,35,26,21,16,24,22,12,35,15,46,47,22,16,32,25,41,34,16,24,26,40,33,45,26,13,25,18,7,7,20,15,8,10,19,35
20230729,6,SO2,3,3,3,3,3,3,1,3,3,3,3,3,,,5,,2,4,5,,4,,,6,,3,2,,2,1,3,3,3,2,6,,2,3,,5,3,4,2,5,,5,,2,3,1,8,4,6,9,,6,2,,1,3,8,5,6,8,7,4,1,1,,4,5,5,2,4,2,,6,5,4,5,5,,3,4,6,8,5,3,,6,5,,,7,8,6,10,8,10,37,,5,7,17,11,8,,12,4,4,7,4,7,5,4,6,5,6,4,4,4,6,4,5,3,5,3,4,8,5,6,4,6,7,5,5,3,4,6,8,4,8,6,2,5,,2,6,7,5,4,3,3,6,14,6,4,6,7,5,,6,8,8,6,8,6,6,8,4,4,4,4,,,,6,8,,6,8,4,,,,6,,3,5,8,5,10,5,8,5,6,,,,6,4,,3,3,5,8,6,,7,5,7,4,6,7,5,4,,5,,8,5,,7,4,,4,5,6,,6,4,6,5,2,4,7,,,2,4,4,4,6,5,4,,5,,,2,,7,2,,3,2,3,5,3,5,,2,4,4,3,2,4,5,3,5,4,4,3,5,5,8,8,8,8,1,,4,2,3,3,,3,,7,4,7,,5,4,10,,6,5,6,5,,5,7,5,6,6,,,5,7,9,6,5,5,1,1,3,2,2,1,3,2,3,6,7,7,5,6,5,5,,6,6,3,4,4,1,4,2,4,3,1,4,4,4,,4,5,9,6,6,6,5,6,4,5,6,4,4,7,,5,6,5,7,4,6,4,4,8,10,5,6,,9,6,12,6,6,7,11,6,7,4,5,,,9,7,6,6,6,6,6,4,7,24,4,9,4,5,6,5,4,8,6,7,,7,5,8,7,10,,5,6,4,8,7,6,6,,,8,9,6,4,6,,4,3,2,1,,,5,20,5,5,3,5,3,5,7,5,3,,10,,9,6,8,7,7,13,8,12,9,10,7,5,3,6,6,7,2,5,,4,,4,7,,5,,4,6,,,,,6,,,,12,10,5,6,13,4,4,,6,10,3,11,13,6,3,4,4,7,7,1,6,4,6,24,,14,17,14,8,8,8,8,6,7,,5,5,4,4,4,6,3,3,2,5,1,5,2,2,8,7,8,,,4,,4,2,5,1,6,,6,2,,,2,1,1,13,,11,5,6,,17,8,7,8,6,6,3,3,4,7,,,,10,,,6,,5,10,7,9,4,8,7,4,4,4,,5,,,16,,23,15,8,4,4,8,3,7,,12,16,8,18,17,4,6,5,4,5,1,4,1,8,4,6,4,5,4,6,,7,,9,,4,4,,6,5,2,3,4,,23,4,,,,5,,4,,12,22,10,12,7,10,,11,8,,10,12,,10,,8,6,8,,8,6,12,15,16,,6,5,3,6,1,3,3,2,5,9,6,3,5,4,4,6,5,6,6,12,4,3,3,5,6,5,6,6,4,6,5,4,7,,6,5,4,4,2,4,5,5,3,3,2,4,5,2,,7,8,6,,4,10,8,9,7,,10,9,7,,3,,3,3,5,3,8,5,4,,,,1,,1,,6,,3,,3,6,4,3,4,,6,,4,2,4,2,7,6,,8,6,8,5,6,1,,6,,,9,4,6,3,6,4,15,17,4,4,3,2,4,41,28,6,33,23,19,2,2,3,7,6,6,5,7,7,8,5,,7,6,14,8,5,5,6,3,,,,,1,3,,2,2,7,7,8,4,5,4,7,2,1,4,8,4,,4,3,,9,1,7,,6,4,,5,7,5,5,9,4,5,4,4,4,6,5,3,,26,12,8,16,12,5,7,8,3,,6,7,6,5,5,,,5,,,,,3,,,,,,,,,,,,,,,,5,,,,,,,,,,,,,,,,,,,,,,,,,,,,,,,,,,,,,,7,1,1,3,1,2,2,3,1,,,2,9,10,9,8,,7,9,18,7,5,10,11,,7,7,6,,,5,5,,8,7,2,,12,,22,25,,,5,5,,,2,3,13,,,2,3,8,10,10,5,6,3,4,7,8,4,3,5,22,6,14,5,7,13,8,5,2,4,,9,9,6,,7,4,6,6,4,3,8,3,7,5,6,4,,,5,10,6,9,10,15,7,10,5,8,8,15,8,2,2,4,1,,,8,7,3,2,5,3,,6,13,8,,6,5,6,,4,8,11,8,5,2,3,,4,4,4,7,2,4,4,4,,4,6,5,7,10,9,,6,,6,,,,2,8,8,6,3,4,,3,,6,6,3,6,5,,6,1,6,3,6,9,5,4,7,4,2,3,6,6,2,,8,2,4,5,6,7,32,30,13,22,11,15,8,8,8,,2,2,2,,2,,1,5,6,6,7,26,11,15,1,,3,1,6,3,4,4,4,4,3,8,11,,2,4,6,,6,2,5,4,,4,3,3,,1,8,5,7,4,,6,6,4,8,9,5,,,4,6,4,6,5,,8,7,8,4,,5,6,5,6,8,4,4,,6,7,6,,6,7,,7,5,5,1,,7,4,6,9,10,4,108,6,12,11,8,3,8,9,7,9,4,7,6,4,5,4,5,5,2,4,6,5,13,12,9,11,4,15,11,17,2,24,11,10,6,,6,5,6,6,7,5,4,6,4,6,4,24,5,5,5,7,10,16,17,7,8,14,11,5,15,12,,28,4,2,6,5,,8,7,6,3,6,4,3,6,4,2,3,1,2,3,10,,,,6,9,,9,5,7,8,8,7,,7,8,6,,,,,5,5,6,6,8,1,,4,,4,5,9,9,7,10,3,4,7,5,5,,,,,5,2,4,4,40,3,2,,1,7,6,8,17,2,7,8,5,8,4,6,14,26,,18,17,6,6,7,9,4,10,9,,9,6,,8,7,,6,7,4,,6,,6,,8,8,1,11,13,8,4,7,6,8,5,5,4,8,,172,12,,4,3,6,,7,5,,3,4,4,,5,5,7,7,,,,5,4,,10,11,14,8,11,8,5,,6,,,7,5,5,6,6,4,3,4,5,,6,6,10,6,5,8,6,7,,,,6,5,,5,,4,8,8,9,4,3,4,5,5,4,4,1,10,,9,2,8,2,5,2,2,,4,,6,,2,3,8,8,16,11,4,7,6,8,5,3,,,2,4,6,6,,18,15,5,5,,5,5,,,2,4,6,4,7,6,2,4,5,6,4,6,6,7,11,,4,2,,7,5,7,5,4,13,3,4,38,3,3,5,3,2,5,18,3,18,4,2,2,6,3,8,5,8,7,9,6,,1,4,10,3,3,6,3,5,7,4,4,8,4,3,14,3,1,4,42,3,5,6,6,8,5,4,,,4,4,6,7,7,7,6,4,3,5,3,5,8,8,6,2,4,2,,5,7,5,8,92,6,17,6,7,6,7,5,6,2,5,6,3,5,6,22,16,10,2,7,6,6,7,7,2,4,4,5,5,7,8,5,6,6,3,6,6,7,23,1,6,8,6,5,2,2,6,8,,6,9,5,4,10,2,3,2,4,4,2,1,9,4,2,10,4,8,8,10,5,9,7,4,10,10,8,8,13,12,2,,2,8,15,3,5,9,7,3,5,,1,5,4,4,8,11,9,,7,8,5,6,7,13,5,4,12,82,6,8,5,2,1,3,4,4,4,5,6,4,2,3,26,12,4,3,4,6,4,4,6,5,6,6,2,5,2,7,4,4,1,6,6,7,6,8,4,8,6,4,5,4,8,3,9,7,6,1,2,5,4,6,8,8,4,3,6,5,2,3,3,2,6,3,3,1,9,8,4,23,6,12,6,9,8,5,2,3,2,6,4,7,8,3,4,9,3,5,9,6,8,2,5,7,,5,2,4,2,6,4,7,10,5,3,4,,3,7,3,10,21,7,14,3,8,4,6,5,2,3,3,,8,5,7,7,5,6,7,10,3,5,4,2,6,5,2,12,7,7,7,12,6,6,1,2,1,3,3,3,3,5,1,5,8,9,4,8,7,10,7,9,2,3,4,3,7,10,1,6,6,6,8,6,6,4,4,3,7,10,4,4,4,4,14,6,6,6,28,7,5,10,3,8,9,11,13,12,,6,3,4,3,6,6,1,4,6,8,5,6,2,3,7,3,4,7,8,3,6,3,4,,5,6,1,12,7,7,8,6,3,2,3,3,3,11,9,3,4,24,11,24,4,4,7,2,3,3,3,3,6,4,5,3,7,4,4,7,5,4,5,8,6,7,8,10,4,7,5,7
20230729,6,SO2_24h,3,3,3,3,3,3,1,3,3,3,3,3,,,5,,2,5,5,,4,,4,5,,3,3,,2,2,2,3,3,2,6,,2,3,,3,3,4,2,5,,5,,2,3,2,8,3,6,9,,4,3,,2,2,9,9,8,14,10,5,2,2,,4,5,8,2,4,3,,5,5,3,4,6,,3,6,6,6,5,3,,6,6,,,8,7,6,7,5,9,19,,5,8,12,10,9,,9,4,4,8,4,7,5,4,6,6,6,4,4,4,5,3,5,4,4,3,3,8,5,6,3,6,7,5,6,3,4,5,8,4,8,6,3,4,,2,6,6,5,4,3,3,6,10,6,4,6,7,5,,6,8,8,6,8,6,6,8,4,4,4,4,,,,6,8,,6,7,4,,,,6,,3,5,7,5,10,6,8,6,6,,,,8,5,,2,5,5,7,6,,7,5,7,4,6,7,4,3,,5,,7,5,,6,4,,4,5,6,,6,4,5,5,2,4,7,,,3,4,4,4,6,5,4,,5,,,2,,6,3,,4,2,3,5,4,4,,2,3,4,3,2,5,4,3,5,4,4,3,5,5,8,8,7,8,2,,4,2,2,3,,3,,8,6,8,,5,4,9,,7,5,6,4,,4,7,5,6,5,,,4,6,10,6,5,5,1,1,3,2,1,6,2,2,3,8,8,8,7,6,6,5,,6,6,3,5,4,1,4,2,5,2,2,5,5,6,,5,5,9,7,7,6,6,8,4,5,6,5,4,7,,5,7,5,8,5,8,5,6,7,11,5,7,,8,4,9,6,7,8,12,6,7,5,5,,,10,8,7,4,5,5,6,4,7,14,7,9,8,8,9,7,7,11,8,9,,6,5,7,7,8,,5,5,4,6,6,4,6,,,6,8,5,4,5,,3,3,3,2,,,3,9,4,4,3,5,4,5,5,4,3,,9,6,8,3,6,5,8,11,9,12,14,11,7,5,3,6,6,7,2,5,,4,,4,6,,7,,7,9,,,,,6,,,,12,13,5,5,14,5,5,,6,10,3,10,12,6,4,4,4,6,7,2,6,4,7,15,,12,9,13,7,6,8,10,9,7,,6,6,4,4,4,6,3,3,3,5,2,5,2,2,9,7,8,,,5,,4,2,4,2,7,,7,2,,,3,2,2,12,,8,6,7,,11,9,10,8,6,6,2,3,5,6,,,,10,,,5,,5,8,7,8,5,8,6,5,4,4,,8,,,15,,11,10,11,5,5,9,5,8,,10,9,10,8,7,4,8,8,4,11,1,5,2,7,4,7,4,6,4,7,,7,6,7,,4,5,,7,6,2,6,5,,14,5,,,3,5,,4,,8,8,9,8,8,10,,12,8,,8,7,,7,,9,7,9,,8,7,12,15,16,,8,6,5,5,3,4,3,8,5,7,6,4,6,5,5,6,6,6,6,10,15,9,4,3,5,5,6,6,4,6,5,3,7,,6,5,4,4,2,4,5,6,2,3,2,3,5,2,,6,8,6,,4,11,8,9,8,,11,10,7,,3,,3,4,6,3,8,7,5,,,,1,,2,,6,,3,,2,6,4,3,4,,6,,4,2,4,2,8,5,,10,9,9,7,7,2,,4,,,7,5,6,3,6,7,9,11,6,5,4,2,5,21,19,11,18,27,12,1,2,3,6,6,6,7,9,7,8,4,,8,7,15,6,5,4,6,2,,,,,2,3,,4,1,8,8,8,4,5,4,7,2,1,5,5,4,,4,3,,9,2,5,,6,4,,5,7,5,5,9,4,6,8,5,4,6,5,4,,22,29,3,17,30,8,11,9,2,,6,8,6,5,6,,,4,,,,,3,,,,,,,,,,,,,,,,5,,,,,,,,,,,,,,,,,,,,,,,,,,,,,,,,,,,,,,7,2,1,2,1,2,2,4,2,,,3,9,10,9,8,,7,5,7,4,4,6,12,,8,9,5,,,3,3,,14,13,2,,6,,19,22,,,5,4,,,6,4,14,,,4,3,7,10,10,5,7,4,4,8,7,5,3,6,9,9,9,4,6,11,8,5,3,4,,7,8,10,,7,5,7,5,5,4,6,4,8,6,7,5,,,5,8,7,9,10,12,6,9,6,4,6,15,9,2,2,4,1,,,7,8,4,2,5,3,,6,9,5,,6,5,7,,4,8,5,8,5,2,3,,4,3,4,8,2,3,5,4,,4,6,6,7,9,8,,6,,6,,,,3,7,8,6,4,4,,3,,7,6,5,6,6,8,6,1,10,4,7,10,5,4,6,4,3,3,4,3,2,,8,2,4,5,7,6,29,12,12,14,11,12,11,8,8,,6,8,11,17,9,,1,5,5,6,10,9,9,13,2,,4,3,7,3,4,4,5,5,2,7,9,,4,5,6,,6,2,6,5,,4,4,4,,2,9,4,8,5,,6,5,4,7,9,4,4,,4,6,4,6,6,,7,8,7,4,5,5,6,5,6,7,4,4,,7,9,7,,6,7,,7,5,5,2,,6,4,6,9,10,4,22,12,11,17,13,4,7,6,6,7,4,4,2,2,4,5,5,6,3,5,6,7,9,11,10,10,4,8,8,8,2,9,7,9,6,5,6,5,9,6,7,6,9,6,6,9,7,11,6,8,6,8,8,17,27,7,8,10,9,6,12,8,,12,4,3,6,4,,6,7,6,4,6,5,3,5,4,2,2,1,2,3,10,,,,6,15,,8,6,7,9,8,7,,7,7,6,,,,,5,5,6,6,7,2,,4,,4,5,8,10,8,12,2,5,6,5,5,,,,,2,2,4,4,21,5,2,,3,8,7,6,8,3,8,9,5,9,4,6,24,38,,11,13,6,5,7,9,5,8,13,,8,6,,7,7,,6,7,4,,7,,7,,8,8,2,6,8,8,5,7,6,8,5,5,4,8,,95,39,,6,6,6,,7,4,4,3,4,4,,5,5,8,8,,,7,6,4,,11,10,14,10,11,11,6,,7,,,7,5,4,6,6,4,4,5,5,,8,7,9,6,6,12,3,3,3,,,7,6,,5,,4,9,8,10,11,2,4,5,5,5,4,3,10,,5,2,8,2,4,2,2,,4,,6,2,3,4,7,7,12,8,4,6,6,8,5,4,,,2,4,6,6,,9,14,6,4,,5,5,,,2,4,5,4,7,6,2,5,5,5,6,6,6,6,8,,4,2,,6,4,8,5,5,15,4,6,15,3,4,6,3,2,5,13,3,27,4,2,3,6,5,8,5,7,7,9,6,,2,5,8,3,3,5,3,6,5,5,4,8,4,4,9,3,1,5,28,4,6,5,6,9,5,4,,,6,4,6,7,7,6,6,3,4,6,3,7,8,15,6,3,4,4,,5,11,6,18,38,5,6,6,7,6,7,5,8,2,5,6,3,6,8,22,11,10,2,7,6,7,7,6,2,4,6,7,7,8,8,5,7,6,4,7,7,8,12,2,7,7,7,8,5,2,6,8,,6,9,5,4,10,2,4,2,6,4,2,1,8,5,3,8,3,6,8,10,4,9,8,8,9,10,7,7,10,12,2,,3,6,5,3,6,10,9,4,6,,1,3,4,4,8,8,8,,6,7,5,8,6,6,5,6,12,36,10,10,5,2,1,3,5,4,4,6,7,5,4,3,14,12,4,2,5,6,4,7,5,5,6,6,2,5,2,7,4,8,2,6,6,7,12,8,6,9,6,5,6,5,9,4,7,7,6,1,3,5,4,5,6,8,4,3,6,6,3,3,4,4,6,4,5,5,10,8,5,16,6,12,7,9,8,4,3,2,2,6,4,6,6,4,3,9,3,4,7,6,5,2,5,6,2,5,4,6,4,10,5,7,8,5,3,4,3,2,7,3,11,7,16,7,4,4,5,4,5,2,3,3,,8,5,7,9,6,6,6,4,3,5,4,2,6,4,2,16,9,6,8,15,6,8,1,1,1,3,3,4,4,5,6,8,7,9,3,8,8,10,7,8,2,5,5,2,8,12,2,7,5,6,8,7,5,4,3,2,5,10,6,7,8,4,6,5,10,7,25,8,7,11,4,9,9,9,13,9,,6,3,5,2,6,5,3,4,6,7,6,7,2,4,7,2,4,7,6,4,7,1,4,,5,6,2,11,5,7,9,4,3,2,3,2,3,7,10,4,4,14,12,9,6,4,4,3,3,3,3,3,9,6,4,2,9,6,4,10,5,4,4,6,6,7,7,12,4,8,6,13
20230729,6,NO2,62,6,27,37,43,48,31,24,14,18,65,13,,,12,,10,10,17,,12,,,9,,7,20,,16,14,23,9,14,16,12,,26,30,,35,25,13,17,20,,24,,4,2,8,17,19,18,20,,24,5,,9,13,6,20,23,21,26,7,27,30,,27,23,23,29,11,14,,5,4,7,12,26,,5,21,11,13,13,31,,27,24,,,28,25,45,25,21,26,23,,17,18,17,23,16,,14,15,15,9,11,10,11,14,14,12,17,20,15,13,15,14,8,2,15,14,15,8,11,10,4,10,15,21,16,16,8,7,16,7,8,6,8,2,,7,16,5,10,2,6,3,2,2,3,7,3,3,3,,2,2,5,2,2,2,7,8,2,6,4,5,,,,4,6,,7,4,6,,,,10,,6,10,2,6,9,8,6,5,8,,,,2,2,,11,9,7,9,7,,7,7,7,4,4,3,2,2,,3,,3,5,,12,7,,10,11,13,,9,4,15,9,3,7,4,,,2,6,3,11,11,7,8,,10,,,7,,2,8,,3,2,5,7,2,4,,13,18,7,12,12,10,2,3,12,10,6,8,7,11,6,16,6,11,1,,4,5,4,2,,8,,8,8,26,,3,6,3,,14,18,30,29,,24,31,28,30,4,,,9,8,11,9,7,8,11,5,9,12,7,8,6,7,12,17,15,13,13,18,19,4,,12,13,6,4,14,7,9,7,4,8,4,4,69,18,,32,53,19,23,48,15,29,13,4,5,7,7,5,10,,5,2,18,14,7,4,4,1,10,18,17,11,,17,42,44,9,5,5,5,8,12,12,9,,,15,12,15,18,14,11,8,10,37,36,15,26,7,6,8,11,13,13,18,40,,20,26,31,19,5,,30,37,21,12,29,15,10,,,33,28,32,19,22,,21,50,35,20,,,31,11,11,24,11,14,11,23,20,16,9,,10,,10,17,7,12,5,21,17,9,5,9,26,11,23,6,13,9,10,5,,25,,7,21,,22,,22,26,,,,,11,,,,17,26,5,10,18,10,6,,11,11,6,13,14,11,14,17,12,17,15,3,4,23,5,42,,28,46,25,26,18,11,22,35,69,,13,10,10,4,1,5,1,15,19,12,5,8,2,10,4,6,4,,,10,,6,2,4,4,1,,4,20,,,6,8,6,19,,41,17,13,,14,11,8,8,6,2,2,11,2,8,,,,7,,,10,,5,8,4,7,13,2,4,8,7,3,,5,,,21,,10,11,15,10,10,8,7,7,,15,15,11,8,10,16,8,4,4,8,18,16,17,2,2,2,9,7,8,18,,16,10,10,,7,8,,7,2,14,4,11,,25,14,,,,19,,34,,31,32,30,33,6,8,,2,2,,19,20,,21,,12,12,8,,10,8,22,13,12,,4,5,9,20,18,6,2,27,17,11,18,7,16,12,18,16,11,14,13,14,15,12,17,16,8,11,12,9,8,2,13,12,11,,10,10,10,6,9,6,9,18,11,8,7,8,9,8,,5,8,7,,4,4,11,9,2,,18,12,2,,2,,1,6,6,2,4,2,2,,,,11,,9,,7,,1,,8,4,10,14,26,,8,,19,20,10,19,8,14,,6,18,11,12,13,2,,13,,,6,11,7,5,3,10,24,24,21,8,3,2,2,11,33,18,30,24,13,9,12,5,7,12,24,20,23,19,24,13,,6,10,13,55,15,10,6,9,,,,,2,3,,1,4,12,10,12,12,10,11,7,18,13,10,19,12,,14,15,,10,4,26,,12,12,,12,1,5,24,13,6,8,6,6,16,19,11,14,,20,23,59,7,2,14,19,1,4,,4,2,10,10,3,,,27,,,,,6,,,,,,,,,,,,,,,,5,,,,,,,,,,,,,,,,,,,,,,,,,,,,,,,,,,,,,,21,8,8,10,5,6,6,6,2,,,1,13,13,13,13,,11,65,60,41,44,64,25,,16,20,17,,,20,28,,23,31,26,,25,,9,11,,,12,10,,,16,6,19,,,14,17,6,7,14,9,7,17,13,11,10,11,4,10,7,17,18,26,18,19,11,15,22,13,,16,20,9,,5,4,6,12,7,7,9,7,8,16,7,12,,,7,20,16,24,5,15,9,10,5,17,12,1,7,6,6,9,5,,,15,19,20,2,10,7,,6,12,11,,7,8,11,,10,10,11,12,8,4,3,,5,6,6,19,7,6,9,9,,8,4,4,4,12,10,,12,,13,,,,1,7,5,4,5,5,,8,,14,12,12,5,2,,1,2,11,16,12,7,,4,9,4,7,13,13,7,6,,3,4,8,6,6,8,3,11,11,12,12,10,9,13,7,,2,1,1,,2,,11,7,10,13,14,15,20,15,24,,8,17,7,3,3,3,3,4,10,12,4,,10,7,4,,8,5,9,8,,7,6,7,,5,6,4,6,4,,6,1,5,4,9,11,,,10,7,8,8,2,,8,14,5,4,,6,11,11,7,10,7,9,,7,6,7,,3,4,,6,3,2,5,,3,5,4,6,12,7,14,18,21,16,14,6,11,13,13,10,5,8,15,6,4,20,18,12,21,24,7,11,9,15,14,2,11,11,12,18,4,21,14,9,6,,7,7,41,8,27,29,14,16,9,10,8,25,14,7,8,5,12,8,13,20,26,15,19,10,16,17,,19,8,8,7,5,,8,5,9,10,20,7,12,11,23,12,11,14,14,4,38,,,,15,18,,16,11,19,19,22,21,,4,4,7,,,,,10,6,4,10,8,6,,6,,18,7,10,9,7,6,3,8,13,9,11,,,,,7,7,6,10,22,17,11,,6,6,5,11,25,5,10,11,12,11,10,12,24,20,,15,14,10,12,10,12,5,6,9,,19,14,,6,7,,9,8,15,,6,,13,,2,4,19,19,20,14,9,8,8,7,2,6,4,16,,7,12,,10,15,24,,8,8,,10,19,31,,4,2,13,39,,,,7,44,,7,7,12,12,4,3,19,,4,,,11,9,3,2,16,13,15,10,8,,9,8,10,8,10,16,26,16,,,,19,11,,18,,4,7,2,5,4,3,5,9,6,13,6,11,17,,24,12,13,9,4,7,7,,14,,10,,34,16,26,19,23,15,8,23,16,15,3,14,,,29,1,11,6,,18,17,18,2,,5,13,,,6,6,9,2,8,7,4,4,7,8,5,31,17,14,26,,13,8,,26,10,10,9,3,43,19,6,16,13,26,2,3,14,7,32,4,20,10,6,14,21,8,10,12,12,10,7,7,,3,8,24,4,6,19,7,12,11,2,7,18,2,13,26,12,31,11,23,8,11,1,22,6,13,16,,,26,7,16,10,4,3,6,10,16,20,8,5,11,18,4,11,4,6,,5,34,22,12,24,11,52,6,9,5,7,11,3,6,8,8,9,,48,10,28,13,5,5,2,7,4,1,12,6,11,,45,29,16,21,20,6,11,13,4,8,28,6,8,21,14,14,10,4,24,22,,22,7,12,6,11,3,4,4,14,6,6,6,10,4,2,12,16,8,16,14,17,8,17,15,17,18,19,11,12,12,35,,14,9,17,6,20,9,3,4,5,,3,6,7,16,12,18,10,,14,38,7,11,2,14,2,8,14,16,7,6,23,4,14,12,4,2,3,14,12,3,12,10,41,42,2,5,11,5,6,12,9,2,5,2,3,2,7,2,2,9,6,12,6,6,24,6,13,3,9,6,21,9,8,8,26,7,18,8,18,10,16,14,29,19,5,6,9,7,13,14,6,5,9,7,8,7,12,9,6,16,9,7,3,17,16,16,5,14,12,16,20,9,23,14,5,8,8,14,13,3,15,7,3,12,,22,8,9,7,8,26,5,14,2,18,3,,3,2,3,24,12,9,15,7,12,6,8,14,12,3,4,,6,2,24,4,9,13,27,23,12,8,9,11,12,6,3,32,17,12,9,14,2,33,14,20,10,30,22,35,33,9,1,11,30,31,29,30,40,33,37,37,12,4,28,4,14,8,5,16,16,6,16,8,11,15,19,14,21,2,8,9,9,13,20,17,14,14,12,7,12,4,21,10,16,25,16,26,,3,3,1,2,15,16,2,9,10,19,14,4,20,9,11,14,7,16,14,4,14,17,15,,8,11,2,14,22,16,2,20,8,14,20,6,40,33,10,9,25,21,31,10,3,7,34,26,7,8,16,16,43,45,5,2,5,11,16,12,10,4,17,11,4,6,15,6,5,7,14,6
20230729,6,NO2_24h,29,6,16,21,26,30,31,17,13,18,32,21,,,17,,19,19,22,,20,,27,14,,12,17,,9,14,14,6,13,13,12,,17,20,,20,15,11,16,23,,23,,5,4,8,9,12,10,13,,15,8,,13,14,9,28,21,23,24,9,19,22,,18,19,17,23,8,12,,6,8,9,12,24,,8,21,21,24,15,26,,21,28,,,24,26,29,25,14,25,17,,15,12,12,15,15,,11,14,13,10,10,11,12,13,10,11,13,19,14,10,12,13,7,2,14,11,14,11,13,8,9,15,19,22,20,22,8,13,19,9,4,8,8,3,,8,13,7,11,7,12,8,7,9,9,13,11,8,5,,3,4,7,3,2,8,8,9,2,7,6,5,,,,7,7,,8,6,8,,,,15,,13,20,9,12,16,13,12,10,16,,,,10,8,,19,20,16,8,5,,5,7,8,6,5,6,2,3,,5,,5,7,,15,11,,11,13,14,,11,6,18,13,6,6,6,,,2,5,4,7,3,2,8,,16,,,9,,4,10,,3,3,5,5,2,2,,16,18,10,9,9,9,5,4,16,12,8,10,8,13,7,16,9,11,2,,5,4,5,4,,3,,11,12,11,,5,6,6,,14,16,22,19,,23,22,26,21,5,,,6,10,14,8,7,10,13,7,10,14,7,8,8,8,13,17,21,16,20,18,21,15,,18,15,9,7,14,11,13,14,8,14,9,3,48,14,,23,27,18,16,23,20,17,11,13,16,15,21,19,18,,11,7,9,24,13,14,9,9,9,13,16,12,,15,23,23,13,10,8,8,12,14,14,10,,,14,12,18,17,12,9,12,17,19,23,16,16,29,26,54,24,31,19,34,42,,15,19,16,13,5,,22,42,21,25,33,22,17,,,41,37,32,22,30,,9,20,22,18,,,15,4,12,24,12,13,13,19,15,17,15,,15,11,15,20,15,17,14,16,17,12,19,17,20,13,23,11,15,15,8,9,,20,,16,16,,25,,26,29,,,,,11,,,,15,21,21,27,28,24,6,,13,13,10,14,16,10,8,13,8,8,10,14,4,16,6,28,,21,26,24,20,23,16,16,18,27,,11,9,11,5,2,6,3,10,14,7,3,9,4,10,3,5,3,,,10,,7,3,4,4,8,,9,8,,,11,12,9,20,,8,12,9,,14,12,10,10,8,2,2,2,2,6,,,,4,,,9,,6,5,5,5,13,2,4,6,4,5,,4,,,9,,5,8,10,7,9,9,10,5,,14,19,16,14,18,14,12,12,11,17,11,11,11,6,5,5,15,10,10,12,,11,9,7,,6,6,,6,5,9,4,7,,21,11,,,4,11,,22,,24,21,17,23,8,11,,5,6,,17,20,,20,,12,13,11,,11,10,24,20,12,,6,7,8,13,12,8,3,19,15,9,14,6,15,11,15,19,9,7,15,10,6,9,13,14,8,10,13,7,9,2,13,11,11,,9,10,12,9,9,10,10,22,7,10,8,13,11,11,,7,9,10,,5,12,17,13,7,,15,13,2,,8,,8,10,13,9,7,4,5,,,,5,,7,,11,,5,,10,7,9,11,17,,7,,19,19,12,12,9,14,,8,15,9,11,10,4,,5,,,3,9,14,8,4,6,13,11,12,9,4,4,6,10,21,20,17,22,13,7,6,7,16,13,10,13,18,16,18,15,,10,13,22,30,13,11,5,8,,,,,5,11,,8,4,12,9,12,14,7,14,9,14,13,12,15,12,,12,12,,12,7,20,,13,19,,19,6,7,19,14,11,11,10,12,18,21,18,14,,18,21,20,8,12,14,13,4,6,,7,4,20,12,6,,,20,,,,,6,,,,,,,,,,,,,,,,4,,,,,,,,,,,,,,,,,,,,,,,,,,,,,,,,,,,,,,8,6,7,8,5,6,5,6,2,,,3,15,15,15,13,,12,17,15,15,10,21,21,,16,19,10,,,12,14,,19,22,25,,22,,14,15,,,14,13,,,9,7,15,,,13,9,5,9,14,8,6,12,11,10,8,7,5,6,9,14,15,19,17,19,10,11,16,11,,14,13,7,,5,4,8,12,11,8,8,6,13,15,9,13,,,6,13,11,16,9,11,6,8,5,13,12,2,10,8,8,11,4,,,10,13,8,2,14,11,,5,7,10,,10,9,14,,10,9,12,11,9,7,3,,6,8,6,14,8,6,11,10,,8,4,4,4,18,15,,10,,11,,,,4,9,8,6,5,6,,6,,14,15,16,2,2,2,2,2,9,10,8,5,,4,7,3,6,8,6,4,6,,4,4,6,7,7,7,4,6,9,6,11,6,9,10,8,,4,3,3,9,8,,4,4,7,8,8,6,9,12,15,,8,13,6,3,4,3,3,5,6,6,4,,17,12,9,,10,5,10,7,,7,5,8,,6,5,4,7,6,,8,3,7,5,7,9,6,,9,4,6,11,10,,16,14,5,7,6,7,11,9,8,10,10,8,,8,8,9,,4,5,,5,4,4,7,,2,5,4,11,12,8,8,12,8,13,10,5,6,7,8,9,5,7,6,4,4,24,10,15,11,18,6,9,9,10,12,2,8,5,4,7,4,10,7,11,4,4,7,9,29,15,22,20,17,8,10,15,14,16,14,13,13,14,9,13,19,12,12,14,14,9,13,15,,10,8,12,8,10,,6,4,12,10,13,7,9,10,13,10,18,18,12,5,20,,,,10,11,,11,17,23,22,26,22,,12,8,8,,,,,8,6,8,9,8,15,,11,,13,4,8,9,10,12,4,10,12,15,7,,,,,11,7,6,6,16,18,14,,5,8,8,8,9,7,14,14,16,12,10,10,21,20,,10,9,12,13,12,12,11,11,10,,11,9,,10,10,,6,8,12,,7,,9,,4,5,9,10,13,9,16,12,12,12,3,7,6,8,,14,12,,10,12,19,,9,9,18,19,17,18,,5,5,13,22,,,17,15,27,,11,9,13,10,7,6,15,,7,,,11,12,7,9,20,19,26,31,9,,10,9,10,8,8,13,15,14,12,,,13,12,,27,,13,8,6,25,14,2,6,15,12,18,12,9,16,,29,8,15,17,4,11,13,,12,,4,8,14,10,23,18,17,12,8,15,13,8,7,10,,,21,2,15,15,,20,16,17,4,,6,11,,,12,12,14,2,11,8,6,8,6,14,7,35,16,14,21,,18,7,,16,10,8,7,6,19,10,4,9,10,18,5,3,17,6,30,3,20,7,6,13,17,14,6,9,8,7,8,9,,5,10,37,4,7,21,3,4,4,7,4,22,6,9,15,16,18,12,22,7,12,2,23,11,13,15,,,15,6,10,16,6,4,6,15,8,18,9,7,18,18,4,7,6,6,,6,25,19,14,19,13,22,9,5,7,8,10,7,8,10,5,13,19,22,14,20,22,14,5,5,9,3,2,13,5,10,17,31,20,17,20,14,11,20,25,11,13,14,10,8,14,12,11,6,4,19,15,,17,8,15,6,16,4,4,4,13,10,6,6,8,10,6,7,13,8,19,15,16,6,16,15,10,20,22,9,29,22,14,,13,9,12,6,21,13,5,5,4,,3,9,12,13,15,14,14,,12,26,9,11,4,7,4,22,9,10,11,14,12,7,8,17,10,7,7,10,9,3,10,6,34,23,6,7,12,7,6,17,16,9,13,3,2,2,5,2,14,22,8,21,9,5,21,6,7,5,16,13,15,12,5,12,13,9,7,11,10,9,15,10,21,20,4,9,10,9,11,12,8,5,7,13,10,7,14,9,7,12,10,14,6,22,19,12,11,19,11,14,12,8,13,9,5,7,10,10,11,5,12,6,4,13,14,9,11,12,6,12,23,10,12,5,15,2,3,3,2,3,11,14,13,11,6,11,4,6,13,13,4,5,,8,5,16,5,9,15,21,20,15,14,11,17,2,8,2,22,15,12,13,17,5,32,12,15,14,16,20,21,21,11,5,7,15,16,24,18,21,16,20,23,9,7,15,8,10,10,4,18,16,11,14,7,13,11,12,11,12,2,14,9,12,11,13,18,12,15,15,4,21,6,15,11,17,15,23,28,,5,4,6,8,16,8,9,8,10,21,17,11,12,9,13,20,11,15,15,7,16,17,17,,9,6,4,10,11,17,8,12,14,19,18,10,35,23,10,11,22,23,28,8,6,5,23,18,11,5,21,16,33,27,5,2,11,11,15,14,11,4,12,9,4,7,12,6,4,6,13,13
20230729,6,O3,7,41,34,22,17,20,33,24,34,39,10,46,,,26,,27,30,25,,25,,,21,,20,34,,66,93,49,73,82,81,110,,11,4,,,1,22,21,24,,21,,38,45,46,31,35,36,46,,42,37,,49,42,35,7,4,12,,,15,14,,13,13,12,14,27,33,,68,78,73,73,66,,29,79,94,83,85,32,,57,74,,,54,69,28,61,9,3,10,,7,16,19,10,22,,28,24,25,20,20,28,27,24,23,26,21,20,22,22,23,26,24,33,19,16,21,72,44,40,58,59,60,50,55,55,44,64,52,13,17,15,18,15,,22,9,14,17,14,22,24,20,22,22,22,21,20,17,,18,19,18,20,16,16,16,14,18,13,17,17,,,,17,14,,21,18,20,,,,10,,24,22,16,25,19,14,19,19,18,,,,25,24,,20,16,20,15,13,,13,14,10,16,13,16,18,20,,25,,18,15,,15,17,,24,21,23,,20,29,17,22,40,26,40,,,38,32,34,49,52,54,40,,22,,,30,,29,26,,42,41,39,10,16,12,,30,26,43,36,32,47,58,44,18,18,25,25,18,18,20,14,20,21,,,53,54,53,55,,34,,39,46,18,,45,49,24,,38,6,3,2,,2,6,6,7,14,,,16,19,11,23,22,24,24,27,27,29,25,22,23,22,41,28,18,33,31,23,35,40,,28,36,55,53,36,58,51,53,52,56,58,45,7,45,,31,9,51,31,13,30,8,21,77,81,68,61,74,89,,71,77,44,87,80,74,77,67,40,35,35,40,,43,4,4,84,98,82,83,64,60,48,69,,,77,77,85,62,63,62,74,75,4,12,30,25,74,70,75,61,66,60,64,14,,37,24,10,40,76,,3,9,13,26,1,34,23,,,14,13,4,19,7,,22,2,18,38,,,41,46,10,15,27,17,12,14,22,29,9,,48,,38,38,45,45,54,40,51,55,86,61,29,33,17,47,30,55,29,59,,22,,54,21,,50,,51,53,,,,,68,,,,60,38,87,94,83,85,73,,65,40,47,32,39,11,23,14,14,10,29,50,2,9,57,53,,64,31,75,51,86,112,37,28,6,,31,25,31,39,30,31,34,23,23,28,26,33,32,27,57,53,59,,,17,,11,19,16,12,39,,38,14,,,14,19,17,16,,10,3,13,,20,24,23,21,28,16,23,12,18,10,,,,13,,,11,,17,15,26,15,15,20,,12,20,20,,16,,,8,,13,11,8,88,93,77,98,98,,40,37,49,58,52,50,55,75,74,71,3,5,5,93,93,85,51,50,54,36,,28,36,31,,28,26,,71,72,59,64,13,,6,14,,,,5,,11,,29,39,14,24,79,89,,95,87,,42,46,,44,,107,86,117,,111,101,106,98,107,,32,31,29,13,14,35,59,6,6,11,5,11,2,22,6,8,30,14,5,24,18,24,26,31,31,26,22,29,30,22,60,65,62,,67,76,72,72,68,80,74,49,63,60,60,28,24,28,,20,17,22,,29,44,41,40,43,,28,34,53,,51,,55,50,60,56,38,27,38,,,,10,,12,,49,,50,,42,42,44,36,27,,41,,19,28,26,17,58,55,,40,26,38,36,32,54,,38,,,58,8,12,10,24,19,6,7,37,34,79,79,69,33,10,22,15,17,33,37,36,28,44,50,19,21,16,22,12,27,,61,53,51,10,,20,10,25,,,,,46,47,,36,35,19,27,30,31,16,25,37,12,7,14,24,22,,30,38,,68,64,56,,74,65,,68,64,54,44,53,62,68,60,60,33,45,56,34,,77,84,32,75,80,64,54,120,118,,85,110,92,85,113,,,8,,,,,23,,,,,,,,,,,,,,,,19,,,,,,,,,,,,,,,,,,,,,,,,,,,,,,,,,,,,,,9,23,19,23,28,20,20,19,21,,,,90,87,81,77,,80,5,8,27,11,2,87,,95,84,54,,,49,36,,17,,33,,36,,105,103,,,57,39,,,70,88,63,,,51,34,106,107,104,99,109,32,29,57,40,40,27,15,26,13,16,10,14,12,29,31,26,34,,14,11,23,,21,13,13,5,55,51,78,72,5,6,5,58,,,68,15,20,16,13,55,50,55,67,16,15,18,70,76,71,71,88,,,57,37,50,57,55,55,,15,8,6,,14,12,13,,15,11,14,10,3,21,22,,24,23,25,15,30,22,22,25,,27,26,39,31,15,21,,12,,15,,,,22,22,19,21,17,18,,17,,20,19,35,56,57,,49,,9,7,5,,,21,16,23,,3,4,10,,,52,37,30,32,30,35,10,20,15,18,18,9,21,20,25,,38,41,42,,42,,7,18,19,12,20,21,17,21,4,,10,10,17,32,46,42,40,41,13,21,21,,40,30,35,,31,35,30,19,,17,18,26,,31,21,25,21,23,,44,47,43,43,21,12,,,21,20,21,32,36,,45,35,42,20,,18,49,48,50,48,38,25,,48,58,50,,34,33,,9,35,52,44,,31,34,29,18,15,41,30,26,22,26,29,6,32,30,18,26,39,45,47,39,49,13,,41,10,8,10,16,19,8,15,27,12,25,12,2,30,44,35,37,44,,5,4,,,6,1,53,27,70,69,73,54,69,74,71,72,28,56,56,24,13,34,9,4,16,14,,26,77,70,42,46,,18,18,13,18,10,36,36,36,31,19,27,34,25,4,6,,,,32,35,,26,5,4,4,3,2,,24,30,24,,,,,29,44,51,32,50,12,,12,,4,29,25,41,41,42,16,24,49,48,41,,,,,5,4,46,41,6,4,24,,35,20,17,55,18,59,60,63,16,12,11,7,6,11,,21,19,24,28,12,1,63,55,5,,5,2,,64,35,,48,50,42,,55,,72,,21,18,3,6,14,4,107,101,107,109,28,13,15,16,,87,63,,26,26,47,,110,97,,69,79,54,,83,86,36,7,,,,59,7,,70,87,71,42,44,134,57,,66,,,69,76,83,76,83,77,83,92,64,,72,85,83,91,90,62,77,80,,,,66,74,,20,,64,76,92,74,57,45,71,53,22,26,32,91,97,,38,29,9,22,37,32,29,,13,,10,,24,1,6,9,78,37,16,8,9,31,24,13,,,13,51,19,34,,57,62,53,32,,20,10,,,18,20,22,19,16,16,16,22,16,20,51,26,30,14,36,,28,21,,24,50,30,23,97,28,20,18,20,39,4,47,54,32,33,22,23,64,13,32,13,8,39,12,35,33,32,38,52,,43,33,16,32,63,36,43,29,34,40,15,37,40,16,25,10,14,52,80,16,20,12,28,69,3,7,,,49,23,27,36,20,75,59,8,15,56,41,19,19,39,49,9,64,21,,30,40,64,70,58,45,30,15,16,14,20,15,16,13,14,16,42,30,40,105,26,98,20,17,18,20,16,20,14,20,37,45,14,8,54,54,48,59,71,92,73,63,12,84,18,17,28,73,57,36,21,19,,14,27,16,18,21,20,19,18,49,50,21,23,18,47,52,23,15,31,50,10,20,22,15,7,18,27,6,37,53,47,,,39,25,24,19,14,24,27,16,12,,20,36,35,16,46,24,32,,21,2,40,44,38,20,80,68,20,14,69,76,10,26,8,20,30,32,46,31,8,14,29,45,65,16,26,22,26,23,18,11,22,25,26,16,15,20,13,19,100,94,87,90,80,68,31,82,20,52,74,80,33,52,24,90,33,79,29,97,14,30,28,54,16,21,16,18,28,32,12,12,18,28,21,36,36,34,45,24,19,12,66,30,42,7,11,16,86,45,67,14,24,35,,8,15,21,13,6,20,28,16,16,21,38,,9,14,16,11,74,47,84,39,61,37,52,,57,51,49,3,60,56,30,28,12,47,32,14,32,37,30,,18,38,31,52,65,9,22,45,44,28,19,28,44,25,44,5,14,77,76,53,114,14,81,58,93,1,8,,,54,62,70,35,19,32,25,20,23,25,17,30,34,6,47,46,37,19,43,27,12,17,12,45,28,38,44,23,126,84,102,97,3,7,78,99,82,102,8,52,89,39,77,77,1,53,34,,23,15,54,56,50,25,44,17,17,6,15,25,9,57,71,73,82,24,18,38,20,17,29,,65,13,20,76,41,46,34,45,33,32,26,36,18,26,12,11,,88,31,27,38,39,1,8,24,41,43,34,38,24,73,25,38,46,55,34,56,36,9,8,37,45,13,19,16,13,28,74
20230729,6,O3_24h,116,82,125,122,119,124,91,125,116,86,114,96,,,194,,172,187,174,,202,,85,186,,144,242,,154,156,150,158,149,165,162,,179,188,,190,188,67,65,75,,91,,139,150,145,137,139,127,139,,156,141,,134,138,147,120,126,136,125,107,155,146,,153,197,177,170,158,152,,162,163,165,170,120,,110,126,130,125,128,119,,148,156,,,180,163,135,154,89,92,81,,96,73,86,82,83,,93,79,66,62,65,104,78,76,67,73,70,97,101,101,105,107,93,106,97,97,102,120,82,103,99,95,101,91,98,99,103,96,97,33,34,33,39,32,,38,38,34,32,49,53,60,45,51,51,51,47,58,28,,32,33,33,33,32,26,36,36,38,32,39,50,,,,58,62,,69,65,64,,,,48,,30,35,23,32,31,27,28,34,33,,,,41,45,,47,49,61,49,47,,45,36,32,38,34,37,38,40,,43,,58,58,,25,27,,33,34,49,,30,36,26,30,40,29,40,,,40,34,38,51,61,58,47,,25,,,41,,40,33,,45,45,42,32,34,32,,69,72,52,58,55,51,58,56,58,54,64,65,62,64,59,61,60,65,,,63,64,62,59,,49,,63,71,67,,68,63,57,,64,113,128,112,,108,134,125,138,28,,,42,52,32,52,50,48,128,127,145,129,121,117,125,106,134,101,133,116,120,106,127,116,,106,158,88,115,88,108,96,109,93,103,126,103,65,144,,122,134,154,105,125,109,120,111,114,121,131,115,100,109,,146,140,95,121,168,166,164,167,109,102,91,124,,111,111,104,158,166,148,161,154,142,127,153,,,129,128,152,102,99,105,103,126,93,94,101,102,183,163,178,157,141,186,190,171,,96,95,102,95,86,,82,61,72,41,37,60,59,,,67,47,56,87,40,,146,120,143,120,,,142,135,72,92,76,87,96,87,92,89,85,,78,67,74,73,81,82,134,131,130,141,120,131,86,86,85,80,70,88,84,82,,84,,83,74,,155,,165,164,,,,,150,,,,170,175,101,107,113,100,95,,113,119,129,124,127,128,98,93,91,95,99,137,78,118,95,158,,157,157,156,153,158,176,171,167,166,,65,64,68,71,56,54,59,58,56,68,64,78,88,84,75,77,81,,,81,,52,60,58,49,144,,137,112,,,130,140,134,118,,82,77,102,,77,67,75,60,65,37,52,46,49,36,,,,68,,,75,,81,91,88,100,37,46,48,43,55,46,,89,,,80,,101,69,92,143,159,146,152,157,,110,93,96,94,105,101,138,117,109,116,59,59,59,196,198,174,63,59,58,127,,100,101,95,,83,102,,82,79,83,94,87,,95,80,,,68,90,,144,,164,157,154,154,137,145,,142,142,,142,130,,123,,170,156,172,,163,163,127,121,126,,95,84,89,87,80,86,120,117,118,106,114,106,105,80,71,70,73,72,70,80,63,82,84,88,114,116,110,117,115,110,92,99,94,,100,98,90,89,91,94,125,101,132,115,123,49,51,56,,41,40,44,,48,79,76,80,66,,77,73,76,,112,,118,113,127,122,131,140,148,,,,100,,102,,122,,117,,101,101,103,113,112,,114,,111,111,117,82,108,100,,136,122,124,121,124,125,,108,,,114,82,79,76,77,86,88,89,96,155,135,142,215,108,100,107,106,106,103,71,76,94,91,120,102,99,95,88,96,100,,92,94,106,124,58,70,71,61,,,,,110,113,,114,81,86,87,87,104,84,73,78,78,75,80,79,78,,84,80,,100,94,86,,108,108,,100,67,83,88,88,88,114,92,96,85,228,99,100,,149,149,147,163,176,139,148,125,131,,126,123,118,119,125,,,95,,,,,47,,,,,,,,,,,,,,,,46,,,,,,,,,,,,,,,,,,,,,,,,,,,,,,,,,,,,,,90,101,99,101,104,93,91,91,92,,,,129,126,119,121,,124,133,151,133,138,142,147,,138,130,122,,,119,116,,126,121,127,,127,,170,173,,,121,108,,,151,154,155,,,110,120,138,145,172,170,165,119,110,121,150,174,94,84,96,86,89,92,89,86,135,134,135,128,,101,101,112,,40,36,37,42,129,112,136,112,62,65,65,80,,,94,92,88,92,91,89,88,83,103,89,102,105,75,104,95,95,145,,,115,100,105,126,110,101,,89,56,59,,62,59,68,,72,73,83,79,59,61,67,,54,58,60,48,64,51,76,82,,70,46,44,47,40,56,,91,,91,,,,60,61,64,58,76,80,,64,,38,46,56,66,69,52,66,,44,47,43,,,52,52,55,,48,47,41,,,61,47,35,38,38,36,68,68,78,70,74,52,58,63,58,,60,63,68,42,64,,50,53,64,64,66,64,61,64,47,,71,62,67,63,61,46,47,51,53,64,58,,130,133,141,,111,121,115,115,,120,119,102,,103,102,106,99,101,,105,109,108,107,83,76,47,,100,99,96,72,74,,92,74,76,96,58,114,111,107,109,104,88,85,,114,112,111,,98,98,,85,79,101,103,,91,97,90,98,91,103,103,98,109,107,101,93,91,93,87,90,94,103,100,102,101,90,102,99,100,96,107,89,104,94,88,82,82,87,83,82,76,87,83,75,86,28,81,82,99,95,115,94,116,164,137,139,148,155,127,184,161,150,111,128,131,123,133,102,116,87,84,97,,142,143,160,89,82,,90,82,81,78,103,72,76,74,78,132,135,141,136,15,144,,,,101,101,,97,70,68,73,71,72,,117,108,103,,,,,71,95,93,91,102,83,,100,,84,74,95,100,85,104,80,79,81,73,83,,,,,74,84,78,79,93,91,70,,91,70,75,85,90,101,98,99,56,58,42,42,89,86,,74,78,78,80,40,46,74,84,48,,82,71,,79,93,,100,96,107,,105,,106,,54,54,76,81,85,83,136,123,130,130,66,68,62,80,,166,170,,120,130,150,,149,151,75,108,150,150,,89,88,151,146,,,99,160,142,,152,151,124,124,101,145,147,,142,,,142,120,125,116,132,127,179,163,125,,112,117,108,160,153,160,153,152,111,,,121,108,,114,,108,128,136,97,99,60,132,127,176,200,199,160,145,,126,116,54,56,38,39,38,,96,,63,64,141,93,76,71,147,128,74,76,88,99,36,72,,,149,53,24,203,,183,164,185,88,,60,41,,,46,44,40,37,59,68,42,43,48,38,115,55,54,49,140,,176,110,,103,96,78,82,132,146,113,99,72,114,71,60,67,169,125,152,48,112,76,110,78,84,146,46,88,94,88,83,102,,141,72,51,109,114,136,101,109,108,153,108,141,92,63,112,49,83,130,150,83,75,64,68,78,77,74,,,188,66,164,79,54,100,108,50,97,153,108,55,50,130,60,108,64,71,,115,193,167,187,180,120,144,30,46,33,46,38,36,44,33,39,88,147,157,178,153,125,59,68,32,31,42,40,52,51,115,108,108,126,147,152,145,116,112,120,173,149,102,111,63,104,92,127,82,144,176,162,,199,51,75,60,55,81,64,66,123,125,103,106,93,123,120,99,100,95,74,84,61,93,78,54,71,81,79,81,103,110,128,,157,74,142,52,91,64,97,48,60,,56,138,138,79,81,87,80,,71,144,107,104,87,102,123,172,108,103,142,131,113,35,39,30,30,32,64,68,69,62,126,110,162,152,53,48,48,33,43,51,26,38,46,34,36,48,45,41,120,113,115,109,99,131,54,170,66,100,117,198,142,133,93,180,133,158,102,163,124,130,145,148,165,162,65,53,53,62,87,85,40,129,122,139,127,119,117,101,102,87,127,92,72,38,62,103,128,124,152,76,112,131,144,123,55,96,82,72,96,93,98,50,49,133,37,106,143,141,110,146,130,119,127,87,83,65,44,70,72,50,95,138,135,117,152,72,80,86,84,85,69,70,,41,89,110,114,118,122,74,83,83,31,35,30,61,38,47,155,163,142,140,172,148,158,167,156,170,164,190,177,168,162,134,153,150,136,159,160,162,186,170,166,118,120,101,111,104,130,103,110,105,52,99,43,93,81,91,99,89,132,116,118,114,90,88,121,164,120,153,74,90,177,152,132,127,95,157,160,,48,59,120,116,84,74,111,46,41,126,125,86,91,136,133,96,103,101,92,104,28,27,57,,101,92,51,159,112,137,126,116,68,101,135,120,129,158,45,78,108,155,94,64,120,65,192,186,79,112,93,99,157,164,107,66,132,119,80,113,76,39,109,67,97,106,94,102,54,65,63,160
20230729,6,O3_8h,22,39,32,25,22,12,28,24,40,36,14,47,,,36,,34,36,32,,31,,,25,,26,41,,84,87,71,89,88,91,108,,24,14,,9,12,34,30,14,,9,,44,50,50,66,62,70,79,,74,45,,55,57,41,9,4,16,2,,38,28,,34,16,17,18,46,52,,75,79,74,79,57,,39,81,87,57,88,20,,63,67,,,61,60,51,65,9,2,12,,5,20,22,18,22,,26,34,32,24,24,27,31,26,26,23,20,32,35,35,37,38,40,54,33,30,36,72,45,58,54,57,61,52,52,54,50,65,52,16,19,17,21,18,,22,12,16,18,12,18,20,17,19,19,20,18,17,17,,18,20,19,20,18,18,18,16,19,15,18,20,,,,17,16,,23,20,21,,,,6,,22,26,15,23,19,14,18,19,15,,,,22,20,,13,8,13,17,14,,14,16,12,17,15,18,21,23,,28,,22,18,,12,16,,22,18,21,,17,26,15,16,28,25,31,,,34,30,32,48,55,53,42,,18,,,27,,24,20,,44,41,40,13,14,14,,30,23,29,32,30,40,53,48,17,19,26,26,19,21,22,16,20,23,,,51,51,52,50,,42,,42,45,34,,46,50,26,,46,9,7,8,,4,11,11,7,17,,,21,25,15,26,26,27,38,41,42,44,40,33,39,36,48,35,28,36,34,28,34,36,,28,40,26,40,15,35,23,34,33,25,34,41,32,54,,29,26,52,49,42,34,31,33,85,91,81,83,71,87,,81,72,46,89,95,89,85,78,42,42,36,41,,47,17,22,81,86,80,80,57,62,52,68,,,78,78,85,77,79,85,84,65,11,21,32,34,47,45,49,50,54,30,42,11,,32,34,32,39,77,,6,6,8,31,1,32,26,,,7,15,4,23,10,,26,10,12,30,,,54,72,14,29,24,22,18,28,33,37,10,,48,,44,46,46,50,67,68,72,61,88,74,38,43,25,45,39,50,42,50,,30,,46,30,,54,,63,64,,,,,70,,,,73,39,85,92,81,84,74,,70,27,42,22,23,8,24,9,20,22,27,81,6,3,38,56,,73,37,58,46,76,103,68,47,22,,35,29,31,53,45,45,48,33,32,39,38,37,39,31,62,61,66,,,17,,21,21,19,14,40,,40,26,,,10,14,14,15,,18,7,18,,17,28,26,23,24,17,29,23,24,14,,,,16,,,12,,17,17,25,17,20,24,,20,27,23,,22,,,26,,22,12,12,96,109,95,112,105,,40,44,48,53,31,53,58,35,34,23,8,8,10,81,84,75,24,24,23,47,,34,47,39,,32,32,,78,69,67,68,25,,9,18,,,,10,,21,,42,50,33,40,99,100,,101,98,,47,45,,42,,112,98,117,,112,107,110,102,114,,30,27,31,18,21,32,60,11,11,14,9,12,3,28,8,7,30,25,6,28,35,35,32,38,50,45,41,47,47,39,63,70,65,,71,73,71,66,64,67,77,56,69,62,63,24,22,25,,18,17,20,,27,32,30,30,30,,26,26,54,,66,,68,66,74,70,46,38,48,,,,24,,24,,62,,66,,46,48,45,50,48,,52,,30,36,31,40,61,58,,41,35,45,36,40,48,,51,,,54,17,20,10,43,24,18,18,45,38,100,82,72,34,20,24,25,26,40,47,38,37,51,56,48,25,14,19,12,19,,58,56,43,20,3,28,24,35,,,,,51,45,,34,36,24,35,36,30,28,26,32,20,10,19,34,31,,48,49,,73,62,62,,64,55,,61,61,54,48,60,57,65,62,62,31,47,43,41,,96,100,91,83,71,72,71,121,124,,77,112,84,87,104,,,8,,,,,27,,,,,,,,,,,,,,,,26,,,,,,,,,,,,,,,,,,,,,,,,,,,,,,,,,,,,,,18,32,28,32,35,29,28,29,30,,,,74,71,70,74,,67,24,38,51,43,12,100,,106,95,65,,,59,52,,25,18,28,,36,,107,101,,,71,49,,,81,99,54,,,69,59,109,109,117,119,124,34,29,49,40,38,30,19,26,18,15,11,16,7,54,50,54,59,,18,20,38,,22,18,14,7,67,60,93,91,4,5,4,55,,,62,28,33,28,8,67,60,63,60,21,20,18,68,70,74,70,100,,,52,54,73,81,52,54,,32,12,10,,14,12,14,,14,12,14,11,3,23,24,,23,22,24,19,30,22,21,22,,25,40,40,28,12,19,,16,,18,,,,25,25,20,23,20,20,,18,,20,18,34,60,60,,58,,10,14,11,,,25,18,24,,8,11,14,,,52,31,30,31,32,32,14,29,21,28,22,17,20,23,21,,38,40,40,,40,,15,24,27,20,27,27,28,25,4,,14,16,23,39,47,43,40,44,28,34,29,,44,38,42,,38,40,36,28,,26,26,37,,38,29,34,29,31,,46,51,44,48,24,16,,,30,29,30,18,13,,14,13,49,26,,23,56,56,55,56,28,30,,66,71,66,,40,39,,16,29,48,46,,41,44,35,21,17,38,39,35,49,40,42,18,54,46,43,39,56,66,67,62,68,25,5,24,22,6,14,25,20,14,24,38,28,34,26,18,42,58,55,53,61,,6,6,2,1,16,5,59,48,77,68,67,60,76,89,85,82,37,49,46,28,29,41,33,4,19,19,,35,81,76,37,31,,20,28,26,32,24,52,51,48,50,41,22,22,40,4,14,,,,33,35,,34,5,4,4,3,3,,26,31,31,,,,,45,60,62,48,64,19,,17,,9,30,21,38,29,34,16,20,54,35,51,,,,,7,11,57,56,14,9,28,,42,28,23,66,60,64,60,64,12,10,11,12,12,16,,19,22,28,26,14,2,66,58,7,,14,8,,66,38,,53,52,44,,58,,71,,24,20,12,10,13,4,64,81,92,88,34,17,20,26,,92,82,,33,42,57,,126,119,,72,101,74,,79,82,46,25,,,,58,7,,71,94,83,49,55,134,59,,67,,,71,78,89,83,92,90,104,102,80,,87,103,99,111,116,72,107,109,,,,89,86,,27,,92,73,82,75,51,50,90,43,33,31,36,91,110,,28,52,8,15,32,25,23,,18,,16,,39,17,13,10,101,52,16,10,7,33,20,21,,,28,45,18,41,,61,78,48,28,,23,10,,,15,18,19,21,16,19,19,21,20,17,69,27,34,32,38,,34,30,,42,46,40,36,97,38,56,25,22,57,15,46,54,36,39,20,27,75,15,36,14,9,39,18,36,42,30,38,61,,52,34,16,42,70,39,53,45,45,49,27,44,15,22,34,7,40,69,89,21,19,20,37,68,8,7,,,73,25,53,25,23,78,62,4,24,63,47,18,17,43,46,22,48,22,,40,66,74,71,68,52,70,17,16,17,21,19,16,22,17,18,33,21,55,110,30,108,13,19,20,19,19,22,12,21,49,59,40,40,47,59,55,72,77,91,91,50,22,87,14,6,37,77,64,42,24,27,,27,25,16,20,19,23,20,20,67,65,34,38,26,60,66,23,20,28,47,13,28,35,19,7,29,31,14,42,24,29,18,,40,32,30,22,13,22,26,21,14,,24,39,31,19,36,33,34,,32,4,52,49,34,38,84,64,31,11,60,87,18,21,13,18,28,30,43,36,12,18,58,36,38,37,23,22,24,20,19,9,20,22,22,20,19,22,15,21,95,92,90,90,76,71,34,90,37,44,71,96,30,60,32,89,48,77,48,96,25,41,40,54,20,25,19,19,25,28,16,16,16,40,34,42,39,39,64,33,24,16,71,15,39,8,16,25,70,32,59,23,42,51,13,15,19,22,11,8,22,26,16,22,24,45,,21,10,14,13,73,46,76,62,64,48,53,,63,58,32,15,50,49,37,39,18,59,41,21,31,34,30,,22,28,51,69,63,13,28,49,49,26,20,22,55,21,46,5,22,80,100,75,108,22,91,70,94,12,17,11,6,60,59,104,72,42,46,36,32,36,47,33,44,43,14,66,46,42,31,50,38,13,27,17,49,33,58,53,36,129,92,111,102,9,12,80,105,66,107,16,61,97,45,76,76,2,57,37,,21,18,72,69,43,41,41,22,21,2,14,26,14,58,72,74,68,33,11,43,17,18,20,,63,26,21,91,51,44,43,57,26,29,33,43,20,43,11,13,2,76,38,33,45,46,6,22,19,44,35,17,56,50,71,28,46,63,48,45,50,34,22,9,43,57,19,21,19,15,31,78
20230729,6,O3_8h_24h,59,39,60,41,56,33,36,25,47,43,21,51,,,52,,41,42,47,,44,,93,35,,35,51,,104,96,98,103,99,108,116,,47,32,,23,27,44,40,14,,18,,56,62,61,85,84,86,95,,98,53,,60,74,45,18,5,24,3,,66,46,,54,27,34,31,75,72,,79,82,74,82,60,,46,86,87,57,89,20,,65,76,,,73,60,62,67,11,4,13,,5,24,27,21,24,,27,48,34,26,28,31,33,27,27,23,20,45,50,48,51,51,54,78,47,46,51,79,56,74,62,63,68,64,64,63,64,68,65,16,20,18,22,19,,23,16,18,20,12,18,20,17,19,19,20,18,17,18,,19,21,20,21,20,19,18,16,20,15,19,24,,,,17,16,,24,20,22,,,,6,,22,27,15,23,19,14,18,19,15,,,,22,20,,13,8,13,19,16,,15,18,14,20,17,21,24,27,,32,,26,22,,12,16,,22,18,21,,17,26,15,16,28,25,31,,,34,30,32,48,56,53,43,,19,,,27,,24,20,,45,42,41,15,16,16,,30,23,29,32,30,42,54,51,20,21,27,27,22,22,24,19,20,24,,,57,57,55,50,,46,,43,45,39,,46,50,27,,49,13,11,18,,9,16,16,7,21,,,25,27,18,29,29,30,52,54,56,59,54,42,54,48,57,38,32,37,35,29,34,36,,28,44,32,40,15,35,23,34,33,25,34,41,65,59,,30,36,52,54,60,38,58,62,90,98,85,96,71,87,,87,72,57,90,108,98,88,81,44,46,38,50,,50,23,32,81,86,80,80,67,67,55,75,,,85,80,92,102,99,105,98,87,16,27,32,39,47,45,49,50,54,30,42,22,,51,43,51,51,86,,11,6,8,37,1,36,27,,,7,16,4,25,11,,39,44,38,30,,,64,84,23,34,26,25,24,33,36,39,10,,50,63,48,49,47,53,80,74,78,70,90,78,48,52,37,47,44,59,52,50,,36,,46,45,,62,,78,77,,,,,71,,,,81,62,85,92,85,84,74,,74,27,56,22,23,8,39,14,30,35,39,98,13,6,38,88,,101,57,63,46,81,103,88,78,34,,36,31,32,66,53,53,59,40,41,50,52,39,51,43,64,63,70,,,17,,29,22,22,16,51,,47,38,,,10,14,16,15,,26,11,21,,17,30,28,23,24,20,34,29,26,21,,,,18,,,12,,17,24,28,22,22,27,,26,33,26,,24,,,44,,25,18,22,107,122,121,148,120,,48,56,50,53,31,57,59,35,34,23,13,9,19,81,84,76,24,24,23,53,,42,50,42,,38,45,,79,69,68,69,35,,12,21,,,60,15,,40,,52,66,67,67,118,119,,116,116,,48,51,,48,,119,112,123,,119,114,112,103,116,,34,30,37,28,33,35,64,17,27,29,20,25,5,30,11,7,30,30,8,33,53,45,33,39,63,59,52,59,58,58,64,75,68,,79,73,71,66,64,67,78,60,71,64,64,24,22,25,,18,17,20,,27,32,33,32,30,,30,28,57,,86,,91,89,96,91,53,49,59,,,,40,,40,,84,,90,,49,52,46,57,69,,71,,33,51,36,58,71,67,,42,37,50,42,49,52,,72,,,59,24,29,10,63,35,29,24,51,39,104,83,74,42,31,25,39,35,46,53,39,42,52,57,57,25,29,33,25,21,,58,58,43,43,5,30,32,38,,,,,73,52,,35,37,26,42,41,32,33,26,34,23,11,20,39,34,,65,63,,74,62,66,,65,55,,68,61,54,52,63,60,65,64,63,39,64,66,57,,110,116,110,91,72,75,81,124,128,,81,114,92,93,107,,,8,,,,,30,,,,,,,,,,,,,,,,30,,,,,,,,,,,,,,,,,,,,,,,,,,,,,,,,,,,,,,34,44,39,45,47,41,39,43,40,,,,78,76,74,75,,67,46,68,79,73,22,119,,110,109,84,,,78,63,,40,35,28,,53,,112,112,,,80,61,,,87,108,68,,,83,80,116,118,130,134,137,36,29,49,40,39,34,24,29,27,17,15,19,7,85,87,90,76,,34,37,59,,25,23,16,11,78,69,100,100,4,6,4,55,,,62,45,57,43,10,77,66,72,60,30,32,21,68,70,74,70,102,,,52,75,80,97,61,61,,58,14,11,,14,16,14,,16,12,15,12,4,23,28,,23,22,24,24,30,22,24,26,,26,44,40,31,12,19,,24,,25,,,,28,27,25,24,27,27,,21,,20,18,34,64,64,49,63,,16,21,18,,,31,23,35,,17,16,18,,,55,31,32,33,34,35,23,37,28,34,28,28,27,29,29,,38,40,40,31,40,,28,28,31,30,30,28,30,27,6,,20,31,36,52,48,44,44,47,33,38,33,,45,43,48,,44,46,42,42,,41,40,52,,51,40,45,38,41,,52,60,47,54,26,19,48,,45,43,44,18,16,,14,13,57,30,60,24,70,68,63,66,29,32,,81,82,75,,44,44,,17,29,48,47,,46,49,39,26,18,53,52,53,72,50,58,26,67,67,66,66,75,84,84,84,80,31,12,24,29,6,19,41,24,18,31,42,38,41,39,32,59,78,73,68,78,26,7,7,6,3,29,15,65,54,81,69,67,61,81,115,105,102,54,54,53,37,44,48,54,5,21,26,,55,82,78,44,31,,24,44,40,44,37,62,65,61,61,54,23,28,59,5,38,,,,33,36,,38,5,4,5,4,3,,27,32,41,,,,,64,80,83,72,82,27,,20,,18,30,21,38,29,34,18,20,56,35,60,,,,,9,19,63,66,24,14,28,,48,39,34,73,77,72,64,70,12,10,12,20,14,16,,22,23,31,29,19,3,66,68,8,,28,12,,72,41,,62,56,54,,59,,72,,31,26,24,17,13,8,64,84,102,88,46,20,28,36,,92,93,,38,58,100,,139,136,72,72,111,85,,79,82,61,65,,,87,61,7,,71,99,85,56,65,134,69,,76,,,72,78,92,85,103,103,110,105,83,,91,112,108,118,123,88,120,122,114,,,100,94,,32,,107,73,83,82,51,53,111,48,46,43,44,102,125,,28,70,10,15,32,25,23,,26,,22,64,50,23,24,10,105,73,18,15,7,37,20,32,,,47,53,21,50,,64,87,79,28,,28,12,,,15,18,19,25,17,20,20,22,24,17,81,28,43,37,49,,49,44,,48,48,45,46,100,95,82,29,32,74,27,46,62,38,44,20,30,88,18,55,16,16,46,24,39,44,32,42,66,,61,48,18,57,72,57,64,74,64,58,44,48,15,35,41,7,70,94,104,26,23,27,42,69,13,11,,,98,27,78,26,28,83,68,4,33,100,53,24,17,66,46,39,48,26,,57,90,80,94,78,57,104,18,21,18,21,21,17,27,18,20,38,21,60,117,45,110,13,20,22,20,20,25,14,22,58,65,72,57,49,62,70,88,78,92,101,60,42,95,14,6,50,87,66,47,36,32,,42,25,16,22,19,31,22,22,84,85,52,55,39,88,91,30,23,40,47,15,32,41,28,8,45,40,24,51,24,29,32,,41,40,42,24,13,22,26,25,17,,26,48,38,24,36,51,38,,40,5,69,58,34,63,86,64,51,19,61,103,37,21,26,18,28,30,43,38,16,24,93,36,38,48,23,23,24,20,22,9,20,22,22,21,20,25,16,24,95,92,91,90,83,72,54,104,51,44,74,112,30,70,37,97,54,77,58,98,43,54,55,64,37,34,22,22,25,28,23,22,17,52,51,49,43,44,86,44,32,31,72,15,40,9,17,43,70,36,80,25,48,54,38,19,23,24,11,12,28,28,22,26,28,55,36,36,13,15,15,74,50,76,74,70,60,59,39,65,61,32,26,55,51,47,51,22,66,50,28,32,41,38,,26,28,56,84,63,20,30,52,50,29,24,22,57,21,47,5,32,82,112,116,132,32,103,84,94,29,32,29,17,70,77,121,93,54,54,53,35,39,77,51,59,53,29,82,53,44,46,69,46,16,38,20,53,45,77,67,50,132,94,115,105,16,21,80,110,66,114,23,67,116,53,83,86,2,67,40,,21,20,94,92,43,53,44,24,25,2,15,26,19,68,72,75,72,41,18,47,17,19,20,,68,50,22,120,72,44,52,72,26,32,45,50,42,66,12,16,6,76,39,35,52,50,15,38,26,47,35,26,59,83,83,32,60,73,48,55,51,34,48,14,52,63,25,21,23,17,33,81
20230729,6,CO,0.7,0.5,0.6,0.6,0.5,0.2,0.3,0.4,0.4,0.4,0.3,0.3,,,0.7,,0.5,0.5,0.8,,0.5,,,0.5,,0.4,0.6,,0.5,0.4,0.4,0.5,0.4,0.4,0.7,,0.5,0.7,,1,0.6,0.6,0.3,0.3,,0.2,,0.3,0.4,0.4,0.3,0.3,0.5,0.5,,0.4,0.2,,0.3,0.1,0.5,0.5,0.4,0.4,0.5,0.4,0.9,1.1,,1,0.3,0.2,0.1,0.5,0.4,,0.6,0.5,0.5,0.6,0.7,,0.5,0.7,0.5,0.7,0.7,0.6,,0.5,0.6,,,0.4,0.6,0.5,0.4,0.6,0.6,0.5,,0.5,0.7,0.5,0.6,0.4,,1.1,0.7,0.1,0.3,0.5,0.4,,0.1,0.5,0.5,0.4,0.6,0.6,0.5,0.4,0.4,0.3,0.5,0.4,0.5,0.5,0.7,0.5,0.5,0.7,0.5,0.4,0.6,0.5,0.7,0.3,0.3,0.5,0.4,0.3,0.4,0.6,0.4,,0.3,0.4,0.3,0.4,0.2,0.3,0.1,0.5,0.4,0.5,0.1,0.2,0.4,0.3,,0.4,0.4,0.4,0.4,0.4,0.5,0.3,0.3,0.4,0.3,0.3,0.3,,,,0.3,0.2,,0.3,0.2,0.3,,,,0.3,,0.7,0.6,,0.6,0.4,0.4,0.2,0.5,0.5,,,,0.4,0.4,,0.6,0.3,0.4,0.3,0.4,,0.5,0.6,0.4,0.5,0.7,0.3,0.3,0.3,,0.3,,0.5,0.4,,0.5,0.6,,0.4,0.5,0.4,,0.6,0.3,0.5,0.6,0.4,0.4,0.3,,,0.4,0.4,0.4,0.4,0.4,0.5,0.4,,0.4,,,0.4,,0.5,0.4,,0.5,0.4,0.3,0.3,0.4,0.3,,0.4,0.4,0.3,0.4,0.3,0.5,0.4,0.4,0.3,0.4,0.5,0.2,0.3,0.3,0.5,0.4,0.3,0.3,,,0.2,0.2,0.4,0.4,,0.2,,0.4,0.3,0.6,,0.4,0.5,0.5,,0.3,0.4,0.3,0.7,,0.8,0.6,0.5,0.5,0.3,,,0.2,0.4,0.4,0.1,0.4,0.3,0.4,0.4,0.4,0.4,0.4,0.4,0.4,0.4,0.6,0.8,0.4,0.3,0.5,0.4,0.4,0.5,,0.5,0.5,0.3,0.5,0.3,0.3,0.5,0.3,0.6,0.4,0.6,0.5,0.7,0.6,,0.6,0.5,0.6,0.6,0.8,0.6,0.8,0.3,0.8,0.6,0.6,0.9,0.6,0.6,,0.6,0.6,0.9,0.6,0.5,0.4,0.3,0.5,0.5,0.7,0.4,0.6,,0.6,0.8,0.6,0.4,0.7,0.4,0.5,0.5,0.5,0.6,0.5,,,1,0.7,1.1,0.7,0.8,0.6,0.8,0.7,0.5,0.6,0.4,0.5,0.6,0.5,0.6,0.7,0.6,0.7,0.6,1,,0.5,0.5,0.4,0.4,0.2,,1,1,0.6,0.4,0.7,0.6,0.7,,,1,0.4,0.9,0.8,0.9,,0.4,0.5,0.4,0.6,,,0.5,0.6,0.8,0.6,0.2,0.7,0.2,0.5,0.7,0.4,0.4,,0.7,,0.6,0.4,0.6,0.6,0.2,0.3,0.3,0.7,0.1,0.3,0.7,0.8,0.6,0.5,0.7,0.7,0.7,0.4,,0.9,,0.6,0.6,,0.5,,0.6,0.5,,,,,0.6,,,,0.5,0.4,0.3,0.3,0.1,0.4,0.3,,0.3,,0.6,0.3,0.4,0.5,0.5,0.5,0.5,0.4,0.4,0.4,0.3,0.6,0.4,0.6,,0.9,1.2,0.4,0.9,0.6,0.5,0.4,0.6,0.9,,0.6,0.4,0.4,0.5,0.6,0.7,0.4,0.5,0.4,0.3,0.2,0.1,0.4,,0.5,0.6,0.6,,,0.5,,0.1,0.7,0.2,0.3,0.4,,0.3,0.8,,,0.2,0.3,0.3,,,0.4,0.5,0.3,,0.2,0.3,0.3,0.3,0.2,0.5,0.1,0.1,0.3,,,,,0.4,,,0.5,,0.5,0.4,0.2,0.6,0.2,0.3,0.4,0.2,0.2,0.4,,0.1,,,0.6,,0.6,0.5,0.6,0.6,0.5,0.7,0.6,0.7,,0.8,0.5,0.7,0.6,0.7,0.5,0.6,0.6,0.4,0.7,0.6,0.6,0.6,0.6,0.5,0.6,0.5,0.5,0.6,0.9,,0.6,0.3,0.4,,0.5,0.5,,0.5,0.6,0.6,0.5,0.8,,0.7,1.1,,,,0.2,,0.6,,0.9,0.9,0.8,1.1,0.7,0.7,,0.6,0.7,,1.4,1.1,,1.1,,0.9,0.7,0.8,,0.6,0.7,0.6,0.3,0.4,,0.4,0.7,0.7,0.9,1.2,0.3,0.5,0.6,0.5,0.2,0.5,0.3,0.6,0.2,1.7,1,0.6,0.6,0.4,0.3,0.5,0.4,0.7,0.5,0.5,0.7,0.5,0.6,0.6,0.6,0.5,0.2,0.3,,0.2,0.4,0.4,0.3,0.4,0.3,0.4,0.5,0.5,0.4,0.4,0.4,0.4,0.4,,0.6,0.5,0.4,,0.4,0.5,0.8,0.6,0.5,,0.7,0.5,0.4,,0.8,,0.6,0.4,0.4,0.3,0.5,0.2,0.1,,,,0.4,,0.6,,0.4,,0.6,,0.4,0.6,0.4,0.9,0.7,,0.7,,0.5,0.3,0.5,0.4,0.6,0.4,,0.6,0.6,0.5,0.5,0.4,0.6,,0.6,,,0.4,0.2,0.3,0.1,0.7,0.5,0.7,0.7,0.7,0.5,0.5,0.6,0.6,0.3,1.3,1,1.3,1,0.7,0.4,0.4,0.5,0.5,0.5,0.6,0.6,0.5,0.6,0.6,0.5,,0.7,0.6,0.8,3.7,0.5,0.6,0.6,0.6,,,,,0.4,0.4,,0.5,0.4,0.3,0.3,0.3,0.2,0.2,0.6,0.6,0.5,0.4,0.5,0.7,0.6,,0.7,1.1,,1,0.5,0.9,,0.6,0.4,,0.6,0.2,0.6,0.4,0.4,0.4,0.5,0.3,0.4,0.7,0.8,1,0.8,,0.7,0.7,0.8,0.5,0.3,0.3,0.4,0.2,0.1,,0.3,0.3,0.2,0.2,0.2,,,0.7,,,,,0.4,,,,,,,,,,,,,,,,0.3,,,,,,,,,,,,,,,,,,,,,,,,,,,,,,,,,,,,,,0.4,0.4,0.5,0.5,0.5,0.4,0.3,0.4,0.5,,,,1.2,1.1,1,1.2,,0.9,0.8,0.6,0.7,0.7,0.7,0.7,,0.6,0.6,1.2,,,1.6,1.7,,0.7,0.6,0.5,,0.5,,0.8,0.5,,,0.5,0.4,,,0.5,0.4,0.5,,,0.3,0.4,0.3,0.3,0.5,0.5,0.5,0.7,0.6,0.8,0.6,0.6,0.3,0.2,0.3,0.5,0.7,1,0.8,0.6,0.8,0.7,0.7,0.7,,0.5,0.3,0.5,,0.3,0.1,0.4,0.5,0.3,0.2,,0.3,0.5,0.6,0.6,0.1,,,,0.5,0.3,0.4,0.2,0.6,,0.4,0.6,1.2,1.5,0.5,0.4,0.5,0.4,0.4,0.4,,,0.8,0.5,0.4,0.3,0.4,0.4,,0.1,0.2,0.2,,0.3,0.2,0.3,,0.3,0.2,0.2,0.3,0.2,0.2,0.3,,0.1,0.2,0.2,0.4,0.2,0.4,0.5,0.6,,0.4,0.3,0.3,0.2,0.2,0.4,,0.5,,0.5,,,,0.1,0.2,0.2,0.4,0.5,0.5,,0.4,,0.2,0.2,0.3,0.7,0.7,,0.6,,0.8,0.7,0.8,,,0.5,0.5,0.5,,0.5,0.5,0.3,,,0.7,0.5,0.2,0.3,0.3,0.2,0.4,0.8,0.4,0.5,0.4,0.7,0.5,0.4,1,,0.2,0.3,0.3,,0.4,,1.2,0.6,1,0.9,0.7,0.6,0.7,0.8,0.5,,0.7,0.7,0.6,1,1.1,0.9,0.9,1,0.7,0.4,0.8,,0.7,0.3,0.3,,0.6,0.6,0.5,0.5,,0.4,0.3,0.4,,0.5,0.2,0.3,0.4,0.5,,0.4,0.3,0.2,0.3,0.8,0.3,,,0.3,0.3,0.3,0.4,0.4,,0.6,0.5,0.5,0.8,,0.2,0.6,0.5,0.5,0.5,0.5,0.5,,0.5,0.4,0.3,,0.5,0.6,,0.5,0.4,0.5,0.4,,0.5,0.6,0.6,0.7,0.6,0.2,0.7,0.6,1.8,0.8,0.7,0.3,0.3,0.5,0.4,0.1,0.4,0.6,0.5,0.7,0.7,0.7,0.7,0.5,0.5,0.4,0.5,0.8,0.5,0.7,0.6,0.8,0.6,1.4,0.7,0.8,0.5,1.1,1.1,0.8,0.4,,0.5,0.5,0.9,0.7,1.2,0.6,0.5,0.4,0.4,0.6,0.6,0.9,0.7,0.7,0.6,0.5,0.6,0.7,0.6,0.7,0.8,0.7,0.6,0.6,0.8,0.8,,0.7,0.4,0.5,0.3,0.6,,0.3,0.5,0.3,0.2,0.3,0.4,0.5,0.5,0.6,0.6,0.4,0.6,0.8,0.2,0.5,,,,0.5,0.4,,0.4,0.2,0.3,0.3,0.3,0.4,,0.4,0.3,0.5,,,,,0.5,0.4,0.3,0.4,0.3,,,0.4,,0.2,0.3,0.7,0.6,0.7,0.4,0.3,0.5,0.5,0.4,0.6,,,,,0.4,0.2,0.3,0.4,0.3,0.4,0.6,,0.5,0.5,0.4,0.3,0.6,0.7,0.6,0.6,0.6,0.4,0.3,0.5,0.8,0.7,,0.6,0.5,0.5,0.4,0.4,0.4,0.6,0.6,0.7,,0.4,0.3,,0.3,0.5,,0.3,0.3,0.5,,0.2,,0.1,,0.5,0.4,0.5,0.6,0.6,0.5,0.6,0.8,0.6,0.7,0.3,0.4,0.5,0.3,,2,0.4,,0.5,0.4,0.4,,0.4,0.5,,0.4,0.4,0.4,,0.3,0.3,,0.1,,,,0.4,0.2,,0.4,0.5,0.6,0.3,0.5,0.4,0.4,,0.5,,,0.3,0.2,0.4,0.3,0.4,0.4,,0.3,0.5,,0.2,0.3,0.4,0.3,0.2,0.3,0.3,0.4,,,,0.7,0.5,,0.4,,0.6,0.3,0.3,0.4,0.7,0.1,0.6,0.7,0.5,0.3,0.6,0.3,0.6,,0.6,0.6,0.4,0.3,0.4,0.4,0.4,,0.4,,0.1,,0.6,0.4,1.2,0.8,1,0.3,0.1,0.8,0.7,0.4,0.4,0.3,,,1,0.3,0.4,0.4,,0.7,0.5,0.4,0.5,,0.3,0.6,,,0.3,0.6,0.5,0.3,0.4,0.2,0.8,0.5,0.3,0.4,0.4,0.5,0.6,0.5,1.2,,0.4,0.5,,0.6,0.5,0.3,0.3,0.3,0.6,0.3,,0.8,0.9,0.8,0.2,0.3,0.6,0.7,2.7,,0.8,0.3,0.3,0.5,0.2,0.5,0.8,0.2,0.6,0.5,0.5,0.4,,0.2,0.2,0.7,0.4,0.4,0.4,0.5,0.5,0.6,0.1,0.5,0.3,0.2,0.5,1.4,0.4,0.6,0.4,0.7,0.3,0.5,0.3,0.6,0.4,0.5,0.5,,,0.8,0.3,0.4,0.6,0.3,0.1,0.5,0.3,0.3,0.3,0.6,0.4,0.4,0.5,1.1,0.4,0.5,0.3,,1,0.5,0.4,0.4,0.6,0.3,1,0.3,0.5,0.4,0.4,0.6,0.4,0.5,0.4,0.5,0.4,1.3,0.6,0.5,0.6,0.6,0.4,0.3,0.4,0.4,0.5,0.2,0.4,0.4,0.5,0.7,0.7,0.7,0.3,,0.7,0.5,0.6,0.8,0.4,0.5,0.6,0.9,0.6,0.6,0.5,1,0.5,,0.2,0.5,,0.3,0.4,0.4,0.4,0.7,0.6,0.5,0.4,0.4,0.4,0.4,0.1,0.2,0.7,0.5,1,0.6,0.7,0.6,0.4,0.6,0.7,0.7,0.6,0.6,0.7,0.6,0.5,0.4,0.4,0.6,,0.6,0.4,1.6,0.3,0.4,0.1,,0.2,0.1,,0.3,0.5,0.4,0.4,0.7,0.9,0.7,,0.4,0.2,0.5,0.5,0.5,0.6,0.6,0.6,0.6,0.6,0.6,0.6,0.7,0.5,0.3,0.5,0.7,0.4,0.5,0.4,0.9,0.3,0.6,0.4,0.7,0.6,0.6,0.7,0.3,0.5,0.4,0.7,0.5,0.3,0.5,0.4,0.3,0.6,0.4,0.1,0.2,0.2,0.2,0.5,0.2,0.5,0.3,0.6,0.6,0.4,0.5,0.4,0.5,0.7,0.4,0.6,0.8,0.5,0.4,0.4,0.1,0.4,0.4,1,1.1,0.2,0.3,0.3,0.3,0.4,0.5,0.5,0.4,0.4,0.7,0.2,0.2,0.4,0.3,0.4,0.3,2.2,0.5,0.5,0.4,0.6,0.7,0.5,0.4,0.4,0.5,0.8,0.5,0.5,0.3,0.3,0.5,0.7,0.3,0.4,0.6,0.3,0.2,0.1,0.4,0.2,,0.4,0.5,0.3,0.4,0.2,0.2,0.4,0.5,0.4,0.8,0.5,,0.2,0.6,0.3,0.4,0.8,0.6,0.6,0.5,0.4,0.4,0.4,0.4,0.4,0.6,0.5,,0.4,0.5,0.3,0.3,0.4,0.7,0.7,0.7,0.7,0.4,0.5,0.4,0.4,0.4,0.5,0.6,0.7,0.6,0.8,0.5,0.4,0.8,0.7,0.4,0.3,0.6,1.7,1.1,1,0.3,0.7,0.3,0.4,0.4,0.5,0.4,0.4,0.4,0.5,0.5,0.5,0.4,0.4,0.4,0.2,0.2,0.3,0.4,0.4,0.7,0.8,0.4,1,0.8,0.5,1,0.7,0.1,0.1,0.6,0.7,0.5,0.7,0.6,0.7,1.3,0.4,0.4,0.8,1,0.7,0.9,0.9,0.4,0.6,0.5,,0.6,0.2,0.4,0.4,0.6,0.5,0.4,0.5,0.2,0.3,0.1,0.5,0.4,0.3,0.3,0.9,0.4,0.5,0.7,0.4,0.5,0.5,0.4,,0.5,0.3,0.5,0.2,1.4,1.4,0.2,1.4,0.3,0.3,0.8,0.4,0.9,1.6,0.5,0.3,0.8,1.1,0.5,0.5,0.3,0.2,1.2,0.6,0.3,0.5,0.6,0.4,0.6,0.5,0.3,0.3,0.3,0.3,0.2,0.5,0.3,0.3,0.6,0.3,,0.6,0.5,0.4,0.6,0.1,0.5,0.3
20230729,6,CO_24h,0.7,0.4,0.6,0.5,0.5,0.3,0.4,0.3,0.4,0.4,0.4,0.4,,,0.7,,0.7,0.6,0.8,,0.7,,0.4,0.7,,0.6,0.7,,0.5,0.4,0.4,0.5,0.4,0.4,0.7,,0.7,0.8,,1,0.8,0.6,0.2,0.3,,0.3,,0.4,0.5,0.5,0.2,0.2,0.5,0.4,,0.3,0.3,,0.3,0.2,0.6,0.6,0.5,0.6,0.5,0.5,0.4,0.5,,0.4,0.4,0.3,0.2,0.5,0.5,,0.5,0.4,0.5,0.5,0.8,,0.5,0.7,0.8,0.9,0.6,0.5,,0.4,0.7,,,0.5,0.5,0.5,0.4,0.4,0.6,0.5,,0.6,0.5,0.6,0.6,0.4,,0.4,0.5,0.1,0.3,0.5,0.4,,0.1,0.5,0.5,0.3,0.5,0.5,0.4,0.3,0.4,0.3,0.6,0.5,0.5,0.4,0.6,0.6,0.5,0.7,0.3,0.5,0.6,0.6,0.9,0.3,0.4,0.5,0.4,0.3,0.4,0.6,0.4,,0.4,0.4,0.3,0.4,0.3,0.4,0.1,0.5,0.4,0.4,0.2,0.3,0.4,0.3,,0.4,0.4,0.4,0.4,0.5,0.5,0.3,0.3,0.4,0.3,0.3,0.2,,,,0.4,0.3,,0.3,0.2,0.3,,,,0.4,,0.7,0.7,,0.6,0.5,0.4,0.2,0.6,0.6,,,,0.5,0.5,,0.5,0.7,0.6,0.3,0.4,,0.5,0.6,0.4,0.6,0.7,0.3,0.3,0.3,,0.3,,0.5,0.4,,0.5,0.6,,0.4,0.5,0.5,,0.6,0.4,0.5,0.6,0.4,0.4,0.3,,,0.4,0.4,0.4,0.4,0.4,0.4,0.4,,0.4,,,0.4,,0.5,0.4,,0.4,0.4,0.3,0.3,0.4,0.3,,0.4,0.4,0.3,0.4,0.3,0.5,0.4,0.4,0.3,0.4,0.5,0.3,0.3,0.3,0.5,0.4,0.4,0.3,,,0.2,0.2,0.4,0.4,,0.2,,0.5,0.3,0.6,,0.5,0.5,1,,0.4,0.4,0.2,0.5,,0.6,0.5,0.5,0.5,0.3,,,0.2,0.4,0.4,0.2,0.5,0.3,0.4,0.4,0.5,0.4,0.4,0.4,0.4,0.4,0.5,0.9,0.6,0.5,0.8,0.5,0.6,0.6,,0.5,0.6,0.3,0.5,0.3,0.3,0.4,0.2,0.5,0.5,0.6,0.4,0.5,0.6,,0.5,0.4,0.6,0.6,0.7,0.5,0.6,0.3,0.8,0.6,0.7,0.9,0.6,0.6,,0.6,0.6,0.8,0.5,0.5,0.5,0.3,0.5,0.4,0.6,0.3,0.6,,0.5,0.6,0.5,0.4,0.5,0.3,0.4,0.5,0.5,0.5,0.4,,,0.9,0.6,0.8,0.6,0.7,0.5,0.8,0.7,0.5,0.5,0.4,0.5,0.9,0.8,0.9,0.8,0.7,0.8,0.8,0.9,,0.4,0.5,0.4,0.4,0.2,,0.8,1,0.6,0.5,0.7,0.7,0.7,,,1,0.4,0.9,0.8,1,,0.3,0.4,0.4,0.5,,,0.5,0.6,0.7,0.5,0.3,0.7,0.4,0.6,0.6,0.4,0.5,,0.7,0.6,0.5,0.4,0.6,0.6,0.2,0.3,0.3,0.2,0.1,0.2,0.6,0.7,0.6,0.5,0.6,0.7,0.5,0.5,,0.7,,0.6,0.6,,0.4,,0.4,0.5,,,,,0.7,,,,0.5,0.5,0.5,0.4,0.3,0.4,0.3,,0.3,,0.4,0.2,0.3,0.4,0.5,0.5,0.4,0.3,0.5,0.5,0.3,0.5,0.4,0.5,,0.7,0.8,0.5,0.7,0.6,0.5,0.6,0.5,0.9,,0.5,0.4,0.5,0.5,0.6,0.8,0.5,0.5,0.4,0.3,0.2,0.1,0.4,0.1,0.4,0.6,0.6,,,0.6,,0.1,0.7,0.1,0.3,0.6,,0.4,0.6,,,0.2,0.3,0.3,0.2,,0.2,0.2,0.2,,0.2,0.3,0.4,0.3,0.2,0.6,0.1,0.1,0.3,0.1,,,,0.3,,,0.5,,0.5,0.2,0.3,0.3,0.1,0.3,0.4,0.2,0.2,0.4,,,,,0.6,,0.5,0.4,0.6,0.6,0.5,0.7,0.7,0.6,,0.7,0.6,0.7,0.6,0.7,0.6,0.7,0.7,0.6,0.9,0.6,0.6,0.6,0.6,0.5,0.6,0.5,0.5,0.6,0.8,,0.6,0.4,0.4,,0.5,0.5,,0.5,0.6,0.6,0.5,0.8,,0.6,0.8,,,0.3,0.2,,0.5,,0.5,0.6,0.5,0.6,0.8,0.8,,0.7,0.8,,1.2,0.9,,0.9,,0.9,0.8,0.9,,0.8,0.8,0.4,0.3,0.3,,0.5,0.9,0.8,0.7,0.9,0.5,0.6,0.6,0.6,0.4,0.6,0.4,0.7,0.3,1,1.8,0.7,0.6,0.6,0.4,0.5,0.4,0.7,0.5,0.5,0.7,0.5,0.6,0.6,0.6,0.6,0.3,0.3,,0.3,0.4,0.4,0.3,0.4,0.3,0.2,0.4,0.4,0.3,0.3,0.5,0.4,0.5,,0.6,0.5,0.4,,0.4,0.5,0.7,0.4,0.7,,0.8,0.6,0.7,,0.9,,0.6,0.5,0.5,0.4,0.6,0.4,0.3,,,,0.4,,0.6,,0.5,,0.7,,0.4,0.6,0.3,0.6,0.5,,0.6,,0.5,0.4,0.5,0.4,0.5,0.4,,0.6,0.7,0.5,0.5,0.5,0.2,,0.6,,,0.3,0.2,0.3,0.2,0.7,0.5,0.6,0.5,0.5,0.5,0.6,0.6,0.6,0.3,0.9,0.8,0.8,1.3,0.6,0.4,0.3,0.5,0.6,0.5,0.6,0.6,0.5,0.6,0.5,0.6,,0.8,0.7,1,2.5,0.4,0.6,0.6,0.5,,,,,0.4,0.5,,0.5,0.4,0.3,0.2,0.3,0.3,0.2,0.6,0.7,0.5,0.3,0.5,0.7,0.5,,0.6,0.8,,0.9,0.4,0.7,,0.6,0.5,,0.7,0.3,0.6,0.5,0.4,0.4,0.4,0.4,0.5,0.4,0.6,0.7,0.5,,0.6,0.7,0.4,0.6,0.6,0.4,0.3,0.2,0.1,,0.3,0.3,0.3,0.2,0.2,,,0.4,,,,,0.3,,,,,,,,,,,,,,,,0.2,,,,,,,,,,,,,,,,,,,,,,,,,,,,,,,,,,,,,,0.3,0.4,0.5,0.5,0.5,0.4,0.4,0.4,0.4,,,,0.9,0.9,0.8,0.9,,0.8,0.6,0.5,0.5,0.6,0.5,0.6,,0.6,0.6,0.8,,,1,1,,0.7,0.6,0.5,,0.5,,0.7,0.6,,,0.5,0.5,,,0.5,0.4,0.5,,,0.4,0.3,0.3,0.2,0.5,0.5,0.5,0.7,0.6,0.3,0.6,0.6,0.4,0.3,0.4,0.7,0.6,0.7,0.6,0.7,0.8,0.8,0.8,0.8,,0.4,0.2,0.6,,0.3,0.1,0.6,0.5,0.4,0.3,0.1,0.2,0.5,0.5,0.5,0.1,,,,0.4,0.3,0.4,0.1,0.4,,0.4,0.4,0.5,0.8,0.4,0.3,0.5,0.5,0.5,0.4,,,0.8,0.5,0.4,0.4,0.4,0.4,,0.1,0.3,0.3,,0.3,0.2,0.3,,0.3,0.3,0.2,0.3,0.2,0.2,0.3,,0.1,0.2,0.2,0.5,0.2,0.4,0.4,0.6,,0.4,0.3,0.4,0.2,0.2,0.3,,0.5,,0.5,,,,0.1,0.2,0.3,0.4,0.6,0.5,,0.4,,0.3,0.3,0.3,0.6,0.7,0.5,0.6,,0.8,0.6,0.8,,,0.5,0.4,0.5,,0.5,0.4,0.3,,,0.7,0.5,0.2,0.3,0.3,0.2,0.4,0.4,0.4,0.3,0.6,0.7,0.5,0.4,0.9,,0.3,0.4,0.4,0.4,0.5,,1.1,0.6,0.9,0.9,0.6,0.6,0.6,0.7,0.5,,0.6,0.7,0.6,0.9,1.1,0.9,0.9,1,0.6,0.4,0.7,,1,0.5,0.4,,0.6,0.6,0.6,0.5,,0.4,0.3,0.4,,0.5,0.2,0.3,0.4,0.4,,0.3,0.3,0.2,0.3,0.8,0.3,0.4,,0.3,0.2,0.3,0.3,0.5,,0.6,0.4,0.6,0.8,0.4,0.3,0.6,0.5,0.6,0.5,0.5,0.5,,0.5,0.5,0.3,,0.5,0.5,,0.5,0.4,0.5,0.5,,0.5,0.5,0.6,0.7,0.5,0.2,0.6,0.6,0.6,0.9,0.7,0.3,0.3,0.6,0.4,0.2,0.4,0.6,0.6,0.7,0.7,0.7,0.5,0.5,0.4,0.4,0.5,0.7,0.5,0.6,0.5,0.7,0.6,0.9,0.7,0.5,0.5,0.4,0.6,1.3,0.3,0.5,0.6,0.6,0.8,0.7,1.1,0.6,0.4,0.5,0.4,0.7,0.7,0.7,0.7,0.8,0.7,0.6,0.6,0.8,0.6,0.8,0.8,0.6,0.6,0.4,0.7,0.6,,0.5,0.4,0.5,0.3,0.6,,0.3,0.5,0.3,0.2,0.2,0.4,0.4,0.4,0.5,0.5,0.4,0.5,0.7,0.2,0.4,,,,0.4,0.4,,0.4,0.2,0.3,0.2,0.3,0.4,,0.5,0.4,0.5,,,,,0.4,0.4,0.4,0.4,0.3,,,0.5,,0.3,0.3,0.7,0.7,0.8,0.8,0.3,0.6,0.7,0.5,0.6,,,,,0.3,0.3,0.3,0.4,0.3,0.5,0.5,,0.4,0.5,0.4,0.2,0.2,0.7,0.6,0.6,0.7,0.5,0.3,0.5,0.7,0.7,,0.5,0.4,0.4,0.6,0.5,0.4,0.6,0.6,0.8,,0.4,0.3,,0.4,0.5,,0.3,0.3,0.5,,0.3,,0.1,,0.5,0.4,0.5,0.6,0.7,0.4,0.6,0.8,0.7,0.7,0.3,0.4,0.5,0.4,,0.9,0.4,,0.4,0.5,0.4,,0.3,0.5,0.2,0.4,0.4,0.4,,0.4,0.3,0.1,,,,0.3,0.4,0.1,,0.4,0.5,0.5,0.4,0.5,0.4,0.5,,0.5,,,0.3,0.2,0.4,0.3,0.4,0.4,0.3,0.6,0.5,,0.3,0.3,0.3,0.3,0.2,0.3,0.3,0.3,0.4,,,0.5,0.4,,0.4,,0.7,0.3,0.3,0.4,1,0.1,0.6,0.7,0.7,0.7,0.7,0.4,0.6,,0.6,0.6,0.4,0.5,0.4,0.4,0.5,,0.4,,0.1,0.3,0.5,0.4,0.9,0.8,0.9,0.3,0.2,0.6,0.6,0.4,0.4,0.3,,,0.4,0.3,0.4,0.5,,0.5,0.5,0.5,0.5,,0.3,0.4,,,0.3,0.5,0.3,0.3,0.4,0.2,0.8,0.5,0.2,0.5,0.5,0.6,0.6,0.6,1,,0.5,0.5,,0.5,0.6,0.3,0.3,0.2,0.5,0.4,,0.6,0.5,0.7,0.3,0.3,0.8,0.7,0.7,,0.6,0.4,0.3,0.6,0.2,0.6,0.8,0.2,0.6,0.5,0.5,0.3,,0.3,0.1,0.8,0.4,0.4,0.4,0.5,0.5,0.5,0.2,0.4,0.3,0.7,0.5,0.6,0.4,0.5,0.5,0.6,0.3,0.5,0.2,0.5,0.5,0.5,0.4,,,0.5,0.3,0.4,0.7,0.3,0.1,0.5,0.4,0.2,0.3,0.5,0.3,0.5,0.5,0.9,0.4,0.5,0.4,,0.9,0.5,0.5,0.5,0.5,0.3,0.4,0.4,0.5,0.4,0.4,0.6,0.4,0.5,0.5,0.5,0.4,0.7,0.6,0.5,0.6,0.5,0.5,0.3,0.4,0.4,0.6,0.2,0.4,0.4,0.5,0.7,0.6,0.6,0.2,0.5,0.6,0.5,0.6,0.8,0.5,0.5,0.5,0.9,0.6,0.6,0.4,0.8,0.5,,0.4,0.4,,0.4,0.5,0.4,0.4,0.6,0.6,0.4,0.4,0.5,0.5,0.4,0.1,0.2,0.7,0.5,0.5,0.3,0.5,0.5,0.4,0.6,0.6,0.7,0.6,0.5,0.8,0.5,0.4,0.5,0.5,0.4,,0.6,0.4,0.6,0.3,0.5,0.2,,0.2,0.2,,0.3,0.6,0.6,0.4,0.7,0.8,0.7,,0.4,0.2,0.5,0.5,0.5,0.5,0.6,0.7,0.5,0.5,0.7,0.7,0.7,0.5,0.3,0.5,0.7,0.5,0.6,0.5,0.9,0.4,0.5,0.3,0.5,0.6,0.6,0.6,0.3,0.5,0.3,0.8,0.5,0.4,0.6,0.4,0.3,0.5,0.4,0.1,0.3,0.4,0.3,0.5,0.3,0.4,0.4,0.6,0.6,0.4,0.5,0.5,0.5,0.7,0.4,0.7,0.8,0.4,0.4,0.4,0.3,0.4,0.4,0.7,0.9,0.4,0.3,0.3,0.3,0.4,0.5,0.6,0.4,0.5,0.6,0.3,0.3,0.6,0.4,0.4,0.3,1,0.4,0.6,0.4,0.7,0.7,0.4,0.4,0.5,0.5,0.8,0.5,0.5,0.2,0.4,0.5,0.7,0.3,0.4,0.4,0.3,,0.1,0.4,0.3,0.5,0.3,0.5,0.3,0.4,0.3,0.2,0.4,0.5,0.4,0.5,0.5,0.3,0.2,0.6,0.3,0.4,0.7,0.6,0.6,0.6,0.4,0.4,0.4,0.4,0.4,0.6,0.6,,0.4,0.5,0.3,0.3,0.5,0.7,0.6,0.5,0.8,0.5,0.5,0.4,0.4,0.4,0.5,0.5,0.6,0.6,1.1,0.9,0.6,0.6,0.7,0.5,0.6,0.9,1.4,1.1,1,0.3,0.9,0.2,0.3,0.3,0.3,0.3,0.4,0.3,0.5,0.4,0.4,0.4,0.7,0.5,0.2,0.5,0.3,0.3,0.4,0.7,0.8,0.4,0.6,0.5,0.4,0.5,0.6,0.1,0.2,0.7,0.8,0.4,0.5,0.5,0.8,1,0.4,0.3,0.8,0.8,0.7,0.7,0.8,0.4,0.6,0.6,,0.6,0.2,0.5,0.5,0.5,0.4,0.5,0.5,0.2,0.4,0.2,0.4,0.3,0.4,0.3,0.7,0.4,0.5,0.6,0.4,0.6,0.5,0.4,,0.5,0.4,0.5,0.2,0.9,1.2,0.4,1,0.4,0.3,0.6,0.4,0.6,0.6,0.5,0.3,0.6,1.1,0.6,0.5,0.4,0.2,1,0.9,0.4,0.4,0.5,0.4,0.6,0.5,0.5,0.3,0.5,0.4,0.2,0.6,0.3,0.3,0.5,0.3,0.5,0.6,0.5,0.4,0.5,0.1,0.6,0.4
20230729,7,AQI,38,42,33,41,29,32,27,36,37,48,30,46,,,8,,8,13,9,,8,,14,10,,9,11,,47,51,45,29,38,35,32,,34,41,,36,42,10,18,20,,15,,21,16,15,36,37,38,53,,38,22,,20,26,32,46,46,37,40,26,57,49,,59,19,17,19,29,26,,36,32,38,38,53,,35,43,53,62,48,46,,25,24,,,36,30,38,38,38,35,28,,24,,37,29,28,,33,8,9,10,8,19,10,,8,14,9,35,27,25,25,25,19,15,29,53,23,23,32,31,47,33,45,24,,,15,45,51,20,22,20,6,14,,18,21,18,21,13,8,8,7,9,10,12,10,10,48,,16,17,13,15,16,13,10,11,10,5,8,22,,,,17,18,,29,12,14,,,,17,,10,10,11,8,14,8,9,8,12,,,,15,11,,14,14,14,10,15,,18,17,22,14,10,19,20,19,,23,,17,21,,12,14,,13,12,13,,12,17,10,10,14,15,13,,,13,9,14,15,15,17,16,,12,,,12,,10,12,,19,24,21,21,17,22,,14,13,15,11,10,14,17,12,17,14,20,9,17,17,19,14,12,17,,,,19,18,18,,12,,12,13,15,,16,13,18,,13,17,17,17,,12,15,22,20,28,,,27,14,19,29,17,17,16,,8,9,21,14,9,28,14,18,14,15,17,18,16,10,,16,12,16,16,15,18,29,15,16,17,18,20,33,35,,31,35,30,26,26,17,22,18,17,39,23,24,23,27,,21,46,22,25,32,23,35,,31,34,31,28,,35,54,45,35,30,32,28,29,30,36,24,,,39,39,38,52,39,35,32,28,28,34,29,29,39,25,32,33,32,39,27,50,,37,40,40,33,30,,46,36,29,24,30,22,31,,,39,36,32,40,26,,21,20,27,24,,,39,22,29,22,19,18,24,27,22,24,19,,23,,21,20,25,21,17,14,16,17,25,20,38,30,77,20,42,25,36,22,,55,,19,31,,29,,38,30,,,,,22,,,,39,33,91,81,123,87,83,,72,22,19,22,18,22,25,30,26,29,22,29,18,24,18,37,,53,60,37,37,41,36,29,41,60,,10,11,14,28,22,20,25,10,16,11,13,17,24,17,27,29,31,,,10,,12,10,9,7,10,,11,25,,,16,10,7,9,,16,12,7,,14,12,,17,15,6,7,5,,,,,,9,,,30,,23,19,10,17,22,19,,9,6,5,,10,,,34,,32,47,22,26,30,25,29,27,,57,40,39,48,62,40,39,21,20,28,25,23,30,27,26,,17,18,17,35,,31,,28,,28,25,,20,20,18,18,22,,39,24,,,,20,,70,,54,50,51,57,29,35,,35,33,,87,58,,72,,36,47,59,,54,50,33,27,32,,13,10,10,23,17,15,22,28,26,26,25,18,25,20,23,28,12,23,43,23,14,16,33,39,18,18,19,26,19,16,18,18,27,,22,27,23,22,21,25,30,19,20,24,23,11,16,13,,13,15,15,,13,14,15,12,12,,11,15,14,,15,,15,15,18,17,12,10,13,,,,24,,22,,13,,15,,12,13,14,38,60,,32,,19,22,22,26,30,22,,18,12,18,12,23,15,,24,,,21,26,22,27,15,24,45,45,28,21,27,24,25,40,50,49,38,43,28,23,16,10,15,19,20,27,32,42,30,28,,21,18,14,38,16,24,21,18,,,,,16,25,,22,19,21,18,14,26,23,16,27,24,28,13,29,27,,33,38,,25,24,33,,24,23,,23,15,15,20,16,16,20,,15,46,52,55,54,,64,61,167,22,28,30,28,37,38,,37,35,42,42,54,,,37,,,,,22,,,,,,,,,,,,,,,,7,,,,,,,,,,,,,,,,,,,,,,,,,,,,,,,,,,,,,,24,12,15,10,12,14,19,16,10,,,,30,45,31,35,,31,59,99,51,64,67,43,,43,46,65,,,63,70,,38,33,39,,41,,43,35,,,50,25,,,25,34,40,,,19,22,32,33,28,30,35,40,27,22,28,38,9,9,12,16,27,32,28,22,34,33,23,54,,28,30,16,,9,10,25,27,20,22,23,24,17,35,17,19,,,23,26,15,21,9,25,34,20,25,30,23,44,22,23,22,22,36,,,36,15,25,15,26,26,,12,24,23,,17,15,14,,,16,23,23,13,15,17,,16,21,18,17,22,9,12,9,,9,20,,12,19,9,,6,,6,,,,8,13,6,10,13,14,,12,,14,11,17,25,21,,27,,13,15,23,,,15,15,9,,20,18,22,,,15,15,10,79,13,40,10,25,20,19,22,20,26,28,25,,10,14,20,,12,,35,19,21,24,29,29,28,26,22,,22,26,20,20,14,22,12,11,22,17,17,,19,12,16,,13,11,13,29,,23,22,10,,10,13,28,10,9,,15,16,15,16,17,13,,,18,10,18,19,22,,13,28,14,26,22,22,16,15,19,15,21,22,,15,16,14,,11,10,,22,53,15,15,,12,10,13,23,23,18,50,,34,27,16,23,44,27,35,35,32,19,31,22,22,26,41,24,32,29,25,48,,158,38,17,22,42,44,34,19,44,29,32,29,,28,25,58,56,52,54,22,40,20,25,25,46,21,22,22,21,44,23,38,21,25,22,46,39,33,36,,42,26,32,13,13,,17,14,15,13,22,25,28,24,29,23,30,22,26,20,21,,,,42,35,,35,,21,19,31,27,,12,19,17,,,,,22,13,20,19,20,14,,29,,16,14,19,19,20,26,19,13,18,15,17,,,,,29,22,18,14,39,13,17,,17,8,20,22,34,19,20,16,39,18,20,29,39,26,,45,48,29,32,12,8,19,17,26,,24,24,,20,10,,16,15,25,,18,,26,,6,9,32,28,29,23,27,31,35,36,10,25,23,19,,56,20,,9,22,40,,42,54,,21,187,163,,26,27,30,30,,,,26,38,,26,26,24,28,15,41,18,,18,,,41,22,25,22,104,91,66,65,38,,63,46,38,25,33,71,82,70,,,,24,21,,15,,37,54,59,86,18,14,26,24,7,8,10,44,32,,41,24,17,14,12,10,10,,7,,12,,36,18,29,27,181,31,11,29,25,33,12,12,,,59,16,22,10,,31,25,28,19,,13,10,,,17,15,17,24,10,9,19,19,14,11,16,40,25,27,65,,8,29,,22,21,19,23,60,53,25,20,40,,26,10,13,8,10,53,12,58,17,18,19,21,19,15,12,15,20,13,16,,25,10,21,23,20,27,27,20,22,14,18,18,,22,26,21,36,16,,17,10,5,29,21,19,15,,,37,21,29,11,16,25,22,19,20,33,13,32,16,36,15,23,20,14,,15,36,37,35,25,23,137,17,26,18,19,19,10,18,20,22,34,,33,46,40,33,13,16,13,9,9,25,15,27,12,,28,30,38,,36,22,23,29,21,40,32,42,25,28,17,37,44,29,18,9,,11,12,12,12,15,7,13,12,14,14,37,22,13,17,19,23,25,19,18,25,18,34,39,33,26,29,43,15,15,18,40,,35,22,28,15,10,18,6,9,12,,6,14,13,17,16,,24,,13,39,23,12,26,35,24,31,41,36,24,23,30,9,34,12,11,10,15,20,29,9,38,30,48,36,12,9,12,12,18,14,14,13,10,14,17,32,17,22,68,78,87,91,72,47,18,27,20,18,29,23,35,25,19,27,28,25,32,43,15,11,18,39,53,11,12,17,12,11,15,12,15,9,20,10,10,10,14,21,10,48,40,18,16,21,22,26,28,22,25,19,30,19,24,15,7,8,24,21,20,15,19,6,24,10,,29,10,12,6,23,30,22,19,20,33,16,,16,22,16,19,22,23,23,29,34,19,17,36,25,18,15,,18,29,33,16,23,19,34,27,25,15,10,11,,12,16,59,35,26,34,28,38,38,53,47,54,16,46,35,48,31,33,50,53,,62,62,59,60,56,58,23,13,20,38,15,12,13,63,48,32,29,19,51,36,40,49,34,40,92,49,34,17,29,52,39,22,52,30,15,30,20,37,32,36,30,43,,16,14,16,16,19,23,22,17,8,10,12,8,46,16,22,31,30,19,26,18,47,11,12,,26,14,34,73,78,57,12,60,34,38,61,31,60,55,26,21,27,50,16,17,13,14,29,40,32,35,38,37,32,46,20,22,13,40,22,58,19,10,31,24,10,12,31,8,15,4,14,31
20230729,7,PM2.5,22,22,17,20,20,17,12,17,19,33,14,22,,,1,,2,4,5,,3,,6,4,,5,7,,25,27,31,15,19,22,8,,19,22,,25,7,5,12,14,,7,,5,,1,25,17,18,23,,24,15,,14,18,16,25,18,13,22,18,32,33,,39,13,7,13,13,14,,17,22,19,19,37,,20,30,33,44,33,30,,17,13,,,18,19,18,16,26,13,12,,11,,14,12,17,,17,,1,1,1,2,,2,2,2,1,12,13,14,12,13,12,10,13,14,16,16,11,6,19,13,13,16,,13,8,19,9,1,10,5,3,5,,4,7,1,7,2,,,2,5,2,5,7,7,33,,8,7,6,8,6,7,1,5,1,,,2,,,,7,10,,15,7,5,,,,10,,7,5,5,,2,5,5,5,4,,,,5,6,,6,8,6,7,7,,9,5,8,2,5,6,14,13,,12,,8,8,,5,7,,5,8,9,,8,7,5,5,7,7,5,,,7,4,3,10,7,5,11,,8,,,8,,2,5,,13,12,10,4,6,5,,5,6,5,6,7,5,3,3,,9,14,5,6,9,11,7,5,7,2,,,,,,,4,,,2,,,11,5,11,,1,5,2,7,,5,2,7,12,19,,,7,2,2,7,5,5,11,,4,3,12,6,6,19,4,7,2,10,5,12,11,5,,5,4,7,6,7,8,5,3,7,4,5,8,2,24,,16,21,21,9,12,8,13,12,3,10,7,12,7,13,,8,15,9,6,22,16,24,,13,19,16,19,,15,7,25,24,21,22,19,20,13,25,10,,,23,23,19,33,14,16,20,19,13,17,20,20,27,17,22,23,22,19,18,32,,18,25,20,16,21,,26,25,14,10,20,6,19,,,27,25,13,20,18,,2,14,14,11,,,27,14,5,12,2,12,,12,14,9,,,16,,13,14,17,14,6,8,6,8,5,5,24,16,56,9,29,17,24,9,,26,,9,16,,7,,26,18,,,,,13,,,,27,23,8,35,93,44,12,,28,9,3,12,8,,4,7,3,3,13,14,4,9,4,11,,37,43,20,22,17,17,14,17,19,,4,5,5,19,15,14,17,6,5,4,9,5,8,7,7,12,11,,,7,,8,7,6,2,7,,5,16,,,11,7,3,5,,6,7,2,,7,5,,5,10,,4,,,,,,,3,,,9,,7,6,7,6,15,7,7,5,2,2,,7,,,15,,18,23,14,8,11,10,13,15,,40,28,27,32,44,28,27,14,7,19,8,13,13,10,10,11,7,3,8,19,,18,14,15,,19,17,,9,5,10,8,11,,15,16,,,,14,,51,,24,22,24,21,14,14,,19,12,,64,41,,52,,21,31,23,,38,30,14,9,7,,4,4,5,6,7,5,5,13,18,11,15,10,12,8,9,18,6,5,21,16,,7,15,12,12,12,10,11,13,11,11,3,8,,5,9,12,15,9,5,19,13,12,12,10,7,8,9,,9,6,10,,9,8,3,6,3,,,6,4,,10,,10,8,9,9,6,,3,,,,14,,4,,4,,10,,6,1,2,20,18,,19,,7,14,7,5,12,14,,12,8,4,8,16,9,,15,,,7,12,9,17,10,14,22,22,15,5,7,14,17,28,30,34,26,25,14,8,10,7,10,9,14,16,16,28,17,16,,1,8,3,24,5,8,5,,,,,,11,13,,15,12,5,6,8,9,16,5,8,9,12,9,20,8,,23,26,,14,16,17,,12,16,,16,4,4,5,6,,4,3,4,29,36,39,31,,9,25,83,11,19,17,19,4,10,,18,15,20,8,12,,,17,,,,,12,,,,,,,,,,,,,,,,,,,,,,,,,,,,,,,,,,,,,,,,,,,,,,,,,,,,,,2,,3,5,5,9,2,5,5,,,2,14,12,9,12,,20,32,31,28,37,36,30,,30,25,47,,,45,51,,26,23,27,,26,,23,17,,,35,17,,,17,15,25,,,12,9,15,6,15,10,12,28,12,6,19,16,5,5,8,9,12,12,10,12,21,16,2,19,,15,21,8,,6,4,6,10,14,15,2,8,8,17,4,9,,,8,9,9,9,6,9,6,4,4,12,14,17,8,7,8,10,6,,,25,6,8,9,16,18,,8,7,6,,9,10,4,,,8,8,14,4,8,8,,2,12,1,8,15,3,8,6,,4,5,5,8,4,6,,2,,3,,,,2,,4,7,4,6,,6,,7,6,7,10,4,,7,39,8,10,12,12,,6,10,6,16,14,10,14,2,,,4,4,58,9,2,3,17,14,11,15,13,12,11,15,,4,3,2,,3,,14,9,12,16,18,20,14,17,10,,11,15,14,6,6,6,7,4,6,4,5,,13,8,7,,,,5,20,,16,15,7,,7,9,19,7,6,,4,9,6,7,8,6,,,8,7,12,,2,,1,,8,15,14,8,11,3,13,8,2,2,,5,8,9,,5,6,,13,9,10,10,,8,6,8,16,16,9,17,,16,18,11,16,26,,24,24,6,13,10,15,9,10,18,4,16,20,17,33,,120,24,5,14,25,21,19,10,25,14,12,20,,10,8,29,20,30,28,14,15,6,,8,15,10,8,12,9,19,16,14,12,17,15,21,26,21,24,,18,18,15,8,6,,5,6,7,7,5,17,19,11,17,16,17,13,17,11,6,,,,29,20,,24,3,2,2,12,7,,7,8,7,,,,,10,2,8,13,2,8,,20,,8,9,5,7,10,10,9,9,7,5,9,,,,,12,7,7,8,18,8,10,,9,3,6,11,17,8,11,7,8,7,6,20,27,12,,31,33,20,22,7,5,13,3,12,,13,7,,7,4,,4,4,11,,5,,1,,1,5,14,12,8,11,16,16,14,16,5,9,6,7,,7,2,,6,5,12,,16,21,,7,87,67,,4,2,19,16,,,,15,26,,16,7,16,19,1,7,12,,12,,,4,4,3,2,42,46,21,26,8,,28,7,9,6,23,33,25,28,,,,15,6,,6,,7,20,16,28,6,2,17,11,1,4,,24,19,,28,15,8,6,5,5,6,,2,,,,25,10,8,12,107,8,2,10,14,19,5,8,,,29,8,5,2,,15,17,14,13,,9,5,,,7,5,6,12,6,4,13,9,,1,9,17,17,14,47,,2,20,,9,12,13,16,17,37,9,14,28,,10,,1,3,,28,2,41,,12,2,2,13,10,7,10,14,9,7,,17,5,9,6,14,12,10,14,14,2,10,12,,9,11,9,20,11,,5,6,2,20,6,12,8,,,21,5,20,4,8,2,8,8,14,8,6,9,11,14,2,16,2,3,,10,25,14,16,8,3,67,3,8,,9,5,6,4,5,5,19,26,23,19,18,22,9,11,8,6,2,14,10,11,6,10,13,13,15,25,25,15,5,20,14,22,20,29,17,13,6,21,11,15,12,5,,6,8,8,6,7,4,4,5,4,2,6,10,6,11,13,6,17,13,7,16,12,10,20,14,18,20,30,10,9,12,27,,24,15,19,10,2,12,2,,2,,2,9,9,2,4,,14,,8,4,16,8,18,21,11,19,22,24,9,4,21,3,7,7,4,6,4,,13,5,26,14,18,13,7,3,8,7,11,5,5,6,1,7,4,21,10,12,29,25,36,39,32,16,11,8,10,10,17,7,22,17,13,17,19,17,22,30,7,2,12,27,37,4,,4,7,6,9,7,8,5,12,4,1,2,6,12,7,17,15,6,8,13,6,18,16,15,17,7,14,7,12,5,,5,5,6,14,6,12,2,7,2,,20,7,8,,6,21,12,13,5,23,9,,6,4,2,9,11,8,13,10,21,4,7,19,10,10,5,,5,16,14,4,16,13,23,7,17,10,7,6,,4,7,18,18,16,20,15,14,26,31,13,18,5,24,15,33,21,23,22,20,19,23,39,31,21,33,29,8,1,12,26,,6,9,45,33,3,20,5,31,24,28,34,8,2,27,18,16,9,16,36,27,9,24,15,8,3,14,24,19,4,19,23,,8,5,2,2,8,15,10,9,5,,8,,8,5,3,20,21,12,1,12,6,6,6,,2,9,19,17,57,40,1,42,12,16,41,15,43,30,6,9,7,35,4,4,9,7,20,13,19,18,19,17,22,23,5,7,1,22,15,41,9,4,19,8,4,2,16,5,10,,5,21
20230729,7,PM2.5_24h,18,12,15,15,17,17,13,14,9,18,13,17,,,18,,20,20,18,,19,,13,16,,16,18,,21,26,25,17,18,19,12,,30,30,,41,23,6,11,21,,16,,17,15,13,12,11,10,12,,20,7,,13,16,12,22,18,18,18,17,22,23,,25,16,13,17,23,20,,17,20,22,21,24,,16,23,26,23,22,18,,14,13,,,13,16,14,15,19,14,10,,11,11,11,12,13,,13,10,9,11,10,12,10,9,10,10,15,13,13,12,11,10,9,9,12,13,13,14,9,8,12,12,9,14,,10,7,20,8,6,9,7,5,6,,4,8,5,8,3,4,2,3,4,2,5,7,7,13,,7,9,8,9,8,10,1,5,2,1,2,,,,,8,9,,8,8,10,,,,12,,6,6,5,5,8,7,7,5,8,,,,8,7,,10,10,11,6,6,,6,4,5,,5,5,4,9,,7,,7,7,,8,6,,6,7,8,,8,7,10,6,9,7,6,,,7,6,4,11,9,11,13,,7,,,7,,4,7,,12,12,10,6,7,6,,6,6,8,7,5,7,4,4,7,10,11,4,9,12,5,6,6,9,3,,1,1,1,3,,8,,8,6,4,,7,7,12,,8,10,4,6,,7,5,10,12,7,,,4,1,2,4,5,6,17,,9,10,10,11,11,26,11,8,6,10,8,13,15,7,,9,9,6,10,7,11,7,6,8,8,5,8,2,15,,15,15,15,9,12,15,12,11,14,14,18,20,13,13,,13,13,12,15,20,17,16,14,12,13,13,12,,12,15,20,18,19,17,15,15,14,16,11,,,15,15,15,16,10,11,15,13,12,11,12,11,38,34,37,35,36,29,40,43,,14,18,15,13,11,,16,21,13,14,19,7,14,,,19,16,19,14,13,,5,7,9,8,,,10,8,6,19,11,12,10,14,17,16,8,,15,8,15,13,18,15,9,7,6,6,8,7,14,12,32,9,15,13,12,7,,15,,7,10,,21,,26,24,,,,,12,,,,18,17,21,26,78,27,16,,29,10,8,7,9,4,8,8,6,5,8,22,5,9,7,12,,21,17,15,17,13,15,12,17,16,,8,8,8,23,16,16,18,7,7,6,9,12,15,13,11,8,7,,,10,,7,5,6,6,14,,13,5,,,12,8,8,6,,3,7,5,,6,3,2,4,6,3,4,3,3,1,,,,4,,,7,,8,5,9,9,3,4,1,6,4,8,,6,,,10,,11,14,13,11,12,12,13,11,,23,29,27,22,27,21,33,32,20,29,8,9,11,12,11,12,11,10,12,19,,17,13,11,,12,11,,12,10,10,12,11,,16,9,,,12,14,,21,,18,17,15,17,16,16,,20,19,,49,30,,43,,23,26,22,,30,28,7,6,5,,10,10,12,12,15,8,8,15,14,10,10,11,16,7,11,15,8,5,18,17,12,13,15,14,10,10,9,8,11,8,12,4,8,,11,10,14,14,6,6,14,9,17,9,7,8,7,7,,9,8,9,,7,9,9,6,7,,8,10,4,,19,,19,14,15,19,16,14,5,,,,10,,11,,15,,14,,13,9,7,14,17,,16,,10,13,8,6,14,14,,12,10,5,7,12,7,,14,,,7,16,13,14,11,14,15,15,12,17,8,13,22,34,27,30,26,31,23,8,8,8,9,13,10,13,14,17,16,14,,5,6,8,18,7,3,4,,,,,,9,10,,11,9,11,8,9,12,14,9,16,8,12,11,11,11,,15,11,,13,15,17,,11,14,,15,4,4,3,6,5,6,3,5,22,24,17,34,,18,21,36,9,15,11,11,4,11,,20,10,22,23,20,,,6,,,,,4,,,,,,,,,,,,,,,,2,,,,,,,,,,,,,,,,,,,,,,,,,,,,,,,,,,,,,,7,3,6,10,12,9,4,5,3,,,10,12,10,12,10,,20,19,21,13,18,19,19,,28,21,24,,,25,32,,24,22,17,,17,,13,14,,,27,14,,,16,14,23,,,11,10,11,6,15,10,14,15,14,20,21,14,8,12,9,11,9,10,12,12,18,15,9,14,,12,12,10,,5,2,6,8,14,13,8,6,6,10,4,10,,,9,8,10,10,9,12,10,6,5,5,11,16,6,11,11,14,9,,,15,6,7,8,11,13,,11,7,6,,10,10,6,,10,8,5,14,4,7,10,,7,10,8,6,9,4,8,9,,10,4,5,5,7,4,,3,,7,,,,4,3,5,9,5,4,,8,,8,6,6,2,2,2,3,28,9,9,8,11,3,4,6,5,9,8,7,10,5,,4,6,8,22,6,4,4,10,9,9,9,7,11,8,9,,8,6,6,8,10,,11,8,9,11,11,14,9,11,8,,10,11,11,7,9,7,8,6,6,6,5,,20,16,19,,11,8,10,11,,11,14,6,,7,8,11,6,7,,10,12,14,11,6,8,6,,8,9,12,4,8,,7,3,9,15,13,11,13,13,19,10,3,2,,10,15,13,,9,7,,9,6,8,8,,13,11,10,17,13,9,14,,10,17,12,18,18,12,18,17,7,12,12,9,7,11,15,14,15,14,12,15,13,27,16,8,14,15,14,14,8,13,12,11,12,11,10,10,28,26,29,24,18,24,28,23,27,21,28,28,30,26,28,30,28,14,18,16,16,26,21,21,,26,27,29,7,7,,3,7,6,8,5,15,14,9,14,12,14,9,13,10,4,,,,17,13,,15,6,3,6,8,6,,7,7,7,,,,,6,5,10,8,4,11,,14,,7,7,6,6,7,8,12,9,7,4,9,,,,,9,6,9,7,16,7,13,,10,7,9,11,13,6,11,6,9,7,15,17,26,18,,24,24,19,22,8,6,10,11,14,,12,8,,10,5,,4,5,5,,11,,3,,2,4,8,8,8,8,17,17,15,49,5,6,5,11,,12,10,,8,7,14,,16,20,6,6,36,39,,3,4,15,14,,,17,11,19,,14,9,14,18,2,19,8,,9,,,6,5,3,2,23,27,17,25,7,,24,11,12,12,14,32,16,20,14,,,14,12,,10,,7,25,23,24,10,8,16,11,16,17,15,22,18,,19,8,10,11,7,7,9,,3,,2,7,9,12,6,8,44,9,5,10,12,14,9,7,,,21,7,5,17,,15,12,14,11,,7,5,,,2,6,5,5,9,4,5,2,1,5,14,16,15,11,30,,17,12,,11,10,13,12,15,25,13,5,17,,8,3,3,16,9,22,4,20,5,13,3,5,16,7,7,8,9,9,8,,16,6,11,7,6,8,13,13,14,13,9,10,2,9,10,9,11,19,,6,9,2,12,6,9,7,,,25,7,24,10,6,2,9,9,6,15,15,8,13,18,3,11,15,3,,10,22,14,20,8,5,28,8,7,5,8,9,7,7,6,6,13,19,14,8,15,12,13,8,9,7,4,7,9,6,14,12,15,13,13,19,16,16,19,16,16,17,11,14,12,16,11,16,13,9,12,24,,15,6,7,6,7,5,5,6,13,14,7,8,8,23,21,9,11,10,7,16,13,12,21,15,14,29,23,10,19,15,10,,15,13,11,4,6,8,4,3,2,,2,14,15,3,12,15,15,,9,8,18,15,13,13,14,35,24,19,28,25,20,3,7,8,5,5,5,3,8,3,19,9,15,18,7,2,6,8,9,6,9,9,6,7,3,7,7,5,22,18,22,27,31,24,8,10,7,13,14,17,8,26,12,12,21,14,12,23,8,8,16,25,33,21,4,7,7,7,9,9,7,11,11,14,10,13,17,9,7,7,10,14,11,9,17,15,12,9,14,3,10,12,9,5,1,4,4,6,6,8,12,3,4,8,,9,10,11,4,6,15,14,7,9,12,6,7,7,6,6,10,27,26,17,20,13,5,8,14,11,10,9,,6,13,8,12,18,14,18,7,12,8,8,8,10,7,9,21,17,13,26,24,24,23,24,11,18,27,32,29,33,30,20,14,9,8,16,18,19,13,19,16,10,8,11,17,7,17,11,21,21,8,17,2,12,11,10,14,8,9,18,77,61,8,8,21,26,12,16,11,15,13,10,16,15,8,14,19,,8,4,12,10,7,12,8,3,,3,14,3,8,7,8,20,18,13,5,12,8,8,7,,5,6,6,14,30,35,15,25,12,12,22,14,19,16,7,6,10,18,7,6,15,5,38,28,13,9,16,11,15,15,6,7,18,22,10,33,9,5,14,11,5,2,14,7,6,3,8,13
20230729,7,PM10,38,42,33,41,,32,27,36,37,33,29,46,,,4,,2,13,5,,2,,14,7,,9,9,,47,51,25,29,38,35,31,,34,41,,34,42,10,16,18,,15,,21,13,11,21,37,38,56,,38,22,,16,20,32,46,46,37,40,26,64,49,,67,7,17,14,29,26,,36,18,38,38,54,,35,43,56,74,45,46,,24,24,,,36,30,38,38,34,35,28,,24,19,37,29,28,,33,4,5,10,6,19,8,,6,14,7,35,27,25,25,25,19,15,29,56,23,21,32,31,47,33,45,24,29,,15,45,51,20,22,20,3,14,,18,21,18,21,13,7,2,5,9,10,12,9,5,26,,16,17,13,15,16,13,10,11,10,5,8,22,,,,17,18,,29,12,14,,,,17,,7,9,11,7,14,7,9,7,12,,,,15,11,,14,14,14,9,15,,18,17,22,14,10,19,19,17,,23,,17,21,,12,14,,13,11,10,,12,17,10,10,14,15,3,,,13,9,14,13,15,17,8,,11,,,11,,10,12,,18,24,21,21,17,22,,13,11,15,11,10,7,4,10,17,14,14,9,17,17,19,14,12,17,7,,,5,8,5,,11,,,,,,6,6,18,,2,17,17,17,,12,15,22,20,14,,,27,14,19,29,17,17,12,7,4,8,21,14,8,10,8,18,10,14,17,17,12,9,,16,10,12,7,9,8,29,10,7,11,11,20,23,32,,31,35,29,26,26,17,22,17,4,39,23,22,18,23,,17,46,22,12,28,17,27,21,31,34,31,22,,35,58,45,20,30,28,25,24,30,17,24,,,39,39,38,53,39,35,32,19,28,34,28,21,29,19,9,29,16,39,27,50,,37,40,40,33,27,,46,31,29,24,30,22,31,,,39,26,32,40,17,,21,18,27,24,,,32,22,29,22,19,17,24,27,22,24,19,,22,,21,20,25,21,10,14,11,7,4,10,38,30,35,20,40,16,36,22,,60,,19,31,,29,,38,30,,,,,19,,,,39,28,131,111,102,123,116,,94,22,15,22,18,22,25,30,26,29,22,22,18,24,16,37,,42,40,37,37,41,34,29,41,70,,10,11,14,22,21,17,21,10,16,11,12,17,24,17,27,29,31,,,9,,12,9,7,7,7,,3,25,,,3,,7,5,,16,12,,,14,12,14,17,9,2,5,2,,7,,,,9,,,30,,23,19,9,17,17,19,29,2,2,5,,7,,,34,,32,47,22,14,14,14,9,12,,34,33,36,48,48,39,31,19,14,19,25,23,30,12,2,,2,17,3,35,,31,21,28,,23,22,,10,7,16,18,22,,39,24,,,,20,,64,,57,50,52,64,24,20,,14,19,,71,57,,80,,36,47,68,,47,50,20,27,20,,13,6,10,23,17,15,18,28,18,26,25,18,25,20,23,28,12,23,43,23,14,16,33,39,16,16,19,26,19,16,17,10,27,,22,7,5,11,13,8,30,16,19,24,23,11,16,9,,13,15,14,,4,14,15,9,6,,10,15,2,,10,,2,4,10,8,3,4,1,,,,24,,22,,7,,6,,5,2,13,38,69,,32,,19,22,22,26,30,22,,12,5,18,5,15,13,,24,,,8,26,22,27,11,24,45,45,28,7,17,12,13,24,50,37,32,43,28,23,16,8,10,19,16,27,32,42,30,28,,21,14,11,35,16,24,21,18,,,,,10,25,,10,19,21,18,14,26,17,16,27,24,28,13,27,27,,31,33,,25,24,33,,24,21,,21,4,7,8,9,10,15,,8,46,46,48,57,,77,71,283,13,21,30,26,9,6,,37,9,42,42,57,,,37,,,,,22,,,,,,,,,,,,,,,,7,,,,,,,,,,,,,,,,,,,,,,,,,,,,,,,,,,,,,,24,12,15,10,10,14,19,16,10,,,3,30,45,31,35,,31,68,148,51,78,84,34,,39,46,65,,,55,70,,28,31,32,,41,,43,35,,,48,18,,,19,34,40,,,19,22,21,22,21,22,21,33,27,22,24,38,3,9,12,16,27,32,28,22,34,33,23,58,,28,28,16,,7,10,25,27,13,16,23,21,17,35,17,15,,,8,26,15,21,3,25,34,15,5,30,14,44,4,13,11,15,13,,,21,12,25,2,26,26,,6,24,23,,17,14,14,,,16,23,23,13,15,17,,16,21,18,17,16,9,5,5,,8,20,10,2,19,8,,3,,1,,,,6,13,4,8,13,14,,12,,14,11,12,25,21,,27,15,13,14,23,25,,15,14,9,26,18,18,22,4,,2,8,8,34,5,40,1,25,19,19,19,20,26,28,25,,9,14,20,,12,,35,19,21,24,29,27,28,26,22,,22,26,18,20,14,22,11,9,22,17,17,,2,4,16,,13,11,13,8,,20,12,6,,8,10,19,5,5,,14,13,11,10,17,13,,,18,10,11,19,22,,10,28,9,26,22,22,13,10,14,11,21,22,,10,5,11,,11,5,,22,55,10,11,,10,8,13,22,17,18,50,21,34,27,14,22,44,27,31,30,32,15,31,18,22,26,41,24,32,29,20,48,,67,38,17,22,42,44,34,19,44,29,32,24,,28,25,66,62,54,57,22,40,20,17,11,46,18,7,9,17,44,23,38,21,23,21,46,39,33,36,,42,21,32,13,13,,17,14,15,13,22,15,13,24,29,21,30,22,26,20,21,,,,24,35,,33,,21,19,31,27,,12,19,17,,,,,22,9,20,18,20,14,,22,,16,14,19,19,20,26,19,9,18,15,9,,,,,29,22,9,8,39,13,17,,17,8,20,22,34,9,14,4,39,18,20,26,27,26,,27,40,28,28,12,6,11,15,26,,24,24,,15,7,,6,8,25,,17,,3,,3,9,32,28,29,23,13,14,18,15,10,25,23,19,,12,7,,8,22,40,,42,57,,21,324,276,,4,2,30,30,,,,26,32,,26,22,24,28,6,16,16,,15,,,41,3,4,5,158,132,81,80,38,,76,46,38,14,19,92,114,90,,,,24,15,,15,,37,57,68,122,6,6,25,24,4,6,,44,31,,41,24,17,14,9,2,10,,5,,12,,31,18,29,27,312,31,11,29,25,33,12,12,,,67,5,22,3,,31,22,28,10,,12,10,,,17,15,17,24,10,9,19,19,14,11,8,40,25,27,70,,4,16,,22,21,19,22,70,42,25,10,32,36,26,3,11,1,6,55,12,51,17,8,19,21,9,9,12,12,15,10,16,,23,10,21,23,17,27,27,20,22,,18,15,26,22,26,21,36,15,,17,10,5,28,11,19,15,,,37,21,18,9,16,3,22,19,16,33,2,32,13,36,6,22,11,14,,13,27,37,35,23,23,224,17,26,18,19,19,10,18,20,22,34,41,33,46,40,29,12,8,13,8,9,25,15,27,12,16,28,30,38,36,35,21,15,27,16,40,32,27,22,28,17,37,44,29,7,7,,11,11,9,12,15,7,13,12,8,14,37,22,13,11,9,23,20,18,8,25,18,34,39,33,25,29,31,14,15,7,40,,24,10,25,13,2,15,2,9,12,,5,14,7,17,8,,24,,13,39,20,9,23,35,11,31,41,36,24,9,30,6,34,12,7,10,15,20,29,9,36,30,48,36,12,5,10,12,18,14,14,13,6,14,17,32,17,22,86,105,124,132,93,47,18,,20,15,29,16,35,22,17,27,28,24,29,43,15,3,17,39,54,11,12,17,12,11,15,12,15,1,20,3,5,2,14,21,10,48,40,18,14,21,22,26,28,10,23,19,30,19,24,15,7,5,24,21,20,15,19,2,24,9,,19,2,8,6,15,29,5,19,4,31,16,,9,22,6,19,21,23,23,29,34,6,17,36,25,18,15,,18,29,33,3,21,17,34,27,23,10,8,11,,12,16,68,35,26,34,28,9,37,56,47,58,16,46,35,38,31,22,50,55,58,73,74,68,70,61,65,23,9,20,18,9,4,12,46,32,32,18,19,52,36,39,35,34,26,134,49,19,17,29,51,38,16,54,30,15,2,12,37,32,36,30,43,,16,14,4,12,13,23,22,17,7,2,8,8,46,14,14,31,18,19,26,10,47,11,12,,26,14,34,96,76,61,4,70,34,38,71,31,69,60,26,21,27,35,9,17,11,3,20,40,32,35,38,37,29,46,10,22,,40,16,50,15,10,31,24,8,12,31,5,12,,14,31
20230729,7,PM10_24h,30,23,29,34,29,34,27,28,20,26,26,31,,,27,,29,36,29,,27,,30,27,,25,14,,38,48,38,32,36,41,35,,53,42,,54,43,17,25,30,,36,,28,24,22,26,30,32,43,,31,23,,34,26,29,43,38,37,42,38,43,34,,49,24,24,28,32,34,,35,29,34,34,35,,27,33,45,36,33,29,,28,29,,,26,31,33,35,29,32,29,,28,19,29,26,25,,29,18,16,18,15,25,16,12,15,19,22,30,29,29,30,29,20,22,29,32,26,24,29,19,38,36,35,32,41,39,27,37,42,24,26,23,21,25,,26,22,22,25,12,10,12,9,11,12,17,12,10,32,,20,23,19,22,20,21,11,11,11,7,8,12,,,,19,19,,28,12,11,,,,18,,16,19,15,12,19,13,14,12,23,,,,18,12,,20,21,26,11,11,,15,10,13,12,8,12,15,13,,16,,14,16,,17,13,,13,12,11,,14,25,13,15,17,15,17,,,16,13,17,21,23,22,29,,12,,,17,,18,15,,22,25,21,20,21,19,,15,13,15,14,12,9,10,10,16,13,15,12,16,17,19,14,14,16,6,,11,14,11,12,,18,,16,10,3,,10,7,18,,15,19,15,14,,22,15,20,17,6,,,18,11,15,23,10,13,21,23,19,22,20,20,22,32,27,16,20,21,21,21,20,15,,26,19,13,13,14,12,17,19,9,11,16,28,26,26,,34,35,27,23,26,32,21,18,26,31,28,59,26,25,,25,27,26,38,28,28,28,24,26,22,26,18,,26,31,33,27,31,27,25,26,27,28,22,,,32,28,31,38,29,32,28,28,24,22,17,18,60,54,56,48,60,52,59,70,,27,32,28,26,16,,24,22,18,23,22,15,17,,,31,24,28,27,18,,16,14,21,19,,,20,11,22,22,21,16,28,27,24,21,27,,28,8,21,21,24,22,13,15,10,9,18,16,22,20,23,17,22,19,21,15,,31,,17,19,,40,,36,32,,,,,21,,,,26,31,97,93,80,106,92,,109,20,15,24,20,22,16,19,17,17,18,36,13,25,20,25,,29,28,28,28,36,34,32,36,45,,19,16,16,28,23,24,23,16,15,15,20,22,26,25,19,18,22,,,8,,15,7,4,8,22,,20,13,,,16,15,19,16,,9,11,8,,13,22,13,13,8,8,8,8,7,9,,,,9,,,20,,20,16,11,17,12,14,17,8,6,11,,11,,,25,,20,24,27,15,21,24,21,20,,40,38,38,40,49,29,51,44,36,46,17,18,19,27,23,43,21,27,31,32,,30,20,21,,20,18,,22,19,19,21,19,,32,15,,,34,21,,27,,32,31,35,38,27,28,,24,26,,69,57,,60,,34,43,52,,46,46,18,20,19,,18,18,28,27,21,17,27,38,25,21,25,18,28,26,23,27,18,18,33,26,30,24,33,41,17,16,20,22,15,12,29,20,33,,16,10,9,16,17,23,21,13,16,22,16,18,13,14,,15,16,17,,4,19,15,15,15,,15,18,4,,29,,30,23,28,27,28,23,22,,,,22,,21,,35,,17,,21,19,29,26,39,,28,,25,25,23,20,22,28,,18,18,18,13,15,12,,21,,,12,27,25,25,20,28,29,26,24,28,41,23,40,37,47,51,40,59,36,20,18,15,16,18,20,18,24,25,25,21,,22,13,21,24,12,13,12,10,,,,,11,24,,12,23,20,19,16,20,19,22,21,21,22,16,23,20,,27,18,,21,22,29,,18,20,,21,6,9,11,11,9,12,,9,28,26,23,31,,92,77,146,17,28,23,21,30,28,,63,49,77,86,69,,,16,,,,,12,,,,,,,,,,,,,,,,9,,,,,,,,,,,,,,,,,,,,,,,,,,,,,,,,,,,,,,16,14,21,16,22,16,22,17,14,,,16,30,36,30,29,,25,33,48,22,33,40,37,,38,45,38,,,34,46,,28,30,24,,26,,44,35,,,40,24,,,29,34,35,,,16,19,19,24,26,26,18,35,39,40,36,31,20,25,21,33,29,24,32,26,39,45,37,37,,26,25,16,,10,7,20,28,25,19,19,16,16,32,15,27,,,22,15,12,13,9,22,23,11,8,23,12,37,2,15,20,18,16,,,22,8,16,5,20,20,,12,19,18,,20,18,20,,15,18,12,21,17,16,15,,16,16,18,23,17,10,13,14,,13,20,7,14,20,8,,9,,7,,,,9,12,7,11,14,16,,13,,13,15,13,13,17,19,18,10,12,9,11,12,,9,12,9,15,12,14,12,9,,11,10,11,31,10,24,5,14,17,16,18,12,26,24,22,,10,16,16,25,21,,22,14,16,23,23,20,19,20,18,,20,23,23,15,18,38,16,16,17,14,15,,21,22,22,,27,22,30,16,,20,20,17,,18,14,16,14,12,,25,23,24,17,18,16,18,,19,15,16,20,30,,23,23,15,29,23,19,22,24,23,23,15,23,,28,25,27,,12,13,,20,16,9,12,,20,17,15,31,22,19,36,23,18,29,23,23,29,24,26,39,20,17,23,20,20,22,22,28,22,26,19,24,21,25,28,18,20,28,28,25,23,23,22,25,18,16,20,19,49,50,55,53,38,37,37,43,45,43,42,47,42,47,49,42,57,25,28,33,35,34,33,34,,36,41,44,19,15,,10,15,16,16,15,14,13,18,23,16,21,19,20,16,20,,,,19,24,,24,,22,17,20,23,,15,15,14,,,,,15,15,15,16,16,33,,24,,9,10,15,15,15,21,16,8,13,16,8,,,,,28,18,10,10,29,16,20,,15,15,17,17,16,12,19,5,30,17,17,20,25,31,,23,29,28,30,17,9,18,16,23,,23,16,,16,7,,5,10,12,,37,,5,,5,7,17,19,19,18,24,23,23,22,10,15,15,23,,31,26,,16,18,47,,64,74,12,19,158,166,,8,7,25,29,,,25,26,32,,26,23,19,29,6,26,20,,19,,,20,10,8,7,91,84,55,84,28,,95,54,52,39,38,59,66,66,61,,,60,46,,39,,52,73,87,119,15,19,26,27,35,26,22,44,31,,29,21,16,21,14,17,17,,10,,8,14,20,18,18,18,140,27,14,39,23,22,12,10,,,41,10,10,26,,31,23,28,15,,9,9,,,10,21,23,14,12,12,15,12,8,19,25,30,20,24,50,,26,16,,22,18,18,17,78,28,18,14,25,30,27,15,19,24,15,46,9,32,15,17,15,12,20,11,8,13,11,11,26,,29,18,20,19,13,18,27,23,21,20,31,23,31,24,22,20,24,35,,19,14,10,21,15,15,11,,,32,23,28,14,15,6,22,20,10,51,17,25,15,23,13,20,10,14,,17,35,35,40,30,22,101,23,21,21,26,35,23,21,26,23,25,27,22,40,37,23,20,15,20,13,13,18,20,15,21,25,30,26,29,32,33,24,31,30,36,38,24,29,15,29,22,30,34,26,20,36,,24,11,15,10,17,10,12,11,27,28,24,13,20,27,25,16,13,11,8,17,16,19,32,23,16,26,27,15,36,25,18,,19,16,19,12,14,12,14,11,13,,6,21,18,17,16,21,20,,16,34,31,27,20,24,23,58,41,33,48,43,30,12,11,13,11,12,13,39,14,11,32,22,29,33,15,6,8,18,12,16,21,19,18,19,14,17,17,10,104,98,97,100,110,76,13,17,12,22,27,34,24,45,15,24,29,26,19,40,37,8,22,36,51,34,15,17,11,12,17,18,13,20,23,27,22,23,25,22,16,16,28,28,12,19,26,20,17,12,20,11,17,16,24,13,9,14,20,20,16,14,19,5,14,17,,13,15,20,14,14,27,5,19,13,15,18,19,16,18,13,16,36,48,32,32,20,7,15,32,33,20,21,,25,17,21,23,26,22,28,18,19,9,8,14,21,15,19,41,31,20,46,33,30,57,51,45,39,42,50,50,53,35,20,42,36,34,59,55,58,60,39,43,18,25,20,29,16,20,16,28,22,18,18,13,20,19,22,18,20,48,95,225,202,14,17,33,42,28,43,25,31,24,17,30,30,27,24,38,,14,18,25,34,17,19,21,13,4,9,15,16,27,16,19,23,16,19,22,19,42,13,17,,17,11,16,57,47,52,27,39,29,29,47,29,40,37,26,21,17,25,20,12,33,15,45,46,23,17,33,26,42,36,15,24,24,39,32,45,25,13,26,18,7,8,21,14,8,9,19,35
20230729,7,SO2,3,3,3,3,3,3,1,3,3,3,3,3,,,5,,2,4,5,,3,,3,5,,3,2,,2,1,3,3,3,1,5,,1,4,,2,2,4,2,5,,5,,2,3,3,8,4,6,9,,5,2,,1,3,8,6,6,9,7,4,1,1,,5,4,5,2,4,2,,5,4,3,4,6,,3,9,9,15,6,4,,8,5,,,7,7,6,9,7,8,35,,5,12,40,19,30,,12,4,4,7,4,7,5,4,6,4,6,4,4,4,6,4,5,4,5,3,4,9,5,6,4,5,7,5,5,3,4,5,8,4,7,6,2,4,,2,6,7,5,5,3,3,6,12,6,3,6,7,5,,6,7,7,6,8,6,6,8,4,3,4,4,,,,6,8,,6,8,4,,,,6,,3,5,8,5,10,5,8,5,7,,,,6,4,,3,3,5,8,6,,7,5,7,4,6,7,5,4,,5,,5,5,,7,4,,4,6,6,,6,4,6,5,2,4,7,,,3,4,4,4,6,5,4,,4,,,2,,7,3,,4,2,3,5,3,4,,2,4,4,6,2,4,4,3,5,4,4,3,5,5,8,8,7,9,2,,4,2,2,3,,3,,7,4,7,,4,4,10,,7,5,6,5,,5,8,5,7,6,,,5,7,13,6,5,5,1,1,3,2,2,1,3,2,3,6,7,7,6,6,6,5,,6,6,3,5,4,1,4,2,4,3,1,5,4,4,,5,5,9,6,6,5,5,7,4,5,5,4,4,7,,5,6,5,7,4,6,4,4,10,14,5,7,,8,7,7,6,6,7,11,5,6,3,4,,,9,7,9,7,5,5,6,4,9,26,5,12,4,5,6,5,5,7,5,5,,7,5,8,7,9,,5,5,4,8,7,5,6,,,8,10,6,4,6,,5,3,2,1,,,5,25,4,5,3,6,3,6,6,5,4,,11,,9,7,8,9,7,13,8,12,9,10,7,5,3,5,6,6,2,5,,5,,4,8,,5,,4,6,,,,,5,,,,13,9,5,7,14,4,4,,6,10,3,11,12,6,4,4,4,8,5,1,6,4,7,18,,17,12,17,8,8,8,8,6,6,,4,5,4,6,4,6,3,3,2,5,1,5,2,2,8,7,8,,,4,,4,2,4,2,6,,6,3,,,2,1,1,14,,10,6,6,,13,9,7,8,6,7,3,4,4,7,,,,10,,,5,,5,11,9,9,5,8,7,5,4,4,,8,,,14,,14,16,9,4,4,8,4,7,,13,10,5,13,13,4,7,6,4,8,2,5,1,7,4,6,4,5,4,6,,8,,15,,4,4,,6,5,4,4,5,,29,4,,,,5,,4,,12,25,9,16,7,10,,11,8,,10,11,,10,,9,6,8,,8,6,12,16,15,,6,5,3,6,3,3,3,4,5,13,4,3,5,4,3,6,5,6,6,15,4,6,3,5,6,5,6,6,4,6,5,5,10,,6,5,4,4,3,4,5,5,3,4,2,4,5,1,,7,8,6,,4,9,7,9,7,,10,9,7,,3,,3,3,5,3,8,6,4,,,,1,,2,,6,,2,,3,6,4,3,3,,6,,4,2,4,2,7,6,,8,6,7,5,6,1,,7,,,8,5,6,3,6,4,10,14,4,4,3,2,4,16,38,9,32,14,14,1,2,3,7,6,6,5,9,9,7,5,,7,7,13,11,4,7,6,4,,,,,1,1,,2,2,7,8,8,4,6,4,6,2,1,4,8,4,,4,3,,8,2,7,,6,4,,5,7,5,4,10,4,5,5,4,4,6,5,4,,16,22,9,16,11,6,7,9,2,,6,6,6,4,5,,,5,,,,,3,,,,,,,,,,,,,,,,5,,,,,,,,,,,,,,,,,,,,,,,,,,,,,,,,,,,,,,7,3,1,3,1,2,2,3,1,,,2,8,9,8,8,,6,9,8,8,6,11,11,,7,6,6,,,6,6,,9,7,3,,11,,22,19,,,5,5,,,2,3,12,,,3,5,8,10,10,5,6,3,4,6,9,3,3,6,17,6,15,6,7,12,8,5,2,4,,8,9,7,,7,4,7,7,5,3,7,2,8,6,6,4,,,5,9,8,8,10,15,7,10,5,9,10,15,7,2,2,4,1,,,10,5,5,3,5,3,,6,14,10,,6,5,6,,4,8,11,7,5,2,3,,4,4,4,9,2,3,4,4,,4,6,,6,10,8,,6,,6,,,,2,8,10,6,3,4,,3,,7,6,5,6,6,,5,1,6,3,6,11,5,5,7,4,2,4,4,5,2,,8,2,4,6,9,8,30,38,18,23,25,15,8,8,8,,2,1,1,,3,,1,5,8,6,7,8,8,13,2,,3,2,6,3,4,4,4,4,10,12,9,,2,3,6,,8,2,5,4,,4,3,4,,1,8,6,7,4,,6,6,4,7,9,5,,,4,6,4,5,5,,7,6,8,4,5,5,6,5,6,6,5,4,,6,6,5,,6,7,,9,5,6,3,,8,4,6,9,10,8,41,9,11,12,7,3,10,5,9,12,4,10,8,8,8,4,6,5,3,4,8,7,,18,9,10,4,11,17,11,3,29,6,10,6,,7,5,7,6,8,5,4,5,5,6,5,9,5,6,5,7,7,5,5,8,8,14,15,5,14,10,,7,4,3,7,4,,8,7,6,3,6,5,3,6,5,2,1,3,1,3,11,,,,6,7,,9,6,8,10,8,9,,7,7,6,,,,,5,5,5,6,7,3,,4,,4,5,10,11,7,11,2,4,8,5,5,,,,,5,1,4,4,74,3,1,,4,7,7,15,14,2,7,8,5,9,4,6,19,10,,6,41,7,6,8,9,5,8,14,,9,6,,8,8,,6,7,4,,5,,6,,8,8,2,9,14,8,4,7,6,8,5,5,5,8,,188,7,,5,3,7,,7,6,,3,5,4,,5,4,8,7,,,,5,4,,11,12,13,9,11,9,5,,5,,,6,5,5,6,6,4,3,4,5,,5,7,9,6,5,7,3,2,,,,6,5,,5,,4,8,7,8,5,3,4,5,4,4,4,1,10,,10,3,7,1,5,2,2,,4,,6,,3,4,9,8,15,12,4,8,6,8,5,3,,,2,4,6,6,,18,15,5,5,,5,5,,,2,3,6,4,7,6,2,4,4,5,5,6,5,8,10,,4,2,,7,4,9,5,4,16,4,7,8,3,4,6,3,2,5,13,2,32,4,2,2,6,3,8,6,11,10,9,6,,1,4,10,2,3,6,2,5,7,4,4,8,4,5,12,3,1,4,15,3,5,6,7,8,5,4,,,3,4,6,8,7,6,6,3,4,6,3,6,8,9,6,2,4,3,,5,7,4,7,74,6,15,6,7,6,7,5,7,2,5,6,3,5,8,24,17,10,2,7,8,7,7,7,2,4,4,6,5,7,8,4,6,5,3,6,6,7,18,1,6,7,8,5,15,2,6,8,,6,9,5,4,9,2,3,2,4,4,2,1,8,4,1,10,4,8,8,10,5,9,8,4,10,9,8,6,12,12,2,,3,7,11,4,6,10,7,3,5,,1,4,3,5,7,,8,,7,8,5,6,6,10,5,4,14,33,6,8,5,2,1,3,4,4,4,5,8,4,1,3,31,12,4,3,4,6,4,4,5,5,6,6,2,6,2,7,3,4,1,6,5,7,5,7,4,9,6,4,5,4,8,3,7,6,9,1,3,5,4,6,6,8,4,3,6,5,2,3,4,2,6,3,3,1,9,8,4,32,6,14,6,9,8,5,3,1,2,6,5,6,9,3,3,9,3,5,10,6,8,2,6,6,,6,2,4,2,6,4,7,7,5,3,4,,3,7,3,19,2,4,9,2,5,5,5,5,2,2,4,,8,5,7,7,5,6,9,8,3,5,4,2,,4,2,12,12,8,6,10,6,7,1,2,1,3,2,2,2,4,3,5,7,9,4,8,8,9,7,8,2,3,5,3,7,9,2,6,6,7,8,7,6,4,4,3,6,9,3,4,4,4,12,7,7,6,28,16,6,9,4,7,8,11,12,12,,6,3,4,3,6,6,1,4,6,9,5,7,2,3,8,5,4,6,5,3,7,4,4,,5,6,1,8,8,7,8,6,3,1,3,3,3,11,7,3,4,21,10,6,4,4,4,3,3,3,3,3,6,4,5,3,7,4,3,7,5,4,4,7,6,6,8,10,3,7,5,7
20230729,7,SO2_24h,3,3,3,3,3,3,1,3,3,3,3,3,,,5,,2,5,6,,4,,4,5,,3,3,,2,2,2,3,3,2,6,,2,3,,3,3,4,2,5,,5,,2,3,2,8,3,6,9,,4,3,,2,2,9,9,8,14,10,5,2,2,,4,5,8,2,4,2,,5,5,3,4,6,,3,6,7,7,5,3,,6,6,,,8,7,6,7,5,9,20,,5,8,13,11,10,,9,4,4,8,4,7,5,4,6,6,6,4,4,4,5,3,5,4,4,3,3,8,5,6,3,6,7,5,6,3,4,5,8,4,8,6,3,4,,2,6,6,5,4,3,3,6,10,6,4,6,7,5,,6,8,8,6,8,6,6,8,4,4,4,4,,,,6,8,,6,7,4,,,,6,,3,5,7,5,10,6,8,5,6,,,,7,5,,2,5,5,7,6,,7,5,7,4,6,7,4,3,,5,,6,5,,6,4,,4,5,6,,6,4,5,5,2,4,7,,,3,4,4,4,6,5,4,,5,,,2,,6,3,,4,2,3,5,4,4,,2,4,4,3,2,5,4,3,5,4,4,3,5,5,8,8,7,8,2,,4,2,2,3,,3,,8,6,7,,5,4,9,,7,5,6,5,,4,7,5,6,5,,,4,6,10,6,5,5,1,1,3,2,1,6,2,2,3,8,8,8,7,6,6,5,,6,6,3,5,4,1,4,2,4,2,2,5,5,6,,5,5,9,7,7,6,6,8,4,5,6,5,4,7,,5,7,5,8,5,8,5,5,7,11,5,7,,8,4,9,6,7,8,12,6,7,5,5,,,10,8,7,4,5,5,6,4,7,15,7,9,7,7,9,6,7,11,7,9,,6,5,7,7,8,,5,5,4,6,6,4,6,,,6,8,5,4,5,,3,3,3,2,,,3,9,4,4,3,5,4,5,5,4,3,,9,6,8,3,6,5,7,11,9,12,14,11,7,5,3,6,6,7,2,5,,4,,4,6,,7,,7,9,,,,,5,,,,12,13,5,5,14,5,5,,6,10,3,10,12,6,4,4,4,6,7,2,6,4,7,15,,12,9,14,7,6,8,10,9,7,,6,6,4,4,4,6,3,3,2,5,2,5,2,2,9,7,8,,,5,,4,2,4,2,7,,7,2,,,3,2,2,11,,8,6,7,,10,9,10,8,6,6,2,3,5,6,,,,10,,,5,,5,8,7,8,5,8,6,5,4,4,,8,,,15,,11,10,11,5,5,9,5,8,,11,9,8,7,7,4,8,8,4,11,1,5,2,7,4,7,4,5,4,7,,7,6,8,,4,5,,7,6,2,6,5,,14,5,,,3,5,,4,,8,8,9,9,8,10,,12,8,,9,7,,8,,9,7,9,,8,7,12,15,16,,8,6,5,5,3,4,3,7,5,7,6,4,6,5,5,6,6,6,6,10,15,9,3,3,5,5,6,6,4,6,5,3,7,,6,5,4,4,2,4,5,6,2,3,2,3,5,2,,6,8,6,,4,11,8,9,8,,11,10,7,,3,,3,4,6,3,8,7,4,,,,1,,2,,6,,3,,2,6,4,3,4,,6,,4,2,4,2,8,5,,10,8,9,6,7,2,,4,,,7,5,6,3,6,7,9,11,6,5,4,2,5,21,20,11,19,27,12,1,2,3,6,6,6,7,9,8,8,4,,8,7,15,6,5,4,6,3,,,,,2,3,,4,1,8,8,8,4,5,4,6,2,1,5,5,4,,4,3,,9,2,5,,6,4,,5,7,5,5,9,4,6,7,5,4,6,5,4,,22,30,4,17,30,8,11,9,2,,6,8,6,5,6,,,4,,,,,3,,,,,,,,,,,,,,,,5,,,,,,,,,,,,,,,,,,,,,,,,,,,,,,,,,,,,,,7,2,1,2,1,2,2,4,2,,,3,9,10,9,8,,7,5,6,5,5,6,12,,8,9,5,,,3,3,,14,13,2,,6,,19,22,,,5,4,,,5,4,14,,,4,3,7,10,10,5,7,4,4,7,7,5,3,6,10,9,9,4,6,11,8,5,3,4,,7,8,9,,7,5,7,5,5,4,6,4,8,6,6,5,,,5,8,7,9,10,12,6,9,6,5,6,15,9,2,2,4,1,,,7,8,4,2,5,3,,6,9,6,,6,5,7,,4,8,6,8,5,2,3,,4,3,4,8,2,3,5,4,,4,6,6,7,9,8,,6,,6,,,,2,7,8,6,4,4,,3,,7,6,5,6,6,8,6,1,10,4,7,10,5,4,6,4,3,3,4,3,2,,8,2,4,5,7,6,29,13,12,13,12,12,10,8,8,,6,8,10,16,9,,1,5,5,5,10,8,9,13,2,,4,3,7,3,4,4,5,5,2,7,9,,4,5,6,,6,2,6,4,,4,4,4,,2,8,4,7,4,,6,5,4,7,9,4,4,,4,6,4,6,5,,7,8,7,4,5,5,6,5,6,7,4,4,,7,9,7,,6,7,,7,5,5,2,,6,4,6,9,10,4,21,9,10,14,11,4,7,6,6,7,4,4,2,2,4,5,5,6,3,5,6,7,9,11,10,10,4,8,8,8,2,10,7,9,6,5,6,5,9,6,7,6,9,6,6,9,7,10,6,8,6,8,8,16,27,7,8,10,9,6,12,9,,12,4,3,6,4,,6,7,6,4,6,5,3,5,4,2,2,1,2,3,10,,,,6,15,,8,6,8,9,8,7,,7,7,6,,,,,5,5,6,6,7,2,,4,,4,5,8,10,8,12,2,5,6,5,5,,,,,3,2,4,4,24,5,1,,3,8,7,7,8,3,8,8,5,9,4,6,24,38,,11,14,6,5,7,9,5,8,13,,8,6,,7,7,,6,7,4,,7,,7,,8,8,2,6,8,8,5,7,6,8,5,5,4,8,,102,39,,6,6,6,,7,5,4,3,4,4,,5,5,8,8,,,6,6,4,,11,10,14,10,11,11,6,,6,,,7,5,4,6,6,4,4,5,5,,7,7,9,6,6,12,3,3,3,,,7,6,,5,,4,9,8,10,11,2,4,5,5,5,4,3,10,,6,2,8,2,4,2,2,,4,,6,2,3,4,7,7,13,8,4,5,6,8,5,4,,,2,4,6,6,,10,14,6,4,,5,4,,,2,4,6,4,7,6,2,5,5,5,6,6,6,6,8,,4,2,,7,4,8,5,5,15,4,6,15,3,4,6,3,2,5,14,3,26,4,2,3,6,5,8,5,7,6,8,6,,2,5,8,3,3,5,3,6,5,5,4,8,4,4,9,3,1,5,27,3,6,5,6,9,5,4,,,6,4,6,7,7,6,6,3,4,6,3,7,8,15,6,3,4,3,,5,11,6,18,40,5,6,6,7,6,7,5,8,2,5,6,3,6,8,21,11,10,2,7,6,7,7,6,2,4,6,7,6,8,8,5,7,6,4,7,7,8,13,2,7,7,7,8,5,2,6,8,,6,9,5,4,10,2,4,2,6,4,2,1,8,5,3,8,3,6,8,10,4,9,8,8,9,10,7,7,10,12,2,,3,6,5,3,6,10,8,4,6,,1,4,4,4,8,8,8,,6,7,5,7,6,6,5,6,12,35,9,10,5,2,1,3,5,4,4,6,6,5,4,3,15,12,4,2,5,6,4,7,5,5,6,6,2,5,2,7,4,8,2,6,6,7,10,8,5,9,6,5,6,5,9,3,7,7,6,1,3,5,4,5,6,8,4,3,6,6,3,3,4,3,6,4,4,5,10,8,4,16,6,12,7,9,8,4,3,2,2,6,4,6,6,4,3,9,3,4,7,6,5,2,5,6,1,4,3,6,4,10,5,7,8,5,3,4,3,2,7,3,11,6,16,7,4,5,5,4,5,2,3,3,,8,5,7,9,6,6,6,4,3,5,4,2,6,4,2,16,9,6,7,15,6,8,1,1,1,3,3,4,3,4,6,8,7,9,3,8,8,10,7,8,2,5,5,2,8,12,2,7,5,6,8,7,5,4,3,2,6,10,5,7,7,4,7,6,10,7,25,8,7,11,4,9,9,8,13,9,,6,3,5,2,6,5,3,4,6,7,6,7,2,4,7,2,4,7,6,3,7,2,4,,5,6,1,11,5,7,8,4,3,2,3,3,3,7,10,4,4,14,11,9,6,4,4,3,3,3,3,3,9,6,4,3,9,6,4,10,5,4,4,6,6,7,7,12,4,8,6,13
20230729,7,NO2,47,6,32,45,32,43,33,21,13,14,60,14,,,16,,14,13,15,,16,,13,6,,7,16,,15,15,23,10,13,17,12,,18,31,,25,21,12,28,28,,24,,1,1,6,21,23,22,23,,29,7,,9,9,7,24,21,25,27,10,26,26,,25,24,16,26,7,13,,7,7,10,13,24,,5,34,15,15,14,28,,25,28,,,30,31,53,27,14,24,17,,17,15,19,21,17,,15,12,9,4,4,4,6,14,10,9,11,20,17,12,12,14,7,2,15,10,17,8,7,10,8,14,15,23,19,16,6,9,14,8,10,8,9,2,,8,14,8,13,2,6,3,1,3,4,8,4,2,3,,2,2,5,2,2,4,8,9,2,7,6,6,,,,5,6,,7,4,6,,,,8,,7,12,4,7,11,7,8,6,10,,,,2,2,,10,8,6,8,6,,6,7,8,5,4,5,2,3,,4,,4,6,,13,9,,12,13,14,,10,6,11,10,4,9,5,,,2,9,7,12,24,9,15,,7,,,8,,2,9,,5,4,8,6,1,3,,9,9,11,14,13,11,4,7,13,12,6,9,7,13,7,17,6,12,1,,3,5,4,3,,3,,10,12,29,,8,9,3,,15,19,25,24,,20,28,24,24,4,,,5,10,10,10,7,10,12,6,11,14,7,8,7,9,12,16,27,25,16,18,18,11,,18,13,6,5,11,5,8,10,4,8,5,4,65,21,,28,21,16,21,49,12,31,13,5,17,5,8,4,10,,6,2,11,11,8,7,4,1,14,24,22,15,,16,45,32,10,7,6,5,8,11,11,8,,,23,18,18,17,15,14,8,10,34,34,18,35,10,8,13,11,13,17,18,19,,16,21,25,18,5,,29,19,22,11,28,18,10,,,36,31,29,20,21,,12,38,45,20,,,43,13,11,20,11,18,11,25,17,18,11,,14,,9,16,12,13,6,18,31,9,8,10,24,12,24,6,18,10,15,6,,22,,9,24,,24,,24,32,,,,,9,,,,20,24,8,13,40,12,5,,14,9,7,12,13,11,21,18,15,20,23,3,5,11,5,34,,33,53,29,25,21,12,28,39,58,,11,10,10,7,4,7,3,16,20,12,4,10,4,10,4,6,4,,,9,,7,3,5,4,7,,7,18,,,8,8,7,18,,29,17,13,,13,9,8,8,6,12,2,2,3,16,,,,8,,,12,,8,8,5,6,13,2,3,17,12,9,,7,,,20,,14,9,13,8,8,9,9,6,,20,18,10,14,23,17,8,11,10,14,16,14,15,4,3,2,11,7,10,17,,19,14,13,,10,11,,9,6,18,11,18,,27,13,,,,16,,44,,24,35,28,40,7,8,,2,2,,22,24,,26,,16,14,12,,13,8,24,26,17,,7,6,11,16,16,6,2,18,21,11,20,2,16,12,16,22,9,14,14,18,8,16,16,18,8,10,14,9,8,1,17,19,17,,20,12,15,11,9,11,9,15,11,10,11,9,9,8,,6,7,8,,4,9,12,11,1,,12,11,2,,3,,5,7,8,4,3,2,1,,,,9,,9,,9,,1,,12,6,10,20,29,,8,,21,26,11,17,10,15,,7,20,10,23,21,2,,12,,,4,12,9,7,3,8,20,21,23,5,4,4,3,10,35,17,28,19,19,9,11,6,14,21,22,21,22,21,26,21,,6,10,20,56,12,15,8,16,,,,,4,4,,2,4,16,14,14,17,11,14,8,19,13,11,19,12,,6,18,,10,6,20,,19,19,,19,6,6,39,16,11,11,9,15,19,17,13,18,,17,30,66,8,4,23,18,2,3,,5,2,4,4,6,,,25,,,,,7,,,,,,,,,,,,,,,,8,,,,,,,,,,,,,,,,,,,,,,,,,,,,,,,,,,,,,,18,8,8,10,4,6,6,6,2,,,1,12,11,14,10,,12,41,36,42,66,59,16,,17,22,20,,,21,24,,24,25,32,,29,,14,8,,,15,12,,,11,8,33,,,20,22,8,10,20,8,6,16,13,11,11,9,4,7,9,14,17,20,16,17,15,12,20,22,,12,20,6,,6,5,6,12,8,6,14,8,11,18,9,16,,,5,26,20,23,10,14,8,9,5,18,12,1,6,9,6,11,5,,,21,14,21,2,8,7,,4,8,9,,6,7,7,,,9,10,11,7,5,3,,7,8,8,12,11,7,11,10,,7,8,4,4,13,7,,11,,12,,,,1,7,10,4,4,5,,5,,14,16,15,6,2,,1,3,12,14,10,9,,6,11,5,7,11,9,7,6,,4,5,7,6,10,5,3,12,10,9,10,11,10,12,9,,1,4,3,,2,,14,5,10,10,8,8,8,12,29,,8,16,8,4,5,3,2,7,10,11,3,,8,7,6,,7,5,10,10,,9,7,9,,6,5,3,6,4,,8,1,7,3,8,12,,,11,4,8,2,2,,10,9,5,3,6,4,13,13,8,10,7,5,,6,7,11,,2,2,,6,4,3,6,,6,8,9,9,14,10,15,18,19,14,10,6,12,13,14,10,5,9,12,5,6,17,11,14,25,23,7,12,,14,13,2,9,8,12,14,4,23,13,12,9,,6,8,41,7,25,28,14,12,10,10,9,18,10,10,7,6,5,5,7,20,23,18,19,9,18,18,,7,7,9,9,11,,13,7,13,10,24,17,14,19,23,14,12,14,14,5,40,,,,14,19,,14,11,19,18,19,19,,3,4,7,,,,,10,7,6,12,12,9,,7,,16,7,12,7,9,18,2,10,28,15,2,,,,,9,9,5,7,23,18,13,,6,6,5,21,23,7,14,17,13,12,11,16,22,17,,5,12,13,13,10,10,4,5,14,,19,14,,6,8,,7,6,13,,7,,6,,2,4,17,17,21,15,17,13,10,7,2,8,4,15,,7,14,,11,16,26,,8,11,,14,31,26,,4,2,15,36,,,,14,41,,10,7,10,14,3,3,20,,10,,,12,9,3,7,20,28,11,8,8,,9,14,11,8,6,14,21,25,,,,22,13,,17,,6,9,9,4,4,1,8,20,13,12,8,11,17,,24,12,10,10,6,9,8,,13,,9,,36,15,22,24,33,15,7,20,16,15,4,8,,,29,1,9,9,,21,21,22,2,,5,9,,,10,7,10,1,8,7,4,5,7,9,5,28,17,13,27,,16,10,,28,12,15,10,3,40,20,5,6,18,24,10,5,15,6,31,5,26,7,6,13,22,11,6,13,15,11,10,6,,1,13,24,6,7,20,6,14,9,2,6,23,2,13,20,9,34,11,24,8,13,2,31,6,14,13,,,28,6,13,12,5,2,8,8,15,18,8,6,11,22,4,9,4,6,,9,36,29,22,24,15,60,8,8,6,6,11,5,7,9,6,10,,26,14,42,22,5,5,1,8,4,1,11,7,17,,46,31,13,27,13,8,7,19,5,15,25,7,14,22,18,25,20,5,19,17,,17,7,10,6,9,4,2,4,16,9,7,6,6,4,2,12,16,10,21,16,19,12,19,15,17,20,15,10,18,13,29,,11,15,21,5,20,11,10,6,5,,3,11,8,17,9,,10,,14,34,10,15,2,13,2,7,9,16,8,7,19,5,3,12,4,8,3,17,14,3,12,7,43,30,3,4,12,6,6,9,10,3,5,2,4,1,7,2,2,12,6,18,8,6,29,4,10,3,10,6,20,8,6,9,19,6,16,11,16,8,22,16,26,17,4,7,8,7,13,13,6,6,9,8,9,6,11,8,6,16,11,10,4,16,16,11,30,18,11,19,25,11,15,15,5,7,8,11,12,4,14,7,4,14,,19,8,8,4,10,19,9,12,2,28,4,,8,3,3,19,6,8,17,6,12,4,8,15,13,5,5,,8,5,18,3,10,14,23,25,15,11,9,13,,5,4,27,19,13,10,15,2,37,14,23,22,23,21,30,28,8,1,20,30,36,29,33,25,27,35,30,12,4,19,9,9,7,4,18,25,9,16,7,11,14,35,11,18,1,13,9,6,12,22,20,14,13,17,7,15,3,20,17,25,20,26,28,,4,2,3,4,20,16,3,7,11,19,12,7,17,12,13,20,13,22,8,5,17,10,11,,13,8,3,11,23,20,1,23,8,14,20,9,23,36,8,13,21,28,29,10,3,7,27,27,10,5,15,13,46,47,5,1,3,12,19,14,10,7,12,10,3,9,18,8,4,7,16,11
20230729,7,NO2_24h,30,6,17,22,27,30,30,17,13,18,32,20,,,16,,19,19,21,,20,,25,14,,11,17,,9,14,15,6,13,13,12,,17,20,,20,14,11,15,22,,22,,5,4,8,10,12,11,14,,16,8,,13,14,9,28,21,23,24,9,19,23,,19,19,17,23,8,12,,6,7,9,12,24,,8,22,21,24,16,27,,21,28,,,24,27,31,26,15,25,17,,15,12,12,15,15,,11,14,12,10,9,11,12,13,10,11,13,19,14,10,12,13,7,2,14,11,14,11,13,8,9,15,19,22,20,21,7,13,18,8,4,8,8,3,,8,13,6,11,7,12,7,7,8,8,13,10,7,5,,3,4,7,3,2,8,7,9,2,7,6,5,,,,7,7,,8,6,8,,,,15,,12,20,8,12,16,13,12,10,16,,,,10,8,,19,19,16,8,5,,5,7,8,6,4,5,2,3,,5,,5,7,,15,11,,11,13,14,,11,6,17,13,6,6,6,,,2,5,4,7,4,2,8,,16,,,9,,4,10,,3,3,5,5,2,2,,16,18,10,9,9,9,5,4,16,12,7,10,8,12,7,16,8,11,2,,5,4,5,4,,3,,11,12,12,,6,6,6,,14,17,22,19,,23,22,26,21,5,,,6,9,13,8,7,10,13,6,10,13,7,8,7,8,13,16,21,17,19,18,20,15,,18,15,9,7,13,11,12,13,7,13,9,3,55,14,,24,27,18,17,24,19,18,11,12,15,14,20,18,18,,11,7,9,23,12,13,9,8,9,13,16,12,,14,23,23,12,9,8,8,12,13,14,10,,,14,11,17,17,12,9,12,16,20,23,16,16,28,25,52,23,30,18,34,41,,14,19,16,13,5,,23,42,21,24,32,22,17,,,42,37,33,23,30,,9,21,23,19,,,16,4,12,24,12,14,12,20,15,17,15,,15,12,14,21,16,17,13,16,18,12,19,17,20,13,23,11,15,15,8,9,,20,,16,16,,25,,25,28,,,,,11,,,,15,21,20,25,27,22,6,,12,12,10,14,15,10,8,14,8,8,10,14,4,15,6,28,,21,28,23,21,23,16,17,19,28,,10,9,11,5,2,6,3,10,14,7,3,9,4,10,3,5,3,,,10,,7,3,4,4,7,,8,9,,,10,11,9,20,,9,12,9,,14,12,10,10,7,2,2,2,2,6,,,,4,,,9,,6,6,5,5,13,2,4,6,4,5,,4,,,9,,5,8,10,7,9,9,10,5,,14,19,15,14,18,14,12,12,11,16,11,11,11,6,5,4,15,10,10,13,,11,10,7,,7,7,,6,5,10,4,7,,21,11,,,3,11,,23,,24,22,18,24,7,10,,4,4,,18,20,,20,,12,13,12,,11,10,24,20,12,,6,7,8,13,13,8,3,19,15,10,15,6,15,11,14,19,9,7,15,10,6,9,13,14,8,10,13,7,9,2,13,12,11,,9,9,11,9,9,10,10,22,8,10,8,13,11,10,,7,9,9,,5,12,16,12,7,,15,13,2,,7,,8,9,12,9,6,4,5,,,,5,,7,,10,,5,,9,7,9,12,17,,6,,19,19,12,12,9,13,,8,15,8,11,10,4,,5,,,3,9,13,8,4,6,13,11,12,9,4,4,6,10,22,19,18,22,13,8,7,6,16,13,10,13,18,17,18,15,,10,13,22,31,13,11,5,8,,,,,4,10,,8,4,12,9,12,14,7,14,9,14,13,12,16,12,,12,13,,12,7,20,,14,19,,19,6,7,19,14,11,11,10,12,18,21,17,14,,17,20,21,8,12,14,12,4,6,,7,4,20,11,6,,,20,,,,,6,,,,,,,,,,,,,,,,4,,,,,,,,,,,,,,,,,,,,,,,,,,,,,,,,,,,,,,8,6,7,8,5,5,5,6,2,,,3,14,15,15,13,,12,18,16,17,13,22,21,,16,20,11,,,12,15,,19,22,26,,22,,14,14,,,14,13,,,9,7,16,,,12,10,5,9,13,7,6,12,11,10,8,7,5,7,9,14,15,19,17,19,10,10,16,11,,14,13,7,,5,4,8,11,11,8,8,6,12,15,9,13,,,6,14,11,16,9,11,6,8,4,13,12,2,10,8,8,11,4,,,10,13,9,2,13,11,,5,7,10,,9,8,14,,10,8,11,11,9,6,3,,6,8,6,14,8,6,11,10,,8,4,4,4,18,15,,10,,11,,,,3,9,8,6,5,6,,6,,14,15,16,3,2,2,2,2,9,11,8,6,,4,7,3,6,8,6,4,6,,4,4,6,7,7,7,4,6,9,6,11,6,9,10,8,,4,4,3,9,7,,5,4,7,8,8,6,9,12,16,,8,13,6,3,4,3,3,5,6,7,4,,16,11,9,,9,5,10,7,,6,5,8,,6,5,4,6,5,,8,3,7,5,7,9,6,,8,4,6,10,9,,15,13,5,7,6,7,11,9,8,10,10,7,,8,8,9,,4,5,,5,4,4,7,,2,4,4,10,12,8,8,12,8,12,10,5,6,7,8,8,5,7,6,4,4,24,10,15,12,18,6,9,9,11,12,2,8,5,5,8,4,11,7,11,4,4,7,9,29,14,22,20,16,8,10,14,14,16,13,12,12,12,9,12,18,13,13,14,14,9,13,15,,9,8,12,8,10,,6,4,12,10,14,8,9,11,13,10,18,18,12,5,21,,,,10,12,,11,17,23,22,25,22,,12,8,8,,,,,8,6,8,9,8,15,,11,,13,4,8,9,10,12,4,10,13,15,7,,,,,11,7,6,6,17,18,14,,5,8,7,8,10,7,13,14,16,12,10,11,21,20,,10,9,12,13,12,12,11,11,11,,11,9,,10,10,,6,8,12,,7,,9,,4,5,9,10,13,9,17,12,12,12,3,8,6,9,,13,12,,11,12,19,,9,9,18,18,17,18,,5,5,13,22,,,17,16,28,,11,9,12,10,6,6,15,,7,,,11,12,7,8,20,19,25,29,9,,10,9,10,8,8,13,15,14,14,,,14,12,,27,,14,8,7,23,14,2,6,15,11,18,12,10,16,,29,8,15,17,4,11,12,,12,,4,8,15,10,23,18,17,12,8,15,13,8,6,10,,,21,2,14,15,,20,15,17,4,,6,11,,,12,12,13,2,10,8,6,8,6,14,7,36,16,14,21,,17,6,,16,10,8,7,6,21,11,4,9,10,18,5,3,17,5,30,3,20,7,6,13,18,14,6,9,8,7,8,9,,5,9,38,4,7,21,3,4,4,7,4,23,5,9,15,16,18,12,21,7,12,2,24,10,13,15,,,15,6,10,16,6,4,6,15,9,17,8,6,17,18,4,6,6,6,,6,24,19,14,19,13,22,9,6,7,8,10,6,8,10,5,13,20,21,14,21,22,13,5,5,9,3,2,12,5,10,16,31,20,17,20,14,10,19,25,10,13,14,10,8,15,13,11,6,5,19,15,,17,8,14,6,15,3,4,4,13,10,6,5,8,9,6,8,13,8,19,15,16,7,17,15,11,20,22,9,29,22,14,,13,10,13,6,21,13,5,5,4,,3,8,12,13,15,14,14,,13,27,8,11,4,7,4,20,9,10,11,13,13,6,8,17,9,7,7,10,9,2,10,6,35,23,6,6,12,7,6,16,16,9,12,3,2,2,5,2,13,21,8,21,9,5,21,6,7,5,15,12,14,11,5,12,13,9,7,12,10,9,15,10,22,20,4,8,10,9,11,12,8,4,7,12,9,7,14,9,7,12,10,14,6,22,19,12,11,19,11,14,12,8,13,10,5,7,9,9,10,5,12,6,4,13,12,10,11,11,6,12,22,10,12,5,15,2,3,4,2,3,12,13,13,11,5,11,4,6,13,13,4,5,,8,5,16,5,9,15,22,20,15,13,11,17,2,8,2,23,15,12,12,16,3,33,12,15,14,16,20,21,21,10,5,8,16,17,24,19,21,17,21,24,9,6,16,8,10,9,4,18,16,11,14,7,13,12,13,11,13,2,14,9,12,11,13,18,12,15,15,4,20,5,15,11,17,15,23,29,,5,3,5,7,16,9,8,7,10,21,16,10,12,9,13,20,11,15,14,7,16,16,17,,9,6,4,10,12,17,7,13,14,19,18,10,34,24,10,11,22,23,28,8,5,5,23,18,11,5,21,16,34,29,5,2,10,11,15,14,11,4,12,9,5,8,12,6,4,6,13,13
20230729,7,O3,27,39,32,20,25,35,35,26,38,37,13,45,,,23,,24,28,27,,22,,19,30,,16,34,,72,84,52,76,88,77,101,,19,6,,8,5,18,10,16,,18,,46,49,48,23,25,28,39,,39,35,,52,49,38,10,8,9,5,4,15,15,,15,14,18,17,30,30,,63,65,60,65,65,,34,64,84,70,79,38,,61,64,,,49,58,16,62,12,6,16,,7,19,19,13,23,,30,25,28,23,25,30,30,21,24,26,28,18,18,23,23,23,25,29,16,20,17,65,55,34,48,49,56,46,47,53,37,64,48,12,15,14,16,13,,19,12,12,15,16,23,25,20,23,23,23,22,24,21,,20,23,20,23,18,16,15,13,15,12,15,16,,,,16,13,,20,18,19,,,,15,,25,31,15,25,17,16,19,19,17,,,,26,24,,22,20,23,16,13,,14,14,8,15,12,14,19,21,,25,,17,14,,16,21,,23,21,23,,23,28,23,24,34,24,39,,,38,28,29,44,33,41,33,,31,,,29,,31,27,,39,36,33,12,15,12,,43,40,33,35,31,42,52,36,17,17,25,25,19,17,20,14,20,20,,,59,59,57,56,,38,,36,39,17,,37,40,22,,40,6,5,6,,5,9,8,11,12,,,16,17,13,20,20,20,20,24,25,28,24,19,19,16,44,27,14,20,29,25,28,30,,21,38,51,50,48,56,51,48,49,53,55,43,8,37,,32,44,59,35,12,33,7,18,53,39,66,74,73,86,,67,70,60,80,75,66,67,69,39,33,30,39,,45,6,11,79,68,72,71,68,69,53,76,,,41,63,71,61,42,38,73,72,6,11,26,11,66,68,72,65,64,54,62,51,,41,27,23,34,66,,3,38,8,26,2,29,23,,,13,11,4,20,6,,22,4,6,26,,,14,39,8,22,24,14,10,13,24,25,6,,43,,35,40,38,44,52,40,30,52,80,63,26,36,20,47,20,50,25,58,,25,,55,16,,48,,46,46,,,,,68,,,,52,43,67,78,54,63,71,,61,50,58,36,44,23,10,30,19,8,17,91,4,40,55,55,,60,14,62,51,88,114,29,26,14,,31,24,28,35,33,32,33,21,21,28,29,31,32,28,54,48,51,,,17,,8,17,14,12,32,,33,15,,,12,17,16,17,,13,4,13,,18,26,23,21,33,2,20,16,15,2,,,,11,,,8,,15,16,24,14,14,17,,5,15,12,,15,,,9,,10,13,12,81,95,79,90,86,,31,37,49,45,21,33,59,66,64,60,5,7,6,84,82,77,52,55,53,42,,26,28,24,,18,22,,62,64,56,48,12,,9,16,,,,7,,5,,43,41,15,24,90,110,,112,103,,43,42,,39,,104,79,114,,106,96,104,82,100,,30,31,29,20,19,32,69,14,14,18,9,13,7,20,8,8,31,14,6,16,25,21,23,27,29,25,19,27,28,19,56,57,54,,51,86,73,70,66,80,76,51,64,59,58,28,26,28,,20,19,21,,29,37,37,36,36,,34,28,44,,45,,48,45,55,52,38,30,41,,,,11,,11,,40,,44,,36,41,42,30,18,,34,,18,16,21,20,52,50,,38,22,36,26,19,45,,42,,,65,9,13,11,27,22,15,8,40,65,86,75,66,36,10,24,17,24,25,41,31,30,33,30,15,20,12,14,7,13,,63,55,43,6,,11,11,20,,,,,43,48,,41,25,13,22,26,22,18,20,26,7,7,14,20,17,,42,32,,63,62,62,,54,55,,69,47,45,28,50,50,61,60,46,32,50,54,38,,82,68,22,69,78,51,49,116,120,,74,110,116,114,120,,,11,,,,,21,,,,,,,,,,,,,,,,16,,,,,,,,,,,,,,,,,,,,,,,,,,,,,,,,,,,,,,14,28,27,30,36,19,18,18,21,,,,76,72,70,74,,63,34,36,33,6,4,105,,100,94,49,,,47,39,,19,28,21,,31,,101,111,,,50,34,,,70,82,31,,,48,38,101,104,89,96,109,38,32,60,41,43,28,20,24,20,20,17,18,16,31,36,36,23,,19,15,28,,23,16,12,8,46,44,64,75,5,6,5,58,,,72,16,25,20,14,59,56,63,78,18,19,47,68,71,69,69,114,,,59,47,40,48,59,58,,26,11,10,,15,13,16,,16,12,16,10,3,20,22,,22,20,22,25,27,21,18,20,,27,19,,36,14,24,,14,,15,,,,25,23,15,20,17,18,,18,,19,17,54,45,49,,44,,8,9,6,,,21,15,19,,6,7,11,,,46,45,31,30,30,33,9,19,16,21,19,12,15,21,19,,30,35,36,,37,,7,23,21,17,22,23,27,24,7,,10,13,14,32,44,35,37,34,13,22,23,,39,27,29,,28,30,26,15,,15,15,19,,24,20,26,22,23,,46,50,45,50,21,12,,,20,28,23,38,40,,39,36,42,25,25,18,45,45,49,47,31,34,,46,50,43,,33,32,,17,32,47,44,,25,29,20,10,12,32,27,25,20,37,46,9,32,30,16,24,27,37,37,35,41,15,3,28,6,9,12,12,,8,12,30,10,26,14,9,25,42,29,31,36,,6,5,1,,11,1,47,37,57,78,78,54,67,68,68,66,63,68,73,18,14,22,9,5,13,12,,34,68,61,30,39,,18,15,8,21,6,27,36,34,32,12,25,33,21,4,6,,,,39,34,,33,5,5,7,4,3,,25,26,22,,,,,14,39,38,26,36,9,,9,,4,27,20,52,41,26,17,34,32,37,54,,,,,5,3,56,42,5,2,27,,31,21,16,27,27,59,61,49,13,8,10,4,11,11,,69,37,25,28,12,3,60,53,4,,4,1,,62,29,,49,46,55,,57,,83,,18,14,5,7,14,4,86,99,112,113,24,9,16,14,,86,62,,23,26,48,,109,88,,60,51,52,,83,85,33,9,,,,50,10,,66,83,64,32,45,129,52,,53,,,64,69,80,69,72,50,84,88,49,,74,68,67,80,95,64,75,70,,,,55,66,,15,,70,73,81,68,57,42,83,35,15,24,31,87,101,,38,26,14,24,37,31,28,,15,,10,,11,1,10,3,59,37,17,13,10,37,25,23,,,12,49,24,31,,53,52,44,37,,18,14,,,14,19,20,19,16,16,14,18,15,19,50,27,30,18,31,,24,18,,16,40,30,26,93,26,29,18,58,36,6,32,41,25,29,20,22,68,17,35,15,5,36,21,25,30,29,30,48,,46,26,16,24,52,31,54,36,43,44,15,28,40,19,27,14,12,48,76,17,16,11,18,67,5,4,,,46,22,27,34,18,78,52,13,16,64,41,18,21,36,48,11,62,21,,30,34,50,51,60,40,19,13,16,14,30,15,14,19,13,17,42,26,53,100,8,103,23,17,18,24,16,20,17,20,25,32,10,7,62,48,56,40,72,82,67,57,15,82,7,18,22,45,48,38,26,24,,18,30,18,18,23,19,20,18,42,41,17,29,27,52,50,27,21,32,55,3,14,11,12,5,24,27,10,37,48,48,3,,43,23,13,18,14,20,19,14,11,,19,26,32,16,51,,30,,22,4,35,36,34,18,75,67,30,9,76,72,18,28,39,22,35,27,44,29,7,13,29,51,59,34,28,27,26,25,17,18,24,25,29,18,14,18,14,20,99,90,82,74,78,71,31,84,18,56,67,73,40,69,18,81,38,76,29,105,13,33,17,45,16,20,17,18,29,31,12,13,20,28,21,30,30,29,42,24,17,18,70,22,50,8,10,22,39,40,62,14,9,30,5,8,15,23,12,9,23,27,16,17,19,31,,12,13,17,15,71,52,68,45,63,24,46,,50,44,50,5,68,72,19,31,9,59,29,12,25,32,24,,24,33,35,50,57,6,27,51,34,26,20,27,,32,40,7,16,82,73,52,119,13,74,49,74,6,5,2,3,50,82,49,33,,32,21,34,32,25,18,28,39,10,36,45,37,17,39,16,13,23,11,46,28,24,51,26,126,81,106,107,3,6,74,104,69,98,8,48,96,47,60,51,6,39,28,,24,15,50,49,60,20,46,18,14,12,16,23,11,50,68,71,77,17,37,42,20,28,36,,60,22,17,80,38,50,36,41,32,30,29,30,29,28,12,5,2,71,51,28,32,42,6,6,24,46,45,42,36,23,62,25,40,42,54,30,59,32,15,11,32,36,10,18,15,12,27,65
20230729,7,O3_24h,116,82,125,122,119,124,91,125,116,86,114,96,,,194,,172,187,174,,202,,141,186,,144,242,,154,156,150,158,149,165,162,,179,188,,190,188,67,65,75,,91,,139,150,145,137,139,127,139,,156,141,,134,138,147,120,126,136,125,107,155,146,,153,197,177,170,158,152,,162,163,165,170,120,,110,122,130,125,128,119,,148,156,,,180,163,135,154,89,92,81,,96,73,86,82,83,,93,79,66,62,65,104,78,76,67,73,70,97,101,101,105,107,93,106,97,97,102,120,82,103,99,95,101,91,98,99,103,96,97,33,34,33,39,32,,38,38,34,32,49,53,60,45,51,51,51,47,58,28,,32,33,33,33,32,26,36,36,38,32,39,50,,,,58,62,,69,65,64,,,,48,,30,35,23,32,31,27,28,34,33,,,,41,45,,47,49,61,49,47,,45,36,32,38,34,37,38,40,,43,,58,58,,25,27,,33,34,49,,30,36,26,30,40,29,40,,,40,34,38,51,61,58,47,,31,,,41,,40,33,,45,45,42,32,34,32,,69,72,52,58,55,51,58,56,58,54,64,65,62,64,59,61,60,65,,,63,64,62,59,,49,,63,71,67,,68,63,57,,64,113,128,112,,108,134,125,138,28,,,42,52,32,52,50,48,128,127,145,129,121,117,125,106,134,101,133,116,120,106,127,116,,106,158,88,115,88,108,96,109,93,103,126,103,65,144,,122,134,154,105,125,109,120,111,114,121,131,115,100,109,,146,140,95,121,168,166,164,167,109,102,91,124,,111,111,104,158,166,148,161,154,142,127,153,,,129,128,152,102,99,105,103,126,93,94,101,102,183,163,178,157,141,186,190,171,,96,95,102,95,86,,82,61,72,41,37,60,59,,,67,47,56,87,40,,146,120,143,120,,,142,135,72,92,76,87,96,87,92,89,85,,78,70,74,73,81,82,134,131,130,141,120,131,86,86,85,80,70,88,84,82,,84,,83,74,,155,,165,164,,,,,150,,,,170,175,101,107,113,100,95,,113,119,129,124,127,128,98,93,91,95,99,137,78,118,95,158,,157,157,156,153,158,176,171,167,166,,65,64,68,71,56,54,59,58,56,68,58,75,66,63,75,77,81,,,81,,52,60,58,49,144,,137,112,,,130,140,134,118,,82,77,102,,77,67,75,60,65,37,52,46,49,36,,,,68,,,75,,81,91,88,100,37,46,48,43,55,46,,89,,,80,,101,69,92,143,159,146,152,157,,110,93,96,94,105,101,138,117,109,116,59,59,59,196,198,174,63,59,58,127,,100,101,95,,83,102,,82,79,83,94,87,,95,80,,,72,90,,144,,164,157,154,154,137,145,,142,142,,142,130,,123,,170,156,172,,163,163,127,121,126,,95,84,89,87,80,86,120,117,118,106,114,106,105,80,71,70,73,72,70,80,63,82,84,88,114,116,110,117,115,110,92,99,94,,100,98,90,89,91,94,125,101,132,115,123,49,51,56,,41,40,44,,48,79,76,80,66,,77,73,76,,112,,118,113,127,122,131,140,148,,,,100,,102,,122,,117,,101,101,103,113,112,,114,,111,111,117,82,108,100,,136,122,124,121,124,125,,108,,,114,82,79,76,77,86,88,89,96,155,135,142,215,108,100,107,106,106,103,71,76,94,91,120,102,99,95,88,96,100,,92,94,106,124,58,70,71,61,,,,,110,113,,114,81,86,87,87,104,84,73,78,78,75,80,79,78,,84,80,,100,94,86,,108,108,,100,67,83,88,88,88,114,92,96,85,228,99,100,,149,149,147,163,176,139,148,125,131,,126,123,118,119,125,,,95,,,,,47,,,,,,,,,,,,,,,,46,,,,,,,,,,,,,,,,,,,,,,,,,,,,,,,,,,,,,,90,101,99,101,104,93,91,91,92,,,,129,126,119,121,,124,133,151,133,138,142,147,,138,130,122,,,119,116,,126,121,127,,127,,170,173,,,121,108,,,151,154,155,,,110,120,138,145,172,170,165,119,110,121,150,174,94,84,96,86,89,92,89,86,135,134,135,128,,101,101,112,,40,36,37,42,129,112,136,112,62,65,65,80,,,94,92,88,92,91,89,88,83,103,89,102,105,75,104,95,95,145,,,115,100,105,126,110,101,,89,56,59,,62,59,68,,72,73,83,79,59,61,67,,54,58,60,48,64,51,76,82,,70,46,44,47,40,56,,91,,91,,,,60,61,64,58,76,80,,64,,38,46,56,66,69,53,66,,44,47,43,,,52,52,55,,48,47,41,,,61,47,35,38,38,36,68,68,78,70,74,52,58,63,58,,60,63,68,44,64,,50,53,64,64,66,64,61,64,47,,71,62,67,63,61,46,47,51,53,64,58,,130,133,141,,111,121,115,115,,120,119,102,,103,102,106,99,101,,105,109,108,107,83,76,48,,100,99,96,72,74,,92,74,76,96,110,114,111,107,109,104,88,85,,114,112,111,,98,98,,85,79,101,103,,91,97,90,98,91,103,103,98,109,107,101,93,91,93,87,90,94,103,100,102,101,90,102,99,100,96,107,89,62,94,88,82,82,87,83,82,76,87,83,75,86,29,81,82,99,95,115,94,116,164,137,139,148,155,127,184,161,150,111,128,131,123,133,102,116,87,84,97,,142,143,160,89,82,,90,82,81,78,103,72,76,74,78,132,135,141,136,15,144,,,,101,101,,97,70,68,73,71,72,,117,108,103,,,,,71,95,93,91,102,83,,100,,84,74,95,100,85,104,80,79,81,73,83,,,,,74,84,78,79,93,91,70,,91,70,75,85,90,101,98,99,56,58,42,42,89,86,,74,78,78,80,40,46,74,84,48,,82,71,,79,93,,100,96,107,,105,,106,,54,54,76,81,85,83,136,123,130,130,63,66,59,80,,166,170,,120,130,150,,149,151,76,108,150,150,,89,88,151,146,,,103,160,142,,152,151,124,124,101,145,147,,142,,,142,120,125,116,132,127,179,163,125,,112,117,108,160,153,160,153,152,110,,,121,108,,114,,108,128,136,97,99,60,132,127,176,200,199,160,145,,126,116,54,56,38,39,38,,96,,63,65,141,93,76,71,147,128,74,76,88,99,36,72,,,149,53,24,203,,183,164,185,88,,60,41,,,46,44,40,37,59,68,42,43,48,38,115,55,54,49,140,,176,110,,103,96,78,82,132,146,113,99,72,114,71,60,67,169,125,152,48,112,76,110,78,84,146,46,88,94,88,83,102,,141,72,51,109,114,136,101,109,108,153,108,141,92,63,112,49,83,130,150,83,75,64,68,78,77,74,,,188,66,164,79,54,100,108,50,97,153,108,55,50,130,60,108,64,71,,115,193,167,187,180,120,144,30,46,33,46,38,36,44,33,39,88,147,157,178,153,125,59,68,32,31,42,40,52,51,115,108,108,126,147,152,145,116,112,120,173,149,102,111,63,104,92,127,82,144,176,162,,199,51,75,60,55,81,64,66,123,125,103,106,93,123,120,99,100,95,74,84,61,93,78,54,71,81,79,81,103,110,128,,157,74,142,52,91,64,97,48,60,,56,138,138,79,81,54,80,,71,144,107,104,87,102,123,172,108,103,142,131,113,35,39,30,35,32,64,68,69,62,126,110,162,152,53,48,48,33,43,51,26,38,46,34,36,48,45,41,120,113,115,109,99,131,54,170,66,100,117,198,142,133,93,180,133,158,102,163,124,130,145,148,165,162,65,53,53,62,87,85,40,129,122,139,127,119,117,101,102,87,127,92,72,38,62,103,128,124,152,76,112,131,144,123,55,96,82,72,96,93,98,50,49,133,44,106,143,141,110,146,130,119,127,87,83,65,44,70,72,50,95,138,135,117,152,72,80,86,84,85,69,70,,41,89,110,114,118,122,74,83,83,31,35,30,49,38,47,155,163,142,140,172,148,158,167,156,170,164,190,177,168,162,134,153,150,136,159,160,162,186,170,166,118,120,101,111,104,130,103,110,105,40,99,43,93,81,91,99,89,132,116,118,114,90,88,121,164,120,153,74,90,177,152,132,127,95,157,160,,48,59,120,116,84,74,111,46,41,126,125,86,91,136,133,96,103,101,92,104,28,28,57,,101,92,51,159,112,137,126,116,68,101,135,120,129,158,45,78,108,155,94,64,120,65,192,186,79,112,93,99,157,164,107,66,132,119,80,113,76,39,109,67,97,106,94,102,54,65,63,160
20230729,7,O3_8h,22,39,32,25,23,16,29,24,40,37,14,47,,,34,,32,35,31,,30,,18,26,,24,40,,83,87,68,87,88,89,107,,23,13,,9,11,32,27,14,,10,,45,50,49,60,56,64,73,,69,43,,54,56,40,9,5,15,2,1,35,26,,31,16,17,18,44,49,,74,77,72,77,58,,38,78,87,59,87,23,,63,67,,,59,60,46,65,10,3,12,,5,20,22,17,22,,27,33,31,24,24,27,31,25,26,23,22,30,33,34,35,35,38,50,31,28,33,71,47,55,53,56,61,51,52,54,48,65,51,15,18,17,20,17,,22,12,16,18,13,19,21,17,19,20,20,19,18,18,,19,21,19,20,18,17,17,15,18,14,18,20,,,,17,15,,23,20,21,,,,8,,23,27,15,23,19,14,18,19,15,,,,22,20,,15,10,15,17,14,,14,16,11,17,14,18,20,23,,27,,21,18,,13,17,,22,18,21,,18,26,16,17,29,25,32,,,34,30,32,48,52,51,41,,20,,,27,,25,21,,43,41,39,13,14,14,,31,25,30,32,30,40,53,46,17,19,26,26,19,20,22,15,20,22,,,52,52,53,51,,41,,41,44,31,,45,48,26,,45,9,7,8,,4,11,11,8,16,,,21,24,15,25,25,26,35,38,39,42,37,31,36,33,47,34,26,34,33,27,33,35,,27,39,30,42,20,38,27,36,35,29,37,42,28,52,,30,29,53,47,38,33,28,31,80,84,79,82,71,87,,79,72,48,88,92,86,83,77,42,41,36,41,,47,15,20,81,83,79,79,59,63,52,69,,,73,76,83,74,74,78,83,66,10,20,31,31,50,48,53,52,55,33,45,16,,33,33,31,38,75,,5,10,8,30,1,32,26,,,8,15,4,22,10,,25,9,11,29,,,49,67,13,28,24,21,17,25,31,35,9,,48,,42,45,45,50,65,64,66,60,87,72,36,42,25,45,36,50,40,51,,30,,47,28,,53,,61,62,,,,,70,,,,70,40,82,90,77,81,73,,69,30,45,24,26,10,22,12,20,20,26,82,5,9,40,56,,71,34,59,47,78,105,63,44,21,,34,28,30,50,43,43,45,31,31,37,37,36,38,31,61,59,64,,,17,,19,20,18,14,39,,39,24,,,10,14,14,15,,17,6,18,,17,28,26,23,25,15,27,22,22,13,,,,15,,,11,,16,17,25,16,19,23,,18,25,21,,21,,,24,,20,13,12,94,107,92,108,102,,38,43,48,52,30,50,58,40,39,28,8,7,10,81,83,76,28,28,28,46,,33,45,37,,30,31,,75,68,65,65,23,,9,17,,,,9,,19,,42,48,31,37,97,101,,103,99,,46,44,,42,,111,95,117,,111,106,109,100,112,,30,28,31,18,21,32,61,11,12,14,9,13,4,27,8,7,30,24,6,27,34,33,31,36,47,42,38,44,44,36,62,68,63,,68,75,71,66,64,69,77,55,68,62,63,25,22,25,,18,17,20,,27,33,31,31,31,,27,26,53,,63,,65,63,71,67,45,37,47,,,,22,,22,,59,,62,,45,47,45,48,44,,50,,28,33,30,37,60,57,,41,33,44,34,37,48,,50,,,55,16,19,10,41,24,17,16,45,42,98,81,71,35,18,24,24,25,38,46,37,36,48,52,43,24,14,19,11,18,,59,56,43,18,3,25,22,33,,,,,50,46,,35,35,23,33,34,29,26,25,31,18,9,18,32,29,,47,47,,71,62,62,,63,55,,62,59,52,46,58,56,65,62,60,31,47,45,41,,94,96,81,81,72,69,68,121,123,,77,112,88,91,106,,,8,,,,,26,,,,,,,,,,,,,,,,24,,,,,,,,,,,,,,,,,,,,,,,,,,,,,,,,,,,,,,17,31,28,32,35,28,27,27,29,,,,74,71,70,74,,66,26,38,48,38,11,101,,105,95,63,,,57,50,,24,20,27,,35,,106,102,,,68,47,,,80,97,51,,,66,56,108,108,113,116,122,34,29,51,40,39,30,19,26,19,15,12,16,9,50,48,52,54,,18,19,36,,22,18,13,7,64,58,89,89,4,5,4,56,,,64,27,32,27,9,66,60,63,63,20,20,22,68,70,73,70,102,,,53,53,69,77,53,54,,31,12,10,,14,12,14,,15,12,15,11,3,22,24,,23,22,24,20,29,22,21,22,,25,37,40,29,12,20,,16,,18,,,,25,24,20,22,19,20,,18,,20,18,37,58,59,,56,,10,13,10,,,24,18,23,,8,11,14,,,51,33,30,31,32,32,13,27,21,27,22,16,20,23,21,,36,39,39,,39,,14,24,26,20,27,26,28,25,4,,13,16,22,38,47,42,40,43,26,32,28,,43,36,40,,36,39,35,26,,25,25,34,,36,27,33,28,30,,46,51,44,48,23,16,,,29,29,29,21,17,,18,16,48,26,18,22,55,54,54,54,29,31,,63,68,62,,39,38,,16,29,48,46,,39,41,33,19,16,38,37,33,45,39,42,16,51,43,39,37,52,62,62,58,64,24,5,25,20,6,13,23,,13,23,37,25,33,25,16,40,56,51,50,58,,6,5,2,1,16,4,57,47,74,69,69,59,74,86,83,80,41,51,50,27,27,39,30,4,18,18,,35,79,74,36,32,,20,26,24,30,21,48,49,46,47,37,22,24,37,4,13,,,,34,35,,34,5,4,5,3,3,,26,30,30,,,,,40,57,58,45,60,18,,16,,9,29,21,40,31,33,17,22,51,35,51,,,,,7,10,57,54,13,8,27,,40,27,22,60,55,63,61,62,12,10,11,11,12,15,,26,24,28,27,14,2,65,57,6,,13,7,,65,36,,53,51,46,,58,,73,,23,19,11,10,13,4,67,83,95,91,32,16,19,24,,91,79,,32,40,56,,123,114,,70,94,71,,79,82,44,23,,,,57,8,,70,92,80,46,54,133,58,,65,,,70,77,88,81,89,85,101,100,75,,85,98,94,107,113,71,102,104,,,,84,84,,25,,89,73,82,74,52,49,89,42,31,30,35,90,108,,30,48,9,17,33,26,24,,17,,15,,35,14,13,9,95,49,17,11,8,34,21,21,,,26,46,19,40,,60,74,47,29,,22,10,,,15,18,19,21,16,18,18,20,19,17,66,27,33,30,37,,32,28,,38,45,38,34,97,36,52,24,27,54,14,44,52,34,38,20,26,74,15,36,15,8,38,19,34,40,30,37,59,,51,33,16,40,67,38,53,44,45,48,25,42,19,22,33,8,36,66,87,20,19,18,35,68,8,6,,,69,25,49,26,23,78,61,5,22,63,46,18,17,42,47,20,50,22,,39,61,71,68,66,50,62,16,16,17,22,18,16,22,16,18,34,22,55,109,26,107,14,19,20,19,18,22,13,21,46,55,36,35,49,58,55,67,76,90,88,51,21,86,13,8,35,72,62,41,25,26,,26,25,16,20,19,23,20,20,63,61,31,37,26,59,64,24,20,29,48,12,26,31,18,7,28,31,13,41,27,31,16,,41,30,28,22,13,22,25,20,14,,23,37,31,19,38,,33,,30,4,49,47,34,36,83,64,31,10,63,85,18,22,17,18,29,29,43,35,11,17,54,38,41,37,24,23,24,21,19,10,21,23,23,19,18,22,15,21,96,92,89,88,76,71,34,89,34,45,70,93,31,61,30,88,47,77,46,97,23,40,37,53,20,24,19,19,26,28,15,15,17,38,33,41,38,38,61,32,23,16,71,16,41,8,15,25,65,33,60,21,37,48,12,14,18,23,11,8,22,26,16,21,24,43,,20,11,14,13,73,47,75,59,64,45,52,,61,56,35,14,52,52,34,38,16,59,39,19,30,33,29,,23,29,49,66,62,12,28,49,47,26,20,23,,23,45,5,21,80,96,72,110,21,89,67,91,11,15,10,6,59,62,96,67,42,44,34,33,35,44,31,41,42,14,62,46,41,29,49,35,13,27,16,49,33,53,53,34,128,91,111,103,8,12,79,105,66,106,15,59,97,45,74,73,2,54,36,,21,17,68,66,45,38,42,21,20,4,15,25,14,57,71,74,69,30,15,43,18,20,22,,62,25,21,90,49,44,42,55,27,29,33,41,22,41,11,12,2,75,40,32,43,45,6,19,20,45,36,21,53,46,70,27,45,60,49,43,52,33,21,9,41,54,18,20,19,14,31,76
20230729,7,O3_8h_24h,59,39,60,41,56,33,36,25,47,43,21,51,,,52,,41,42,47,,44,,27,35,,35,51,,104,96,98,103,99,108,116,,47,32,,23,27,44,40,14,,18,,56,62,61,85,84,86,95,,98,53,,60,74,45,18,5,24,3,1,66,46,,54,27,34,31,75,72,,79,82,74,82,60,,46,86,87,59,89,23,,65,76,,,73,60,62,67,11,4,13,,5,24,27,21,24,,27,48,34,26,28,31,33,27,27,23,22,45,50,48,51,51,54,78,47,46,51,79,56,74,62,63,68,64,64,63,64,68,65,16,20,18,22,19,,23,16,18,20,13,19,21,17,19,20,20,19,18,18,,19,21,20,21,20,19,18,16,20,15,19,24,,,,17,16,,24,20,22,,,,8,,23,27,15,23,19,14,18,19,15,,,,22,20,,15,10,15,19,16,,15,18,14,20,17,21,24,27,,32,,26,22,,13,17,,22,18,21,,18,26,16,17,29,25,32,,,34,30,32,48,56,53,43,,20,,,27,,25,21,,45,42,41,15,16,16,,31,25,30,32,30,42,54,51,20,21,27,27,22,22,24,19,20,24,,,57,57,55,51,,46,,43,45,39,,46,50,27,,49,13,11,18,,9,16,16,8,21,,,25,27,18,29,29,30,52,54,56,59,54,42,54,48,57,38,32,37,35,29,34,36,,28,44,32,42,20,38,27,36,35,29,37,42,65,59,,30,36,53,54,60,38,58,62,90,98,85,96,71,87,,87,72,57,90,108,98,88,81,44,46,38,50,,50,23,32,81,86,80,80,67,67,55,75,,,85,80,92,102,99,105,98,87,16,27,32,39,50,48,53,52,55,33,45,22,,51,43,51,51,86,,11,10,8,37,1,36,27,,,8,16,4,25,11,,39,44,38,30,,,64,84,23,34,26,25,24,33,36,39,10,,50,63,48,49,47,53,80,74,78,70,90,78,48,52,37,47,44,59,52,51,,36,,47,45,,62,,78,77,,,,,71,,,,81,62,85,92,85,84,74,,74,30,56,24,26,10,39,14,30,35,39,98,13,9,40,88,,101,57,63,47,81,105,88,78,34,,36,31,32,66,53,53,59,40,41,50,52,39,51,43,64,63,70,,,17,,29,22,22,16,51,,47,38,,,10,14,16,15,,26,11,21,,17,30,28,23,25,20,34,29,26,21,,,,18,,,12,,17,24,28,22,22,27,,26,33,26,,24,,,44,,25,18,22,107,122,121,148,120,,48,56,50,53,31,57,59,40,39,28,13,9,19,81,84,76,28,28,28,53,,42,50,42,,38,45,,79,69,68,69,35,,12,21,,,61,15,,40,,52,66,67,67,118,119,,116,116,,48,51,,48,,119,112,123,,119,114,112,103,116,,34,30,37,28,33,35,64,17,27,29,20,25,5,30,11,7,30,30,8,33,53,45,33,39,63,59,52,59,58,58,64,75,68,,79,75,71,66,64,69,78,60,71,64,64,25,22,25,,18,17,20,,27,33,33,32,31,,30,28,57,,86,,91,89,96,91,53,49,59,,,,40,,40,,84,,90,,49,52,46,57,69,,71,,33,51,36,58,71,67,,42,37,50,42,49,52,,72,,,59,24,29,10,63,35,29,24,51,42,104,83,74,42,31,25,39,35,46,53,39,42,52,57,57,25,29,33,25,21,,59,58,43,43,5,30,32,38,,,,,73,52,,35,37,26,42,41,32,33,26,34,23,11,20,39,34,,65,63,,74,62,66,,65,55,,68,61,54,52,63,60,65,64,63,39,64,66,57,,110,116,110,91,72,75,81,124,128,,81,114,92,93,107,,,8,,,,,30,,,,,,,,,,,,,,,,30,,,,,,,,,,,,,,,,,,,,,,,,,,,,,,,,,,,,,,34,44,39,45,47,41,39,43,40,,,,78,76,74,75,,67,46,68,79,73,22,119,,110,109,84,,,78,63,,40,35,28,,53,,112,112,,,80,61,,,87,108,68,,,83,80,116,118,130,134,137,36,29,51,40,39,34,24,29,27,17,15,19,9,85,87,90,76,,34,37,59,,25,23,16,11,78,69,100,100,4,6,4,56,,,64,45,57,43,10,77,66,72,63,30,32,22,68,70,74,70,102,,,53,75,80,97,61,61,,58,14,11,,14,16,14,,16,12,15,12,4,23,28,,23,22,24,24,30,22,24,26,,26,44,40,31,12,20,,24,,25,,,,28,27,25,24,27,27,,21,,20,18,37,64,64,50,63,,16,21,18,,,31,23,35,,17,16,18,,,55,33,32,33,34,35,23,37,28,34,28,28,27,29,29,,38,40,40,33,40,,28,28,31,30,30,28,30,27,6,,20,31,36,52,48,44,44,47,33,38,33,,45,43,48,,44,46,42,42,,41,40,52,,51,40,45,38,41,,52,60,47,54,26,19,48,,45,43,44,21,17,,18,16,57,30,18,24,70,68,63,66,29,32,,81,82,75,,44,44,,17,29,48,47,,46,49,39,26,18,53,52,53,72,50,58,26,67,67,66,66,75,84,84,84,80,31,12,25,29,6,19,41,66,18,31,42,38,41,39,32,59,78,73,68,78,27,7,7,6,3,29,15,65,54,81,69,69,61,81,115,105,102,54,54,53,37,44,48,54,5,21,26,,55,82,78,44,32,,24,44,40,44,37,62,65,61,61,54,23,28,59,5,38,,,,34,36,,38,5,4,5,4,3,,27,32,41,,,,,64,80,83,72,82,27,,20,,18,30,21,40,31,34,18,22,56,35,60,,,,,9,19,63,66,24,14,28,,48,39,34,73,77,72,64,70,12,10,12,20,14,16,,26,24,31,29,19,3,66,68,8,,28,12,,72,41,,62,56,54,,59,,73,,31,26,24,17,13,8,67,84,102,91,46,20,28,36,,92,93,,38,58,100,,139,136,73,72,111,85,,79,82,61,65,,,90,61,8,,71,99,85,56,65,134,69,,76,,,72,78,92,85,103,103,110,105,83,,91,112,108,118,123,88,120,122,114,,,100,94,,32,,107,73,83,82,52,53,111,48,46,43,44,102,125,,30,70,10,17,33,26,24,,26,,22,65,50,23,24,10,105,73,18,15,8,37,21,32,,,47,53,21,50,,64,87,79,29,,28,12,,,15,18,19,25,17,20,20,22,24,17,81,28,43,37,49,,49,44,,48,48,45,46,100,95,82,29,32,74,27,46,62,38,44,20,30,88,18,55,16,16,46,24,39,44,32,42,66,,61,48,18,57,72,57,64,74,64,58,44,48,19,35,41,8,70,94,104,26,23,27,42,69,13,11,,,98,27,78,26,28,83,68,5,33,100,53,24,17,66,47,39,50,26,,57,90,80,94,78,57,104,18,21,18,22,21,17,27,18,20,38,22,60,117,45,110,14,20,22,20,20,25,14,22,58,65,72,57,49,62,70,88,78,92,101,60,42,95,14,8,50,87,66,47,36,32,,42,25,16,22,19,31,22,22,84,85,52,55,39,88,91,30,23,40,48,15,32,41,28,8,45,40,24,51,27,31,32,,41,40,42,24,13,22,26,25,17,,26,48,38,24,38,54,38,,40,5,69,58,34,63,86,64,51,19,63,103,37,22,26,18,29,30,43,38,16,24,93,38,41,48,24,23,24,21,22,10,21,23,23,21,20,25,16,24,96,92,91,90,83,72,54,104,51,45,74,112,31,70,37,97,54,77,58,98,43,54,55,64,37,34,22,22,26,28,23,22,17,52,51,49,43,44,86,44,32,31,72,16,41,9,17,43,70,36,80,25,48,54,38,19,23,24,11,12,28,28,22,26,28,55,35,36,13,15,15,74,50,76,74,70,60,59,40,65,61,35,26,55,52,47,51,22,66,50,28,32,41,38,,26,29,56,84,63,20,30,52,50,29,24,23,48,23,47,5,32,82,112,116,132,32,103,84,94,29,32,29,17,70,77,121,93,54,54,53,35,39,77,51,59,53,29,82,53,44,46,69,46,16,38,20,53,45,77,67,50,132,94,115,105,16,21,80,110,66,114,23,67,116,53,83,86,2,67,40,,21,20,94,92,45,53,44,24,25,4,15,26,19,68,72,75,72,41,18,47,18,20,22,,68,50,22,120,72,44,52,72,27,32,45,50,42,66,12,16,6,76,40,35,52,50,15,38,26,47,36,26,59,83,83,32,60,73,49,55,52,34,48,14,52,63,25,21,23,17,33,81
20230729,7,CO,0.7,0.5,0.6,0.6,0.5,0.2,0.3,0.4,0.5,0.4,0.3,0.4,,,0.6,,0.5,0.4,0.7,,0.5,,0.2,0.5,,0.5,0.5,,0.5,0.4,0.4,0.5,0.4,0.4,0.7,,0.4,0.6,,0.7,0.6,0.6,0.3,0.2,,0.2,,0.2,0.4,0.3,0.3,0.3,0.5,0.5,,0.4,0.2,,0.3,0.1,0.5,0.5,0.4,0.5,0.6,0.4,0.8,1,,1,0.3,0.2,0.1,0.4,0.4,,0.5,0.5,0.5,0.5,0.7,,0.5,1.1,0.6,0.7,0.7,0.6,,0.5,0.7,,,0.5,0.5,0.6,0.4,0.6,0.6,0.6,,0.7,0.6,0.6,0.7,0.5,,0.7,0.6,0.1,0.3,0.5,0.4,,0.1,0.5,0.5,0.4,0.6,0.5,0.4,0.3,0.4,0.3,0.5,0.4,0.4,0.5,0.7,0.5,0.5,0.6,0.5,0.4,0.6,0.4,0.9,0.3,0.3,0.5,0.4,0.3,0.4,0.6,0.4,,0.4,0.4,0.3,0.4,0.2,0.3,,0.5,0.4,0.5,0.1,0.2,0.4,0.3,,0.4,0.4,0.4,0.4,0.4,0.5,0.3,0.4,0.4,0.3,0.3,0.3,,,,0.3,0.2,,0.3,0.2,0.3,,,,0.2,,0.7,0.6,,0.6,0.4,0.4,0.2,0.5,0.7,,,,0.4,0.4,,0.6,0.3,0.4,0.3,0.4,,0.6,0.6,0.4,0.6,0.7,0.3,0.3,0.3,,0.3,,0.5,0.4,,0.5,0.6,,0.4,0.5,0.5,,0.6,0.3,0.5,0.6,0.4,0.4,0.3,,,0.4,0.4,0.4,0.4,0.5,0.5,0.4,,0.4,,,0.4,,0.5,0.4,,0.5,0.4,0.4,0.4,0.4,0.3,,0.3,0.4,0.3,0.4,0.3,0.5,0.4,0.4,0.3,0.4,0.5,0.2,0.3,0.3,0.5,0.4,0.4,0.3,,,0.2,0.2,0.4,0.4,,0.2,,0.5,0.3,0.6,,0.5,0.6,0.5,,0.3,0.4,0.4,0.7,,0.8,0.8,0.7,0.5,0.3,,,0.2,0.4,0.4,0.1,0.4,0.3,0.4,0.4,0.4,0.4,0.5,0.4,0.4,0.4,0.6,0.9,0.5,0.3,0.7,0.4,0.4,0.5,,0.5,0.5,0.3,0.5,0.3,0.3,0.4,0.3,0.6,0.4,0.7,0.5,0.8,0.7,,0.6,0.5,0.6,0.6,0.8,0.6,0.8,0.3,0.8,0.6,0.6,0.9,0.6,0.6,,0.6,0.6,0.9,0.5,0.5,0.4,0.3,0.5,0.6,0.7,0.4,0.7,,0.6,0.8,0.6,0.4,0.6,0.4,0.4,0.6,0.5,0.6,0.5,,,0.9,0.8,1.2,0.7,0.8,0.6,0.8,0.7,0.5,0.6,0.5,0.5,0.7,0.5,0.6,0.7,0.6,0.7,0.6,0.8,,0.5,0.5,0.3,0.5,0.3,,1.1,0.9,0.7,0.4,0.6,0.6,0.8,,,1,0.4,1,0.8,1,,0.3,0.4,0.5,0.6,,,0.6,0.7,0.8,0.5,0.2,0.7,0.2,0.6,0.6,0.5,0.4,,0.7,,0.7,0.4,0.6,0.6,0.2,0.3,0.3,0.4,0.1,0.3,0.7,0.7,0.5,0.4,0.8,0.7,0.7,0.4,,0.9,,0.6,0.6,,0.4,,0.7,0.6,,,,,0.6,,,,0.5,0.4,0.3,0.4,0.3,0.4,0.3,,0.3,,0.5,0.4,0.3,0.5,0.7,0.6,0.6,0.5,0.5,0.4,0.3,0.6,0.4,0.5,,0.8,1.2,0.5,0.8,0.6,0.5,0.5,0.6,0.9,,0.5,0.4,0.4,0.5,0.7,0.7,0.4,0.5,0.4,0.3,0.2,0.1,0.4,0.1,0.5,0.6,0.6,,,0.6,,0.1,0.7,0.2,0.3,0.4,,0.3,0.9,,,0.2,0.3,0.3,,,0.4,0.8,0.3,,0.3,0.3,0.3,0.3,0.2,0.6,0.2,0.1,0.3,0.1,,,,0.4,,,0.5,,0.5,0.5,0.3,0.6,0.2,0.3,0.4,0.3,0.2,0.4,,0.1,,,0.7,,0.6,0.6,0.6,0.6,0.5,0.8,0.7,0.6,,0.8,0.5,0.7,0.6,0.8,0.6,0.6,0.6,0.5,0.8,0.6,0.6,0.6,0.7,0.5,0.6,0.5,0.5,0.7,0.9,,0.6,0.4,0.4,,0.5,0.6,,0.5,0.6,0.6,0.6,0.9,,0.7,1.1,,,,0.2,,0.7,,0.8,0.8,1,1.8,0.8,0.7,,0.5,0.7,,1.5,1.1,,1,,0.9,0.7,0.8,,0.7,0.7,0.5,0.4,0.5,,0.4,0.7,0.7,0.8,1.2,0.3,0.6,0.8,0.6,0.4,0.5,0.3,0.8,0.2,1.2,2,0.6,0.6,0.4,0.4,0.5,0.4,0.7,0.5,0.5,0.7,0.5,0.6,0.6,0.6,0.5,0.2,0.3,,0.3,0.4,0.5,0.4,0.5,0.4,0.4,0.5,0.5,0.4,0.4,0.4,0.4,0.4,,0.6,0.6,0.4,,0.4,0.6,0.8,0.6,0.5,,0.6,0.6,0.7,,0.9,,0.7,0.5,0.5,0.4,0.5,0.2,0.1,,,,0.4,,0.6,,0.5,,0.5,,0.4,0.6,0.4,0.7,0.9,,0.8,,0.4,0.3,0.5,0.4,0.6,0.4,,0.5,0.6,0.5,0.5,0.4,0.6,,0.6,,,0.4,0.2,0.3,0.1,0.7,0.5,0.7,0.7,0.6,0.5,0.5,0.6,0.6,0.3,1.4,1,1.3,0.9,0.7,0.4,0.4,0.5,0.5,0.5,0.6,0.7,0.6,0.7,0.6,0.6,,0.6,0.6,0.8,3.8,0.5,0.6,0.7,0.6,,,,,0.4,0.4,,0.5,0.4,0.4,0.3,0.4,0.3,0.2,0.6,0.7,0.6,0.4,0.5,0.8,0.6,,0.8,1.2,,1,0.5,0.9,,0.6,0.5,,0.6,0.2,0.6,0.5,0.5,0.5,0.5,0.3,0.4,0.8,0.9,1,0.9,,0.7,0.8,0.9,0.5,0.3,0.4,0.4,0.2,0.1,,0.3,0.3,0.2,0.2,0.2,,,0.8,,,,,0.4,,,,,,,,,,,,,,,,0.3,,,,,,,,,,,,,,,,,,,,,,,,,,,,,,,,,,,,,,0.5,0.4,0.5,0.5,0.4,0.4,0.4,0.4,0.5,,,,1.2,1,1,1.1,,0.9,0.8,0.7,0.7,0.9,0.7,0.7,,0.6,0.6,1.4,,,1.9,2.1,,0.7,0.6,0.5,,0.5,,0.8,0.5,,,0.5,0.5,,,0.6,0.4,0.6,,,0.4,0.5,0.3,0.4,0.6,0.5,0.5,0.7,0.6,0.8,0.6,0.5,0.3,0.2,0.3,0.5,0.7,1,0.8,0.7,0.8,0.8,0.8,0.8,,0.5,0.3,0.5,,0.3,0.1,0.4,0.5,0.3,0.2,0.1,0.3,0.5,0.6,0.6,0.1,,,0.1,0.4,0.3,0.4,0.1,0.5,,0.4,0.8,1.5,2.3,0.6,0.4,0.5,0.4,0.4,0.4,,,0.9,0.5,0.5,0.3,0.4,0.4,,0.1,0.2,0.2,,0.3,0.2,0.3,,0.3,0.3,0.2,0.3,0.2,0.2,0.3,,0.2,0.2,0.2,0.4,0.2,0.4,0.5,0.6,,0.3,0.3,0.4,0.2,0.3,0.3,,0.5,,0.5,,,,0.1,0.2,0.3,0.4,0.5,0.5,,0.4,,0.3,0.2,0.3,0.7,0.7,,0.6,,0.9,0.8,0.9,,,0.6,0.5,0.5,,0.6,0.5,0.3,,,0.5,0.5,0.2,0.3,0.3,0.2,0.4,0.7,0.4,0.5,0.5,0.8,0.7,0.6,1.2,,0.1,0.3,0.4,,0.5,,1.2,0.6,1,0.9,0.6,0.6,0.7,0.8,0.5,,0.7,0.7,0.6,1.1,1.2,0.9,0.9,1,0.7,0.4,0.8,,0.4,0.4,0.3,,0.6,0.6,0.5,0.5,,0.5,0.3,0.5,,0.6,0.2,0.3,0.5,0.5,,0.4,0.3,0.1,0.3,0.8,0.4,,,0.3,0.2,0.3,0.3,0.4,,0.6,0.4,0.5,0.8,0.4,0.2,0.6,0.5,0.5,0.5,0.6,0.7,,0.5,0.5,0.3,,0.5,0.6,,0.6,0.4,0.5,0.4,,0.6,0.6,0.7,0.7,0.7,0.2,0.7,0.6,1.4,0.8,0.6,0.3,0.3,0.5,0.4,0.1,0.4,0.6,0.6,0.7,0.8,0.7,0.7,0.5,0.5,0.4,0.5,0.7,,0.8,0.6,0.7,0.6,1.3,0.8,0.7,0.5,0.9,0.8,0.8,0.4,,0.7,0.6,0.9,0.7,2.1,0.6,0.6,0.5,0.4,0.7,0.6,0.7,0.7,0.7,0.6,0.5,0.5,0.7,0.6,0.7,0.8,0.7,0.6,0.6,0.9,0.8,,0.4,0.4,0.5,0.3,0.7,,0.4,0.5,0.3,0.2,0.3,0.6,0.5,0.5,0.6,0.6,0.5,0.9,0.9,0.3,0.6,,,,0.5,0.4,,0.5,0.3,0.3,0.3,0.4,0.4,,0.4,0.3,0.5,,,,,0.4,0.4,0.4,0.5,0.4,,,0.4,,0.2,0.3,0.8,0.6,0.7,0.5,0.3,0.6,0.7,0.5,0.6,,,,,0.4,0.3,0.3,0.4,0.3,0.7,0.6,,0.5,0.5,0.4,0.5,0.5,0.7,0.6,0.7,0.7,0.5,0.3,0.6,0.8,0.6,,0.4,0.6,0.5,0.5,0.5,0.4,0.6,0.6,0.7,,0.5,0.3,,0.3,0.5,,0.3,0.3,0.4,,0.3,,0.1,,0.5,0.4,0.6,0.6,0.8,0.5,0.6,0.8,0.6,0.7,0.3,0.5,0.6,0.4,,2.4,0.3,,0.5,0.4,0.4,,0.4,0.6,,0.4,0.5,0.4,,0.4,0.3,0.1,0.1,,,,0.3,0.3,,0.4,0.5,0.6,0.4,0.5,0.4,0.5,,0.5,,,0.3,0.2,0.4,0.3,0.4,0.4,0.1,0.3,0.5,,0.4,0.3,0.4,0.3,0.2,0.3,0.3,0.4,,,,0.7,0.6,,0.4,,0.6,0.3,0.3,0.4,0.7,0.1,0.7,0.8,0.5,0.4,0.5,0.4,0.6,,0.6,0.6,0.3,0.3,0.4,0.4,0.5,,0.4,,0.1,,0.6,0.5,1.3,0.8,0.7,0.3,0.1,0.5,0.8,0.4,0.4,0.3,,,0.9,0.3,0.4,0.3,,0.7,0.5,0.5,0.6,,0.3,0.5,,,0.3,0.6,0.4,0.3,0.4,0.2,0.8,0.5,0.3,0.5,0.5,0.5,0.7,0.6,1.2,,0.4,0.5,,0.6,0.6,0.3,0.4,0.3,0.7,0.3,,0.5,0.9,0.7,0.3,0.3,0.6,0.7,3.4,,0.8,0.3,0.3,0.5,0.2,0.5,0.8,0.2,0.6,0.5,0.6,0.3,,0.2,0.2,0.7,0.4,0.4,0.5,0.5,0.6,0.6,0.1,0.4,0.3,0.2,0.5,0.9,0.3,0.6,0.3,0.6,0.3,0.6,0.4,0.6,0.4,0.6,0.5,,,0.7,0.2,0.3,0.6,0.3,0.1,0.5,0.3,0.4,0.3,0.6,0.4,0.5,0.5,0.7,0.4,0.5,0.3,,0.9,0.6,0.4,0.4,0.6,0.3,0.8,0.4,0.5,0.4,0.4,0.6,0.4,0.5,0.5,0.5,0.4,1,0.6,0.6,0.6,0.6,0.3,0.3,0.4,0.4,0.5,0.2,0.4,0.4,0.5,0.7,0.6,0.7,0.3,,0.7,0.5,0.6,0.8,0.5,0.6,0.6,0.9,0.7,0.6,0.5,0.9,0.6,0.1,0.1,0.3,,0.3,0.4,0.3,0.4,0.5,0.6,0.4,0.5,0.4,0.5,0.5,0.1,0.2,0.7,0.5,1.1,0.6,0.8,0.5,0.4,0.6,0.8,0.7,0.6,0.6,0.7,0.6,0.5,0.4,0.4,0.5,,0.5,0.4,1.7,0.3,0.4,0.1,0.1,0.2,0.1,,0.3,0.5,0.5,0.4,0.6,,0.7,,0.4,0.2,0.5,0.5,0.7,0.6,0.6,0.6,0.5,0.5,0.6,0.6,0.7,0.5,0.3,0.5,0.7,0.4,0.5,0.3,1,0.3,0.6,0.4,0.9,0.5,0.6,0.7,0.3,0.5,0.4,0.6,0.5,0.4,0.6,0.4,0.3,0.5,0.4,0.1,0.2,0.3,0.2,0.9,0.2,0.5,0.3,0.6,0.6,0.4,0.5,0.4,0.6,0.6,0.4,0.7,0.9,0.5,0.4,0.4,0.1,0.3,0.4,1,1.1,0.3,0.2,0.3,0.3,0.4,0.5,0.6,0.4,0.4,0.7,0.2,0.2,0.3,0.3,0.4,0.3,2.5,0.5,0.6,0.4,0.7,0.8,0.5,0.5,0.4,0.5,0.9,0.6,0.6,0.2,0.4,0.5,0.7,0.3,0.4,0.7,0.3,0.2,0.1,0.4,0.2,,0.4,0.5,0.4,0.4,0.2,0.3,0.4,0.5,0.4,0.9,0.5,,0.2,0.6,0.3,0.4,0.7,0.5,0.7,0.5,0.4,0.4,0.4,0.4,0.5,0.8,0.5,,0.4,0.5,0.4,0.4,0.4,0.7,0.7,0.6,0.8,0.4,0.5,0.4,,0.4,0.5,0.6,0.9,0.6,0.9,0.5,0.4,0.7,0.7,0.5,0.4,0.5,1.2,0.8,0.7,0.3,0.9,0.3,0.4,0.4,0.5,0.4,0.5,0.5,0.5,0.5,0.4,0.5,0.4,0.6,0.2,0.2,0.3,0.4,0.6,0.8,0.8,0.4,1,0.8,0.5,1,0.7,0.1,0.2,0.6,0.6,0.5,0.7,0.6,0.8,1.2,0.5,0.4,0.8,0.8,0.8,0.9,0.9,0.4,0.7,0.6,,0.6,0.2,0.5,0.5,0.5,0.6,0.4,0.5,0.2,0.3,,0.5,0.4,0.4,0.4,0.9,0.4,0.5,0.5,0.4,0.5,0.5,0.3,,1.1,0.4,0.5,0.2,1.8,1.4,0.2,1.5,0.3,0.3,1.1,0.4,1,1.4,0.5,0.3,0.8,1.2,0.5,0.5,0.3,0.2,0.8,0.7,0.3,0.6,0.5,0.4,0.6,0.6,0.3,0.3,0.2,0.3,0.2,0.5,0.3,0.3,0.5,0.3,,0.6,0.6,0.4,0.5,0.1,0.5,0.3
20230729,7,CO_24h,0.7,0.4,0.6,0.5,0.5,0.3,0.4,0.3,0.4,0.4,0.4,0.4,,,0.7,,0.7,0.6,0.8,,0.7,,0.3,0.7,,0.6,0.7,,0.5,0.4,0.4,0.5,0.4,0.4,0.7,,0.7,0.8,,0.9,0.8,0.6,0.1,0.3,,0.3,,0.4,0.5,0.5,0.2,0.2,0.5,0.4,,0.3,0.3,,0.3,0.2,0.6,0.6,0.5,0.6,0.5,0.5,0.4,0.5,,0.5,0.4,0.3,0.2,0.5,0.5,,0.5,0.4,0.5,0.5,0.8,,0.5,0.7,0.8,0.9,0.6,0.6,,0.5,0.7,,,0.5,0.5,0.5,0.4,0.4,0.6,0.5,,0.5,0.5,0.6,0.6,0.4,,0.4,0.5,0.1,0.3,0.5,0.4,,0.1,0.5,0.5,0.3,0.5,0.5,0.4,0.3,0.4,0.3,0.6,0.6,0.4,0.4,0.6,0.6,0.5,0.7,0.4,0.5,0.6,0.5,0.9,0.3,0.4,0.5,0.4,0.3,0.4,0.6,0.4,,0.4,0.4,0.3,0.4,0.2,0.4,0.1,0.5,0.4,0.4,0.2,0.3,0.4,0.3,,0.4,0.4,0.4,0.4,0.5,0.5,0.3,0.3,0.4,0.3,0.3,0.2,,,,0.4,0.2,,0.3,0.2,0.3,,,,0.4,,0.7,0.6,,0.6,0.5,0.4,0.2,0.6,0.6,,,,0.5,0.5,,0.5,0.7,0.6,0.3,0.4,,0.5,0.6,0.4,0.6,0.7,0.3,0.3,0.3,,0.3,,0.5,0.4,,0.5,0.6,,0.4,0.5,0.5,,0.6,0.4,0.5,0.6,0.4,0.4,0.3,,,0.4,0.4,0.4,0.4,0.4,0.4,0.4,,0.4,,,0.4,,0.5,0.4,,0.4,0.4,0.3,0.3,0.4,0.3,,0.4,0.4,0.3,0.4,0.3,0.5,0.4,0.4,0.3,0.4,0.5,0.3,0.3,0.3,0.5,0.4,0.4,0.3,,,0.2,0.2,0.4,0.4,,0.2,,0.5,0.3,0.6,,0.5,0.5,1,,0.4,0.4,0.2,0.5,,0.6,0.5,0.5,0.5,0.3,,,0.2,0.4,0.4,0.2,0.5,0.3,0.4,0.4,0.4,0.4,0.4,0.4,0.4,0.4,0.5,0.8,0.6,0.5,0.7,0.5,0.5,0.6,,0.5,0.6,0.3,0.5,0.3,0.3,0.4,0.2,0.5,0.4,0.6,0.4,0.5,0.6,,0.6,0.4,0.6,0.6,0.7,0.5,0.7,0.3,0.8,0.6,0.7,0.9,0.6,0.6,,0.6,0.6,0.8,0.5,0.5,0.5,0.3,0.5,0.4,0.6,0.3,0.6,,0.5,0.6,0.5,0.4,0.5,0.3,0.4,0.5,0.5,0.5,0.4,,,0.9,0.6,0.8,0.6,0.7,0.5,0.8,0.7,0.5,0.5,0.4,0.5,0.9,0.7,0.9,0.8,0.7,0.8,0.8,0.9,,0.4,0.5,0.4,0.4,0.2,,0.8,1.1,0.6,0.5,0.7,0.7,0.7,,,1,0.4,0.9,0.8,1,,0.3,0.4,0.4,0.5,,,0.5,0.6,0.7,0.6,0.3,0.7,0.4,0.6,0.6,0.4,0.5,,0.7,0.6,0.5,0.4,0.6,0.6,0.2,0.3,0.3,0.2,0.1,0.2,0.6,0.7,0.6,0.5,0.6,0.7,0.5,0.5,,0.7,,0.6,0.6,,0.4,,0.4,0.5,,,,,0.6,,,,0.5,0.5,0.5,0.4,0.3,0.4,0.3,,0.3,,0.4,0.2,0.3,0.4,0.5,0.5,0.4,0.3,0.5,0.5,0.3,0.5,0.4,0.5,,0.7,0.8,0.5,0.8,0.6,0.5,0.5,0.5,0.8,,0.5,0.4,0.5,0.5,0.6,0.7,0.5,0.5,0.4,0.3,0.2,0.1,0.4,0.1,0.4,0.6,0.6,,,0.6,,0.1,0.7,0.1,0.3,0.6,,0.4,0.6,,,0.2,0.3,0.3,0.1,,0.2,0.2,0.2,,0.2,0.3,0.4,0.3,0.2,0.6,0.1,0.1,0.3,0.1,,,,0.3,,,0.5,,0.5,0.3,0.3,0.3,0.1,0.3,0.4,0.2,0.2,0.4,,,,,0.6,,0.5,0.4,0.6,0.6,0.5,0.7,0.7,0.6,,0.7,0.6,0.7,0.6,0.7,0.6,0.7,0.7,0.6,0.9,0.6,0.6,0.6,0.6,0.5,0.6,0.5,0.5,0.6,0.8,,0.6,0.4,0.4,,0.5,0.5,,0.5,0.6,0.6,0.5,0.8,,0.6,0.8,,,0.2,0.2,,0.6,,0.6,0.6,0.6,0.6,0.7,0.7,,0.7,0.8,,1.2,0.9,,0.9,,0.9,0.8,0.9,,0.8,0.8,0.4,0.3,0.3,,0.5,0.9,0.8,0.7,1,0.5,0.6,0.6,0.6,0.4,0.6,0.4,0.7,0.3,1,1.7,0.7,0.6,0.6,0.4,0.5,0.4,0.7,0.5,0.5,0.7,0.5,0.6,0.6,0.6,0.6,0.3,0.3,,0.3,0.4,0.4,0.3,0.4,0.3,0.3,0.4,0.4,0.3,0.3,0.4,0.4,0.5,,0.6,0.5,0.4,,0.4,0.5,0.7,0.4,0.7,,0.8,0.6,0.7,,0.9,,0.6,0.5,0.5,0.4,0.6,0.4,0.3,,,,0.3,,0.6,,0.5,,0.7,,0.3,0.6,0.3,0.6,0.5,,0.6,,0.5,0.4,0.5,0.4,0.5,0.4,,0.6,0.7,0.5,0.5,0.5,0.3,,0.6,,,0.3,0.2,0.3,0.2,0.7,0.5,0.6,0.5,0.5,0.5,0.6,0.6,0.7,0.3,0.9,0.8,0.8,1.3,0.6,0.4,0.3,0.5,0.6,0.5,0.6,0.6,0.5,0.6,0.6,0.6,,0.8,0.7,1,2.6,0.4,0.6,0.6,0.5,,,,,0.4,0.4,,0.5,0.4,0.3,0.2,0.3,0.3,0.2,0.6,0.7,0.5,0.3,0.5,0.7,0.5,,0.6,0.8,,0.9,0.4,0.7,,0.6,0.5,,0.7,0.3,0.6,0.5,0.4,0.4,0.4,0.4,0.5,0.5,0.6,0.7,0.5,,0.5,0.6,0.4,0.5,0.6,0.4,0.3,0.2,0.1,,0.3,0.3,0.3,0.2,0.2,,,0.4,,,,,0.3,,,,,,,,,,,,,,,,0.2,,,,,,,,,,,,,,,,,,,,,,,,,,,,,,,,,,,,,,0.3,0.4,0.5,0.5,0.5,0.4,0.4,0.4,0.4,,,,1,0.9,0.8,0.9,,0.8,0.7,0.5,0.5,0.6,0.5,0.6,,0.6,0.6,0.8,,,1,1,,0.7,0.6,0.5,,0.5,,0.7,0.5,,,0.5,0.5,,,0.5,0.4,0.5,,,0.4,0.4,0.3,0.3,0.5,0.5,0.5,0.7,0.6,0.3,0.6,0.6,0.4,0.3,0.4,0.7,0.6,0.7,0.6,0.7,0.8,0.8,0.8,0.8,,0.4,0.2,0.6,,0.3,0.1,0.5,0.5,0.4,0.3,0.1,0.2,0.5,0.5,0.6,0.1,,,,0.4,0.3,0.4,0.1,0.4,,0.4,0.4,0.6,0.8,0.4,0.3,0.5,0.5,0.5,0.4,,,0.8,0.5,0.4,0.4,0.4,0.4,,0.1,0.3,0.3,,0.3,0.2,0.3,,0.3,0.2,0.2,0.3,0.2,0.2,0.3,,0.1,0.2,0.2,0.4,0.2,0.4,0.5,0.6,,0.4,0.3,0.4,0.2,0.2,0.3,,0.5,,0.5,,,,0.1,0.2,0.3,0.4,0.5,0.5,,0.4,,0.3,0.3,0.3,0.6,0.7,0.5,0.6,,0.8,0.7,0.8,,,0.5,0.5,0.5,,0.5,0.4,0.3,,,0.7,0.5,0.2,0.3,0.3,0.2,0.4,0.4,0.4,0.3,0.6,0.8,0.5,0.4,0.9,,0.3,0.4,0.4,0.4,0.4,,1.1,0.6,0.9,0.9,0.6,0.6,0.6,0.7,0.5,,0.6,0.7,0.6,0.9,1.1,0.9,0.9,1,0.6,0.4,0.7,,0.9,0.5,0.4,,0.6,0.6,0.6,0.5,,0.4,0.3,0.4,,0.5,0.2,0.3,0.4,0.4,,0.3,0.3,0.2,0.3,0.8,0.3,0.4,,0.3,0.2,0.3,0.3,0.5,,0.6,0.4,0.6,0.8,0.4,0.3,0.6,0.5,0.6,0.5,0.5,0.5,,0.5,0.5,0.3,,0.5,0.5,,0.5,0.4,0.5,0.5,,0.5,0.5,0.6,0.7,0.5,0.2,0.6,0.6,0.6,0.9,0.6,0.3,0.3,0.6,0.4,0.2,0.4,0.6,0.6,0.7,0.7,0.7,0.5,0.5,0.4,0.4,0.5,0.7,0.5,0.6,0.5,0.7,0.6,0.9,0.7,0.5,0.5,0.5,0.6,1.3,0.3,0.5,0.6,0.6,0.8,0.7,1.1,0.6,0.4,0.5,0.4,0.7,0.7,0.7,0.7,0.8,0.7,0.6,0.6,0.7,0.6,0.8,0.8,0.6,0.6,0.5,0.7,0.7,,0.4,0.4,0.5,0.3,0.6,,0.3,0.5,0.3,0.2,0.2,0.4,0.4,0.4,0.5,0.5,0.4,0.6,0.7,0.2,0.4,,,,0.4,0.4,,0.4,0.2,0.3,0.2,0.3,0.4,,0.5,0.4,0.5,,,,,0.4,0.4,0.4,0.4,0.3,,,0.5,,0.3,0.3,0.7,0.7,0.8,0.8,0.3,0.6,0.7,0.5,0.5,,,,,0.3,0.3,0.3,0.4,0.3,0.5,0.5,,0.4,0.5,0.4,0.3,0.2,0.7,0.6,0.6,0.7,0.5,0.3,0.5,0.7,0.7,,0.5,0.4,0.4,0.6,0.5,0.4,0.6,0.6,0.8,,0.4,0.3,,0.4,0.5,,0.3,0.3,0.5,,0.3,,0.1,,0.5,0.4,0.5,0.6,0.7,0.5,0.6,0.8,0.7,0.7,0.3,0.4,0.5,0.4,,1,0.4,,0.5,0.5,0.4,,0.3,0.5,0.2,0.4,0.4,0.4,,0.4,0.3,0.1,,,,0.2,0.4,0.1,,0.4,0.5,0.5,0.4,0.5,0.4,0.5,,0.5,,,0.3,0.2,0.4,0.3,0.4,0.4,0.3,0.6,0.5,,0.3,0.3,0.4,0.3,0.2,0.3,0.3,0.4,0.4,,,0.5,0.4,,0.4,,0.7,0.3,0.3,0.4,1,0.1,0.6,0.7,0.7,0.7,0.7,0.4,0.6,,0.6,0.6,0.4,0.5,0.4,0.4,0.5,,0.4,,0.1,0.3,0.5,0.4,0.9,0.8,0.9,0.3,0.2,0.6,0.6,0.4,0.4,0.3,,,0.5,0.3,0.4,0.5,,0.5,0.5,0.5,0.5,,0.3,0.4,,,0.3,0.5,0.3,0.3,0.4,0.2,0.8,0.5,0.2,0.5,0.5,0.6,0.6,0.6,1,,0.5,0.5,,0.5,0.6,0.3,0.3,0.2,0.5,0.4,,0.6,0.5,0.7,0.3,0.3,0.8,0.7,0.8,,0.6,0.4,0.3,0.6,0.2,0.6,0.8,0.2,0.6,0.5,0.5,0.3,,0.3,0.1,0.8,0.4,0.4,0.4,0.5,0.5,0.5,0.2,0.4,0.3,0.6,0.5,0.6,0.4,0.5,0.5,0.6,0.3,0.5,0.2,0.5,0.5,0.5,0.4,,,0.5,0.3,0.4,0.7,0.3,0.1,0.5,0.4,0.2,0.3,0.5,0.3,0.5,0.5,0.9,0.4,0.5,0.3,,0.9,0.5,0.5,0.5,0.5,0.3,0.4,0.4,0.5,0.4,0.4,0.6,0.4,0.5,0.5,0.5,0.4,0.7,0.6,0.5,0.6,0.5,0.5,0.3,0.4,0.4,0.6,0.2,0.4,0.4,0.5,0.7,0.6,0.6,0.2,0.5,0.6,0.5,0.6,0.8,0.5,0.5,0.5,0.9,0.6,0.6,0.4,0.8,0.5,0.1,0.4,0.4,,0.4,0.5,0.4,0.4,0.6,0.6,0.4,0.4,0.5,0.5,0.4,0.1,0.2,0.7,0.5,0.6,0.3,0.6,0.5,0.4,0.6,0.7,0.7,0.6,0.5,0.8,0.5,0.4,0.5,0.5,0.4,,0.6,0.4,0.6,0.3,0.5,0.2,,0.2,0.2,,0.3,0.6,0.6,0.4,0.7,0.8,0.7,,0.4,0.2,0.5,0.5,0.5,0.5,0.6,0.7,0.5,0.5,0.7,0.7,0.7,0.5,0.3,0.5,0.7,0.5,0.6,0.5,0.9,0.4,0.5,0.3,0.5,0.6,0.6,0.6,0.3,0.5,0.3,0.8,0.5,0.4,0.6,0.4,0.3,0.5,0.4,0.1,0.2,0.3,0.3,0.5,0.2,0.4,0.4,0.6,0.6,0.4,0.5,0.5,0.5,0.7,0.4,0.7,0.8,0.5,0.4,0.4,0.2,0.4,0.4,0.7,0.9,0.4,0.3,0.3,0.3,0.4,0.5,0.6,0.4,0.4,0.6,0.3,0.3,0.6,0.4,0.4,0.3,1,0.4,0.6,0.4,0.7,0.7,0.4,0.4,0.5,0.5,0.8,0.5,0.5,0.2,0.4,0.5,0.7,0.3,0.4,0.4,0.3,,0.1,0.4,0.2,0.5,0.3,0.5,0.3,0.4,0.3,0.2,0.4,0.5,0.4,0.5,0.5,0.3,0.2,0.6,0.3,0.4,0.7,0.6,0.6,0.6,0.4,0.4,0.4,0.4,0.4,0.6,0.6,,0.4,0.5,0.3,0.3,0.5,0.7,0.6,0.5,0.8,0.5,0.5,0.4,0.4,0.4,0.5,0.5,0.6,0.6,1.1,0.9,0.6,0.7,0.7,0.5,0.6,0.9,1.4,1.1,1,0.3,0.9,0.2,0.3,0.3,0.3,0.3,0.4,0.3,0.5,0.4,0.4,0.4,0.7,0.5,0.2,0.5,0.3,0.3,0.4,0.7,0.8,0.4,0.6,0.5,0.4,0.6,0.6,0.1,0.2,0.7,0.7,0.4,0.5,0.6,0.8,1,0.4,0.3,0.8,0.8,0.7,0.7,0.8,0.4,0.6,0.6,,0.6,0.2,0.5,0.5,0.5,0.4,0.5,0.5,0.2,0.4,0.2,0.4,0.3,0.4,0.3,0.7,0.4,0.5,0.6,0.4,0.6,0.5,0.4,,0.6,0.4,0.5,0.2,1,1.2,0.3,1,0.4,0.3,0.6,0.4,0.6,0.7,0.5,0.3,0.6,1.1,0.5,0.5,0.4,0.2,1,0.9,0.4,0.4,0.5,0.4,0.6,0.5,0.5,0.3,0.5,0.3,0.2,0.6,0.3,0.3,0.5,0.3,0.5,0.6,0.5,0.4,0.5,0.1,0.6,0.4
20230729,8,AQI,37,44,32,38,29,34,28,40,39,62,33,48,,,8,,9,13,12,,11,,15,9,,10,12,,35,53,44,32,44,50,34,,30,30,,37,23,8,20,15,,20,,26,15,14,35,46,45,49,,49,14,,25,28,30,50,48,37,46,46,47,43,,51,15,16,18,13,16,,32,25,30,32,51,,34,48,55,54,49,47,,34,34,,,39,28,43,34,35,29,27,,30,20,30,16,25,,31,9,10,10,9,18,10,8,8,14,8,29,32,26,22,24,17,19,26,,24,18,27,24,39,28,37,27,,,14,32,46,19,20,18,10,21,,16,18,17,19,9,9,10,9,9,11,12,9,10,38,,16,17,13,15,16,13,11,10,,5,7,24,,,,19,22,,27,15,19,,,,15,,19,10,10,10,12,13,9,12,14,,,,15,10,,14,14,13,12,15,,18,17,22,17,20,24,22,19,,24,,21,24,,13,14,,13,11,12,,12,22,11,11,15,15,9,,,13,10,14,13,17,22,16,,12,,,10,,12,12,,16,23,22,20,15,22,,13,14,16,11,13,11,16,11,14,22,20,9,12,19,19,19,16,17,,,,19,20,17,,11,,11,12,11,,16,14,19,,12,19,20,20,,19,17,25,20,20,,,22,17,22,39,19,17,18,,11,8,22,15,22,28,13,14,16,15,16,18,13,10,,29,13,15,15,14,17,33,14,15,42,17,20,27,32,,39,39,33,27,29,17,22,18,17,34,25,31,22,22,,22,52,20,22,27,20,28,,34,31,35,28,,31,53,40,30,46,,24,25,30,28,24,,,31,34,37,42,20,19,28,26,33,,30,33,38,30,,33,32,37,21,38,,34,36,37,29,23,,60,42,31,23,30,23,25,,,41,38,30,39,23,,27,26,35,32,,,42,20,24,18,19,22,24,27,29,29,24,,20,,18,16,28,20,,26,18,14,23,20,36,19,69,18,33,19,41,19,,52,,19,32,,33,,37,33,,,,,23,,,,37,41,84,64,128,76,64,,70,24,20,22,16,24,28,30,28,28,24,22,28,22,18,36,,52,55,33,41,41,35,36,48,52,,10,11,13,15,15,16,19,14,12,11,18,17,19,20,20,23,30,,,10,,,10,10,14,13,,18,24,,,19,6,8,10,,16,19,10,,20,20,,7,17,7,12,6,5,,,,,17,,,28,,24,22,12,24,22,27,,,9,10,,18,,,37,,33,48,30,22,27,23,25,25,,35,62,60,55,48,32,25,20,18,20,20,28,31,22,22,22,18,19,18,32,,34,,30,,28,29,,19,22,19,20,21,,40,28,,,,16,,89,,52,47,56,56,35,36,,35,35,,72,65,,82,,40,42,54,,54,52,32,32,35,,12,10,10,20,13,14,27,23,26,25,32,16,,32,17,39,10,,32,25,15,20,28,32,18,19,19,29,20,16,37,19,36,,22,31,28,27,27,26,31,20,24,30,25,15,16,14,,13,15,15,,11,10,16,13,11,,13,18,14,,20,,20,12,15,28,13,9,12,,,,23,,19,,12,,14,,13,9,15,36,63,,40,,29,27,21,24,15,22,,23,10,14,11,23,11,,25,,,22,27,23,30,13,29,38,45,26,21,,25,21,35,40,43,38,48,26,14,18,10,20,28,24,27,33,34,32,27,,20,16,30,45,17,26,29,18,,,,,15,25,,20,16,20,30,22,27,,17,23,23,30,12,29,28,,37,39,,22,23,30,,20,28,,25,11,14,13,15,14,16,,15,53,68,53,55,,64,59,148,24,28,27,30,37,38,,45,28,41,43,63,,,44,,,,,24,,,,,,,,,,,,,,,,12,,,,,,,,,,,,,,,,,,,,,,,,,,,,,,,,,,,,,,31,10,,14,18,12,17,14,12,,,,29,47,21,27,,35,54,70,56,65,69,39,,45,49,65,,,58,73,,40,43,41,,38,,57,42,,,45,19,,,26,34,46,,,20,27,36,35,33,30,35,30,33,22,29,35,10,13,14,19,28,19,24,16,36,22,13,50,,28,25,16,,10,8,18,25,21,18,23,26,21,56,22,21,,,25,22,16,25,21,30,29,22,27,26,15,39,23,29,26,26,43,,,29,15,26,15,26,26,,12,27,23,,29,22,22,,,17,25,26,16,18,18,,13,15,17,25,,15,15,10,,7,25,,15,,9,,10,,9,,,,11,12,10,12,13,12,,12,,14,16,13,35,42,,28,,17,15,21,,,21,15,15,,26,16,18,,,13,23,22,79,13,26,11,19,26,25,25,18,31,29,30,,14,19,24,,20,,32,22,21,20,37,36,29,30,22,,21,,22,17,12,24,12,10,34,16,22,,13,8,19,,11,7,,33,,28,25,16,,18,18,29,12,10,,13,15,13,15,12,12,,,21,19,12,20,16,,15,,14,23,20,27,18,14,20,16,16,19,,15,15,18,,11,10,,22,19,23,38,,13,10,15,25,28,18,23,,39,22,20,29,46,,36,45,30,30,39,26,28,32,27,33,28,33,25,52,,93,49,19,23,38,51,32,26,48,28,31,32,,28,31,62,56,45,60,23,26,17,23,24,28,20,20,20,21,42,20,28,24,32,30,51,43,31,50,,38,28,24,14,15,,18,22,18,15,35,32,28,27,23,63,31,24,28,22,24,,,,42,33,,40,,20,22,,29,,13,20,16,,,,,27,13,20,15,20,59,,24,,9,16,19,15,20,31,22,16,18,23,15,,,,,31,20,21,17,45,14,18,,20,9,22,15,22,16,20,15,35,25,21,37,29,29,,43,48,33,31,12,8,17,16,23,,27,15,,18,10,,13,13,25,,46,,25,,6,9,26,27,34,28,25,28,31,31,16,35,22,12,,62,21,,13,26,52,,44,50,,20,168,153,,26,27,37,32,,,,32,56,,25,25,30,28,14,39,19,,19,,,,21,29,25,112,99,71,71,35,,67,45,41,21,27,76,91,89,,,,31,23,,31,,35,56,59,77,18,14,32,25,7,9,9,55,37,,41,22,17,15,10,12,11,,10,,14,,25,18,34,29,179,38,14,26,21,34,11,15,,,53,16,27,9,,32,32,29,21,,18,8,,,24,15,17,19,17,22,23,27,22,12,16,42,29,29,64,,9,35,,22,22,18,12,30,46,32,20,43,,27,12,19,8,9,53,12,60,17,18,22,42,26,24,12,14,18,16,25,,26,8,24,20,18,27,23,30,20,12,21,28,17,25,18,17,35,15,,16,12,14,22,18,23,15,,,45,27,10,12,19,22,28,22,39,39,12,39,,37,13,20,19,16,,15,38,38,36,24,32,123,16,20,17,17,15,7,13,21,22,37,54,37,48,54,40,13,15,14,12,14,23,18,21,22,,32,34,36,,35,22,23,23,23,37,42,36,25,29,24,30,45,31,12,10,,8,12,10,18,15,9,14,16,14,15,31,23,15,19,22,17,26,22,21,24,23,39,35,36,26,33,42,14,23,13,33,,32,16,29,18,11,17,,9,22,,12,20,19,9,15,,30,,18,34,22,16,20,30,26,28,31,44,22,22,30,10,25,12,10,15,14,,42,17,39,30,39,41,11,10,18,12,19,13,14,13,10,13,9,33,16,17,57,70,71,90,69,50,18,25,16,20,18,20,28,24,20,30,29,21,29,41,26,11,17,38,50,8,11,12,,11,15,13,25,8,21,10,9,7,28,12,7,38,34,20,15,24,24,28,29,15,30,29,36,29,29,15,17,7,22,13,20,15,22,9,22,10,,26,12,9,5,22,30,33,19,17,36,20,,15,19,16,25,22,20,39,34,33,19,14,44,27,19,21,,18,22,30,16,23,21,32,21,22,16,12,11,,12,15,57,42,27,38,36,36,55,53,50,53,16,45,30,38,23,20,53,36,,59,59,52,56,48,60,23,11,19,54,13,14,22,45,45,39,30,22,51,42,36,52,35,40,90,58,44,20,30,52,42,20,39,28,18,28,22,35,29,32,32,47,,14,26,13,19,21,27,21,19,12,10,12,8,31,17,20,28,30,19,17,15,48,12,18,,36,14,29,81,64,57,20,62,33,47,60,36,53,54,32,22,18,52,20,17,18,12,37,31,36,36,38,36,31,48,22,24,13,39,19,54,20,10,28,22,10,18,31,18,14,17,13,42
20230729,8,PM2.5,21,24,17,18,20,18,12,20,21,44,18,24,,,2,,2,4,8,,5,,3,3,,7,8,,20,26,22,19,18,22,11,,17,21,,25,16,5,8,10,,14,,,2,,22,21,19,22,,34,2,,6,11,21,26,8,11,15,14,25,30,,26,10,7,12,9,11,,14,17,18,22,35,,22,33,38,36,34,28,,16,16,,,17,19,16,14,24,11,11,,11,8,12,8,15,,15,,2,,1,2,,2,2,2,2,13,11,11,10,11,11,10,10,12,12,12,10,3,18,11,12,12,,13,8,15,7,5,6,6,7,5,,3,5,2,2,2,2,,2,2,3,2,5,7,26,,8,8,7,9,6,8,1,5,2,1,,7,,,,8,14,,9,10,12,,,,10,,5,5,2,5,5,9,5,2,4,,,,6,5,,6,8,8,5,9,,9,6,8,5,6,6,7,13,,11,,12,11,,6,7,,5,7,8,,7,8,6,5,7,7,6,,,7,5,3,9,8,6,11,,6,,,7,,3,6,,11,11,10,4,6,5,,5,4,6,6,8,5,5,4,7,7,14,2,8,12,7,9,7,6,2,,,,,1,,2,,2,5,,,11,5,13,,1,10,2,10,,12,5,17,12,14,,,9,5,2,9,10,5,12,,4,3,12,8,6,19,4,7,7,10,6,12,9,5,,12,2,7,6,6,9,5,4,7,29,8,9,2,22,,20,22,23,10,13,8,13,12,,7,5,13,2,9,,6,12,2,6,17,14,19,,14,18,16,19,,16,9,26,19,23,,15,17,12,19,7,,,18,20,19,28,11,13,19,18,13,19,21,23,26,21,26,23,22,20,14,26,,16,20,14,16,14,,28,29,17,10,21,6,12,,,23,26,14,18,16,,17,3,21,14,,,22,12,5,12,2,7,2,9,19,12,,,14,,11,11,17,14,6,10,6,8,5,4,24,13,50,8,20,13,24,7,,25,,8,18,,5,,25,22,,,,,9,,,,25,15,25,36,97,38,5,,37,12,4,13,8,2,6,8,5,7,12,12,5,9,5,15,,35,39,18,14,19,17,17,24,19,,4,5,5,10,10,11,13,5,6,4,8,5,4,5,4,10,9,,,7,,8,7,7,2,9,,12,16,,,13,3,5,2,,9,9,7,,14,9,,2,10,,7,3,1,,,,,6,,,7,,7,9,8,6,6,12,7,,5,2,,12,,,17,,22,26,21,8,9,6,11,12,,24,44,43,39,26,22,17,14,5,14,8,17,13,11,10,11,5,4,10,22,,18,18,15,,19,20,,8,7,8,14,11,,16,19,,,,11,,66,,36,18,29,26,9,17,,14,6,,52,45,,60,,25,25,25,,38,27,16,13,10,,4,4,4,4,5,5,5,12,17,10,16,10,,10,5,20,5,5,20,15,,14,12,12,12,13,10,12,13,11,19,2,12,,4,7,8,9,6,5,21,12,14,18,9,7,8,9,,9,6,10,,5,2,3,5,3,,,8,2,,14,,14,8,10,19,6,,3,,,,16,,4,,2,,7,,9,3,2,24,19,,22,,5,14,9,5,8,14,,16,7,3,6,16,6,,17,,,9,13,10,17,3,14,24,21,16,5,2,14,12,24,28,28,26,25,14,8,12,7,14,10,13,15,16,22,20,17,,2,8,21,25,6,15,7,,,,,,10,12,,14,9,2,11,5,12,,6,7,10,9,8,14,17,,21,27,,14,16,17,,13,17,,17,4,3,6,5,7,6,3,5,34,49,37,34,,10,26,75,12,19,18,21,3,2,,13,3,12,14,6,,,20,,,,,7,,,,,,,,,,,,,,,,,,,,,,,,,,,,,,,,,,,,,,,,,,,,,,,,,,,,,,4,,,5,10,8,,5,2,,,1,12,12,12,7,,21,29,32,33,32,33,22,,31,29,47,,,41,53,,16,30,25,,26,,24,18,,,21,13,,,18,13,32,,,10,14,16,8,23,12,12,21,9,6,19,15,5,5,8,8,12,9,8,11,15,14,1,18,,16,17,9,,,,2,17,12,12,3,10,10,19,4,9,,,4,6,8,7,12,12,8,3,4,7,10,17,8,7,9,10,6,,,1,7,10,9,16,18,,8,8,7,,12,9,4,,11,4,17,18,6,9,11,,2,7,8,7,6,9,10,7,,4,4,1,8,6,5,,2,,6,,,,1,,3,8,1,1,,7,,8,7,8,9,4,,10,35,8,10,13,20,,8,10,7,18,18,11,12,2,,1,16,15,58,9,2,2,5,14,12,15,12,15,12,20,,9,2,3,,2,,11,15,14,12,14,25,20,21,11,,11,,12,7,5,4,8,4,16,6,4,,1,4,6,,,,,23,,19,17,8,,7,12,20,7,7,,6,8,3,5,8,7,,,9,10,8,,3,,3,,3,12,14,11,12,3,14,6,1,1,,10,9,11,,5,3,,14,13,16,26,,9,7,10,17,16,9,16,,27,8,13,20,20,,25,31,8,21,12,18,12,17,9,9,18,23,16,36,,69,33,6,16,21,32,22,11,26,19,19,20,,8,8,33,23,31,27,16,18,5,2,11,11,12,10,11,7,18,14,12,12,17,17,22,26,20,25,,26,18,15,4,6,,2,6,5,9,4,22,19,12,16,45,18,13,19,14,6,,,,29,21,,24,6,5,5,3,5,,8,9,7,,,,,8,2,11,7,5,8,,16,,6,11,5,6,11,11,15,11,7,7,8,,,,,14,5,7,8,21,5,10,,14,3,4,9,15,5,12,6,14,5,9,20,20,20,,30,33,23,18,6,5,9,2,16,,12,7,,11,5,,2,5,10,,13,,,,3,4,10,13,10,13,17,13,14,15,5,16,5,8,,9,5,,9,9,20,,10,20,,6,91,56,,7,2,21,14,,,,15,29,,17,7,16,15,2,6,11,,13,,,6,4,6,4,48,54,23,26,11,,32,7,13,6,14,43,34,41,,,,11,12,,14,,3,20,15,27,6,4,7,11,2,6,,29,22,,28,12,9,7,6,6,4,,4,,5,,11,10,9,14,105,6,5,9,12,20,5,10,,,30,8,6,2,,9,22,17,4,,12,2,,,14,6,5,7,10,4,16,9,9,1,11,14,20,13,42,,3,24,,10,13,12,8,12,29,16,14,30,,11,2,8,5,2,29,8,43,9,12,2,9,18,9,7,8,12,11,10,,18,5,16,7,12,17,10,17,14,2,9,19,,17,10,9,18,2,,6,8,4,15,3,16,8,,,20,5,2,2,11,2,10,9,27,12,8,6,12,20,2,14,2,4,,7,26,16,19,8,4,56,7,6,6,6,7,3,4,7,4,20,19,24,17,16,28,9,10,8,8,2,12,10,8,12,15,14,14,16,25,24,15,4,15,8,18,29,12,17,10,8,18,13,16,1,4,,3,8,7,1,6,6,6,7,6,2,7,10,5,13,15,6,18,13,8,13,14,15,15,15,18,23,27,8,16,9,18,,22,11,20,12,5,9,5,,3,,5,14,13,2,9,,21,,10,10,15,11,14,21,16,19,18,24,13,3,21,4,7,7,5,8,8,,15,3,26,15,27,8,5,2,12,8,12,3,6,6,6,8,3,23,9,9,24,18,15,39,28,21,12,,8,9,11,8,19,9,14,14,17,12,20,27,3,,10,26,35,2,,4,8,6,10,9,8,5,11,3,6,2,11,5,4,20,9,8,10,6,5,13,17,2,21,12,18,20,12,2,5,2,,7,9,6,12,6,12,,,18,8,3,,4,21,23,11,7,25,10,,3,4,2,17,10,5,24,8,20,5,9,22,12,9,7,,6,11,16,8,14,13,22,5,15,11,8,6,,4,6,20,29,15,26,25,10,39,27,14,32,11,20,16,17,16,12,18,25,,34,37,31,20,23,30,8,,12,38,,3,15,31,31,16,21,10,32,26,24,36,9,10,27,27,30,12,16,36,28,14,23,19,10,4,14,20,19,5,20,28,,8,4,6,4,7,15,9,7,5,,8,,11,7,9,19,21,10,,10,7,8,8,,3,8,15,29,46,40,1,44,11,20,43,18,33,25,7,9,12,36,4,7,12,6,23,6,22,21,20,17,17,22,15,11,,24,11,38,6,4,19,10,4,4,17,12,7,2,3,24
20230729,8,PM2.5_24h,18,12,15,16,18,17,13,14,10,20,13,17,,,17,,20,19,18,,18,,12,15,,15,17,,21,26,25,17,18,20,12,,29,29,,40,22,6,11,21,,15,,17,14,12,12,11,10,13,,20,7,,12,16,13,23,18,18,18,17,22,23,,25,16,12,16,23,20,,18,20,22,22,25,,17,24,27,25,23,20,,14,13,,,13,17,14,15,19,14,10,,11,11,11,12,13,,13,10,9,11,10,12,10,9,9,10,14,13,13,12,11,10,9,9,12,13,13,14,9,8,13,12,9,14,,10,7,20,8,6,9,7,5,6,,5,8,5,8,3,4,2,3,4,2,5,7,7,13,,8,9,8,9,8,10,1,5,2,1,2,1,,,,8,10,,8,8,9,,,,12,,6,6,5,5,8,7,7,5,8,,,,8,7,,10,10,11,6,6,,6,4,5,1,5,5,5,9,,7,,7,7,,8,6,,6,7,8,,8,7,9,6,9,7,6,,,7,6,4,11,9,11,13,,7,,,8,,4,7,,12,12,10,6,7,6,,6,6,8,7,5,7,4,4,7,10,11,4,9,12,5,7,6,9,3,,1,1,1,3,,8,,8,6,4,,7,7,12,,7,10,3,6,,7,5,10,12,7,,,4,2,2,4,5,6,16,,8,9,10,11,10,26,10,7,6,10,7,13,15,7,,9,8,6,10,7,11,7,6,8,10,5,8,2,16,,16,15,16,9,12,15,12,11,13,14,17,20,13,13,,13,13,11,15,20,17,17,14,12,14,14,13,,11,16,20,18,19,18,15,15,14,17,11,,,15,15,15,17,11,11,15,14,12,12,12,12,37,33,36,34,35,28,39,43,,14,18,15,13,11,,17,22,13,14,19,7,14,,,20,17,19,15,14,,6,7,9,9,,,11,8,6,18,11,11,10,14,17,15,7,,14,8,15,14,18,15,9,7,6,6,8,7,15,12,33,9,16,13,12,7,,15,,8,10,,20,,26,24,,,,,12,,,,19,17,22,27,79,28,16,,30,10,8,7,9,3,7,8,6,5,8,21,5,9,7,12,,22,18,15,17,13,15,13,17,16,,8,8,8,22,16,16,18,7,7,6,9,11,14,13,10,8,7,,,10,,6,5,5,5,14,,13,6,,,12,8,8,6,,3,7,5,,6,3,2,4,6,3,4,3,2,,,,,4,,,7,,8,5,9,9,3,4,1,5,3,7,,6,,,11,,11,15,13,12,12,12,13,11,,24,30,28,23,28,21,33,32,20,29,8,9,11,12,11,12,11,10,12,19,,17,13,11,,12,12,,12,10,10,12,11,,15,9,,,12,13,,23,,19,17,15,17,16,16,,19,18,,49,30,,43,,23,26,22,,30,28,7,7,6,,10,10,12,12,15,8,8,15,14,10,11,11,16,7,11,15,8,5,18,17,11,13,14,14,10,10,9,9,11,8,12,4,8,,11,9,14,14,6,6,14,9,17,9,7,8,8,7,,9,8,9,,7,9,8,6,7,,8,10,4,,18,,18,13,15,18,15,13,5,,,,9,,10,,14,,13,,13,9,7,14,17,,16,,9,13,8,6,14,14,,12,10,5,7,12,7,,14,,,7,16,12,14,11,14,15,15,12,17,8,14,22,34,26,29,26,31,22,8,8,8,9,13,10,13,14,18,16,14,,6,6,8,17,7,4,5,,,,,,9,10,,11,9,11,8,9,12,14,8,16,8,12,10,11,11,,16,12,,13,15,17,,12,15,,15,4,4,4,6,5,7,3,5,22,25,18,35,,18,21,39,9,16,12,11,4,10,,20,10,21,21,19,,,6,,,,,4,,,,,,,,,,,,,,,,2,,,,,,,,,,,,,,,,,,,,,,,,,,,,,,,,,,,,,,7,3,6,10,12,9,3,5,3,,,10,12,10,12,10,,20,19,21,14,19,20,20,,29,21,25,,,26,33,,23,23,17,,17,,13,14,,,27,14,,,16,14,23,,,10,10,11,6,15,10,13,16,14,19,21,15,8,12,9,11,9,10,12,13,18,15,9,14,,13,13,10,,5,2,5,9,14,13,8,6,6,10,4,9,,,9,8,10,10,9,12,11,6,4,5,11,16,6,10,11,13,8,,,14,6,7,8,11,13,,11,7,6,,10,10,6,,10,8,6,14,4,7,9,,7,10,8,6,9,5,9,9,,9,4,5,5,7,5,,3,,7,,,,4,3,5,9,5,4,,8,,8,6,6,2,2,1,4,29,9,9,8,11,3,4,7,5,10,9,7,10,4,,3,7,8,24,6,4,4,10,9,9,9,7,11,8,10,,8,6,6,8,10,,11,8,10,11,11,14,9,12,8,,10,11,11,7,9,7,8,6,7,6,5,,18,15,18,,10,8,9,12,,11,14,6,,6,8,11,5,7,,9,11,14,10,6,7,6,,8,9,12,4,8,,7,3,9,15,14,11,13,12,19,9,3,2,,10,15,13,,9,7,,9,6,8,9,,13,10,10,17,13,9,14,,10,17,12,18,17,12,18,16,7,12,12,9,7,11,15,13,15,14,12,16,13,29,16,8,13,14,14,14,8,14,13,11,12,11,10,9,27,25,28,24,18,24,28,22,26,21,27,26,28,25,27,28,26,14,18,16,17,25,21,21,,25,27,28,7,7,,3,7,6,8,5,16,14,9,14,14,15,10,14,11,4,,,,18,14,,16,6,3,6,8,5,,7,7,7,,,,,7,5,10,8,5,11,,14,,7,7,6,6,7,9,12,9,7,4,9,,,,,9,6,9,7,16,7,12,,10,7,9,11,14,6,11,6,9,6,14,17,26,18,,24,24,19,22,8,6,10,10,14,,12,8,,10,5,,4,5,5,,11,,2,,2,4,8,8,8,8,17,17,15,48,5,7,5,11,,11,9,,8,7,14,,16,20,6,6,40,40,,3,4,15,14,,,16,11,19,,14,9,14,18,2,18,8,,9,,,6,5,3,2,24,27,18,25,8,,24,11,12,11,14,33,16,21,14,,,14,12,,10,,7,25,24,25,9,8,15,11,15,17,15,22,18,,20,8,10,11,7,7,9,,3,,2,8,9,12,6,9,48,9,5,11,12,15,9,7,,,21,7,6,16,,15,12,14,11,,7,5,,,3,6,5,5,8,4,5,3,2,5,13,16,16,11,30,,16,13,,11,10,13,12,16,25,14,6,18,,8,3,3,15,8,22,4,21,5,13,3,5,16,7,5,8,8,9,8,,16,6,11,7,6,9,12,13,14,12,8,11,2,10,10,9,11,17,,5,9,2,12,6,9,7,,,24,6,24,10,6,2,9,9,7,14,14,8,14,19,3,10,15,3,,10,22,13,20,8,5,30,8,7,5,8,9,7,7,6,6,14,19,15,9,15,13,13,8,9,8,4,8,9,7,14,12,15,13,13,19,17,16,18,16,15,17,12,15,12,16,11,16,14,9,11,24,,14,6,7,5,7,5,6,6,12,13,7,8,7,22,20,10,12,10,7,16,13,12,21,15,15,29,23,10,19,15,11,,15,13,12,4,6,8,3,3,2,,2,14,15,3,12,15,15,,9,8,17,14,13,13,14,34,24,19,27,24,20,3,7,8,4,5,6,3,8,3,20,9,16,18,7,2,7,8,9,6,9,9,6,8,3,7,7,5,22,18,22,28,31,24,8,10,7,13,14,17,8,26,12,12,21,14,12,24,8,8,16,26,34,20,4,7,7,7,9,9,7,10,11,13,10,12,16,8,7,7,10,13,11,9,17,15,12,8,15,4,10,13,9,5,1,4,4,6,6,7,12,2,4,7,,9,10,11,3,6,16,15,7,9,12,6,7,7,6,6,10,25,25,17,19,13,4,8,14,11,10,9,,6,13,8,11,17,14,19,7,13,8,8,8,10,7,9,22,18,13,26,24,22,24,25,11,19,26,32,28,32,29,19,15,10,8,17,19,20,13,19,17,9,7,11,17,6,15,11,20,22,9,18,2,13,12,11,15,8,10,19,74,59,8,9,22,27,11,17,12,15,13,10,17,16,8,14,19,,8,4,11,9,7,12,8,3,1,2,13,2,8,7,8,19,19,12,4,12,8,8,7,,5,6,6,15,31,35,13,26,12,13,23,14,20,16,7,6,10,19,7,6,14,5,37,27,14,10,16,11,15,16,7,7,17,22,10,33,9,5,15,11,5,2,14,7,6,2,8,13
20230729,8,PM10,37,44,32,38,,34,28,40,39,45,33,48,,,5,,2,13,10,,5,,10,6,,10,11,,35,55,44,32,44,50,34,,30,26,,37,20,8,20,11,,20,,26,7,2,35,46,45,49,,45,14,,25,28,26,50,48,37,46,46,47,42,,51,14,16,14,9,9,,32,22,30,19,51,,34,48,60,58,47,47,,34,34,,,39,26,43,34,28,29,27,,30,20,30,16,25,,31,6,5,10,4,18,8,,7,14,8,29,32,26,22,24,17,19,26,20,24,18,27,24,39,28,37,27,28,,1,32,46,19,20,18,2,21,,16,18,17,19,9,5,7,9,9,11,12,7,7,27,,16,17,13,15,16,13,11,10,8,4,7,24,,,,19,22,,27,14,19,,,,14,,19,6,10,7,12,9,9,12,14,,,,15,10,,14,14,13,12,15,,18,17,22,17,20,24,22,19,,24,,21,24,,13,14,,13,11,10,,12,22,11,11,15,15,9,,,13,10,14,12,17,22,12,,9,,,10,,12,12,,15,23,22,20,15,22,,13,12,16,11,13,6,5,9,14,22,14,9,9,19,19,19,16,17,10,,,11,7,9,,3,,,,,,8,2,19,,4,19,20,20,,19,17,20,20,14,,,22,17,22,39,19,17,14,8,11,7,22,15,22,13,13,14,16,15,16,16,11,10,,29,11,13,7,11,7,33,14,6,10,11,20,26,32,,39,39,32,27,29,17,22,17,9,34,25,31,14,20,,11,54,12,12,27,14,27,15,34,31,35,23,,31,56,40,30,46,20,24,24,30,19,20,,,31,34,37,42,19,5,20,11,33,38,28,26,24,26,,21,11,37,19,28,,34,36,37,29,23,,69,27,31,23,27,23,25,,,41,32,30,39,18,,27,26,35,32,,,42,20,24,17,19,22,24,27,29,29,24,,16,,18,16,28,19,18,26,17,6,4,12,36,15,25,18,33,13,41,17,,54,,19,32,,33,,37,33,,,,,12,,,,37,41,117,78,89,102,77,,90,24,20,22,16,24,28,30,28,28,24,22,28,22,18,36,,54,49,33,41,41,34,36,48,53,,10,11,13,12,15,10,16,14,12,8,18,17,19,20,8,23,30,,,9,,,9,7,14,12,,11,24,,,5,,6,5,,16,19,,,19,20,9,7,9,2,12,5,2,9,,,,17,,,28,,24,22,7,24,22,27,24,,5,10,,14,,,37,,33,48,29,8,7,12,6,8,,25,39,43,53,48,29,22,17,14,17,20,28,31,22,22,22,4,17,13,32,,34,28,30,,26,29,,6,2,,10,21,,40,24,,,,14,,67,,54,47,61,62,21,20,,12,10,,76,79,,87,,40,42,58,,46,53,26,32,32,,12,7,8,20,13,14,16,23,26,25,32,16,,32,17,33,,,32,25,15,14,28,32,17,18,19,29,20,16,37,13,36,,18,7,8,10,11,7,31,18,11,30,25,15,16,14,,11,15,12,,4,10,16,7,5,,10,18,2,,12,,18,5,11,11,5,3,,,,,18,,19,,6,,5,,9,2,15,36,75,,40,,29,27,21,24,11,22,,12,8,14,9,12,8,,22,,,7,27,23,30,12,29,38,45,26,5,,14,7,15,39,43,33,48,26,10,15,10,13,28,24,27,33,34,32,27,,15,15,28,31,17,26,29,18,,,,,10,25,,12,16,20,30,22,27,,17,23,23,30,9,29,28,,37,39,,22,22,30,,20,28,,21,8,14,6,4,10,8,,9,56,51,41,60,,78,67,246,15,24,27,16,7,10,,45,24,41,43,76,,,44,,,,,24,,,,,,,,,,,,,,,,12,,,,,,,,,,,,,,,,,,,,,,,,,,,,,,,,,,,,,,31,10,20,14,18,12,17,14,12,,,4,29,47,21,27,,35,57,89,61,80,87,39,,41,49,59,,,57,73,,40,29,41,,38,,63,42,,,45,19,,,23,34,45,,,20,27,27,21,24,23,19,25,33,20,29,35,10,13,14,19,28,19,24,15,36,22,12,50,,28,24,16,,10,,18,25,21,13,22,20,21,62,22,16,,,12,22,9,25,21,30,29,12,8,26,14,39,5,14,16,14,11,,,18,11,26,2,26,26,,5,27,23,,29,22,22,,17,17,24,26,16,18,18,,13,15,17,25,13,15,7,10,,5,25,5,15,18,5,,10,,7,,,,5,7,8,4,13,12,,12,,14,16,12,35,42,,28,2,17,13,21,24,,21,11,15,27,16,16,17,,,3,5,9,47,10,26,10,19,26,25,25,17,31,29,30,,14,19,24,,20,,32,21,21,20,37,31,28,27,22,,21,,22,17,11,24,9,8,34,16,22,,2,8,19,,11,7,16,21,,23,22,16,,18,17,24,12,5,,12,13,9,9,12,12,,,21,19,10,20,16,,14,24,14,23,17,27,15,14,13,14,16,19,,15,13,18,,2,10,,22,11,15,28,,11,9,11,23,28,18,8,26,35,22,20,23,46,30,28,37,30,18,39,15,28,32,27,33,28,30,25,48,,38,49,19,21,38,51,27,26,48,16,31,32,,28,31,74,61,35,69,2,23,8,17,9,28,14,12,4,12,42,19,28,24,32,30,51,43,31,50,,35,28,24,14,15,,18,22,18,15,35,12,20,27,20,63,31,24,27,22,24,,,,24,33,,40,,20,22,27,29,,13,20,16,,,,,27,13,20,15,20,67,,24,,5,16,19,13,20,31,22,13,18,23,12,,,,,31,20,9,8,45,14,18,,12,9,22,15,18,14,14,1,35,25,21,37,19,23,,27,35,26,31,12,5,14,8,22,,27,15,,14,10,,7,12,20,,46,,,,6,9,26,27,34,28,22,17,14,19,16,35,22,11,,23,11,,12,26,53,,44,50,,20,285,256,,6,6,37,32,,,,32,61,,24,21,30,28,6,16,19,,17,,,,16,11,3,174,148,92,91,35,,83,45,41,16,19,102,132,128,,,,31,23,,31,,35,62,68,103,6,6,22,25,5,8,,59,36,,41,22,17,15,9,10,8,,10,,14,,25,18,34,29,307,38,14,26,21,34,11,14,,,56,4,27,3,,32,23,29,21,,15,8,,,24,15,17,19,17,22,22,27,22,12,14,42,23,29,77,,7,22,,22,22,18,10,29,46,32,11,19,38,27,8,19,5,9,56,9,56,17,8,22,42,12,24,12,11,15,15,25,,19,6,24,20,17,27,23,30,19,1,21,21,17,24,18,17,35,9,,16,9,14,22,13,23,15,,,45,27,6,3,19,4,28,22,31,39,9,39,13,37,,17,8,16,,15,33,38,36,24,32,196,16,20,17,17,15,5,13,21,22,37,38,37,48,57,35,12,12,14,9,14,23,18,21,22,24,32,34,36,41,32,22,11,18,13,37,35,36,19,29,24,30,45,31,5,5,,6,11,4,18,15,7,14,16,6,15,31,23,15,8,11,17,16,22,9,24,23,39,35,36,26,28,42,11,16,6,33,,24,11,24,15,7,17,12,9,22,,12,17,8,9,15,,27,,18,34,22,13,16,29,3,22,31,44,13,12,9,8,25,12,8,15,12,31,42,17,39,30,38,41,11,7,12,11,19,13,14,13,9,13,9,31,16,17,64,89,91,129,87,50,18,,16,14,17,16,28,24,18,30,29,19,28,41,26,4,17,38,48,4,11,12,17,11,14,12,25,4,21,5,4,2,28,12,7,38,34,20,9,24,24,28,29,10,29,29,36,24,29,15,17,5,22,13,20,15,22,7,22,7,,20,5,9,2,13,29,7,19,7,29,20,,2,19,5,22,14,19,39,34,33,7,14,44,27,19,21,,18,22,30,13,23,21,32,12,20,7,9,11,,12,15,63,39,27,27,22,11,53,56,50,55,11,45,30,38,6,5,55,30,,68,67,54,62,48,70,23,6,19,28,8,3,15,38,26,39,20,22,52,42,36,36,35,20,129,65,44,20,30,51,42,16,39,22,18,10,22,35,29,32,32,47,,14,26,10,19,17,27,21,19,12,7,12,8,31,15,12,27,20,19,17,7,48,12,18,,20,12,29,111,73,61,20,72,33,47,69,36,55,58,32,22,17,37,9,17,14,7,37,31,36,36,38,36,31,48,17,24,5,39,19,45,15,10,26,22,8,7,31,5,14,17,13,42
20230729,8,PM10_24h,30,24,30,36,29,34,27,29,21,27,26,31,,,25,,28,35,27,,26,,28,27,,24,13,,39,49,40,33,37,42,36,,51,40,,53,41,16,25,28,,35,,28,23,22,26,31,33,44,,32,23,,33,25,29,43,38,37,42,38,44,35,,50,23,24,27,32,34,,35,28,34,33,37,,28,34,47,38,34,31,,29,30,,,27,31,34,36,29,32,29,,28,20,29,26,25,,29,17,16,17,15,25,16,12,15,18,22,31,29,29,29,29,20,22,30,27,26,24,29,20,38,36,36,34,41,40,27,38,44,24,26,23,20,25,,26,23,22,26,13,10,12,9,11,12,17,11,10,33,,20,23,19,22,20,21,12,11,11,7,8,13,,,,18,19,,28,11,11,,,,18,,16,18,15,12,19,13,14,12,23,,,,19,12,,20,21,26,12,12,,15,10,13,12,9,12,15,13,,17,,15,16,,17,14,,13,12,11,,14,25,13,15,17,15,16,,,16,13,17,21,23,22,28,,12,,,16,,18,15,,22,25,21,20,21,20,,15,14,15,14,13,9,10,10,16,14,15,12,16,17,19,14,15,17,6,,10,13,10,11,,18,,15,10,3,,10,6,18,,15,18,15,14,,21,15,19,17,7,,,19,11,15,24,10,13,20,22,18,20,19,20,21,31,25,15,19,20,20,20,19,15,,26,18,13,13,14,12,17,19,9,11,16,27,26,26,,34,36,27,24,27,31,21,18,25,32,28,59,25,25,,25,28,25,37,29,28,28,24,27,22,27,18,,26,31,33,27,32,27,26,27,27,28,22,,,32,29,32,39,30,31,28,29,25,22,17,18,58,52,55,46,57,50,57,69,,27,32,29,26,16,,26,23,18,24,22,16,17,,,32,25,29,28,18,,16,15,22,20,,,21,12,22,21,21,16,27,27,25,22,27,,27,7,21,22,25,22,14,16,10,9,18,16,23,20,24,17,23,19,22,16,,34,,18,20,,40,,34,31,,,,,20,,,,27,31,99,94,79,107,93,,109,20,15,24,20,22,16,20,17,18,18,36,13,25,19,26,,31,29,29,29,36,34,32,36,46,,19,16,16,27,23,24,23,17,15,14,20,21,26,25,19,19,23,,,8,,15,7,4,8,21,,19,13,,,15,14,18,15,,9,10,7,,13,21,13,12,8,7,8,7,6,8,,,,10,,,20,,20,16,11,17,12,14,17,8,5,10,,11,,,26,,20,27,28,15,20,24,21,20,,40,38,38,42,50,30,51,44,35,45,18,19,19,27,24,42,21,27,31,33,,30,21,22,,21,18,,21,19,19,21,20,,32,15,,,34,20,,28,,33,32,37,39,26,27,,23,25,,69,58,,61,,34,42,52,,46,46,18,20,20,,18,18,28,27,21,17,26,39,25,22,25,18,28,27,23,27,18,18,32,26,30,24,32,41,17,16,20,23,15,12,30,20,33,,16,10,9,16,16,22,22,14,16,22,16,18,13,14,,15,16,17,,4,19,15,14,14,,15,18,4,,27,,28,21,27,25,25,22,21,,,,21,,21,,33,,16,,20,17,29,25,39,,28,,25,24,23,19,21,27,,17,16,17,13,15,12,,21,,,12,26,25,25,19,28,30,27,24,27,41,23,40,36,46,50,40,58,36,20,18,15,16,18,20,18,24,26,26,22,,22,14,21,24,13,14,13,10,,,,,11,24,,12,23,21,19,16,21,19,21,20,21,22,15,24,20,,28,19,,21,22,29,,18,21,,22,6,9,11,11,9,12,,9,30,27,24,32,,91,76,153,16,28,23,21,30,28,,64,49,71,76,61,,,17,,,,,12,,,,,,,,,,,,,,,,8,,,,,,,,,,,,,,,,,,,,,,,,,,,,,,,,,,,,,,16,13,20,16,22,16,22,17,14,,,16,30,36,29,28,,26,34,51,24,35,42,38,,39,46,39,,,35,48,,29,31,25,,26,,45,35,,,40,24,,,28,34,35,,,17,19,19,24,26,25,18,36,40,39,36,32,20,25,21,33,29,24,32,26,39,44,36,38,,27,26,16,,10,7,20,29,25,19,17,16,16,33,15,26,,,22,15,12,14,10,22,23,11,7,24,12,38,3,15,20,18,16,,,22,8,16,5,20,20,,12,19,18,,20,18,19,,15,17,13,21,17,16,15,,15,16,18,22,16,10,12,14,,12,20,7,14,20,8,,8,,7,,,,9,12,6,10,13,16,,13,,13,15,13,13,18,16,18,9,12,10,11,12,,9,12,10,16,12,14,13,9,,10,10,11,32,10,24,5,13,18,16,18,12,26,25,23,,10,16,17,27,21,,22,14,16,22,24,20,20,21,18,,20,23,23,15,18,38,16,16,18,14,16,,19,20,21,,25,21,28,16,,19,20,17,,18,14,16,14,11,,24,22,22,16,18,16,18,,18,15,15,20,29,,23,23,15,29,23,19,21,22,22,22,15,22,,27,25,25,,12,13,,19,15,9,13,,19,16,15,31,23,19,35,23,19,29,23,22,30,23,26,38,20,17,23,19,20,22,22,28,22,26,19,25,21,25,29,18,20,28,28,24,23,24,22,25,19,16,20,19,48,47,53,53,37,37,36,42,43,43,41,44,39,45,48,40,54,25,29,33,36,34,32,34,,36,41,43,19,15,,11,15,16,16,16,14,14,18,23,18,22,20,20,16,20,,,,20,25,,25,,22,17,20,23,,15,15,14,,,,,16,15,15,17,16,36,,24,,9,10,15,15,15,22,15,8,12,16,7,,,,,28,18,9,9,30,16,20,,15,14,17,17,16,12,19,5,31,17,17,21,25,31,,23,29,29,31,17,9,18,16,23,,23,17,,16,7,,6,10,13,,38,,5,,6,7,18,19,20,18,25,23,23,23,10,16,15,22,,30,25,,16,18,47,,64,74,12,19,166,174,,8,7,24,28,,,25,26,34,,27,23,20,29,6,26,20,,19,,,21,10,7,7,95,87,56,84,28,,96,54,53,39,38,62,69,70,66,,,60,45,,39,,53,75,88,120,15,19,25,28,33,25,21,45,32,,30,22,16,20,14,17,17,,10,,8,13,21,18,18,19,152,28,14,39,23,22,12,10,,,42,10,11,26,,31,23,28,15,,9,9,,,11,21,23,14,12,12,16,13,9,19,24,31,20,24,50,,25,17,,22,18,18,16,79,29,20,14,26,30,27,15,18,23,14,45,9,33,15,17,15,14,20,11,7,12,10,10,26,,28,17,21,20,13,19,26,23,21,20,31,24,30,24,21,20,24,33,,18,14,10,21,15,16,11,,,33,23,27,14,15,6,22,20,11,49,16,26,15,24,12,20,10,14,,17,35,34,38,29,22,107,24,22,21,26,35,23,21,26,24,25,28,22,40,37,23,20,14,21,13,13,19,20,15,21,24,30,26,30,33,34,24,30,30,35,38,24,29,15,29,22,30,34,26,19,35,,22,10,14,10,17,10,12,11,25,27,24,13,19,25,23,16,13,12,8,18,17,20,32,23,17,26,27,15,34,24,19,,19,16,19,12,13,12,14,10,13,,6,21,17,16,17,21,20,,16,35,31,26,19,24,23,56,40,32,46,41,30,12,12,13,10,11,13,39,15,11,33,23,30,33,15,6,9,18,13,17,21,19,18,19,14,18,17,11,104,99,99,103,111,77,13,17,12,22,27,33,24,44,15,25,30,26,20,41,36,8,22,37,51,32,15,17,11,12,16,17,13,18,24,24,20,21,24,21,15,17,28,27,12,20,25,20,18,12,20,12,17,16,24,13,9,13,20,19,15,14,19,4,14,16,,13,14,19,13,14,27,5,19,13,16,18,20,16,18,13,17,33,46,33,32,20,6,15,32,34,20,21,,25,18,22,22,25,22,29,17,19,9,8,14,21,15,19,43,31,20,43,31,28,56,53,46,41,40,50,49,52,32,20,43,36,34,60,56,58,60,40,44,18,22,20,28,15,18,15,27,22,19,19,14,23,20,23,19,22,48,99,219,194,14,18,34,42,26,43,26,31,24,17,31,30,26,24,38,,14,18,24,32,17,19,22,13,4,9,14,16,25,16,18,23,17,18,22,18,44,13,17,,17,11,17,60,49,53,25,41,29,30,48,29,42,38,26,21,16,26,20,13,31,15,44,44,23,18,33,26,42,37,16,24,23,39,31,45,25,13,26,18,7,8,21,14,8,9,19,34
20230729,8,SO2,3,3,3,3,3,3,1,3,3,3,3,3,,,5,,2,4,5,,4,,4,4,,3,2,,2,1,1,3,3,2,6,,1,3,,2,3,4,2,5,,5,,2,3,3,8,4,6,9,,6,2,,1,3,8,6,6,9,8,5,1,1,,4,5,5,1,3,2,,4,4,3,4,8,,3,10,11,11,7,4,,6,6,,,7,7,6,6,7,8,33,,6,16,21,14,19,,16,4,4,8,4,7,5,3,6,2,6,4,5,4,6,4,5,4,5,3,4,8,5,7,4,23,6,5,5,3,4,5,8,4,7,6,3,5,,2,6,7,5,4,3,3,6,13,5,3,6,7,5,,6,7,7,7,8,6,6,8,4,3,4,4,,,,6,8,,5,8,4,,,,6,,3,5,7,5,10,5,8,5,7,,,,6,4,,3,3,5,8,6,,8,5,7,4,6,7,5,3,,5,,7,5,,7,4,,4,6,6,,6,4,6,5,2,4,7,,,2,4,4,5,6,5,5,,4,,,2,,7,3,,3,2,3,5,3,5,,2,3,4,7,2,4,4,3,5,4,4,3,5,5,8,8,7,8,2,,4,2,2,3,,3,,7,4,7,,5,4,11,,6,5,6,5,,5,8,5,7,6,,,5,7,12,6,6,5,1,1,3,2,1,1,3,2,3,6,7,8,5,6,6,5,,6,6,3,4,4,1,4,2,4,1,2,5,4,4,,6,6,9,6,6,6,5,7,4,5,6,4,4,6,,5,6,5,7,4,6,4,4,9,15,5,7,,9,8,6,5,6,7,10,5,6,2,5,,,9,7,7,5,5,4,5,4,11,21,6,13,4,5,6,5,5,6,5,4,,7,5,8,7,8,,5,6,5,8,7,5,6,,,7,10,6,4,7,,5,3,2,2,,,5,18,5,5,2,6,4,8,7,6,4,,9,,9,10,9,10,6,14,8,11,10,10,7,5,3,6,6,6,2,5,,5,,4,9,,5,,7,7,,,,,5,,,,15,10,5,7,14,4,4,,5,10,3,11,13,7,4,4,4,6,5,1,6,4,7,31,,23,34,19,10,6,7,8,7,7,,4,5,4,5,4,6,3,3,2,5,1,5,2,2,8,7,8,,,4,,4,2,4,1,6,,6,3,,,2,1,1,15,,10,7,6,,12,9,7,8,6,8,3,3,4,7,,,,11,,,6,,5,10,8,8,5,8,7,,4,4,,15,,,14,,16,18,11,3,4,7,4,7,,24,13,5,13,7,4,9,6,4,6,2,6,1,7,4,6,4,5,4,6,,11,,16,,4,4,,7,5,6,5,7,,29,4,,,,5,,4,,12,16,14,15,7,10,,11,8,,10,11,,10,,9,6,8,,8,6,13,18,16,,6,5,3,6,3,3,4,4,5,10,4,3,5,4,4,6,5,6,6,22,4,18,3,5,6,5,6,6,4,6,5,5,7,,6,5,5,5,2,4,5,5,2,4,2,4,6,1,,6,8,6,,4,9,7,9,8,,10,10,6,,3,,3,4,5,3,8,5,4,,,,1,,2,,6,,2,,3,6,4,4,3,,5,,4,2,4,2,7,5,,8,6,8,5,7,1,,8,,,8,5,6,3,6,4,12,15,4,4,3,2,4,20,20,18,33,16,11,1,2,3,7,8,7,5,8,8,7,4,,6,7,14,11,5,14,6,4,,,,,1,1,,1,2,8,10,9,4,6,4,6,2,2,4,6,4,,4,3,,8,2,6,,6,4,,5,7,4,5,9,4,5,6,5,4,6,5,4,,20,30,10,16,12,7,8,8,3,,6,5,6,4,5,,,5,,,,,3,,,,,,,,,,,,,,,,5,,,,,,,,,,,,,,,,,,,,,,,,,,,,,,,,,,,,,,7,1,1,3,1,2,2,3,1,,,2,8,10,8,8,,8,6,6,7,5,7,11,,7,6,6,,,5,6,,9,9,3,,11,,19,23,,,5,5,,,2,3,14,,,3,4,8,10,12,5,7,2,3,5,7,3,3,5,14,6,12,4,8,14,9,5,2,4,,9,9,5,,7,4,8,7,5,2,7,3,8,5,6,5,,,5,9,7,9,10,16,7,9,4,8,8,15,6,2,2,4,1,,,12,8,6,1,5,3,,6,16,10,,6,5,6,,,8,10,7,5,2,4,,4,4,4,9,3,4,4,4,,4,7,6,7,10,6,,6,,6,,,,2,6,9,6,3,4,,3,,5,6,3,6,6,,6,1,8,4,6,14,5,6,8,4,3,2,5,8,2,,8,3,4,6,10,7,31,36,41,34,30,8,7,13,8,,3,3,1,,3,,2,7,10,8,5,5,8,9,1,,2,,6,3,4,4,4,4,6,17,18,,3,3,6,,5,2,5,4,,4,3,3,,2,9,7,7,5,,6,6,4,8,9,5,,,4,6,4,4,4,,5,7,8,4,6,5,6,6,7,6,5,4,,5,6,4,,6,7,,20,4,5,3,,6,3,6,10,10,14,9,16,11,8,10,6,16,7,18,17,7,6,3,5,8,5,7,6,4,8,8,8,,20,10,11,4,12,14,8,2,24,14,10,6,,7,5,8,6,7,6,6,6,5,9,5,6,5,5,5,8,6,5,5,7,8,16,21,5,13,12,,12,4,3,7,4,,8,7,6,3,6,5,4,6,5,3,1,7,1,3,12,,,,7,9,,9,6,8,10,8,13,,7,8,6,,,,,5,5,5,6,8,4,,4,,5,5,9,9,7,10,2,5,8,5,5,,,,,4,1,4,5,50,3,2,,6,7,7,16,12,2,7,8,5,9,4,7,9,72,,6,7,7,5,7,10,4,8,20,,9,6,,7,7,,6,7,4,,6,,6,,8,8,2,6,15,8,4,7,6,8,5,8,5,8,,233,31,,5,3,7,,8,5,,4,5,5,,5,5,9,8,,,,5,5,,12,11,16,9,11,9,5,,5,,,7,5,5,6,6,4,3,4,5,,6,7,9,6,6,6,3,2,,,,6,5,,5,,4,7,9,8,4,3,4,5,5,4,4,3,10,,9,2,7,3,4,2,2,,4,,6,,3,4,8,8,13,13,5,8,6,9,5,4,,,2,4,5,6,,18,25,5,12,,5,5,,,2,3,6,4,7,6,2,5,5,5,5,8,6,8,11,,4,2,,7,4,9,6,4,16,5,10,4,3,4,5,3,2,4,15,2,19,4,2,2,6,4,8,6,11,9,9,7,,1,4,12,2,4,6,2,5,7,4,3,8,6,7,8,3,1,4,26,3,5,6,14,8,5,4,,,3,4,7,8,8,7,6,4,4,8,3,15,8,10,6,3,4,3,,5,8,5,8,49,8,10,6,6,6,7,5,6,2,5,6,3,10,11,23,17,11,1,7,8,7,6,7,2,4,7,6,6,7,8,4,6,6,2,6,6,7,18,1,6,8,13,5,17,2,6,7,,6,9,6,4,8,2,3,2,4,3,2,3,8,4,2,10,4,7,8,10,5,10,8,4,9,9,10,5,10,12,2,,3,8,10,4,6,9,8,4,5,,1,5,4,4,12,,9,,7,7,5,8,6,10,4,5,13,52,6,8,5,2,1,3,5,4,4,5,6,4,1,3,29,14,3,3,4,6,4,4,5,5,6,6,2,6,2,7,2,4,1,6,5,6,5,8,4,8,6,4,5,6,8,3,5,6,11,1,3,5,4,6,4,8,4,3,6,6,3,4,4,2,6,3,3,3,9,8,5,44,7,11,6,9,8,5,4,2,2,6,6,6,10,3,4,9,3,4,9,6,8,2,6,7,,3,2,4,3,6,5,7,8,5,4,4,,3,7,3,32,1,4,9,2,6,4,5,5,2,2,4,,8,4,10,8,6,7,12,4,7,5,4,1,,4,2,24,12,7,6,10,7,8,1,2,1,3,2,2,3,4,3,5,7,,4,9,8,10,7,10,2,2,5,3,7,10,2,7,8,8,9,7,6,4,3,3,8,9,5,3,4,4,12,7,7,6,26,34,5,10,4,6,7,10,13,13,,6,3,4,3,6,6,1,4,7,9,6,7,2,3,8,4,4,6,7,3,6,4,4,,5,7,1,8,9,7,8,6,3,2,3,3,3,14,7,4,4,23,10,6,6,4,4,3,3,3,3,3,7,4,5,3,6,4,4,7,6,4,5,7,6,6,10,10,4,7,5,11
20230729,8,SO2_24h,3,3,3,3,3,3,1,3,3,3,3,3,,,5,,2,5,6,,4,,4,5,,3,3,,2,2,2,3,3,2,6,,2,3,,3,3,4,2,5,,5,,2,3,2,8,3,6,9,,4,2,,2,2,9,9,8,14,10,5,1,2,,4,5,8,2,4,2,,5,5,3,4,6,,3,6,7,7,5,3,,6,6,,,8,7,6,7,5,9,21,,5,8,13,11,10,,9,4,4,8,4,7,5,4,6,6,6,4,4,4,5,3,5,4,4,3,3,8,5,6,3,7,7,5,5,3,4,5,8,4,8,6,3,4,,2,6,6,5,4,3,3,6,11,6,4,6,7,5,,6,8,8,6,8,6,6,8,4,4,4,4,,,,6,8,,6,7,4,,,,6,,3,5,7,5,10,6,8,5,6,,,,7,5,,2,5,5,7,6,,7,5,7,4,6,7,4,3,,5,,6,5,,6,4,,4,5,6,,6,4,5,5,2,4,7,,,3,4,4,4,6,5,4,,5,,,2,,6,3,,4,2,3,5,4,4,,2,4,4,4,2,4,4,3,5,4,4,3,5,5,8,8,7,8,2,,4,2,2,3,,3,,8,6,7,,5,4,9,,7,5,6,5,,4,7,5,6,5,,,4,6,10,6,5,5,1,1,3,2,1,6,3,2,3,7,8,8,6,6,6,5,,6,6,3,5,4,1,4,2,4,2,2,5,4,5,,5,5,9,7,6,6,6,8,4,5,6,5,4,7,,5,7,5,8,5,7,5,5,7,11,5,7,,7,4,8,6,6,8,12,6,7,4,5,,,10,8,7,4,5,5,6,4,7,15,7,9,6,7,8,6,7,10,7,9,,6,5,7,7,8,,5,5,4,7,6,4,6,,,6,8,5,4,5,,3,3,2,2,,,3,9,4,4,3,5,4,5,5,4,3,,9,6,8,3,6,6,7,11,9,12,14,11,7,5,3,6,6,7,2,5,,4,,4,6,,7,,7,7,,,,,5,,,,12,13,5,5,14,5,5,,6,10,3,10,12,6,4,4,4,6,7,2,6,4,7,16,,13,10,14,7,6,8,10,9,7,,6,6,4,4,4,6,3,3,2,5,2,5,2,2,9,7,8,,,5,,4,2,4,2,7,,7,2,,,3,2,2,11,,8,6,7,,10,9,10,8,6,6,2,3,5,6,,,,10,,,5,,5,8,7,8,5,8,6,5,4,4,,8,,,15,,11,10,10,5,5,9,5,8,,11,9,7,7,7,4,8,8,4,11,1,5,2,7,4,7,4,5,4,7,,7,6,8,,4,5,,7,5,2,6,5,,14,5,,,3,5,,4,,8,9,9,9,8,10,,12,8,,9,7,,8,,9,7,9,,8,7,12,15,16,,8,6,5,5,3,4,3,7,5,7,6,4,6,5,5,6,5,6,6,11,14,10,3,3,6,5,6,6,4,6,5,3,7,,6,5,4,4,2,4,5,6,2,4,2,3,5,2,,6,8,6,,4,11,8,9,8,,11,10,7,,3,,3,4,6,3,8,7,4,,,,1,,2,,6,,3,,2,6,4,3,3,,6,,4,2,4,2,8,5,,10,8,8,6,7,2,,4,,,7,5,6,3,6,7,10,11,6,5,4,2,5,20,20,11,20,26,12,1,2,3,6,6,6,7,9,8,8,4,,8,7,15,7,5,5,6,3,,,,,2,3,,3,1,8,8,8,4,5,4,6,2,1,5,5,4,,4,3,,9,2,5,,6,4,,5,7,5,5,9,4,6,7,5,4,6,5,4,,22,30,4,17,30,8,11,9,2,,6,7,6,5,6,,,4,,,,,3,,,,,,,,,,,,,,,,5,,,,,,,,,,,,,,,,,,,,,,,,,,,,,,,,,,,,,,7,2,1,2,1,2,2,3,2,,,2,9,10,9,8,,7,5,6,5,5,6,12,,8,9,5,,,3,3,,14,13,2,,6,,18,22,,,5,4,,,4,4,14,,,4,3,7,10,11,5,7,3,4,7,7,5,3,6,10,9,9,4,6,11,8,5,3,4,,7,8,6,,7,5,7,5,5,4,6,4,8,6,6,5,,,5,8,7,9,10,12,6,9,6,5,6,15,9,2,2,4,1,,,8,8,4,2,5,3,,6,10,6,,6,5,7,,4,8,6,7,5,2,3,,4,3,4,8,2,3,5,4,,4,6,6,7,9,8,,6,,6,,,,2,7,8,6,4,4,,3,,7,6,5,6,6,8,6,1,10,4,7,10,5,4,6,4,2,3,4,4,2,,8,2,4,5,7,6,29,13,13,14,12,12,10,8,8,,6,8,9,15,8,,1,5,5,5,9,8,9,13,2,,3,3,7,3,4,4,5,5,3,7,9,,4,5,6,,6,2,6,4,,4,4,4,,2,8,4,7,4,,6,5,4,7,9,4,4,,4,6,4,6,5,,6,8,8,4,5,5,6,5,6,7,4,4,,7,9,7,,6,7,,8,5,5,2,,6,4,6,9,10,4,20,8,10,13,10,4,8,6,6,7,4,4,2,3,4,5,5,6,3,5,6,7,9,11,10,10,4,8,8,8,2,10,7,9,6,5,6,5,8,6,7,6,9,6,6,9,7,10,6,7,6,8,8,16,26,7,8,11,10,6,12,9,,12,4,3,6,4,,6,7,6,4,6,5,3,5,4,2,2,1,2,3,10,,,,6,15,,8,6,8,9,8,8,,7,7,6,,,,,5,5,6,6,7,2,,4,,4,5,8,10,8,12,2,5,7,5,5,,,,,3,2,4,4,25,5,1,,3,7,7,7,8,3,8,8,5,9,4,6,24,37,,11,14,6,5,7,9,5,8,13,,8,6,,7,7,,6,7,4,,7,,7,,8,8,2,6,8,8,4,7,6,8,5,5,4,8,,110,40,,6,6,6,,7,5,4,3,5,4,,5,5,8,8,,,6,6,4,,11,10,14,10,11,10,6,,6,,,7,5,4,6,6,4,4,5,5,,7,7,9,6,6,11,3,3,3,,,6,6,,5,,4,9,8,9,11,2,4,5,5,5,4,3,10,,6,2,8,2,4,2,2,,4,,6,2,3,4,7,7,12,8,4,5,6,8,5,4,,,2,4,6,6,,10,15,6,5,,5,4,,,2,4,6,4,7,6,2,5,5,5,6,6,6,6,8,,4,2,,7,4,8,5,5,15,4,6,15,3,4,6,3,2,5,14,3,26,4,2,3,6,5,8,5,7,6,8,6,,2,5,8,3,3,5,3,6,5,5,4,8,4,4,9,3,1,5,27,3,6,5,6,9,5,4,,,6,4,6,7,7,6,6,3,4,6,3,7,8,15,6,3,4,3,,5,12,6,18,41,5,7,6,7,6,7,5,8,2,5,6,3,6,8,21,11,10,2,7,7,7,7,6,2,4,6,6,6,8,8,5,7,6,4,7,7,8,13,2,7,7,8,8,6,2,6,8,,6,9,5,4,10,2,3,2,6,4,2,1,8,5,3,8,3,6,8,10,4,9,8,8,9,9,7,7,10,12,2,,3,6,5,3,6,10,8,4,6,,1,4,4,4,8,8,8,,6,7,5,7,6,7,5,6,12,34,8,10,5,2,1,3,5,4,4,6,6,5,4,3,15,12,4,2,5,6,4,7,5,5,6,6,2,5,2,7,4,8,1,6,6,7,8,8,5,9,6,5,6,6,9,3,7,7,7,1,3,5,4,5,6,8,4,3,6,6,3,3,4,3,6,4,4,4,10,8,4,17,6,12,7,9,8,5,3,2,2,6,4,6,6,4,3,9,3,4,7,6,5,2,5,6,,4,3,6,3,10,5,7,8,5,3,4,3,2,7,3,12,5,16,8,4,5,5,4,5,2,3,3,,8,5,7,9,6,6,6,4,3,5,4,1,6,4,2,17,9,6,7,14,6,8,1,1,1,3,3,4,3,4,6,7,7,9,3,8,8,10,7,8,2,4,5,2,8,12,2,6,5,6,9,7,5,4,3,2,6,10,5,7,6,4,7,6,9,7,24,9,7,10,4,8,9,8,13,9,,6,3,5,2,6,5,3,4,6,7,6,7,2,3,7,2,4,6,6,3,7,2,4,,5,6,1,10,5,7,8,4,3,2,3,3,3,7,10,4,4,15,11,8,6,4,4,3,3,3,3,3,9,6,4,3,9,6,4,10,5,4,4,6,6,7,7,11,4,8,6,13
20230729,8,NO2,41,6,32,41,31,39,36,20,14,11,49,16,,,14,,18,17,17,,21,,30,9,,12,17,,14,20,21,13,16,19,15,,19,20,,23,16,11,31,23,,22,,3,1,7,18,27,23,20,,32,5,,9,12,5,26,21,27,31,14,20,23,,17,26,18,26,6,11,,9,12,13,16,20,,5,28,18,26,16,31,,29,32,,,30,33,36,25,13,25,15,,18,16,17,17,17,,14,11,10,5,3,4,6,11,8,5,11,14,14,8,9,10,6,2,12,7,13,9,8,9,9,13,15,16,16,18,5,9,11,10,10,8,11,2,,9,11,7,12,2,7,2,1,3,4,8,4,2,4,,1,2,5,2,2,4,8,9,2,7,6,5,,,,5,6,,6,5,7,,,,8,,7,11,3,7,10,8,7,6,11,,,,2,2,,11,6,7,8,6,,5,7,8,5,4,4,3,4,,5,,4,6,,13,9,,10,11,14,,13,9,15,11,5,15,8,,,2,9,9,20,13,4,18,,5,,,11,,1,8,,4,6,8,5,1,3,,11,7,15,16,14,13,7,9,12,11,6,9,8,17,8,14,8,12,2,,6,8,5,5,,2,,10,21,21,,11,9,4,,15,19,23,19,,16,25,22,18,3,,,5,7,9,8,7,10,15,8,12,15,8,10,9,10,15,15,23,18,20,13,20,14,,14,15,9,4,14,6,7,12,5,6,5,4,53,35,,24,17,19,18,43,13,25,15,7,14,5,12,4,14,,11,3,8,14,8,10,3,2,12,28,22,13,,11,37,28,11,11,6,5,8,11,12,8,,,22,24,19,18,11,9,9,11,32,,24,33,13,10,22,12,13,16,16,21,,14,16,18,20,5,,28,20,22,19,27,14,14,,,27,29,30,21,25,,8,31,46,32,,,34,9,9,23,11,17,12,29,17,20,9,,17,,11,15,14,15,16,27,36,14,11,11,19,11,18,8,16,11,19,7,,26,,11,25,,21,,26,38,,,,,9,,,,24,23,15,18,36,17,6,,20,10,6,12,15,10,13,16,13,15,16,2,9,8,6,36,,34,45,25,20,22,20,31,34,31,,15,12,13,14,5,12,9,16,16,11,2,8,3,10,3,8,7,,,11,,5,2,4,2,11,,11,16,,,6,7,6,20,,18,17,11,,14,9,7,7,7,9,1,1,2,12,,,,7,,,9,,8,7,3,5,13,2,3,18,18,14,,6,,,17,,11,10,14,11,9,8,9,8,,12,24,23,18,18,11,9,8,10,6,12,16,19,10,6,5,12,9,9,13,,21,12,12,,14,18,,12,4,19,15,16,,27,13,,,,14,,57,,22,35,29,39,8,9,,3,3,,24,26,,26,,18,14,16,,18,11,29,36,14,,7,6,9,11,9,6,2,17,21,13,18,2,20,21,15,27,10,13,14,12,2,12,14,16,8,12,10,7,8,2,16,15,16,,9,14,20,16,7,11,9,20,7,14,10,11,9,8,,6,8,9,,4,11,12,10,2,,25,9,2,,9,,10,12,13,10,3,2,2,,,,6,,8,,10,,2,,12,11,10,18,23,,11,,21,31,13,14,9,14,,7,20,9,21,11,6,,14,,,3,8,8,14,4,7,18,18,20,4,5,5,5,10,19,24,29,22,17,8,15,8,21,20,16,15,22,22,25,19,,7,14,33,56,18,18,6,16,,,,,3,6,,3,4,16,13,15,21,21,15,9,23,14,11,18,12,,17,24,,13,6,19,,17,25,,23,4,9,25,18,12,18,18,17,17,16,12,22,,22,23,51,6,8,18,16,1,4,,7,3,4,5,4,,,19,,,,,7,,,,,,,,,,,,,,,,8,,,,,,,,,,,,,,,,,,,,,,,,,,,,,,,,,,,,,,16,8,9,10,7,5,5,6,1,,,5,13,17,14,13,,17,21,17,46,48,37,17,,18,22,22,,,20,29,,18,19,23,,22,,22,18,,,16,12,,,9,7,35,,,17,12,6,12,20,14,7,12,12,11,9,8,5,7,10,15,15,15,15,16,14,15,16,18,,10,19,7,,8,6,10,14,7,8,11,7,12,20,10,18,,,6,18,12,15,13,15,9,10,5,17,13,2,5,8,7,14,4,,,18,18,12,2,11,8,,7,5,7,,5,6,6,,7,8,8,9,5,5,2,,11,12,10,8,15,7,11,11,,12,8,,6,10,6,,9,,10,,,,2,4,4,2,3,4,,5,,12,16,11,6,2,,2,3,12,18,9,11,,8,10,5,8,12,7,7,7,,7,7,6,10,5,5,4,10,12,11,10,7,8,15,12,,2,12,4,,2,,11,6,12,10,9,10,9,12,31,,11,,10,3,6,3,2,8,11,14,7,,9,9,6,,9,6,13,11,,9,8,8,,6,5,5,6,5,,9,4,8,6,7,10,,,11,6,9,6,1,,8,19,5,4,5,7,17,16,14,11,12,7,,7,11,16,,3,4,,9,4,3,8,,6,7,7,15,13,11,11,12,16,9,12,9,10,12,13,10,5,9,10,4,6,16,8,17,20,21,5,12,,9,15,3,11,8,8,10,4,20,20,12,8,,6,9,34,8,22,26,23,11,14,14,9,26,13,12,10,8,5,8,10,22,20,17,16,8,16,17,,16,11,13,12,15,,13,5,16,12,26,23,17,20,35,18,15,20,15,5,40,,,,12,17,,16,9,17,17,20,20,,3,5,6,,,,,12,10,13,14,14,26,,7,,15,9,19,10,11,25,3,15,18,17,14,,,,,9,8,5,7,17,16,21,,6,6,5,15,18,13,15,24,14,12,13,15,18,24,,6,7,13,13,10,8,12,7,14,,20,12,,8,10,,11,10,9,,10,,8,,6,5,15,16,19,12,36,27,22,22,2,10,5,12,,15,16,,12,16,32,,11,16,,21,35,36,,5,3,24,33,,,,24,36,,14,7,17,13,5,3,19,,12,,,15,15,4,5,28,29,16,15,7,,16,16,15,10,10,20,18,14,,,,33,16,,16,,8,13,13,7,9,1,8,31,13,15,11,14,15,,21,9,9,9,7,9,9,,12,,5,,30,15,23,22,32,13,6,14,15,15,4,9,,,22,1,12,11,,23,27,18,5,,5,8,,,10,7,10,1,9,7,4,4,6,9,5,28,16,20,29,,17,10,,18,14,25,13,3,21,21,4,5,16,22,8,8,13,4,22,6,18,6,5,13,18,16,8,13,9,8,13,11,,3,9,26,6,8,30,6,13,11,3,6,32,9,12,9,8,19,11,20,6,13,1,28,11,13,10,,,34,6,8,8,5,4,8,8,13,19,10,13,9,21,6,7,5,5,,7,47,34,26,21,26,52,8,6,8,7,10,4,7,11,7,21,108,20,19,39,22,4,4,2,8,3,1,10,6,19,,46,32,13,27,14,6,10,19,12,10,25,7,9,23,20,20,20,7,24,13,,13,6,10,4,8,3,2,6,14,10,6,6,10,7,6,9,13,10,19,14,19,14,15,15,19,22,18,11,19,19,16,,6,24,18,5,21,9,10,6,5,,2,11,11,16,17,,11,,15,29,13,18,5,11,2,10,8,16,9,9,19,5,2,11,5,15,3,18,13,2,15,6,47,23,3,5,11,7,6,9,10,4,5,2,2,2,6,2,2,20,6,15,12,8,29,6,9,3,13,6,9,13,6,12,14,7,16,10,11,8,17,16,23,15,2,8,8,8,12,11,6,8,8,9,10,8,12,10,4,22,11,18,4,18,14,9,29,16,14,19,19,11,12,13,4,8,8,6,12,3,12,9,3,12,,13,9,9,2,10,17,6,16,4,29,4,,8,6,4,15,7,10,12,9,13,4,9,20,17,4,6,,8,4,24,4,9,13,24,24,16,10,10,12,,8,5,28,17,14,10,17,2,38,14,21,24,15,17,24,25,6,3,19,20,,21,22,20,20,29,29,11,5,10,13,11,5,3,32,21,12,15,5,18,11,19,15,26,2,22,13,6,10,21,19,22,17,17,8,24,8,13,21,27,17,35,32,,2,2,7,10,21,23,5,8,9,20,13,10,14,11,14,22,24,26,9,9,17,8,22,,33,12,3,9,22,35,2,23,6,17,12,8,18,32,6,12,18,33,22,10,4,10,27,21,18,5,13,13,27,32,5,1,4,12,23,16,15,8,9,7,4,7,15,8,2,6,20,20
20230729,8,NO2_24h,30,6,18,22,27,31,31,17,13,17,33,20,,,15,,18,18,20,,19,,24,13,,10,17,,9,14,15,6,13,14,12,,17,20,,20,14,11,16,22,,21,,5,4,8,10,13,12,14,,17,8,,13,14,9,28,21,23,25,9,19,23,,19,20,17,23,8,12,,6,7,9,12,24,,8,22,21,25,16,27,,22,29,,,25,27,31,26,14,25,17,,15,12,12,15,15,,11,13,12,9,9,10,11,13,10,11,13,19,14,10,12,13,7,2,14,10,14,11,13,8,9,15,19,22,19,21,7,12,18,8,4,8,8,2,,8,13,6,11,7,12,7,6,8,8,13,10,7,4,,3,3,7,3,2,7,7,9,2,7,6,5,,,,7,7,,8,6,8,,,,14,,12,19,8,11,16,12,11,9,15,,,,9,8,,18,19,16,8,5,,5,7,8,5,4,5,2,3,,5,,5,7,,15,11,,11,13,14,,11,6,17,13,5,6,5,,,2,5,4,8,5,2,8,,15,,,9,,3,10,,3,3,5,5,2,2,,16,18,10,10,9,9,4,4,15,11,7,10,8,13,7,16,8,11,2,,5,4,5,4,,3,,11,12,12,,6,7,5,,14,17,22,19,,23,22,26,21,5,,,6,9,13,8,7,10,12,6,10,13,6,8,7,8,13,15,21,17,18,18,20,15,,18,14,8,7,13,11,12,12,7,13,8,3,60,16,,24,26,18,17,25,19,18,11,11,15,14,19,18,18,,11,6,9,23,12,13,8,8,10,14,16,12,,13,23,23,12,9,8,7,11,13,13,9,,,15,12,17,17,12,9,12,16,20,23,16,17,27,25,51,22,29,18,33,41,,14,18,16,13,5,,24,42,22,24,32,21,17,,,42,37,33,22,30,,9,22,24,20,,,17,4,12,24,12,14,12,20,16,18,15,,15,14,14,20,15,17,13,17,18,12,18,16,20,12,23,11,15,14,9,9,,21,,16,16,,24,,24,28,,,,,10,,,,15,21,19,24,25,20,6,,11,12,9,14,15,10,8,14,8,8,10,14,4,15,6,28,,21,28,23,21,23,16,18,20,29,,11,9,11,6,2,6,3,10,14,7,2,8,4,10,3,5,3,,,10,,6,3,4,4,7,,8,9,,,10,11,8,20,,10,12,9,,14,11,10,10,7,3,2,2,2,6,,,,4,,,9,,6,6,5,5,13,2,4,7,5,5,,4,,,10,,6,8,10,7,9,9,10,5,,14,19,16,15,19,14,11,12,11,16,11,12,12,6,5,5,15,10,10,13,,12,10,7,,7,7,,6,5,10,5,7,,21,11,,,3,12,,24,,24,23,19,24,7,9,,4,4,,18,21,,21,,12,13,12,,12,10,23,20,12,,7,7,8,12,13,8,3,19,16,10,15,6,15,11,15,19,9,8,14,10,6,9,13,14,8,10,12,7,9,2,13,12,11,,9,10,12,9,9,10,10,20,8,10,8,12,10,10,,6,8,9,,5,12,16,12,6,,15,13,2,,7,,7,9,12,8,6,3,5,,,,5,,7,,10,,5,,9,7,9,12,17,,7,,19,20,12,12,9,13,,8,15,8,12,10,3,,6,,,3,9,13,8,4,6,14,12,13,9,4,4,6,10,22,19,18,22,13,8,7,6,16,13,10,13,18,17,19,16,,10,13,22,31,13,12,5,9,,,,,4,9,,8,4,12,9,12,14,8,14,9,15,14,11,16,12,,12,13,,12,7,19,,14,19,,18,6,7,19,14,11,11,10,12,18,20,16,13,,17,20,21,8,12,14,12,4,6,,7,4,19,11,5,,,21,,,,,6,,,,,,,,,,,,,,,,4,,,,,,,,,,,,,,,,,,,,,,,,,,,,,,,,,,,,,,9,6,7,8,4,5,5,6,2,,,3,14,15,15,12,,13,18,16,18,15,23,21,,17,20,12,,,13,16,,20,23,27,,23,,14,14,,,14,13,,,9,7,17,,,12,9,5,9,13,7,6,12,11,10,8,7,5,7,9,14,15,19,17,19,10,10,16,12,,14,13,6,,4,4,8,11,11,8,8,6,13,16,9,13,,,6,14,11,16,9,11,6,8,4,13,12,2,9,8,8,11,4,,,10,13,9,2,13,11,,5,7,10,,9,8,13,,10,8,11,11,8,6,3,,6,8,6,14,8,6,10,10,,8,4,4,4,17,14,,9,,10,,,,3,8,7,5,4,5,,6,,14,15,15,3,2,2,2,2,9,11,8,6,,4,7,3,6,9,6,4,6,,4,4,6,7,7,6,4,7,9,6,11,6,9,11,8,,4,4,3,9,7,,5,4,7,8,8,6,8,12,17,,8,13,6,3,4,3,3,5,7,7,4,,15,10,8,,9,5,10,7,,6,5,8,,6,5,4,6,5,,8,3,7,5,7,9,6,,8,4,6,10,8,,14,13,5,7,6,7,11,9,8,10,10,7,,7,8,9,,4,5,,5,4,4,7,,2,4,4,10,13,8,8,11,9,12,10,5,6,7,8,8,5,6,6,4,4,24,10,15,12,18,6,9,9,11,12,2,8,5,5,8,4,11,7,11,5,3,7,9,29,12,21,20,17,8,10,14,14,17,13,12,11,12,8,11,17,13,13,14,14,9,13,15,,9,8,12,8,10,,6,4,13,10,15,9,10,11,14,10,18,18,12,5,22,,,,11,12,,11,16,23,22,25,23,,11,8,8,,,,,8,6,8,9,8,16,,11,,13,5,8,9,10,13,4,10,13,15,7,,,,,11,7,6,6,17,18,14,,5,7,7,8,10,7,13,14,16,12,10,11,20,20,,10,9,12,14,11,12,11,11,11,,11,9,,9,10,,6,8,12,,7,,9,,4,5,9,10,13,9,18,13,13,12,3,8,6,9,,13,12,,10,13,17,,9,9,18,18,17,18,,5,4,13,22,,,17,16,29,,10,9,12,10,6,6,15,,7,,,11,12,6,8,20,19,24,28,9,,10,10,11,8,8,14,15,15,16,,,14,12,,26,,14,9,7,22,14,2,6,16,9,18,12,10,16,,30,8,14,17,4,11,12,,11,,4,8,16,10,23,18,16,12,8,15,13,8,6,10,,,21,2,14,14,,20,16,17,4,,6,11,,,12,12,13,2,10,8,5,8,6,14,7,36,16,14,22,,16,6,,16,10,9,7,6,21,11,4,9,10,18,6,3,16,5,30,3,20,7,6,13,18,13,6,9,8,7,8,9,,5,9,37,4,7,22,3,4,5,6,4,23,5,9,14,15,17,11,21,7,12,2,24,10,13,15,,,15,6,10,15,6,4,6,15,9,16,8,7,17,19,4,6,6,6,,6,24,19,14,19,14,23,9,6,7,8,10,6,7,10,5,13,26,20,14,22,22,13,5,4,9,3,1,12,6,10,15,32,20,17,20,14,10,18,24,10,13,15,10,8,15,13,12,7,4,19,15,,17,7,14,6,15,3,4,4,13,9,6,5,8,9,5,8,13,8,19,15,17,7,17,15,11,20,22,9,28,22,14,,13,10,13,5,21,12,5,5,4,,2,9,11,13,15,14,14,,13,27,8,11,4,7,4,20,9,11,10,13,13,6,7,17,9,7,7,10,8,2,11,6,36,23,6,6,12,7,6,16,15,8,12,3,2,2,5,2,11,20,8,20,8,6,22,6,7,5,15,11,14,11,5,12,13,8,7,12,9,9,15,11,22,20,4,8,9,9,11,12,8,4,6,11,9,6,14,8,6,13,9,14,6,22,19,12,12,19,11,15,13,8,13,10,5,7,9,9,10,5,12,6,4,12,10,10,10,11,6,12,21,9,12,5,16,2,4,4,2,4,12,12,12,11,5,11,4,6,13,13,4,5,,8,5,16,5,9,14,22,21,15,13,11,17,2,8,2,24,15,13,11,15,2,34,12,15,15,15,20,21,21,10,4,8,17,17,25,20,22,18,22,24,9,6,15,7,10,9,4,18,17,11,14,7,13,12,14,11,13,2,15,10,12,11,13,18,12,15,14,4,20,6,15,12,18,15,23,29,,5,3,5,7,16,9,7,7,10,21,16,10,12,9,13,20,12,15,14,7,16,16,17,,10,7,4,10,13,18,6,13,14,19,18,10,34,25,10,11,22,23,28,8,5,6,23,18,12,4,20,16,33,29,5,2,10,11,15,14,11,4,12,9,5,8,12,6,4,6,13,12
20230729,8,O3,31,45,25,26,27,40,35,30,37,46,24,42,,,23,,22,25,22,,15,,4,26,,14,36,,77,70,59,73,76,79,99,,16,13,,11,8,21,7,18,,20,,39,45,44,33,30,28,47,,41,44,,51,48,52,16,15,18,11,11,24,20,,24,11,18,19,28,30,,57,54,49,58,69,,41,67,77,62,76,32,,56,59,,,55,55,54,67,17,13,22,,8,21,23,20,24,,36,28,29,23,26,30,31,24,25,28,22,26,23,29,28,30,28,31,22,,26,56,49,47,40,42,46,45,42,42,42,62,44,12,16,14,15,14,,18,14,13,15,20,28,31,25,27,28,29,27,28,20,,21,24,23,23,20,19,16,14,,13,16,17,,,,15,13,,22,16,19,,,,19,,28,32,19,29,21,19,24,22,20,,,,28,26,,22,23,24,15,14,,14,14,8,15,12,15,19,22,,26,,17,13,,19,21,,27,25,24,,20,27,22,25,22,18,28,,,33,25,24,30,36,38,23,,38,,,31,,34,30,,40,34,34,12,16,13,,39,42,28,33,29,34,49,34,20,18,26,27,19,17,20,19,21,23,,,63,58,62,53,,35,,35,36,26,,32,42,27,,37,8,9,10,,9,13,12,13,12,,,16,19,9,20,19,18,14,19,20,22,20,16,16,14,38,32,16,27,23,33,26,32,,31,39,48,46,44,52,48,43,46,52,53,42,17,23,,37,48,64,51,21,29,10,28,53,50,69,48,70,70,,68,51,63,68,58,61,66,62,46,36,35,47,,62,16,19,68,64,,65,71,69,56,76,,,49,47,65,54,62,60,69,67,11,20,20,14,65,69,68,59,63,63,67,58,,45,42,39,33,52,,4,40,13,16,3,35,22,,,29,14,5,24,6,,26,11,15,11,,,17,49,10,25,19,11,10,13,19,23,6,,43,,36,45,37,43,,30,28,44,73,62,36,35,30,44,24,48,20,58,,19,,52,17,,54,,49,42,,,,,73,,,,54,48,61,44,64,64,66,,57,45,62,35,44,26,36,38,45,32,45,65,8,48,43,59,,57,56,67,60,97,110,46,34,66,,26,22,27,23,29,23,22,23,25,33,30,33,33,28,62,49,47,,,18,,22,17,15,13,21,,22,19,,,13,19,15,26,,16,8,14,,24,25,23,22,54,5,22,18,15,5,,,,14,,,13,,16,17,28,19,14,17,,,10,7,,16,,,13,,16,16,19,68,84,73,79,77,,57,27,31,37,47,54,71,64,55,62,16,16,16,64,68,64,56,60,57,49,,33,31,24,,14,18,,59,68,58,49,16,,11,16,,,,13,,13,,53,37,29,37,110,113,,112,110,,47,48,,46,,103,95,110,,106,96,100,80,112,,31,29,32,27,28,31,85,18,20,25,16,20,,18,14,7,30,21,6,24,34,27,28,31,30,22,23,28,28,22,59,60,58,,68,99,88,84,84,83,80,64,76,68,67,27,28,29,,24,20,24,,33,32,35,39,35,,19,27,44,,35,,40,38,45,41,39,28,38,,,,16,,14,,38,,42,,24,28,36,37,24,,31,,15,15,20,27,46,47,,39,21,40,28,36,35,,33,,,68,19,16,13,39,28,24,19,46,66,80,77,67,36,28,22,21,24,30,43,27,28,28,33,18,29,18,16,16,24,,62,49,23,8,3,17,27,26,,,,,43,48,,43,21,15,23,24,16,9,20,24,10,8,18,18,20,,20,26,,63,64,61,,59,47,,74,34,40,38,45,43,50,44,46,35,51,57,29,,80,80,36,74,79,63,56,116,119,,72,88,122,117,124,,,16,,,,,20,,,,,,,,,,,,,,,,16,,,,,,,,,,,,,,,,,,,,,,,,,,,,,,,,,,,,,,28,23,22,22,25,20,19,20,23,,,,61,53,56,60,,45,52,45,23,18,22,115,,111,105,48,,,42,38,,38,44,36,,43,,91,95,,,50,42,,,81,88,40,,,59,64,113,110,81,94,112,39,34,68,44,43,28,20,24,20,25,28,26,23,32,31,39,30,,27,24,29,,29,24,9,8,46,42,73,82,8,9,6,67,,,77,39,49,47,19,69,68,68,84,21,23,59,72,92,81,82,136,,,90,47,50,48,57,56,,37,14,14,,17,14,19,,,15,20,14,6,21,23,,19,17,18,30,,21,17,18,,21,14,44,34,,27,,16,,18,,,,34,36,31,30,18,19,,16,,22,21,39,43,48,,44,,12,12,9,,,22,19,19,,9,13,14,,,39,51,36,34,36,38,13,19,16,19,19,15,20,20,17,,25,23,32,,34,,14,23,20,22,22,23,27,24,6,,8,,20,33,38,30,30,31,20,24,22,,40,25,30,,19,21,15,14,,14,14,18,,22,18,21,19,19,,39,46,41,46,22,14,,,16,16,18,36,41,,46,25,42,31,27,22,41,41,43,49,34,37,,44,46,38,,33,30,,27,41,43,40,,24,28,19,16,16,37,50,41,31,58,47,27,39,41,24,24,23,35,35,39,38,18,19,20,16,19,22,19,,17,18,37,19,31,27,23,38,45,35,44,46,,8,8,2,,19,,40,54,54,71,76,62,62,63,63,66,57,64,66,17,22,32,19,6,20,16,,26,58,55,38,36,,22,23,10,17,20,32,35,37,29,6,18,32,22,4,7,,,,50,32,,40,8,5,7,,7,,24,23,22,,,,,17,37,35,25,34,6,,9,,5,27,18,47,42,14,17,47,48,38,45,,,,,6,4,65,54,11,7,18,,28,13,14,42,34,50,62,47,14,11,7,4,20,12,,70,72,38,32,12,,52,51,6,,5,3,,55,26,,39,40,78,,47,,77,,9,13,9,10,15,8,56,88,99,98,20,7,12,21,,95,66,,23,27,47,,104,80,,57,42,43,,83,85,27,18,,,,45,22,,63,80,62,34,44,124,58,,58,,,58,65,90,79,62,46,78,80,52,,64,42,57,65,85,60,79,82,,,,41,56,,25,,68,70,78,60,56,43,102,17,16,20,26,75,116,,43,27,18,26,29,36,33,,17,,15,,14,4,11,5,54,43,20,19,14,38,29,14,,,20,51,26,28,,59,51,55,34,,19,16,,,13,22,24,20,15,17,13,16,16,22,48,28,30,7,42,,19,17,,26,43,18,33,95,60,42,18,70,48,8,38,37,24,21,32,22,81,20,42,15,6,24,20,29,42,32,24,48,,44,24,16,24,48,23,61,33,44,38,17,24,24,18,40,17,27,46,79,20,16,13,30,55,9,9,,,42,24,32,36,19,68,46,16,20,68,28,17,,47,41,13,58,20,,30,24,45,51,72,30,30,14,20,15,32,20,20,30,12,19,39,60,62,98,23,110,25,18,20,24,17,21,19,20,29,36,16,14,71,46,53,59,73,73,71,67,19,74,20,20,23,38,50,42,16,29,,23,32,21,20,27,20,19,15,44,40,17,29,13,46,41,32,27,46,67,27,16,25,23,6,18,27,12,44,43,39,14,,57,9,18,17,17,22,,14,11,,20,20,20,18,34,,30,,23,14,32,34,39,29,82,63,35,10,70,70,15,30,44,26,31,17,43,28,9,16,31,49,58,47,33,31,32,24,18,22,25,28,31,22,17,18,16,21,99,81,78,79,69,50,28,80,24,64,56,63,64,64,22,76,40,66,26,111,15,35,22,48,19,18,20,22,,31,14,15,21,21,26,31,22,20,41,19,17,35,75,16,46,11,13,32,47,46,48,18,17,30,12,9,14,22,14,15,24,30,21,16,17,32,,16,11,16,14,70,61,81,47,52,26,40,,48,41,51,12,70,61,35,25,11,58,24,11,18,35,25,,26,36,29,49,54,13,28,66,42,29,23,32,,26,38,22,35,74,98,50,113,10,70,47,76,9,14,8,6,47,63,43,45,24,40,34,43,46,35,28,28,34,15,32,39,42,18,26,30,15,28,12,44,31,32,51,21,127,65,102,111,7,15,76,94,53,101,17,40,89,65,42,47,16,31,25,,29,18,41,39,66,20,46,16,15,20,18,23,14,53,64,64,67,12,36,22,18,33,24,,44,43,17,83,42,55,35,45,36,31,39,34,34,47,12,9,6,66,63,30,24,38,6,11,32,46,53,39,76,54,53,26,40,45,55,33,62,29,26,15,29,57,14,19,16,14,23,54
20230729,8,O3_24h,116,82,125,122,119,124,91,125,116,86,114,96,,,194,,172,187,174,,202,,141,186,,144,242,,154,156,150,158,149,165,162,,179,188,,190,188,67,65,75,,91,,139,150,145,137,139,127,139,,156,141,,134,138,147,120,126,136,125,107,155,146,,153,197,177,170,158,152,,162,163,165,170,120,,110,122,130,125,128,116,,148,156,,,180,163,135,154,89,92,81,,96,73,86,82,83,,93,79,66,62,65,104,78,76,67,73,70,97,101,101,105,107,93,106,97,97,102,120,82,103,99,95,101,91,98,99,103,96,97,33,34,33,39,32,,38,38,34,32,49,53,60,45,51,51,51,47,58,28,,32,33,33,33,32,26,36,36,38,32,39,50,,,,58,62,,69,65,64,,,,48,,30,35,23,32,31,27,28,34,33,,,,41,45,,47,49,61,49,47,,45,36,32,38,34,37,38,40,,43,,58,58,,25,27,,33,34,49,,30,36,26,30,40,29,40,,,40,34,38,51,61,58,47,,38,,,41,,40,33,,45,45,42,32,34,32,,69,72,52,58,55,51,58,56,58,54,64,65,62,64,59,61,60,65,,,63,64,62,59,,49,,63,71,67,,68,63,57,,64,113,128,112,,108,134,125,138,28,,,42,52,32,52,50,48,128,127,145,129,121,117,125,106,134,101,133,116,120,106,127,116,,106,158,88,115,88,108,96,109,93,103,126,103,65,144,,122,134,154,105,125,109,120,111,114,121,131,115,100,109,,146,140,95,121,168,166,164,167,109,102,91,124,,111,111,104,158,166,148,161,154,142,127,153,,,129,128,152,102,99,105,103,126,93,94,101,102,183,163,178,157,141,186,190,171,,96,95,102,95,86,,82,61,72,41,37,60,59,,,67,47,56,87,40,,146,120,143,120,,,142,135,72,92,76,87,96,87,92,89,85,,78,68,74,73,81,82,134,131,130,141,120,131,86,86,85,80,70,88,84,82,,84,,83,74,,155,,165,164,,,,,150,,,,170,175,101,107,113,100,95,,113,119,129,124,127,128,98,93,91,95,99,137,78,118,95,158,,157,157,156,153,158,176,171,167,166,,65,64,68,71,56,54,59,58,56,68,58,75,66,63,75,77,81,,,81,,52,60,58,49,144,,137,112,,,130,140,134,118,,82,77,102,,77,67,75,60,65,37,52,46,49,36,,,,68,,,75,,81,91,88,100,37,46,48,43,55,46,,89,,,80,,101,69,92,143,159,146,152,157,,110,93,96,94,105,101,138,117,109,116,59,59,59,196,198,174,63,60,58,127,,100,101,95,,83,102,,82,79,83,94,87,,95,80,,,93,90,,144,,164,157,154,154,137,145,,142,142,,142,130,,123,,170,156,172,,163,163,127,121,126,,95,84,89,87,80,86,120,117,118,106,114,106,105,80,71,70,73,72,70,80,63,82,84,88,114,116,110,117,115,110,92,99,94,,100,99,90,89,91,94,125,101,132,115,123,49,51,56,,41,40,44,,48,79,76,80,66,,77,73,76,,112,,118,113,127,122,131,140,148,,,,100,,102,,122,,117,,101,101,103,113,112,,114,,111,111,117,82,108,100,,136,122,124,121,124,125,,108,,,114,82,79,76,77,86,88,89,96,155,135,142,215,108,100,107,106,106,103,71,76,94,91,120,102,99,95,88,96,100,,92,94,106,124,58,70,71,61,,,,,110,113,,114,81,86,87,87,104,84,73,78,78,75,80,79,78,,84,80,,100,94,86,,108,108,,100,67,83,88,88,88,114,92,96,85,228,99,100,,149,149,147,163,176,139,148,125,128,,116,123,122,119,125,,,95,,,,,47,,,,,,,,,,,,,,,,46,,,,,,,,,,,,,,,,,,,,,,,,,,,,,,,,,,,,,,90,101,99,101,104,93,91,91,92,,,,129,126,119,121,,124,133,151,133,138,142,147,,138,130,122,,,119,116,,126,121,127,,127,,170,173,,,121,108,,,151,154,155,,,110,120,138,145,172,170,165,119,110,121,150,174,94,84,96,86,89,92,89,86,135,134,135,128,,101,101,112,,40,36,37,42,129,112,136,112,62,65,65,80,,,94,92,88,92,91,89,88,83,103,89,102,105,75,104,95,95,145,,,115,100,105,126,110,101,,89,56,59,,62,59,68,,72,73,83,79,59,61,67,,54,58,60,48,64,51,76,82,,70,46,44,47,40,56,,91,,91,,,,60,61,64,58,76,80,,64,,38,46,56,66,69,55,66,,44,47,43,,,52,52,55,,48,47,41,,,58,51,36,38,38,38,68,68,78,70,74,52,58,63,58,,60,63,68,46,64,,50,53,64,64,66,64,61,64,47,,71,39,67,63,61,46,47,51,53,64,58,,130,133,141,,111,121,115,115,,120,119,102,,103,102,106,99,101,,105,109,108,107,83,76,49,,100,99,96,72,74,,92,74,76,96,110,114,111,107,109,104,88,85,,114,112,111,,98,98,,85,79,101,103,,91,97,90,98,91,103,103,98,109,107,101,93,91,93,87,90,94,103,100,102,101,90,102,99,100,96,107,89,61,94,88,82,82,87,83,82,76,87,83,75,86,30,81,82,99,95,115,94,116,164,137,139,148,155,127,184,161,150,111,128,131,123,133,102,116,87,84,97,,142,143,160,89,82,,90,82,81,78,103,72,76,74,78,132,135,141,136,15,144,,,,101,101,,97,70,68,73,71,72,,117,108,103,,,,,71,95,93,91,102,83,,100,,84,74,95,100,85,104,80,79,81,73,83,,,,,74,84,78,79,93,91,70,,91,70,75,85,90,101,98,99,56,58,42,42,89,86,,74,78,78,80,40,46,74,84,48,,82,71,,79,93,,100,96,107,,105,,106,,54,54,76,81,85,83,136,123,130,130,62,66,59,80,,166,170,,120,130,150,,149,151,104,108,150,150,,89,88,151,146,,,107,160,142,,152,151,124,124,101,145,147,,142,,,142,120,125,116,132,127,179,163,125,,112,117,108,160,153,160,153,152,107,,,121,108,,114,,108,128,136,97,99,60,132,127,176,200,199,160,145,,126,116,54,56,38,39,38,,96,,63,67,141,93,76,71,147,128,74,76,88,99,36,72,,,149,53,26,203,,183,164,185,88,,60,41,,,46,44,40,37,59,68,42,43,48,38,115,55,54,49,140,,176,110,,103,96,78,82,132,146,113,99,72,114,71,60,67,169,125,152,48,112,76,110,78,84,146,46,88,94,88,83,102,,141,72,51,109,114,136,101,109,108,153,108,141,92,63,112,49,83,130,150,83,75,64,68,78,77,74,,,188,66,164,79,54,100,108,50,97,153,108,55,50,130,60,108,64,71,,115,193,167,187,180,120,144,30,46,33,46,38,36,44,33,39,88,147,157,178,153,125,59,68,32,31,42,40,52,51,115,108,108,126,147,152,145,116,112,120,173,149,102,111,63,104,92,127,82,144,176,162,,199,51,75,60,55,81,64,66,123,125,103,106,93,123,120,99,100,95,74,84,61,93,78,54,71,81,79,81,103,110,128,,157,74,142,52,91,64,97,48,60,,56,138,138,79,81,55,80,,71,144,107,104,87,102,123,172,108,103,142,131,113,35,44,30,35,32,64,68,69,62,126,110,162,152,53,48,48,33,43,51,26,38,46,34,36,48,45,41,120,113,115,109,99,131,54,170,66,100,117,198,142,133,93,180,133,158,102,163,124,130,145,148,165,162,65,53,53,62,87,85,40,129,122,139,127,119,117,101,102,87,127,92,72,38,62,103,128,124,152,76,112,131,144,123,55,96,82,72,96,93,98,50,49,133,58,106,143,141,110,146,130,119,127,87,83,65,45,70,72,51,95,138,135,117,152,72,80,86,84,85,69,70,,41,89,110,114,118,122,74,83,83,31,35,32,49,38,47,155,163,142,140,172,148,158,167,156,170,164,190,177,168,162,134,153,150,136,159,160,162,186,170,166,118,120,101,111,104,130,103,110,105,36,99,43,93,81,91,99,89,132,116,118,114,90,88,121,164,120,153,74,90,177,152,132,127,95,157,160,,48,59,120,116,84,74,111,46,41,126,125,86,91,136,133,96,103,101,92,104,28,33,57,,101,92,51,159,112,137,126,116,68,101,135,120,129,158,45,78,108,155,94,64,120,65,192,186,79,112,93,99,157,164,107,66,132,119,80,113,76,39,109,67,97,106,94,102,54,65,63,160
20230729,8,O3_8h,23,40,31,25,23,19,30,25,39,38,15,46,,,33,,31,34,30,,28,,16,26,,23,40,,82,85,67,85,87,88,106,,22,13,,9,10,31,25,15,,12,,44,50,49,56,53,59,70,,66,43,,54,55,42,10,6,16,4,2,33,26,,30,15,17,18,42,46,,72,74,69,75,59,,39,77,85,59,86,24,,62,66,,,59,59,47,65,10,4,14,,5,20,22,18,22,,28,32,31,24,25,28,31,25,26,24,22,30,32,33,34,35,36,48,30,28,32,69,47,54,51,54,59,50,50,53,47,64,50,15,18,16,19,17,,22,12,15,18,14,20,22,18,20,21,21,20,19,18,,19,21,20,21,18,18,17,15,18,14,18,19,,,,17,15,,23,19,20,,,,9,,24,27,15,24,19,15,19,19,16,,,,23,21,,16,12,16,17,14,,14,15,11,17,14,17,20,23,,27,,20,17,,14,17,,22,19,22,,18,26,17,18,28,24,32,,,34,30,31,46,50,50,39,,22,,,28,,26,22,,43,40,38,13,15,14,,32,27,30,32,30,40,52,45,18,19,26,26,19,20,21,16,20,22,,,54,53,54,51,,40,,40,43,31,,43,48,26,,44,9,7,8,,5,11,11,8,16,,,20,24,14,25,24,25,33,36,37,40,35,29,33,30,46,34,25,33,32,28,32,35,,27,39,32,42,23,40,30,37,36,32,39,42,26,48,,31,31,54,48,36,33,25,30,77,80,78,78,71,85,,78,69,50,85,88,82,80,75,42,40,36,42,,49,15,20,79,81,79,77,60,64,53,70,,,70,72,81,72,72,76,81,66,10,20,29,29,52,51,54,53,56,37,47,22,,34,34,32,37,72,,5,14,9,28,1,32,25,,,10,15,4,22,9,,25,9,11,27,,,45,65,12,28,23,20,16,24,30,34,9,,47,,42,45,44,49,65,60,61,58,85,71,36,41,25,45,35,50,37,52,,28,,48,27,,54,,59,59,,,,,70,,,,68,41,80,84,75,79,72,,67,32,47,26,28,12,24,15,23,22,28,80,6,14,40,56,,70,37,60,49,80,106,61,43,27,,33,27,30,47,41,40,42,30,30,37,36,36,37,30,61,58,62,,,17,,19,20,18,14,37,,37,24,,,11,15,14,17,,17,7,17,,18,28,25,22,29,14,27,21,21,12,,,,15,,,12,,16,17,26,17,18,22,,18,23,20,,20,,,23,,20,13,13,90,104,90,105,99,,41,41,46,50,32,51,60,43,41,33,9,8,10,79,81,74,31,32,31,46,,33,43,35,,28,29,,73,68,64,63,22,,10,17,,,,10,,18,,44,47,30,37,99,103,,104,100,,46,45,,42,,110,95,116,,111,104,108,97,112,,30,28,31,19,22,32,64,12,13,16,10,14,4,26,9,7,30,23,6,26,34,32,30,36,45,40,36,42,42,34,62,67,63,,68,78,73,68,66,71,78,56,69,62,63,25,23,26,,19,18,21,,28,32,32,32,32,,26,26,52,,59,,62,60,68,64,44,36,46,,,,21,,21,,57,,60,,42,44,44,46,41,,47,,26,30,28,36,58,56,,41,32,44,34,37,46,,48,,,57,16,19,10,41,25,18,16,45,45,95,81,71,35,20,24,23,25,37,46,36,35,46,50,40,25,15,18,12,19,,59,55,41,17,3,24,23,32,,,,,49,46,,36,33,22,32,33,27,24,24,30,17,9,18,31,28,,44,44,,70,62,62,,62,54,,63,56,51,45,57,54,63,60,58,32,48,46,39,,92,94,76,80,73,68,66,120,123,,76,109,92,94,108,,,9,,,,,25,,,,,,,,,,,,,,,,23,,,,,,,,,,,,,,,,,,,,,,,,,,,,,,,,,,,,,,19,30,27,30,34,27,26,26,28,,,,73,69,68,72,,64,29,39,45,36,12,103,,106,96,61,,,56,48,,26,24,28,,36,,104,101,,,66,46,,,80,96,50,,,65,57,108,108,109,113,121,35,30,53,41,40,30,19,26,19,17,14,17,10,48,46,50,51,,19,20,35,,23,19,13,7,62,56,87,88,4,6,4,57,,,65,28,34,29,11,66,61,64,66,20,20,26,69,73,74,72,106,,,57,52,66,73,54,54,,32,12,10,,14,12,15,,15,12,15,11,4,22,24,,22,21,23,21,29,22,20,22,,24,34,41,30,12,20,,16,,18,,,,26,26,21,23,19,20,,18,,20,18,37,56,57,,54,,10,13,10,,,24,18,23,,8,11,14,,,50,35,31,31,32,33,13,26,20,26,21,16,20,23,20,,35,37,38,,39,,14,24,26,20,26,26,28,25,4,,12,,21,37,46,40,39,41,25,31,27,,43,35,39,,34,36,32,24,,23,23,32,,34,26,32,27,28,,45,50,44,48,23,15,,,27,28,28,22,20,,21,18,47,26,19,22,53,53,53,54,30,31,,60,65,59,,38,37,,17,31,47,45,,37,40,31,19,16,38,39,34,43,42,43,18,49,43,37,35,49,59,59,56,61,23,7,24,19,8,14,22,,14,22,37,24,32,25,17,40,55,49,49,56,,6,6,2,1,16,4,55,48,72,70,70,59,73,83,80,78,43,53,52,26,26,38,28,4,18,18,,34,77,72,36,33,,20,26,22,28,21,46,47,45,45,33,22,25,36,4,12,,,,36,35,,35,5,4,5,3,4,,26,29,29,,,,,38,54,56,42,56,16,,15,,8,29,21,41,32,30,17,26,51,36,51,,,,,7,9,58,54,13,8,26,,39,26,21,58,53,61,61,60,12,10,10,10,13,14,,31,30,29,27,13,2,63,56,6,,12,6,,64,35,,51,50,50,,56,,73,,22,18,10,10,13,5,66,84,95,92,31,15,18,24,,91,78,,31,38,55,,121,110,69,68,87,68,,80,83,42,22,,,,55,10,,69,91,78,45,52,132,58,,64,,,68,75,88,80,86,80,98,98,72,,82,91,90,102,109,69,100,101,,,,79,80,,25,,87,73,82,72,52,48,90,39,29,29,34,88,109,,31,45,10,18,32,27,25,,17,,15,,33,13,12,8,90,49,17,12,8,34,22,20,,,25,46,20,38,,60,72,48,30,,22,11,,,15,18,20,21,16,18,18,20,19,18,64,27,33,27,37,,31,27,,36,45,36,34,96,39,51,23,32,54,13,43,50,33,36,21,26,75,16,37,15,8,36,19,33,40,30,36,58,,50,32,16,38,65,36,54,42,45,47,24,39,19,22,34,9,35,64,86,20,18,18,34,66,8,7,,,66,25,47,28,22,77,59,7,22,64,44,18,17,42,46,20,51,22,,38,57,68,66,67,47,58,16,17,16,23,18,17,23,16,18,35,26,56,107,26,108,16,19,20,20,18,22,14,21,44,53,34,32,52,56,55,66,76,88,86,53,20,85,14,9,34,68,60,41,24,27,,26,26,17,20,20,22,20,19,61,59,30,36,24,58,61,25,21,31,51,14,24,30,18,7,27,30,13,42,29,32,15,,43,28,26,21,14,22,25,19,13,,23,35,30,18,38,,33,,29,5,47,46,35,35,83,64,31,10,64,83,18,23,20,19,29,28,43,34,11,17,51,39,43,38,25,24,25,21,19,12,21,24,24,20,18,21,15,21,96,90,87,87,76,68,33,88,33,48,69,89,36,62,29,86,46,76,43,99,22,39,35,52,20,24,19,19,26,28,15,15,17,36,32,39,36,35,59,30,22,18,71,16,41,9,14,26,63,35,58,21,35,46,12,13,18,22,12,9,22,27,17,20,23,41,,20,11,14,13,73,49,75,58,62,43,50,,60,54,37,14,54,53,34,36,16,59,38,18,29,34,28,,23,30,46,64,61,12,28,51,46,27,20,24,,23,44,7,22,80,97,69,110,20,86,64,89,10,15,10,6,58,62,89,64,39,44,34,34,37,43,30,40,41,14,58,45,41,28,46,34,13,27,15,48,32,50,53,32,128,88,110,104,8,12,79,104,65,105,15,57,96,48,70,69,4,51,34,,22,18,65,63,48,36,42,21,20,6,15,25,14,57,70,73,69,28,18,40,18,21,22,,60,28,20,89,48,46,41,54,28,29,34,40,23,42,11,11,3,74,43,32,41,44,6,18,21,45,38,23,56,47,68,27,45,58,49,42,53,33,22,10,40,54,17,20,18,14,30,73
20230729,8,O3_8h_24h,59,40,60,41,56,33,36,25,47,43,21,51,,,52,,41,42,47,,44,,27,35,,35,51,,104,96,98,103,99,108,116,,47,32,,23,27,44,40,15,,18,,56,62,61,85,84,86,95,,98,53,,60,74,45,18,6,24,4,2,66,46,,54,27,34,31,75,72,,79,82,74,82,60,,46,86,87,59,89,24,,65,76,,,73,60,62,67,11,4,14,,5,24,27,21,24,,28,48,34,26,28,31,33,27,27,24,22,45,50,48,51,51,54,78,47,46,51,79,56,74,62,63,68,64,64,63,64,68,65,16,20,18,22,19,,23,16,18,20,14,20,22,18,20,21,21,20,19,18,,19,21,20,21,20,19,18,16,20,15,19,24,,,,17,16,,24,20,22,,,,9,,24,27,15,24,19,15,19,19,16,,,,23,21,,16,12,16,19,16,,15,18,14,20,17,21,24,27,,32,,26,22,,14,17,,22,19,22,,18,26,17,18,29,25,32,,,34,30,32,48,56,53,43,,22,,,28,,26,22,,45,42,41,15,16,16,,32,27,30,32,30,42,54,51,20,21,27,27,22,22,24,19,20,24,,,57,57,55,51,,46,,43,45,39,,46,50,27,,49,13,11,18,,9,16,16,8,21,,,25,27,18,29,29,30,52,54,56,59,54,42,54,48,57,38,32,37,35,29,34,36,,28,44,32,42,23,40,30,37,36,32,39,42,65,59,,31,36,54,54,60,38,58,62,90,98,85,96,71,87,,87,72,57,90,108,98,88,81,44,46,38,50,,50,23,32,81,86,80,80,67,67,55,75,,,85,80,92,102,99,105,98,87,16,27,32,39,52,51,54,53,56,37,47,22,,51,43,51,51,86,,11,14,9,37,1,36,27,,,10,16,4,25,11,,39,44,38,30,,,64,84,23,34,26,25,24,33,36,39,10,,50,63,48,49,47,53,80,74,78,70,90,78,48,52,37,47,44,59,52,52,,36,,48,45,,62,,78,77,,,,,71,,,,81,62,85,92,85,84,74,,74,32,56,26,28,12,39,15,30,35,39,98,13,14,40,88,,101,57,63,49,81,106,88,78,34,,36,31,32,66,53,53,59,40,41,50,52,39,51,43,64,63,70,,,17,,29,22,22,16,51,,47,38,,,11,15,16,17,,26,11,21,,18,30,28,23,29,20,34,29,26,21,,,,18,,,12,,17,24,28,22,22,27,,26,33,26,,24,,,44,,25,18,22,107,122,121,148,120,,48,56,50,53,32,57,60,43,41,33,13,9,19,81,84,76,31,32,31,53,,42,50,42,,38,45,,79,69,68,69,35,,12,21,,,,15,,40,,52,66,67,67,118,119,,116,116,,48,51,,48,,119,112,123,,119,114,112,103,116,,34,30,37,28,33,35,64,17,27,29,20,25,5,30,11,7,30,30,8,33,53,45,33,39,63,59,52,59,58,58,64,75,68,,79,78,73,68,66,71,78,60,71,64,64,25,23,26,,19,18,21,,28,33,33,32,32,,30,28,57,,86,,91,89,96,91,53,49,59,,,,40,,40,,84,,90,,49,52,46,57,69,,71,,33,51,36,58,71,67,,42,37,50,42,49,52,,72,,,59,24,29,10,63,35,29,24,51,45,104,83,74,42,31,25,39,35,46,53,39,42,52,57,57,25,29,33,25,21,,59,58,43,43,5,30,32,38,,,,,73,52,,36,37,26,42,41,32,33,26,34,23,11,20,39,34,,65,63,,74,62,66,,65,55,,68,61,54,52,63,60,65,64,63,39,64,66,57,,110,116,110,91,73,75,81,124,128,,81,114,92,94,108,,,9,,,,,30,,,,,,,,,,,,,,,,30,,,,,,,,,,,,,,,,,,,,,,,,,,,,,,,,,,,,,,34,44,39,45,47,41,39,43,40,,,,78,76,74,75,,67,46,68,79,73,22,119,,110,109,84,,,78,63,,40,35,28,,53,,112,112,,,80,61,,,87,108,68,,,83,80,116,118,130,134,137,36,30,53,41,40,34,24,29,27,17,15,19,10,85,87,90,76,,34,37,59,,25,23,16,11,78,69,100,100,4,6,4,57,,,65,45,57,43,11,77,66,72,66,30,32,26,69,73,74,72,106,,,57,75,80,97,61,61,,58,14,11,,14,16,15,,16,12,15,12,4,23,28,,23,22,24,24,30,22,24,26,,26,44,41,31,12,20,,24,,25,,,,28,27,25,24,27,27,,21,,20,18,37,64,64,50,63,,16,21,18,,,31,23,35,,17,16,18,,,55,35,32,33,34,35,23,37,28,34,28,28,27,29,29,,38,40,40,34,40,,28,28,31,30,30,28,30,27,6,,20,40,36,52,48,44,44,47,33,38,33,,45,43,48,,44,46,42,42,,41,40,52,,51,40,45,38,41,,52,60,47,54,26,19,49,,45,43,44,22,20,,21,18,57,30,19,24,70,68,63,66,30,32,,81,82,75,,44,44,,17,31,48,47,,46,49,39,26,18,53,52,53,72,50,58,26,67,67,66,66,75,84,84,84,80,31,12,25,29,8,19,41,66,18,31,42,38,41,39,32,59,78,73,68,78,28,7,7,6,3,29,15,65,54,81,70,70,61,81,115,105,102,54,54,53,37,44,48,54,5,21,26,,55,82,78,44,33,,24,44,40,44,37,62,65,61,61,54,23,28,59,5,38,,,,36,36,,38,5,4,5,4,4,,27,32,41,,,,,64,80,83,72,82,27,,20,,18,30,21,41,32,34,18,26,56,36,60,,,,,9,19,63,66,24,14,28,,48,39,34,73,77,72,64,70,12,10,12,20,14,16,,31,30,31,29,19,3,66,68,8,,28,12,,72,41,,62,56,54,,59,,73,,31,26,24,17,13,8,67,84,102,92,46,20,28,36,,92,93,,38,58,100,,139,136,69,72,111,85,,80,83,61,65,,,93,61,10,,71,99,85,56,65,134,69,,76,,,72,78,92,85,103,103,110,105,83,,91,112,108,118,123,88,120,122,113,,,100,94,,32,,107,73,83,82,52,53,111,48,46,43,44,102,125,,31,70,10,18,33,27,25,,26,,22,65,50,23,24,10,105,73,18,15,8,37,22,32,,,47,53,21,50,,64,87,79,30,,28,12,,,15,18,20,25,17,20,20,22,24,18,81,28,43,37,49,,49,44,,48,48,45,46,100,95,82,29,32,74,27,46,62,38,44,21,30,88,18,55,16,16,46,24,39,44,32,42,66,,61,48,18,57,72,57,64,74,64,58,44,48,19,35,41,9,70,94,104,26,23,27,42,69,13,11,,,98,27,78,28,28,83,68,7,33,100,53,24,17,66,47,39,51,26,,57,90,80,94,78,57,104,18,21,18,23,21,17,27,18,20,38,26,60,117,45,110,16,20,22,20,20,25,14,22,58,65,72,57,52,62,70,88,78,92,101,60,42,95,14,9,50,87,66,47,36,32,,42,26,17,22,20,31,22,22,84,85,52,55,39,88,91,30,23,40,51,15,32,41,28,8,45,40,24,51,29,32,32,,43,40,42,24,14,22,26,25,17,,26,48,38,24,38,55,38,,40,5,69,58,35,63,86,64,51,19,64,103,37,23,26,19,29,30,43,38,16,24,93,39,43,48,25,24,25,21,22,12,21,24,24,21,20,25,16,24,96,92,91,90,83,72,54,104,51,48,74,112,36,70,37,97,54,77,58,99,43,54,55,64,37,34,22,22,26,28,23,22,17,52,51,49,43,44,86,44,32,31,72,16,41,9,17,43,70,36,80,25,48,54,38,19,23,24,12,12,28,28,22,26,28,55,35,36,13,15,15,74,50,76,74,70,60,59,41,65,61,37,26,55,53,47,51,22,66,50,28,32,41,38,,26,30,56,84,63,20,30,52,50,29,24,24,48,23,47,7,32,82,112,116,132,32,103,84,94,29,32,29,17,70,77,121,93,54,54,53,35,39,77,51,59,53,29,82,53,44,46,69,46,16,38,20,53,45,77,67,50,132,94,115,105,16,21,80,110,66,114,23,67,116,53,83,86,4,67,40,,22,20,94,92,48,53,44,24,25,6,15,26,19,68,72,75,72,41,18,47,18,21,22,,68,50,22,120,72,46,52,72,28,32,45,50,42,66,12,16,6,76,43,35,52,50,15,38,26,47,38,26,59,83,83,32,60,73,49,55,53,34,48,14,52,63,25,21,23,17,33,81
20230729,8,CO,0.7,0.5,0.6,0.6,0.5,0.2,0.4,0.4,0.5,0.5,0.4,0.4,,,0.6,,0.5,0.5,0.7,,0.5,,0.3,0.5,,0.5,0.6,,0.5,0.4,0.4,0.5,0.4,0.4,0.7,,0.3,0.5,,0.7,0.5,0.6,0.3,0.3,,0.3,,0.2,0.4,0.3,0.3,0.4,0.5,0.5,,0.4,0.2,,0.3,0.2,0.5,0.5,0.5,0.5,0.6,0.4,0.7,0.8,,0.8,0.4,0.2,0.1,0.4,0.4,,0.6,0.5,0.5,0.5,0.7,,0.5,1,0.6,1.3,0.8,0.6,,0.5,0.7,,,0.5,0.5,0.6,0.4,0.5,0.6,0.6,,0.7,0.7,0.6,0.6,0.5,,0.6,0.6,0.1,0.3,0.5,0.4,,0.1,0.5,0.5,0.4,0.5,0.5,0.4,0.3,0.4,0.3,0.5,0.4,0.4,0.5,0.7,0.5,0.5,0.6,0.4,0.5,0.6,0.4,1.1,0.3,0.3,0.4,0.4,0.3,0.4,0.7,0.4,,0.4,0.4,0.3,0.4,0.2,0.4,,0.5,0.4,0.5,0.1,0.3,0.4,0.4,,0.5,0.4,0.4,0.4,0.4,0.5,0.3,0.4,0.4,0.3,0.3,0.2,,,,0.4,0.3,,0.3,0.2,0.3,,,,0.3,,0.7,0.7,,0.6,0.5,0.4,0.2,0.5,0.9,,,,0.4,0.4,,0.6,0.3,0.4,0.3,0.4,,0.6,0.6,0.5,0.6,0.7,0.3,0.4,0.3,,0.3,,0.5,0.4,,0.5,0.6,,0.4,0.5,0.6,,0.6,0.4,0.5,0.6,0.5,0.4,0.3,,,0.4,0.4,0.4,0.5,0.5,0.5,0.5,,0.4,,,0.4,,0.5,0.4,,0.5,0.4,0.4,0.4,0.4,0.3,,0.4,0.4,0.4,0.4,0.3,0.5,0.4,0.4,0.3,0.5,0.5,0.2,0.3,0.4,0.5,0.4,0.4,0.3,,,0.2,0.2,0.4,0.4,,0.2,,0.5,0.4,0.6,,0.5,0.6,0.5,,0.4,0.5,0.4,0.6,,0.8,0.8,0.6,0.5,0.3,,,0.2,0.4,0.4,0.1,0.4,0.3,0.4,0.5,0.4,0.4,0.5,0.4,0.5,0.4,0.6,0.8,0.5,0.4,0.6,0.6,0.4,0.5,,0.5,0.5,0.3,0.5,0.4,0.3,0.3,0.4,0.5,0.4,0.6,0.5,0.8,0.7,,0.6,0.5,0.6,0.6,0.9,0.6,0.8,0.3,0.8,0.6,0.6,0.9,0.6,0.6,,0.6,0.6,0.8,0.6,0.5,0.4,0.3,0.4,0.6,0.7,0.5,0.8,,0.6,0.8,0.6,0.4,0.6,0.3,0.4,0.6,0.5,0.6,0.5,,,1,0.8,1.1,0.7,0.8,0.5,0.8,0.7,0.6,0.6,0.5,0.6,0.7,0.6,0.7,0.7,0.6,0.7,0.6,0.8,,0.5,0.5,0.3,0.5,0.3,,1.1,0.9,0.7,0.5,0.6,0.7,0.7,,,0.9,0.4,0.9,0.9,1,,0.3,0.4,0.6,0.6,,,0.6,0.7,0.8,0.6,0.2,0.7,0.3,0.6,0.6,0.5,0.5,,0.7,,0.6,0.5,0.7,0.6,0.2,0.5,0.3,0.3,0.1,0.2,0.7,0.7,0.5,0.4,0.6,0.6,0.8,0.4,,0.9,,0.6,0.7,,0.5,,0.9,0.7,,,,,0.6,,,,0.6,0.4,0.3,0.4,0.2,0.5,0.3,,0.5,,0.5,0.3,0.6,0.5,0.6,0.6,0.6,0.5,0.5,0.4,0.4,0.5,0.4,0.7,,1,1.2,0.5,0.8,0.7,0.6,0.5,0.5,0.9,,0.7,0.4,0.4,0.5,0.6,0.7,0.5,0.5,0.4,0.3,0.2,0.1,0.4,0.1,0.5,0.6,0.6,,,0.6,,0.1,0.7,0.2,0.3,0.5,,0.3,0.8,,,0.3,0.3,0.4,0.1,,0.4,0.9,0.2,,0.3,0.3,0.3,0.3,0.2,0.7,0.2,0.1,0.3,0.1,,,,0.5,,,0.5,,0.5,0.5,0.2,0.6,0.2,0.3,0.4,0.2,0.3,0.4,,,,,0.7,,0.6,0.7,0.7,0.6,0.5,0.7,0.7,0.7,,0.7,0.6,0.8,0.7,0.7,0.6,0.6,0.7,0.7,0.9,0.6,0.7,0.7,0.7,0.6,0.6,0.6,0.5,0.7,0.8,,0.7,0.3,0.4,,0.6,0.7,,0.6,0.6,0.7,0.7,0.9,,0.7,1.2,,,,0.2,,0.7,,0.7,0.8,1.4,1,0.8,0.7,,0.5,0.7,,1.5,1.2,,1,,0.9,0.8,0.9,,0.8,0.8,0.6,0.4,0.5,,0.4,0.8,0.7,0.8,1,0.4,0.6,0.9,0.7,0.5,0.7,0.3,,0.3,0.6,3.9,0.6,0.6,0.6,0.4,0.5,0.4,0.7,0.5,0.5,0.7,0.5,0.6,0.6,0.6,0.6,0.2,0.3,,0.2,0.4,0.5,0.4,0.5,0.4,0.4,0.5,0.5,0.5,0.4,0.4,0.4,0.4,,0.6,0.6,0.5,,0.4,0.5,0.6,0.4,0.5,,0.8,0.5,0.8,,1.1,,0.9,0.6,0.6,0.5,0.5,0.2,0.1,,,,0.4,,0.6,,0.4,,0.6,,0.4,0.7,0.4,0.7,1,,1.1,,0.5,0.4,0.5,0.4,0.6,0.4,,0.5,0.6,0.5,0.5,0.4,0.7,,0.7,,,0.4,0.2,0.3,0.2,0.7,0.6,0.7,0.7,0.6,0.5,0.5,0.6,0.6,0.3,0.8,1,1.4,0.9,0.7,0.4,0.5,0.5,0.6,0.6,0.7,0.6,0.6,0.7,0.6,0.6,,0.6,0.7,0.9,4.5,0.5,0.7,0.7,0.7,,,,,0.5,0.6,,0.5,0.4,0.5,0.3,0.4,0.4,0.3,0.6,0.7,0.6,0.4,0.5,0.7,0.6,,0.8,1.3,,1,0.5,0.8,,0.6,0.5,,0.7,0.3,0.6,0.5,0.5,0.5,0.6,0.4,0.5,0.8,0.9,1.1,0.9,,0.7,0.7,1,0.5,0.3,0.4,0.4,0.2,0.1,,0.3,0.3,0.2,0.2,0.2,,,1,,,,,0.4,,,,,,,,,,,,,,,,0.4,,,,,,,,,,,,,,,,,,,,,,,,,,,,,,,,,,,,,,0.5,0.4,0.5,0.5,0.5,0.4,0.3,0.4,0.5,,,,1.2,1.5,1,1.1,,2,0.7,0.7,0.7,0.9,0.6,0.6,,0.6,0.5,1.5,,,1.7,1.7,,0.7,0.6,0.5,,0.5,,0.8,0.6,,,0.5,0.5,,,0.6,0.5,0.7,,,0.3,0.4,0.4,0.4,0.6,0.6,0.5,0.7,0.6,0.8,0.6,0.5,0.3,0.2,0.3,0.5,0.8,0.8,0.7,0.9,0.8,0.8,0.8,0.8,,0.5,0.3,0.5,,0.3,0.2,0.5,0.5,0.3,0.2,0.1,0.3,0.5,0.7,0.6,0.1,,,0.1,0.4,0.2,0.4,0.2,0.6,,0.3,0.7,1.2,1.4,0.5,0.4,0.5,0.4,0.4,0.4,,,0.8,0.6,0.4,0.4,0.4,0.4,,0.2,0.3,0.2,,0.3,0.2,0.3,,0.3,0.2,0.2,0.3,0.2,0.2,0.3,,0.2,0.2,0.3,0.4,0.2,0.4,0.5,0.6,,0.4,0.4,,0.2,0.3,0.1,,0.5,,0.5,,,,0.1,0.2,0.2,0.3,0.5,0.5,,0.4,,0.3,0.2,0.4,0.7,0.7,,0.6,,0.9,0.8,1,,,0.7,0.6,0.5,,0.7,0.5,0.3,,,0.6,0.5,0.2,0.4,0.3,0.2,0.4,0.6,0.4,0.5,0.5,0.9,0.7,0.6,1.7,,0.1,0.3,0.4,,0.4,,1.2,0.6,1,0.9,0.5,0.6,0.7,0.8,0.5,,0.7,,0.7,1,1.2,1,1,1,0.7,0.5,0.8,,0.5,0.4,0.4,,0.6,0.5,0.5,0.6,,0.5,0.3,0.5,,0.6,0.3,0.3,0.4,0.5,,0.4,0.3,0.2,0.3,0.8,0.3,,,0.3,0.2,0.4,0.3,0.5,,0.5,0.6,0.5,0.8,0.4,0.3,0.6,0.5,0.6,0.5,0.8,0.9,,0.5,0.5,0.3,,0.6,0.6,,1.3,0.4,0.5,0.5,,0.6,0.6,0.7,0.8,0.7,0.3,0.5,0.6,1,0.7,0.6,0.4,0.3,0.5,0.4,0.1,0.4,0.6,0.6,0.7,0.8,0.7,0.6,0.6,0.5,0.4,0.5,0.7,,0.8,0.7,0.8,0.6,1.4,0.8,0.7,0.5,0.7,1.2,0.9,0.4,,0.7,0.6,1,0.7,1.2,0.7,1.2,0.5,0.8,0.8,0.6,0.6,0.7,0.7,0.6,0.5,0.5,0.7,0.6,0.7,0.8,0.7,0.6,0.6,0.8,0.8,,0.5,0.5,0.5,0.3,0.6,,0.4,0.5,0.4,0.2,0.4,0.6,0.5,0.5,0.7,0.7,0.6,1.3,0.8,0.3,0.6,,,,0.5,0.4,,0.5,0.2,0.4,0.3,0.4,0.5,,0.5,0.4,0.5,,,,,0.5,0.4,0.5,0.5,0.4,0.1,,0.5,,0.3,0.4,0.8,0.6,0.7,0.5,0.3,0.7,0.8,0.5,0.7,,,,,0.5,0.3,0.3,0.5,0.4,0.7,0.6,,0.5,0.5,0.5,0.5,0.5,0.7,0.7,0.6,0.7,0.5,0.4,0.6,0.8,0.8,,0.4,0.4,0.5,0.4,0.6,0.4,0.7,0.6,0.8,,0.4,0.4,,0.5,0.5,,0.3,0.3,0.4,,0.4,,0.1,,0.5,0.4,0.6,0.7,0.8,0.5,0.6,0.8,0.7,0.8,0.3,0.6,0.6,0.4,,2.2,0.5,,0.5,0.5,0.5,,0.4,0.6,,0.5,0.5,0.5,,0.4,0.4,0.2,0.2,,,,0.4,0.5,,0.4,0.5,0.7,0.4,0.5,0.4,0.5,,0.6,,,0.3,0.3,0.4,0.3,0.4,0.5,0.1,0.4,0.5,,0.6,0.3,0.4,0.3,0.2,0.3,0.3,0.4,,,,0.7,0.6,,0.3,,0.6,0.3,0.4,0.4,0.7,0.1,0.8,0.8,0.5,0.5,0.5,0.4,0.6,,0.6,0.6,0.3,0.4,0.4,0.4,0.5,,0.4,,0.1,,0.7,0.5,1.1,0.8,0.4,0.3,0.1,0.5,0.7,0.5,0.4,0.4,,,0.8,0.3,0.4,0.3,,0.6,0.6,0.5,1,,0.4,0.5,,,0.3,0.6,0.3,0.3,0.4,0.2,0.8,0.5,0.3,0.6,0.5,0.6,0.7,0.6,1.2,,0.4,0.6,,0.6,0.7,0.5,0.4,0.3,0.8,0.5,,0.5,0.7,0.8,0.3,0.5,0.6,0.6,1.4,,0.8,0.4,0.3,0.6,0.2,0.5,0.9,0.3,0.6,0.5,0.6,0.4,,0.3,0.1,0.7,0.4,0.4,0.5,0.5,0.6,0.6,0.1,0.5,0.5,0.5,0.6,0.5,0.3,0.6,0.3,0.6,0.3,0.6,0.3,0.8,0.4,0.6,0.5,,,0.7,0.3,0.3,0.6,0.3,0.1,0.5,0.3,0.5,0.3,0.6,0.8,0.4,0.6,0.8,0.4,0.5,0.3,,1.2,0.7,0.4,0.5,0.7,0.5,0.5,0.4,0.5,0.4,0.4,0.6,0.4,0.5,0.5,0.5,0.4,0.8,0.6,0.5,0.6,0.7,0.3,0.3,0.4,0.4,0.6,0.2,0.4,0.4,0.6,0.7,0.6,0.7,0.3,,0.7,0.5,0.6,0.8,0.5,0.6,0.7,0.9,0.7,0.6,0.5,0.8,0.7,0.1,0.2,0.3,,0.2,0.4,0.3,0.4,0.4,0.6,0.4,0.6,0.4,0.4,0.5,0.1,0.2,0.7,0.6,1.1,0.6,0.8,0.4,0.4,0.7,0.8,0.8,0.7,0.6,0.7,0.6,0.4,0.5,0.5,0.5,,0.5,0.6,1.5,0.3,0.5,0.2,0.1,0.3,0.2,,0.3,0.6,0.5,0.4,0.7,,0.7,,0.5,0.3,0.5,0.5,0.8,0.6,0.6,0.6,0.5,0.6,1,0.6,0.7,0.5,0.3,0.5,0.7,0.5,0.5,0.3,1,0.3,0.6,0.4,0.8,0.6,0.6,0.7,0.5,0.5,0.4,0.7,0.5,0.4,0.6,0.4,0.3,0.6,0.5,0.1,0.2,0.3,0.2,0.8,0.2,0.5,0.3,0.6,0.6,0.4,0.5,0.5,0.6,0.7,0.4,0.6,0.9,0.5,0.5,0.4,0.9,0.3,0.3,1,1.1,0.2,0.3,0.3,0.3,0.4,0.5,0.6,0.4,0.4,0.7,0.2,0.2,0.3,0.3,0.4,0.3,2.8,0.5,0.6,0.4,0.7,0.8,0.5,0.5,0.5,0.5,0.9,0.7,0.6,0.3,0.4,0.5,0.7,0.4,0.4,0.6,0.3,0.2,0.1,0.4,0.2,,0.4,0.5,0.4,0.4,0.2,0.3,0.4,0.5,0.4,0.9,0.7,,0.2,0.6,0.3,0.4,0.7,0.6,0.6,0.5,0.5,0.4,0.5,0.5,0.5,0.6,0.5,,0.4,0.5,0.4,0.6,0.4,0.7,0.8,0.4,0.8,0.4,0.5,0.4,,0.4,0.5,0.7,0.9,0.6,1,0.6,0.4,0.9,0.7,0.5,0.5,0.4,0.9,0.9,0.6,0.2,1.1,0.3,0.4,0.4,0.5,0.4,0.5,0.5,0.5,0.4,0.4,0.5,0.4,0.8,0.2,0.1,0.3,0.5,0.5,0.8,0.8,0.4,1,0.9,0.5,1,0.7,0.1,0.3,0.6,0.7,0.5,0.7,0.6,0.8,1.6,0.4,0.4,0.7,1,0.8,0.9,0.9,0.5,0.8,0.7,,0.6,0.2,0.7,0.7,0.4,0.7,0.5,0.5,0.2,0.4,0.1,0.5,0.4,0.4,0.4,1,0.5,0.5,0.6,0.4,0.5,0.5,0.4,,3.6,0.4,0.4,0.2,1.9,1.4,0.3,1.9,0.3,0.4,1.3,0.5,1,0.8,0.6,0.3,0.8,1.2,0.4,0.5,0.2,0.3,0.8,0.5,0.4,0.6,0.6,0.4,0.6,0.5,0.3,0.3,0.2,0.3,0.3,0.6,0.3,0.3,0.5,0.3,,0.6,0.6,0.4,0.4,0.1,0.7,0.4
20230729,8,CO_24h,0.7,0.4,0.6,0.5,0.5,0.3,0.4,0.3,0.4,0.4,0.4,0.4,,,0.7,,0.7,0.6,0.8,,0.7,,0.3,0.6,,0.5,0.7,,0.5,0.4,0.4,0.5,0.4,0.4,0.7,,0.7,0.8,,0.9,0.8,0.6,0.1,0.3,,0.3,,0.4,0.5,0.5,0.2,0.2,0.5,0.4,,0.3,0.3,,0.3,0.2,0.6,0.6,0.5,0.6,0.5,0.4,0.4,0.6,,0.5,0.4,0.3,0.2,0.5,0.5,,0.5,0.4,0.5,0.5,0.8,,0.5,0.8,0.8,0.9,0.6,0.6,,0.5,0.7,,,0.5,0.5,0.5,0.4,0.4,0.6,0.5,,0.6,0.5,0.5,0.6,0.4,,0.5,0.5,0.1,0.3,0.5,0.4,,0.1,0.5,0.5,0.3,0.5,0.5,0.4,0.3,0.4,0.3,0.6,0.6,0.4,0.5,0.6,0.6,0.5,0.7,0.4,0.5,0.6,0.5,0.9,0.3,0.3,0.5,0.4,0.3,0.4,0.6,0.4,,0.4,0.4,0.3,0.4,0.2,0.4,0.1,0.5,0.4,0.4,0.2,0.3,0.4,0.3,,0.4,0.4,0.4,0.4,0.5,0.5,0.3,0.3,0.4,0.3,0.3,0.2,,,,0.4,0.2,,0.3,0.2,0.3,,,,0.4,,0.7,0.6,,0.6,0.5,0.4,0.2,0.6,0.6,,,,0.5,0.5,,0.5,0.6,0.6,0.3,0.4,,0.5,0.6,0.4,0.6,0.7,0.3,0.3,0.3,,0.3,,0.5,0.4,,0.5,0.6,,0.4,0.5,0.5,,0.6,0.4,0.5,0.6,0.4,0.4,0.3,,,0.4,0.4,0.4,0.4,0.4,0.4,0.4,,0.4,,,0.4,,0.5,0.4,,0.4,0.4,0.3,0.3,0.4,0.3,,0.4,0.4,0.3,0.4,0.3,0.5,0.4,0.4,0.3,0.4,0.5,0.3,0.3,0.3,0.5,0.4,0.4,0.3,,,0.2,0.2,0.4,0.4,,0.2,,0.5,0.3,0.6,,0.5,0.5,1,,0.4,0.4,0.2,0.5,,0.6,0.5,0.5,0.5,0.3,,,0.2,0.4,0.4,0.2,0.4,0.3,0.4,0.4,0.4,0.4,0.4,0.4,0.4,0.4,0.5,0.7,0.6,0.5,0.6,0.5,0.5,0.6,,0.5,0.5,0.3,0.5,0.3,0.3,0.4,0.2,0.5,0.4,0.6,0.4,0.5,0.6,,0.6,0.4,0.6,0.6,0.7,0.5,0.7,0.3,0.8,0.6,0.7,0.9,0.6,0.6,,0.6,0.6,0.8,0.5,0.5,0.5,0.3,0.5,0.5,0.7,0.3,0.6,,0.5,0.6,0.5,0.4,0.5,0.3,0.4,0.5,0.5,0.5,0.4,,,0.9,0.7,0.9,0.6,0.7,0.5,0.8,0.7,0.5,0.5,0.4,0.5,0.8,0.7,0.9,0.8,0.6,0.8,0.8,0.9,,0.4,0.5,0.4,0.4,0.2,,0.9,1.1,0.6,0.5,0.7,0.7,0.7,,,1,0.4,1,0.8,1,,0.3,0.4,0.4,0.5,,,0.5,0.6,0.7,0.6,0.3,0.7,0.4,0.6,0.6,0.5,0.5,,0.7,0.6,0.5,0.4,0.6,0.6,0.2,0.3,0.3,0.2,0.1,0.2,0.6,0.7,0.6,0.5,0.6,0.7,0.6,0.5,,0.7,,0.6,0.6,,0.4,,0.4,0.5,,,,,0.6,,,,0.5,0.5,0.5,0.4,0.3,0.4,0.3,,0.3,,0.4,0.2,0.3,0.4,0.5,0.5,0.4,0.3,0.5,0.5,0.3,0.5,0.4,0.5,,0.7,0.9,0.5,0.8,0.6,0.5,0.5,0.5,0.8,,0.5,0.4,0.5,0.5,0.6,0.7,0.5,0.5,0.4,0.3,0.2,0.1,0.4,0.1,0.4,0.6,0.6,,,0.6,,0.1,0.7,0.1,0.3,0.6,,0.4,0.6,,,0.2,0.3,0.3,0.1,,0.2,0.3,0.2,,0.2,0.3,0.4,0.3,0.2,0.6,0.1,0.1,0.3,0.1,,,,0.3,,,0.5,,0.5,0.2,0.3,0.3,0.1,0.3,0.4,0.2,0.2,0.4,,,,,0.6,,0.5,0.4,0.6,0.6,0.5,0.7,0.7,0.6,,0.7,0.6,0.7,0.6,0.7,0.6,0.7,0.7,0.6,0.9,0.6,0.6,0.6,0.6,0.5,0.6,0.5,0.5,0.6,0.8,,0.6,0.4,0.4,,0.5,0.6,,0.5,0.6,0.6,0.6,0.8,,0.6,0.8,,,0.2,0.2,,0.6,,0.6,0.7,0.6,0.7,0.7,0.7,,0.6,0.7,,1.2,0.9,,0.9,,1,0.8,0.9,,0.8,0.8,0.4,0.3,0.3,,0.5,0.9,0.8,0.7,1,0.5,0.6,0.6,0.6,0.4,0.6,0.4,0.7,0.3,1,1.8,0.7,0.6,0.6,0.4,0.5,0.4,0.7,0.5,0.5,0.7,0.5,0.6,0.6,0.6,0.6,0.3,0.3,,0.3,0.4,0.4,0.3,0.4,0.3,0.3,0.4,0.4,0.3,0.3,0.4,0.4,0.5,,0.6,0.5,0.4,,0.4,0.5,0.7,0.4,0.7,,0.8,0.6,0.7,,0.9,,0.6,0.5,0.5,0.4,0.6,0.4,0.3,,,,0.3,,0.6,,0.5,,0.7,,0.3,0.6,0.3,0.6,0.6,,0.6,,0.5,0.4,0.5,0.4,0.5,0.4,,0.6,0.7,0.5,0.5,0.5,0.3,,0.6,,,0.3,0.2,0.3,0.2,0.7,0.5,0.6,0.5,0.5,0.6,0.6,0.6,0.7,0.3,0.9,0.9,0.9,1.3,0.6,0.4,0.3,0.5,0.6,0.5,0.5,0.6,0.5,0.6,0.6,0.6,,0.8,0.7,1,2.5,0.5,0.6,0.6,0.6,,,,,0.4,0.4,,0.5,0.4,0.3,0.2,0.3,0.3,0.2,0.6,0.7,0.5,0.3,0.5,0.7,0.5,,0.6,0.8,,0.9,0.4,0.7,,0.6,0.5,,0.7,0.3,0.6,0.5,0.4,0.4,0.4,0.4,0.5,0.5,0.6,0.7,0.6,,0.5,0.6,0.4,0.5,0.6,0.4,0.3,0.2,0.1,,0.3,0.3,0.3,0.2,0.2,,,0.4,,,,,0.3,,,,,,,,,,,,,,,,0.2,,,,,,,,,,,,,,,,,,,,,,,,,,,,,,,,,,,,,,0.3,0.4,0.5,0.5,0.5,0.4,0.4,0.4,0.4,,,,1,1,0.8,0.9,,0.8,0.7,0.5,0.5,0.6,0.5,0.7,,0.6,0.6,0.9,,,1.1,1.1,,0.7,0.6,0.5,,0.5,,0.7,0.6,,,0.5,0.5,,,0.5,0.4,0.5,,,0.4,0.4,0.3,0.3,0.5,0.5,0.5,0.7,0.6,0.4,0.6,0.6,0.4,0.3,0.4,0.7,0.6,0.7,0.6,0.7,0.8,0.8,0.8,0.8,,0.4,0.2,0.6,,0.3,0.1,0.5,0.5,0.4,0.3,0.1,0.2,0.5,0.5,0.6,0.1,,,,0.4,0.3,0.4,0.1,0.4,,0.4,0.4,0.6,0.9,0.4,0.3,0.5,0.5,0.5,0.4,,,0.8,0.5,0.4,0.4,0.4,0.4,,0.1,0.3,0.2,,0.3,0.2,0.3,,0.3,0.2,0.2,0.3,0.2,0.2,0.3,,0.1,0.2,0.2,0.4,0.2,0.4,0.5,0.6,,0.4,0.3,0.4,0.2,0.2,0.3,,0.5,,0.5,,,,0.1,0.2,0.3,0.4,0.5,0.5,,0.4,,0.3,0.3,0.3,0.6,0.7,0.5,0.6,,0.8,0.7,0.8,,,0.5,0.5,0.5,,0.5,0.4,0.3,,,0.7,0.5,0.2,0.3,0.3,0.2,0.4,0.4,0.4,0.4,0.6,0.8,0.5,0.4,0.9,,0.3,0.4,0.4,0.4,0.4,,1.1,0.6,0.9,0.9,0.6,0.6,0.6,0.7,0.5,,0.6,0.7,0.6,0.9,1.1,0.9,0.9,1,0.6,0.4,0.7,,0.9,0.5,0.4,,0.6,0.6,0.6,0.5,,0.4,0.3,0.4,,0.5,0.2,0.3,0.4,0.4,,0.3,0.3,0.2,0.3,0.8,0.3,0.4,,0.3,0.2,0.3,0.3,0.5,,0.6,0.4,0.6,0.8,0.4,0.3,0.6,0.5,0.6,0.5,0.5,0.6,,0.5,0.5,0.3,,0.5,0.5,,0.5,0.4,0.5,0.5,,0.5,0.5,0.6,0.7,0.5,0.2,0.6,0.6,0.7,0.9,0.6,0.3,0.3,0.6,0.4,0.2,0.4,0.6,0.6,0.7,0.7,0.7,0.5,0.5,0.4,0.4,0.5,0.7,0.5,0.6,0.6,0.7,0.6,1,0.7,0.5,0.5,0.5,0.7,1.3,0.3,0.5,0.6,0.6,0.8,0.7,1.1,0.6,0.5,0.5,0.4,0.7,0.7,0.7,0.7,0.8,0.7,0.5,0.5,0.7,0.6,0.8,0.8,0.6,0.6,0.5,0.7,0.7,,0.4,0.4,0.5,0.3,0.6,,0.3,0.5,0.3,0.2,0.2,0.4,0.4,0.4,0.5,0.5,0.5,0.6,0.8,0.2,0.4,,,,0.4,0.4,,0.4,0.2,0.3,0.2,0.3,0.4,,0.5,0.4,0.5,,,,,0.4,0.4,0.4,0.4,0.3,,,0.5,,0.3,0.3,0.7,0.7,0.8,0.8,0.3,0.6,0.7,0.5,0.6,,,,,0.3,0.3,0.3,0.4,0.3,0.5,0.5,,0.4,0.5,0.4,0.3,0.2,0.7,0.6,0.6,0.7,0.5,0.3,0.5,0.7,0.7,,0.5,0.4,0.4,0.5,0.5,0.4,0.6,0.6,0.8,,0.4,0.3,,0.4,0.5,,0.3,0.3,0.5,,0.3,,0.1,,0.5,0.4,0.5,0.6,0.7,0.5,0.6,0.8,0.7,0.7,0.3,0.5,0.5,0.4,,1,0.4,,0.5,0.5,0.3,,0.3,0.5,0.2,0.4,0.4,0.4,,0.4,0.3,0.1,,,,0.2,0.4,0.1,,0.4,0.5,0.5,0.4,0.5,0.4,0.5,,0.5,,,0.3,0.2,0.4,0.3,0.4,0.4,0.3,0.6,0.5,,0.3,0.3,0.4,0.3,0.2,0.3,0.3,0.4,0.4,,,0.5,0.5,,0.4,,0.7,0.3,0.3,0.4,0.9,0.1,0.6,0.7,0.7,0.7,0.7,0.4,0.6,,0.6,0.6,0.4,0.5,0.4,0.4,0.5,,0.4,,0.1,0.3,0.5,0.4,0.9,0.8,0.9,0.3,0.2,0.6,0.6,0.4,0.4,0.3,,,0.5,0.3,0.4,0.5,,0.5,0.5,0.5,0.5,,0.3,0.5,,,0.3,0.5,0.3,0.3,0.4,0.2,0.8,0.5,0.2,0.5,0.5,0.6,0.6,0.6,1,,0.5,0.5,,0.5,0.6,0.3,0.3,0.2,0.5,0.4,,0.6,0.5,0.7,0.3,0.3,0.8,0.7,0.9,,0.6,0.4,0.3,0.6,0.2,0.6,0.8,0.2,0.6,0.5,0.5,0.3,,0.3,0.1,0.8,0.4,0.4,0.4,0.5,0.5,0.5,0.2,0.4,0.3,0.6,0.5,0.6,0.4,0.5,0.5,0.6,0.3,0.5,0.2,0.5,0.5,0.5,0.4,,,0.5,0.3,0.4,0.7,0.3,0.1,0.5,0.3,0.2,0.3,0.5,0.3,0.5,0.5,0.9,0.4,0.5,0.3,,0.9,0.5,0.4,0.5,0.5,0.3,0.4,0.4,0.5,0.4,0.4,0.6,0.4,0.5,0.5,0.5,0.4,0.7,0.6,0.5,0.6,0.5,0.4,0.3,0.4,0.4,0.6,0.2,0.4,0.4,0.5,0.7,0.6,0.6,0.2,0.4,0.6,0.5,0.6,0.8,0.5,0.5,0.5,0.9,0.6,0.6,0.4,0.8,0.5,0.1,0.4,0.4,,0.4,0.5,0.4,0.4,0.6,0.6,0.4,0.4,0.5,0.5,0.4,0.1,0.2,0.7,0.5,0.6,0.3,0.6,0.5,0.4,0.6,0.7,0.7,0.6,0.5,0.8,0.5,0.4,0.5,0.5,0.4,,0.6,0.4,0.7,0.3,0.5,0.2,,0.2,0.2,,0.3,0.6,0.6,0.4,0.7,0.8,0.7,,0.4,0.2,0.5,0.5,0.5,0.5,0.6,0.7,0.5,0.5,0.7,0.7,0.7,0.5,0.3,0.5,0.7,0.5,0.6,0.5,0.9,0.4,0.6,0.3,0.5,0.6,0.6,0.6,0.3,0.5,0.3,0.7,0.5,0.4,0.6,0.4,0.3,0.5,0.4,0.1,0.2,0.3,0.3,0.6,0.2,0.4,0.4,0.6,0.6,0.4,0.5,0.5,0.5,0.7,0.4,0.7,0.8,0.4,0.4,0.4,0.3,0.4,0.4,0.8,0.9,0.4,0.3,0.3,0.3,0.4,0.5,0.6,0.4,0.4,0.6,0.3,0.3,0.6,0.4,0.4,0.3,1.1,0.4,0.6,0.4,0.7,0.7,0.4,0.4,0.5,0.5,0.8,0.5,0.5,0.2,0.4,0.5,0.7,0.3,0.4,0.4,0.3,,0.1,0.4,0.2,0.5,0.3,0.5,0.3,0.4,0.3,0.2,0.4,0.5,0.4,0.5,0.5,0.3,0.2,0.6,0.3,0.4,0.7,0.6,0.6,0.6,0.4,0.4,0.4,0.4,0.4,0.6,0.6,,0.4,0.5,0.3,0.3,0.5,0.7,0.6,0.5,0.8,0.5,0.5,0.4,0.4,0.4,0.5,0.5,0.6,0.6,1,0.9,0.6,0.7,0.7,0.5,0.6,0.8,1.4,1.1,1,0.3,0.9,0.2,0.3,0.3,0.3,0.3,0.4,0.4,0.5,0.4,0.4,0.4,0.7,0.5,0.2,0.5,0.3,0.3,0.4,0.7,0.8,0.4,0.6,0.5,0.4,0.6,0.6,0.1,0.2,0.7,0.7,0.4,0.6,0.6,0.9,1.1,0.4,0.3,0.8,0.8,0.7,0.8,0.8,0.4,0.6,0.6,,0.6,0.2,0.5,0.5,0.5,0.5,0.5,0.5,0.2,0.4,0.2,0.4,0.3,0.4,0.3,0.8,0.4,0.5,0.7,0.4,0.6,0.5,0.4,,0.7,0.4,0.5,0.2,1,1.2,0.3,1.1,0.4,0.3,0.6,0.4,0.6,0.7,0.5,0.3,0.6,1.1,0.5,0.5,0.3,0.2,1,0.9,0.4,0.4,0.5,0.4,0.6,0.5,0.4,0.3,0.5,0.3,0.2,0.6,0.3,0.3,0.6,0.3,0.4,0.6,0.5,0.4,0.5,0.1,0.6,0.4
20230729,9,AQI,,48,40,43,42,39,33,38,45,62,38,46,,,8,,15,17,9,,17,,10,9,,9,23,,41,63,43,36,47,54,30,,33,28,,40,,8,10,16,,16,,14,11,,39,49,45,53,,45,21,,36,41,28,38,46,39,48,32,42,48,,46,10,15,13,14,15,,31,28,22,29,39,,30,44,55,43,52,53,,28,31,,,48,30,47,39,30,26,26,,25,20,30,,21,,25,9,10,9,9,19,10,8,8,14,10,25,24,21,25,24,15,18,24,,16,20,26,34,37,19,35,18,,19,18,19,41,13,18,20,8,18,,12,20,17,20,,11,17,9,12,11,,15,11,35,,16,17,16,14,16,13,8,10,,6,8,29,,,,17,29,,29,39,16,,,,16,,12,12,14,11,22,13,10,14,14,,,,14,9,,15,14,15,,20,,18,19,19,22,17,19,22,20,,25,,22,27,,13,14,,14,12,13,,13,26,11,12,16,20,12,,,12,10,12,18,24,23,52,,12,,,11,,14,13,,19,23,22,19,16,22,,13,14,22,18,29,12,14,12,17,18,18,14,17,29,24,19,11,19,,,22,19,22,22,,10,,12,15,10,,13,15,19,,13,29,22,32,,29,37,24,24,18,,,24,19,19,27,22,22,16,,12,12,13,10,14,25,16,18,24,18,16,20,16,11,,28,13,15,15,13,16,21,18,14,67,18,21,28,41,,40,42,40,32,30,22,20,19,17,37,24,33,22,20,,23,19,20,24,25,16,26,,,31,36,46,,26,52,50,19,35,,20,25,32,22,25,,,30,28,35,32,26,26,26,,36,39,29,32,40,33,29,35,35,37,24,36,,33,32,32,28,26,,39,43,28,,30,26,22,,,40,42,38,35,26,,24,14,32,20,,,19,19,24,30,16,17,36,31,36,27,29,,30,,23,16,19,19,,22,15,16,20,20,19,15,67,15,19,15,43,19,,55,,16,35,,35,,32,34,,,,,25,,,,29,40,71,58,118,56,63,,74,27,24,22,29,21,28,29,26,29,26,28,24,24,18,44,,42,51,41,34,41,37,48,48,35,,11,12,13,9,11,10,15,10,,12,10,18,12,14,16,15,19,,,14,,,17,12,19,19,,18,27,,,16,,16,11,,12,14,10,,14,22,,17,15,7,14,12,9,9,,,,19,,,23,,22,22,12,24,24,24,,,9,10,,13,,,32,,31,43,48,21,25,,24,,,30,36,42,33,53,30,32,20,17,18,20,26,36,30,40,55,23,19,24,32,,28,20,21,,28,32,,31,22,19,26,29,,55,29,,,,25,,42,,48,44,58,52,32,,,34,33,,82,70,,77,,40,43,54,,50,47,,39,40,,13,10,12,21,14,14,30,20,28,22,24,12,,24,15,29,12,,24,18,11,25,12,35,16,18,17,27,20,15,34,23,34,,25,26,25,26,25,24,43,21,28,35,,16,16,16,,13,31,13,,15,9,15,13,11,,,12,15,,23,,22,13,18,25,13,,13,,,,33,,23,,12,,,,13,8,14,51,65,,40,,34,31,15,25,18,20,,20,15,17,12,20,13,,25,,,22,27,22,25,32,52,42,32,32,16,25,23,25,48,40,50,46,52,27,17,28,14,18,33,30,31,35,36,41,28,,20,24,19,38,16,23,17,16,,,,,,24,,17,27,35,34,33,,,14,27,23,29,,26,25,,37,39,,27,26,41,,26,25,,29,15,15,16,17,16,18,,15,54,67,59,65,,57,46,93,26,32,31,36,35,,,40,25,42,47,44,,,37,,,,,19,,,,,,,,,,,,,,,,7,,,,,,,,,,,,,,,,,,,,,,,,,,,,,,,,,,,,,,21,7,,23,22,12,12,15,9,,,,18,41,20,30,,26,53,61,57,66,65,39,,49,51,62,,,64,75,,44,39,42,,44,,55,39,,,35,17,,,30,35,47,,,25,27,37,37,30,36,39,42,34,20,29,23,8,14,13,25,27,17,,12,29,19,16,34,,28,23,15,,17,11,45,17,,18,29,,15,94,18,21,,,25,19,19,20,15,28,27,,31,30,15,35,27,30,28,28,42,,,,18,21,25,27,25,,17,,22,,22,19,19,,,23,27,28,15,21,18,,11,11,18,13,,12,18,15,,10,31,,14,18,11,,8,,12,,,,9,10,8,7,13,14,,12,,17,29,14,25,25,,30,,13,21,20,,,20,18,13,,29,18,23,,,11,20,18,93,14,22,10,28,34,26,22,18,32,36,39,,15,16,22,,31,,26,28,26,31,35,36,30,33,25,,24,,20,21,16,24,13,15,28,23,23,,12,8,13,,11,11,16,30,,24,27,13,,12,17,28,9,15,,13,15,15,15,15,10,,,18,16,15,16,17,,17,17,15,20,23,29,24,20,19,23,15,19,,15,26,15,,12,11,,26,19,29,13,,15,14,15,28,26,45,20,,35,22,,32,33,27,45,54,24,20,40,16,30,38,36,32,37,35,29,48,,,50,19,26,37,51,36,29,43,33,26,38,,28,28,61,53,40,64,23,28,20,29,23,46,24,20,20,22,27,20,28,24,26,35,48,41,51,44,,63,34,28,30,17,,15,17,24,22,46,25,25,25,19,104,34,29,83,22,23,,,,39,33,,34,,26,24,,38,,14,22,15,,,,,33,18,20,13,15,68,,23,,25,16,19,15,,38,23,19,18,24,16,,,,,28,22,22,17,44,23,18,,24,14,13,18,25,17,20,17,28,23,26,32,29,32,,38,40,18,39,17,9,16,18,35,,31,23,,17,9,,14,18,25,,84,,21,,10,14,27,38,40,25,31,31,33,30,12,43,25,12,,67,44,,12,28,55,,43,48,11,20,93,118,,,27,31,27,,,,37,72,,26,26,29,29,13,41,25,,28,,,30,27,30,26,122,112,67,80,33,,73,51,39,28,19,116,103,95,,,,42,35,,13,,32,61,77,74,14,13,30,30,9,14,9,56,40,,47,21,17,17,12,13,10,,16,,12,,16,18,39,,165,31,12,25,20,39,13,22,,,45,16,21,11,,36,32,35,22,,18,8,,,19,15,17,17,20,15,22,24,19,13,18,42,29,37,62,,8,30,,17,35,18,15,29,45,26,21,28,,26,12,20,19,8,53,10,54,12,18,,40,19,14,14,16,13,14,63,,30,12,28,12,22,34,24,35,25,,20,25,,26,14,20,,23,,13,15,12,18,15,35,18,,,32,28,12,10,21,18,,22,38,52,12,44,,35,12,19,17,16,,18,32,28,27,29,32,91,19,20,12,19,12,9,13,13,23,33,30,35,53,50,38,15,17,14,15,9,24,19,15,25,,27,35,36,,37,20,20,22,18,29,34,34,25,29,22,30,41,32,10,10,,16,16,9,8,14,8,15,15,14,13,20,15,20,16,22,15,19,20,23,21,25,38,38,38,28,43,43,16,16,23,38,,45,16,58,15,10,18,,14,14,,13,18,18,12,15,,75,,14,51,26,16,22,57,24,29,35,46,35,22,33,11,19,12,10,12,15,,43,27,46,30,40,36,12,11,17,13,21,13,17,14,13,12,7,28,16,,53,68,66,78,66,58,19,24,14,20,19,23,23,27,23,32,28,21,34,40,42,,10,38,42,8,12,24,,11,16,18,49,10,15,9,10,7,22,12,19,29,31,23,23,40,21,28,30,15,40,23,35,25,29,15,19,9,22,10,20,12,24,8,27,11,,29,13,16,5,22,32,48,26,18,39,20,,14,15,14,29,18,25,46,39,21,22,19,49,28,22,17,,13,25,37,,18,24,31,21,18,16,13,12,,12,15,54,46,28,33,33,35,67,54,51,40,20,38,,20,18,18,62,41,,53,62,46,51,41,50,19,,18,33,12,13,17,,38,30,26,22,49,44,23,53,30,39,85,73,55,26,17,50,46,22,57,32,16,24,24,30,28,31,50,55,,17,30,16,19,22,28,21,20,14,10,12,9,24,25,,33,33,33,17,12,49,11,17,,37,19,24,141,63,60,12,59,32,51,56,44,34,50,23,22,34,49,22,16,14,14,26,27,32,38,41,32,,34,19,27,,37,21,49,20,10,21,23,,27,36,17,16,17,12,52
20230729,9,PM2.5,28,27,21,22,29,21,14,21,24,44,19,24,,,3,,10,8,6,,10,,,3,,2,16,,24,32,30,24,21,22,8,,14,19,,28,,5,7,11,,11,,2,2,,27,20,21,22,,31,2,,6,17,14,26,16,12,28,9,22,25,,25,7,5,9,6,10,,15,19,13,16,27,,19,30,38,26,36,29,,14,14,,,21,19,16,17,21,11,10,,8,6,9,8,13,,15,,2,1,1,3,,2,2,2,2,11,11,10,10,10,10,10,10,11,10,10,9,6,14,10,11,11,,13,9,12,8,5,8,2,4,5,,7,5,5,3,,2,,2,2,2,7,2,5,24,,8,8,8,9,8,9,,5,5,,5,5,,,,6,8,,4,5,11,,,,11,,7,7,7,5,5,9,7,2,6,,,,5,6,,6,8,8,,9,,9,6,8,2,6,7,7,14,,10,,14,14,,6,6,,6,7,9,,8,7,4,5,7,9,6,,,6,6,3,11,10,7,12,,5,,,7,,4,8,,13,12,11,5,6,6,,5,4,8,8,13,5,7,6,9,12,12,5,8,14,2,9,7,10,2,,,,,,,4,,7,2,,,9,4,12,,3,20,5,15,,12,12,12,15,12,,,7,5,5,7,7,10,8,,5,4,6,4,6,17,4,5,7,10,5,14,9,6,,7,2,7,6,7,10,5,2,7,48,12,6,2,27,,20,24,28,12,14,9,13,13,,11,4,14,6,7,,4,6,3,3,12,11,15,,15,20,16,22,,17,16,34,11,6,,10,17,12,13,6,,,18,17,17,22,9,10,18,18,16,20,20,22,24,23,20,24,24,21,14,25,,16,20,16,15,17,,27,30,19,13,21,12,15,,,19,29,16,15,18,,6,3,22,5,,,7,11,2,21,11,7,5,12,22,12,5,,13,,10,9,13,13,6,8,6,6,8,6,13,10,48,6,13,9,24,5,,26,,6,20,,5,,22,19,,,,,10,,,,15,17,38,41,89,15,24,,33,9,5,12,9,2,8,9,6,12,10,9,7,9,9,17,,24,30,17,18,17,19,17,22,22,,6,6,5,6,6,7,10,5,7,4,6,12,3,3,5,4,3,,,7,,9,9,7,3,12,,12,11,,,11,,9,2,,6,9,7,,9,7,,7,7,2,4,8,2,,,,,9,,,12,,9,11,8,7,7,12,8,,5,5,,9,,,22,,15,30,31,8,9,8,13,,,21,19,27,23,37,21,22,12,9,12,8,15,13,11,9,11,4,5,9,22,,11,14,11,,19,19,,12,12,9,10,11,,18,20,,,11,17,,29,,23,28,26,25,5,2,,7,14,,60,34,,56,,21,25,27,,35,19,19,10,15,,4,4,3,6,6,5,5,11,11,8,9,8,8,8,4,11,5,5,15,12,1,17,8,7,11,12,9,10,14,10,8,2,11,,4,10,10,6,6,6,30,8,16,16,8,8,9,10,,8,7,9,,10,3,10,5,2,,,8,1,,16,,15,9,12,17,5,,3,,,,17,,4,,1,,,,6,3,2,25,21,,26,,9,14,7,5,12,3,,12,10,4,7,12,3,,17,,,10,13,13,15,13,16,29,22,18,5,2,14,17,33,28,24,25,20,14,8,11,7,12,14,16,14,17,23,23,16,,4,11,6,22,5,9,10,2,,,,,9,9,,11,13,24,12,15,12,,4,7,9,6,12,7,14,,21,27,,14,15,18,,13,17,,17,4,2,5,3,4,5,3,6,34,48,42,36,,17,13,46,11,22,16,25,7,4,,12,9,5,17,13,,,12,,,,,7,,,,,,,,,,,,,,,,2,,,,,,,,,,,,,,,,,,,,,,,,,,,,,,,,,,,,,,5,,,7,11,8,,5,,,,2,9,5,9,7,,18,26,34,24,30,30,17,,34,30,36,,,46,55,,27,27,24,,26,,19,22,,,17,10,,,17,12,27,,,9,17,18,9,19,12,15,29,14,9,20,16,5,5,7,8,10,5,6,8,11,13,,14,,14,16,5,,,,11,10,12,12,5,12,10,17,4,10,,,,5,7,5,8,12,4,4,5,7,7,18,7,8,7,7,9,,,,6,9,4,17,17,,10,8,7,,11,7,5,,12,3,15,14,8,9,10,,5,5,7,1,1,2,12,10,,7,6,,6,5,6,,2,,8,,,,1,,1,4,8,3,,8,,8,7,8,,,,7,32,9,10,14,16,,7,12,8,19,20,12,16,2,,3,14,12,69,2,2,3,17,20,15,15,10,15,13,26,,10,2,3,,5,,18,19,17,19,17,25,20,23,13,,12,,12,4,8,6,7,7,4,9,7,,8,3,9,,2,2,4,21,,16,16,6,,7,7,19,5,7,,6,9,5,5,10,7,,,10,11,10,,6,,,1,2,12,14,6,11,3,13,8,,,,9,9,10,,5,3,,12,13,20,9,,10,9,10,15,11,11,10,,18,5,,22,20,18,25,30,4,12,12,8,11,13,25,17,19,24,20,33,,,32,5,14,24,22,25,16,16,23,18,26,,10,10,31,22,28,29,16,17,5,12,16,13,7,11,12,5,18,14,13,13,18,18,27,27,22,26,,31,19,19,4,8,,5,7,4,9,12,17,17,14,13,78,19,18,61,10,3,,,,27,20,,23,6,5,5,,7,,8,11,8,,,,,4,9,14,7,7,21,,16,,10,10,5,3,11,14,15,12,10,9,11,,,,,12,5,8,8,17,8,11,,9,9,8,12,16,4,13,6,14,5,7,17,20,21,,26,28,12,13,8,6,8,8,24,,11,16,,10,6,,8,10,1,,45,,3,,2,5,11,12,11,14,19,14,15,15,5,18,7,8,,15,11,,7,7,14,,14,20,6,6,35,58,,6,3,15,9,,,,18,34,,18,16,19,12,3,18,8,,10,,,7,4,6,5,59,68,27,31,13,,34,5,9,10,9,46,36,48,,,,19,24,,9,,2,26,34,28,6,7,5,15,2,9,6,26,19,,28,9,10,7,8,7,7,,7,,5,,6,10,14,,90,7,6,8,11,20,6,14,,,30,7,4,6,,15,22,14,6,,12,2,,,7,4,5,9,14,10,14,5,9,4,10,22,20,12,42,,4,21,,7,14,10,10,7,21,10,12,19,,9,2,2,13,2,28,7,38,7,10,5,6,13,5,7,7,9,9,23,,13,5,19,8,7,17,12,15,13,1,9,17,,15,9,9,10,,,7,10,5,12,8,24,11,,,15,5,2,3,13,1,,9,22,11,8,9,11,24,3,13,2,6,,8,15,16,14,9,3,50,13,6,,7,7,4,4,6,3,18,21,24,5,22,20,10,7,8,10,5,14,10,10,14,16,13,16,19,23,24,14,4,15,8,16,20,9,17,16,8,20,20,15,2,5,,9,8,6,1,6,5,7,7,6,2,8,10,6,11,15,5,13,14,8,10,17,14,20,11,19,30,30,8,10,6,26,,31,11,41,10,5,12,14,,5,,9,12,12,2,9,,55,,7,27,13,9,15,40,11,20,24,27,24,4,23,6,7,8,5,7,8,,15,12,27,16,24,13,5,,10,9,13,9,7,6,6,7,4,19,8,,19,21,19,31,33,32,12,4,8,11,12,10,15,14,16,13,14,9,16,26,9,,4,26,29,2,1,4,8,7,11,10,10,7,10,3,6,2,11,2,13,7,16,13,16,12,10,14,19,3,28,7,18,14,12,5,5,2,5,7,9,6,12,5,9,2,,20,9,11,,4,22,33,8,6,27,7,,4,4,5,19,12,15,24,23,12,6,12,21,11,10,9,,6,13,10,,12,11,20,2,12,11,9,6,,6,7,23,28,14,23,23,6,48,29,18,28,14,20,,10,12,8,21,14,12,24,26,28,13,18,26,8,,11,23,,7,9,35,26,21,18,10,33,29,10,37,9,5,24,40,36,16,9,35,32,7,21,22,7,6,14,17,18,6,35,33,,8,4,11,8,7,7,10,5,5,,8,2,11,7,10,20,23,9,,8,6,7,6,,3,8,11,63,43,43,1,41,12,26,39,24,20,20,1,9,12,34,4,8,8,7,18,4,20,23,18,17,14,14,4,9,,17,11,34,8,4,10,8,10,3,18,9,11,9,4,34
20230729,9,PM2.5_24h,18,13,15,16,18,17,12,14,11,21,14,17,,,16,,19,19,17,,18,,11,15,,13,17,,21,27,25,17,19,20,12,,28,28,,39,21,6,11,20,,15,,16,14,12,13,12,11,13,,20,7,,12,16,13,23,17,18,18,16,22,23,,26,15,11,16,23,20,,18,20,22,22,26,,17,25,29,25,25,21,,14,13,,,13,17,14,16,20,14,11,,11,11,11,12,13,,13,9,9,10,9,11,9,9,9,9,13,13,13,12,11,11,9,9,12,13,13,14,9,8,13,12,9,14,,10,7,20,8,6,9,7,5,6,,5,8,5,8,3,4,2,3,4,2,5,7,7,14,,8,9,8,9,8,10,1,5,2,1,2,1,,,,8,9,,8,8,9,,,,12,,7,6,6,5,8,7,7,5,8,,,,7,7,,10,10,11,6,6,,7,4,5,1,5,5,5,9,,7,,7,7,,8,6,,6,7,9,,8,7,9,6,9,7,6,,,7,6,4,11,9,11,13,,7,,,8,,4,7,,12,12,10,6,7,6,,6,6,8,7,6,7,4,4,7,10,11,4,9,13,5,7,6,9,3,,,1,1,2,,8,,8,6,4,,7,7,12,,7,10,3,6,,7,5,10,12,8,,,4,2,2,4,5,5,15,,8,8,9,10,10,25,9,7,6,10,7,12,14,7,,9,8,6,9,7,11,7,6,8,12,5,8,2,16,,16,16,16,9,12,15,12,11,13,14,17,20,13,13,,12,13,11,15,21,17,17,14,12,14,14,13,,11,16,21,18,19,18,15,15,14,17,11,,,16,16,16,17,11,11,16,14,13,12,13,12,36,31,35,33,34,27,37,42,,15,18,15,14,12,,18,22,14,15,19,8,14,,,20,17,19,15,14,,6,7,10,9,,,11,9,6,18,10,11,10,14,17,15,7,,14,7,15,14,19,16,8,7,6,6,8,7,15,12,35,9,16,13,13,7,,16,,8,11,,19,,26,23,,,,,11,,,,19,16,23,28,80,27,17,,30,9,8,7,9,3,7,8,6,5,8,21,5,9,7,12,,22,19,15,17,13,15,13,17,16,,8,8,8,22,16,16,18,7,7,6,9,11,14,12,11,8,7,,,10,,6,5,5,5,14,,13,6,,,11,7,7,5,,3,7,5,,6,4,2,4,6,2,4,3,2,,,,,4,,,8,,8,5,9,9,3,5,2,5,3,6,,6,,,11,,11,16,14,12,12,12,14,11,,25,30,28,24,29,21,33,32,20,28,8,9,11,12,11,13,11,10,12,19,,16,14,12,,12,12,,12,10,10,13,11,,15,9,,,11,13,,24,,19,17,15,18,14,15,,18,17,,50,30,,43,,23,26,23,,31,28,8,7,6,,10,10,11,12,14,8,8,15,14,10,11,11,17,8,11,15,8,5,18,17,11,13,14,13,10,10,9,9,11,8,12,4,8,,11,10,14,13,6,6,15,9,18,10,7,8,8,7,,9,8,9,,8,9,8,6,6,,7,10,4,,17,,17,12,14,17,14,11,4,,,,9,,9,,12,,13,,12,8,7,14,17,,16,,9,13,7,5,13,13,,12,9,5,7,12,7,,14,,,7,15,12,14,11,14,16,15,12,17,8,14,22,33,26,29,26,30,22,8,8,8,9,13,10,13,14,18,17,14,,6,6,8,16,6,4,5,1,,,,,9,10,,11,10,10,8,10,12,14,8,15,8,12,10,11,11,,16,12,,13,15,17,,12,15,,16,4,4,4,6,5,7,3,5,23,26,20,36,,18,21,40,9,16,12,12,4,10,,20,10,21,20,18,,,7,,,,,4,,,,,,,,,,,,,,,,1,,,,,,,,,,,,,,,,,,,,,,,,,,,,,,,,,,,,,,7,3,6,10,12,9,3,5,3,,,10,12,10,12,9,,19,20,23,15,19,20,20,,29,22,26,,,27,34,,23,23,18,,18,,14,15,,,27,14,,,16,14,23,,,10,10,11,6,16,10,13,17,14,19,22,15,8,12,9,11,10,9,12,13,18,15,9,15,,13,13,10,,5,2,5,9,14,13,7,6,7,11,4,9,,,9,8,10,10,8,12,11,6,5,6,11,17,6,10,11,12,8,,,15,6,7,8,11,13,,11,7,6,,10,10,6,,10,7,6,14,4,7,9,,6,10,8,6,8,4,9,9,,9,4,5,5,6,5,,3,,7,,,,4,3,5,8,5,3,,8,,8,6,6,2,1,,4,31,9,9,8,11,3,5,7,5,10,9,7,11,4,,3,7,8,26,6,4,4,11,10,9,9,8,11,9,11,,8,6,6,9,10,,11,9,10,11,11,15,9,12,8,,10,11,11,7,9,7,8,6,7,6,5,,17,14,17,,9,7,8,12,,11,14,6,,6,8,11,5,6,,8,10,12,9,6,7,6,,8,9,12,4,7,,7,3,8,15,14,11,13,11,18,9,3,2,,9,14,12,,9,6,,9,7,8,9,,12,10,10,17,13,9,14,,10,17,12,18,17,11,18,17,7,12,12,10,7,12,15,14,15,14,12,17,13,25,17,8,13,14,14,14,8,14,13,11,13,10,10,9,27,25,28,23,18,24,27,22,26,21,26,25,26,23,26,27,24,14,19,16,17,25,21,21,,26,26,28,6,7,,4,7,6,8,6,16,14,9,14,17,15,10,16,10,4,,,,18,14,,16,6,4,6,8,5,,7,7,7,,,,,6,5,10,8,5,12,,15,,7,7,6,6,8,9,11,9,7,4,8,,,,,9,6,9,7,16,7,12,,10,7,9,11,14,6,11,6,9,6,14,17,25,18,,24,25,20,22,8,6,10,10,15,,11,8,,10,5,,4,5,5,,13,,3,,2,4,8,8,7,9,18,18,16,46,5,7,5,11,,11,8,,8,7,13,,16,20,6,6,40,42,,3,4,15,14,,,16,11,20,,14,9,14,18,2,18,8,,9,,,6,4,3,2,25,29,18,25,8,,25,11,12,11,14,34,17,22,14,,,15,13,,10,,7,26,25,25,9,8,14,11,13,16,14,23,19,,21,9,10,10,7,7,9,,3,,2,7,9,12,7,8,51,9,4,11,12,15,9,8,,,21,7,6,16,,14,13,14,11,,7,5,,,3,6,6,5,9,4,6,3,2,5,13,17,17,11,30,,15,13,,11,10,12,12,16,24,14,6,18,,9,3,3,15,8,22,4,22,4,14,3,5,16,7,4,7,8,9,9,,16,6,12,7,6,9,12,13,14,11,8,11,2,10,10,9,11,16,,5,9,2,13,6,10,7,,,23,6,23,10,7,2,9,9,8,13,13,8,13,19,3,10,15,3,,10,22,12,19,7,5,32,8,7,5,8,9,7,7,6,6,14,19,15,9,15,13,13,7,9,8,4,8,9,7,14,12,15,13,14,20,18,16,18,16,15,17,12,15,12,16,11,17,14,10,11,23,,14,6,7,5,7,5,6,6,11,12,7,8,7,20,19,9,12,10,7,15,14,13,21,14,16,30,23,10,18,14,12,,16,12,13,4,5,9,4,2,2,,2,14,15,2,12,15,16,,9,9,16,14,13,14,14,33,23,19,26,23,20,3,7,8,4,5,6,3,9,3,20,9,17,17,7,2,7,8,9,6,9,9,6,8,3,8,7,5,22,18,22,28,32,25,8,10,7,14,14,17,8,26,12,13,20,14,13,24,8,8,15,26,34,18,4,6,7,7,9,8,7,10,10,12,9,11,15,8,8,7,10,13,11,9,16,16,12,8,16,4,10,13,9,5,1,4,4,6,6,7,12,2,5,7,,10,10,10,3,6,16,16,7,9,13,6,7,7,6,6,10,23,24,17,19,12,4,8,14,11,10,9,,6,13,8,11,16,14,19,6,13,8,8,8,10,7,9,22,18,13,25,23,21,25,26,11,20,25,31,27,30,28,19,15,10,8,18,20,21,14,19,18,9,6,11,16,6,15,10,20,22,9,18,3,14,13,12,16,8,10,20,71,57,9,9,23,27,10,17,12,15,13,10,17,16,8,14,19,,8,4,11,8,7,12,9,3,1,2,12,2,8,7,8,19,20,12,4,11,8,8,7,,5,6,6,17,32,35,12,27,12,14,25,15,21,16,7,6,10,20,7,6,13,5,35,26,14,10,16,12,15,16,7,7,16,22,10,33,9,5,14,10,5,2,14,7,6,3,8,13
20230729,9,PM10,51,48,40,43,,39,33,38,45,47,38,46,,,7,,15,17,6,,17,,4,5,,6,18,,41,76,34,36,47,57,21,,33,24,,22,,3,4,15,,14,,14,2,4,37,49,45,56,,44,21,,36,41,28,38,46,39,48,32,42,48,,46,9,15,9,14,12,,31,17,22,29,3,,30,44,60,43,48,55,,24,31,,,48,30,47,39,25,26,26,,25,20,30,19,21,,25,5,5,9,4,19,8,,6,14,8,25,24,21,25,24,14,18,24,110,16,17,26,34,37,19,35,13,18,16,8,7,41,13,18,20,2,18,,12,20,17,20,,9,17,9,12,11,8,15,9,29,,16,17,16,14,16,13,8,10,10,6,6,29,,,,17,29,,29,39,12,,,,14,,12,12,14,5,22,7,7,14,14,,,,14,9,,15,14,15,,20,,18,19,19,22,17,19,22,20,,25,,22,27,,13,14,,14,12,10,,13,26,11,12,16,20,12,,,12,10,12,18,24,23,53,,8,,,11,,14,13,,17,23,22,19,16,22,,13,6,22,18,29,8,11,12,17,14,17,14,17,29,24,19,11,19,11,,,,8,,,5,,,,,,8,2,19,,6,22,22,32,,29,37,24,24,9,,,24,19,19,27,22,22,16,14,12,12,13,10,14,19,16,18,24,18,16,17,16,11,,28,9,8,10,10,7,21,18,6,10,17,21,28,41,,40,42,38,32,30,22,20,17,10,37,24,33,22,15,,12,18,13,5,25,12,26,14,,31,36,46,,26,53,50,14,35,19,14,20,32,17,19,,,30,28,35,14,7,3,17,,36,39,26,30,40,30,28,31,27,37,24,23,,33,32,32,28,26,,37,32,23,22,30,26,16,,,40,32,38,35,20,,24,4,31,20,,,19,18,24,29,14,17,36,31,36,27,29,,30,,23,14,14,16,20,22,15,4,8,15,16,13,20,15,14,5,43,14,,60,,15,35,,35,,32,34,,,,,13,,,,29,40,92,53,63,61,76,,97,27,24,22,29,21,28,29,26,29,26,28,24,24,12,44,,42,52,41,34,41,31,48,48,34,,11,12,13,9,11,3,12,10,4,12,4,14,5,14,9,7,11,,,14,,,17,12,19,19,,9,27,,,13,,16,7,,12,14,,,14,22,12,17,9,7,14,9,9,9,,,,19,,,23,,22,22,7,24,24,24,27,,7,10,,9,,,24,,31,40,48,18,7,,12,,,20,36,42,30,30,21,29,14,9,17,20,26,36,30,40,59,6,19,15,16,,28,20,21,,24,32,,31,22,19,26,29,,59,22,,,26,18,,41,,48,44,65,54,15,16,,9,9,,71,90,,94,,40,43,57,,49,47,29,39,34,,13,8,7,21,14,14,16,20,28,22,24,10,,24,15,22,12,,24,12,5,20,11,35,15,17,17,27,19,15,34,15,34,,22,6,7,9,8,6,40,21,20,35,23,16,16,16,,13,31,12,,4,7,8,6,8,,15,12,2,,15,,19,6,14,12,2,,2,,,,33,,23,,6,,,,13,5,14,52,80,,40,,34,31,15,25,5,20,,20,9,17,12,20,13,,25,,,7,27,22,25,32,54,42,31,32,4,9,11,3,27,40,50,46,54,27,14,28,12,15,33,30,31,35,36,41,28,,20,24,19,28,16,23,17,16,,,,,10,24,,10,27,16,34,33,22,,14,27,23,29,8,26,25,,37,39,,27,20,41,,22,22,,21,8,5,9,16,2,8,,13,58,53,48,79,,64,46,136,14,25,31,26,10,11,,40,24,42,47,44,,,37,,,,,19,,,,,,,,,,,,,,,,7,,,,,,,,,,,,,,,,,,,,,,,,,,,,,,,,,,,,,,21,7,20,23,22,11,12,15,5,,,3,18,41,20,30,,22,55,71,63,81,79,34,,39,51,73,,,60,76,,44,34,42,,44,,59,39,,,35,14,,,24,35,47,,,13,27,34,21,29,27,16,21,34,14,21,19,6,14,13,25,27,17,22,8,29,11,16,34,,28,22,15,,17,,45,17,28,12,29,19,11,138,18,16,,,13,13,7,16,14,15,27,13,7,30,13,35,7,14,20,14,7,,,10,14,18,2,27,25,,10,24,22,,22,19,19,,24,23,27,28,15,21,18,,11,11,18,13,17,12,9,11,,10,31,,14,18,4,,8,,5,,,,4,5,7,6,13,14,,12,,17,29,4,14,25,,30,2,13,21,17,20,,20,11,13,23,19,15,18,10,,11,6,6,64,14,22,6,28,34,26,22,18,32,36,39,,11,16,22,,31,,26,22,26,31,35,31,30,28,25,,24,,20,21,16,24,13,15,28,23,23,,6,3,,,11,11,16,19,,24,27,13,,12,17,21,9,15,,13,14,8,10,11,5,,,18,14,11,16,17,,9,17,15,20,23,29,24,20,12,23,10,19,,13,26,15,,5,5,,26,15,20,6,,14,14,14,28,26,45,14,17,35,15,21,25,33,27,45,57,24,20,40,9,30,38,25,32,37,33,18,40,,32,50,19,26,37,51,33,29,43,31,26,29,,28,28,71,55,39,78,13,28,7,29,21,46,24,12,6,17,27,18,28,24,22,35,48,41,52,44,,75,34,23,30,17,,15,17,24,22,46,8,16,25,17,92,34,29,81,22,23,,,,25,33,,34,,26,24,,38,,14,22,15,,,,,33,18,19,13,15,86,,18,,25,16,19,12,22,38,23,17,16,24,9,,,,,28,22,10,9,44,23,18,,24,14,13,15,25,13,16,6,28,23,26,32,12,32,,22,33,15,39,17,6,16,6,27,,31,13,,11,8,,14,18,10,,118,,7,,10,14,27,38,40,25,31,21,33,28,12,43,25,11,,42,24,,12,28,59,,43,48,3,19,136,185,,10,6,31,27,,,,37,93,,24,17,29,29,9,11,22,,25,,,30,11,6,8,194,174,83,109,33,,95,51,39,28,19,182,156,140,,,,42,18,,3,,32,71,103,98,7,9,11,30,6,14,8,61,31,,47,21,17,17,9,13,10,,16,,12,,16,18,39,,280,31,12,25,20,39,13,22,,,45,3,21,11,,36,26,35,22,,17,8,,,19,15,17,17,17,14,22,24,19,13,18,42,25,37,73,,8,23,,17,35,18,15,24,45,24,21,18,52,26,7,6,16,7,55,9,56,12,11,22,40,9,14,10,10,13,14,76,,30,12,28,10,22,34,24,35,25,,20,25,17,26,10,20,22,23,,13,11,12,18,12,32,18,,,32,28,12,3,21,9,21,22,38,54,5,44,14,34,12,16,8,16,,18,32,28,27,20,32,131,16,20,12,19,12,9,13,13,23,33,29,28,56,50,29,14,17,14,11,9,24,19,12,25,28,27,35,36,41,37,19,14,18,12,29,34,34,14,29,22,30,41,32,5,6,,16,16,5,8,14,7,15,15,7,5,20,15,20,6,14,11,16,18,8,21,20,38,38,38,24,33,37,16,16,23,34,,34,14,46,6,7,12,9,14,14,,9,17,8,12,15,,43,,14,52,26,16,19,35,9,25,32,46,18,12,10,11,19,11,8,12,10,32,43,27,46,30,40,36,12,9,17,11,21,10,17,14,8,12,7,28,16,,55,85,81,106,81,65,19,4,14,18,19,18,22,27,20,32,28,9,34,40,42,5,2,37,40,4,12,24,13,11,13,18,49,8,10,3,10,6,22,12,12,29,31,23,9,40,21,28,30,9,36,23,35,25,29,15,19,9,22,8,20,12,24,5,27,9,,27,9,11,2,14,29,10,25,4,36,10,,4,6,9,29,14,25,46,39,21,9,19,49,28,22,17,,13,25,37,16,15,24,31,11,17,7,10,10,,12,15,58,46,25,23,13,6,78,58,52,37,13,38,,20,8,4,74,41,68,56,74,46,52,41,50,19,,18,29,9,4,17,54,25,20,22,22,49,44,23,40,30,27,119,95,60,26,17,49,41,22,64,24,14,24,24,30,28,31,46,60,,17,30,12,19,13,28,21,20,14,9,8,4,24,9,24,33,22,33,17,9,49,11,17,,37,19,24,232,76,67,7,67,32,51,61,44,34,50,23,22,34,37,12,16,14,6,26,27,32,38,41,32,36,27,19,27,,37,21,37,15,10,21,23,10,5,36,17,14,17,12,54
20230729,9,PM10_24h,32,25,31,37,28,34,27,29,22,28,27,31,,,24,,28,35,26,,26,,26,26,,22,12,,40,51,41,34,38,43,36,,50,38,,50,40,15,24,27,,34,,27,22,22,26,32,34,44,,33,23,,34,26,30,43,38,37,42,38,44,36,,50,21,23,26,31,33,,34,27,34,33,36,,28,35,49,40,36,33,,29,30,,,28,31,35,36,29,32,29,,29,20,29,26,25,,29,16,15,17,14,25,15,10,14,18,20,31,29,29,29,29,20,23,30,31,25,24,29,22,39,36,36,34,40,39,26,36,45,24,27,24,20,25,,25,23,22,26,13,10,12,9,11,11,17,11,10,34,,20,23,19,22,20,21,12,11,11,7,9,14,,,,18,19,,28,12,11,,,,18,,16,18,15,12,20,13,14,12,23,,,,19,12,,20,21,26,11,12,,15,10,13,12,9,13,16,14,,17,,15,17,,17,14,,13,12,11,,14,25,13,15,18,16,16,,,16,13,16,20,23,22,29,,11,,,16,,18,15,,22,25,22,21,21,20,,15,13,16,14,14,9,10,11,16,14,15,12,16,18,19,14,15,17,6,,9,12,10,10,,18,,15,10,3,,10,6,18,,15,17,15,15,,20,16,18,17,7,,,19,11,15,24,10,13,19,21,17,19,19,19,21,30,25,14,19,19,19,20,19,14,,26,17,12,13,13,11,17,18,8,11,16,27,27,27,,35,36,28,25,27,32,21,18,25,32,28,58,25,25,,25,28,25,36,29,28,28,23,27,22,27,20,,26,32,34,27,31,27,26,26,27,27,22,,,33,29,33,39,30,30,28,29,26,23,18,19,57,50,52,45,55,48,55,67,,28,32,30,26,17,,27,24,19,24,23,17,18,,,33,26,30,29,18,,16,15,23,20,,,21,12,22,22,20,16,27,27,25,22,27,,27,7,21,22,25,23,14,16,11,9,17,16,23,20,24,17,24,19,24,16,,35,,18,21,,39,,32,30,,,,,18,,,,27,32,99,94,78,105,94,,109,19,15,24,20,22,16,20,17,18,18,35,13,25,19,27,,31,29,29,29,36,34,34,36,45,,19,16,16,27,22,23,23,16,14,14,19,21,25,24,19,18,22,,,8,,15,7,4,8,20,,18,14,,,15,13,17,13,,9,10,6,,13,21,12,13,8,6,7,7,5,8,,,,10,,,20,,20,16,10,17,13,15,18,7,4,9,,11,,,26,,20,28,29,15,20,24,21,20,,40,39,39,42,51,30,50,43,35,44,18,19,20,28,25,39,21,28,31,31,,31,21,23,,21,19,,22,19,20,21,20,,32,15,,,33,19,,29,,34,33,39,40,25,25,,22,24,,68,58,,61,,34,43,52,,46,46,18,21,20,,18,18,27,27,21,17,26,39,26,22,25,18,29,28,23,27,18,18,31,26,29,24,31,40,18,16,20,23,16,12,31,20,34,,16,10,9,15,15,21,24,14,16,24,17,18,13,14,,15,17,17,,4,18,14,14,14,,14,17,4,,25,,27,20,25,23,23,21,19,,,,22,,21,,31,,16,,19,15,28,26,40,,28,,25,25,22,19,20,26,,17,16,17,12,15,11,,21,,,11,25,24,24,19,29,30,28,24,26,40,23,39,35,46,50,40,58,35,20,18,15,16,18,20,19,25,27,27,22,,22,14,21,23,13,15,13,11,,,,,11,24,,12,23,20,19,17,21,19,21,20,20,22,15,24,20,,29,20,,22,22,29,,19,21,,22,6,9,10,11,9,12,,9,31,28,25,35,,88,73,156,16,28,23,21,30,28,,65,48,68,66,57,,,18,,,,,12,,,,,,,,,,,,,,,,8,,,,,,,,,,,,,,,,,,,,,,,,,,,,,,,,,,,,,,16,13,20,16,21,15,21,17,14,,,16,30,37,28,28,,25,36,53,26,38,45,39,,39,48,41,,,36,49,,31,32,26,,27,,45,35,,,40,24,,,28,34,35,,,17,20,20,22,26,24,17,36,40,39,36,32,20,25,21,33,30,23,32,26,39,43,36,38,,28,26,16,,10,6,21,29,25,19,17,16,16,37,16,26,,,22,16,12,14,10,22,22,11,7,25,12,38,4,15,20,18,15,,,21,8,16,5,20,21,,12,20,18,,20,18,19,,15,17,13,21,16,16,15,,15,15,18,22,16,10,12,13,,12,20,7,14,19,8,,8,,7,,,,9,11,6,10,13,16,,12,,13,15,13,13,18,6,19,7,13,10,12,12,,10,12,10,16,13,15,12,8,,10,10,11,34,10,25,5,14,18,17,19,13,27,25,24,,10,16,17,28,22,,22,15,17,22,24,21,20,21,18,,20,23,23,16,18,39,16,16,18,15,17,,18,18,19,,24,19,27,16,,19,19,17,,18,13,16,13,11,,23,21,21,15,16,15,17,,18,14,15,20,29,,23,23,15,30,24,20,20,21,21,21,14,22,,26,24,24,,11,13,,19,15,10,13,,18,15,14,31,22,20,34,22,19,28,23,22,29,24,26,39,20,17,24,19,20,23,22,28,22,26,19,26,20,25,30,18,20,27,29,24,23,25,22,26,19,16,20,19,47,47,49,52,36,36,34,41,42,44,40,41,37,42,47,38,51,26,29,33,36,35,33,34,,37,41,42,19,15,,11,15,16,16,17,14,14,18,23,21,23,21,23,17,20,,,,20,25,,25,,22,18,20,24,,15,15,14,,,,,16,15,15,17,15,36,,24,,9,10,16,14,16,22,15,8,13,16,7,,,,,28,18,9,9,31,16,19,,15,14,17,17,17,12,18,5,31,17,18,22,24,30,,23,30,30,32,17,9,18,15,24,,23,16,,16,8,,6,10,13,,42,,5,,6,8,18,20,21,19,25,23,24,23,10,17,16,21,,30,24,,16,18,46,,63,73,11,19,168,177,,8,7,24,27,,,26,26,37,,27,23,20,29,6,26,20,,18,,,21,10,7,7,99,90,57,78,29,,98,55,54,39,38,68,74,74,77,,,61,45,,37,,53,76,90,121,14,18,24,28,30,25,20,47,33,,31,22,17,20,14,17,17,,9,,8,13,21,18,19,19,160,28,14,39,23,24,12,11,,,42,10,12,25,,31,23,27,15,,9,9,,,12,21,23,14,12,12,16,14,9,19,23,32,21,25,50,,24,17,,23,19,18,16,79,29,21,14,26,30,27,14,16,23,13,46,8,33,15,18,15,15,18,11,6,11,10,10,29,,28,16,21,19,14,20,26,23,21,18,31,24,30,24,20,19,24,32,,18,14,10,22,15,16,12,,,33,23,26,13,16,6,21,20,12,48,14,26,15,25,11,20,10,14,,18,34,32,38,29,23,111,24,22,21,25,34,23,21,26,24,25,28,23,40,37,23,20,14,21,13,13,19,20,15,21,25,30,27,30,34,34,24,30,30,33,37,25,30,15,28,23,31,35,27,17,34,,22,10,13,10,17,9,12,12,23,25,24,14,19,23,21,16,13,12,8,18,17,21,32,23,18,26,27,15,33,24,20,,21,16,21,12,12,12,13,9,13,,6,21,16,15,16,21,21,,16,36,29,25,19,24,22,54,39,32,43,38,30,12,12,13,10,11,13,39,16,11,34,23,31,33,15,6,9,18,13,17,22,19,17,19,14,18,17,11,103,99,100,104,112,77,13,17,13,22,27,33,24,44,15,26,30,26,21,42,36,8,21,37,51,29,14,17,11,11,16,17,14,16,23,22,18,20,23,20,15,18,29,27,12,20,25,21,18,12,21,13,18,16,24,13,9,13,20,18,14,14,18,4,15,15,,14,13,17,12,14,27,5,19,13,17,17,20,16,18,13,17,31,44,33,31,20,6,15,33,33,20,21,,24,18,22,22,24,22,29,17,20,9,8,13,21,15,19,44,32,20,40,29,26,57,54,47,42,37,50,48,50,30,19,45,37,36,61,56,59,60,41,45,18,20,19,27,13,17,15,27,23,20,19,14,25,22,23,20,22,48,102,212,187,15,18,36,42,25,43,26,30,24,18,32,31,26,24,39,,14,18,22,30,16,20,21,13,5,8,13,15,25,15,18,23,17,19,21,18,44,12,17,,19,12,17,68,50,52,23,43,30,31,50,30,43,39,26,20,16,26,19,13,30,15,42,43,24,19,33,27,42,37,16,24,23,39,31,45,24,13,26,18,7,8,22,14,8,9,19,34
20230729,9,SO2,3,3,3,3,3,1,1,3,3,3,3,3,,,5,,2,4,5,,4,,4,4,,3,2,,2,1,3,3,3,2,5,,2,4,,2,3,4,2,5,,4,,2,3,1,8,4,6,9,,6,1,,1,1,8,6,7,9,8,5,1,1,,3,5,5,2,3,1,,4,4,2,4,5,,3,8,11,8,7,3,,6,7,,,8,8,6,9,7,8,21,,6,12,18,14,17,,14,4,4,7,4,7,5,3,6,2,6,3,5,4,6,3,5,4,5,3,3,9,5,6,4,5,7,5,5,3,4,6,8,4,7,6,3,4,,2,6,7,5,5,3,3,6,13,5,4,6,7,5,,6,7,7,6,8,6,6,8,4,4,4,4,,,,6,7,,6,7,5,,,,6,,3,5,8,5,10,5,8,5,7,,,,7,5,,3,3,5,,6,,8,5,7,4,6,7,4,4,,5,,6,5,,6,4,,4,5,6,,6,4,6,5,2,4,7,,,3,4,4,5,6,5,5,,4,,,2,,7,2,,4,2,3,5,4,5,,2,3,4,6,2,5,4,3,5,4,4,2,5,5,8,8,7,7,1,,4,2,2,3,,3,,7,5,7,,4,4,11,,6,5,6,5,,5,8,5,7,6,,,5,7,8,6,5,5,1,1,3,2,3,1,3,2,3,6,8,7,4,5,5,5,,6,6,3,5,4,2,4,2,4,1,2,6,4,4,,5,5,9,6,7,6,6,7,4,5,6,4,4,7,,5,6,5,7,4,6,4,4,8,14,5,6,,7,7,7,5,6,6,10,5,6,2,4,,,9,7,7,3,4,3,5,4,12,22,13,14,6,5,6,5,5,7,5,4,,7,5,8,7,7,,5,5,5,10,8,7,6,,,7,10,6,4,9,,4,4,3,2,,,3,13,5,8,3,6,5,10,7,6,4,,10,,9,6,9,8,7,12,8,11,10,10,7,5,3,6,6,7,2,5,,4,,4,8,,6,,9,8,,,,,5,,,,14,15,5,6,14,4,4,,6,10,4,10,16,7,4,4,5,6,5,1,7,4,7,38,,23,32,32,14,5,8,9,8,7,,5,5,4,2,4,6,3,3,2,5,1,5,2,2,8,7,8,,,4,,4,2,5,1,6,,6,3,,,5,2,2,14,,10,8,7,,11,8,7,9,6,8,4,4,4,7,,,,12,,,6,,4,10,8,6,4,8,6,3,4,4,,16,,,18,,21,17,22,4,4,7,4,7,,9,10,4,10,7,4,9,6,4,8,1,6,4,7,4,6,4,5,3,6,,7,12,12,,4,4,,13,9,12,5,11,,20,5,,,,4,,4,,17,14,25,17,8,10,,11,8,,9,10,,10,,8,6,8,,8,6,12,16,16,,6,5,4,6,2,3,4,5,5,5,4,4,,4,3,6,5,6,6,7,4,29,3,3,6,5,7,6,4,5,5,4,7,,6,5,4,4,2,4,5,5,3,4,3,3,5,2,,6,8,6,,4,10,4,9,8,,,10,7,,3,,3,4,5,3,8,6,4,,,,1,,2,,6,,,,1,6,4,4,3,,6,,5,2,5,2,6,5,,8,6,8,5,16,2,,6,,,8,4,6,3,6,6,14,18,4,4,3,2,4,25,19,14,30,17,14,1,2,4,7,8,6,6,7,7,7,6,,5,8,12,12,5,7,7,4,,,,,,1,,1,2,8,14,12,4,8,4,6,2,2,4,6,4,,4,3,,8,3,6,,6,4,,6,6,4,6,9,4,5,5,5,5,7,5,4,,33,12,5,16,13,6,15,9,3,,6,6,5,4,5,,,5,,,,,3,,,,,,,,,,,,,,,,5,,,,,,,,,,,,,,,,,,,,,,,,,,,,,,,,,,,,,,7,1,1,3,1,2,2,3,1,,,2,8,10,9,8,,7,5,7,12,5,6,11,,7,6,6,,,5,5,,10,10,2,,11,,16,26,,,5,5,,,2,3,19,,,4,4,8,11,12,6,8,2,3,6,7,4,3,5,12,6,11,4,,13,8,5,2,5,,8,9,5,,7,5,8,6,5,2,7,5,8,6,6,5,,,5,9,7,8,10,16,7,8,4,10,9,10,5,2,3,4,1,,,10,6,3,2,5,3,,6,,8,,6,6,6,,3,8,10,7,5,2,4,,5,4,4,7,4,3,5,5,,4,6,6,6,9,6,,6,,6,,,,2,5,8,6,3,3,,4,,7,6,4,6,5,,5,1,10,6,9,13,5,6,8,3,2,2,4,9,2,,8,5,4,6,7,7,30,30,39,32,11,8,7,17,12,,2,1,1,,3,,2,7,8,8,3,5,8,16,1,,3,,7,3,4,4,5,4,15,17,16,,3,3,6,,5,1,5,4,,4,3,4,,1,9,8,8,6,,6,6,4,7,9,5,,,4,6,5,6,6,,4,8,8,4,5,4,9,9,7,7,5,4,,6,8,4,,6,6,,24,5,5,3,,7,4,6,9,10,31,8,7,10,8,11,11,16,9,26,24,6,7,5,5,7,15,8,6,5,18,8,11,,18,11,11,5,10,13,18,2,14,12,10,8,,7,6,9,6,7,6,8,6,5,7,7,7,5,6,6,7,6,22,6,7,8,12,22,5,20,13,,28,4,3,6,4,,7,7,7,4,8,6,4,7,6,6,3,6,5,3,11,,,,9,12,,10,12,11,13,12,10,,7,7,6,,,,,5,6,6,7,8,1,,4,,5,6,9,10,8,12,3,4,9,5,6,,,,,4,1,4,4,53,6,2,,11,7,7,13,14,2,7,8,5,10,4,6,29,94,,6,7,7,7,7,9,4,8,20,,9,6,,7,7,,7,8,3,,8,,6,,8,8,2,6,19,9,5,8,7,8,5,9,5,8,,267,131,,5,2,8,,8,6,6,3,6,6,,5,5,10,8,,,,4,7,,11,10,17,11,11,10,7,,5,,,8,5,5,6,6,4,3,4,5,,6,9,8,6,6,6,2,2,,,,6,5,,5,,4,12,15,8,6,3,4,5,5,5,4,3,10,,10,3,8,3,5,2,2,,4,,6,,4,4,9,,12,10,5,7,6,12,4,5,,,2,4,5,6,,8,30,6,13,,5,5,,,2,3,5,4,7,6,2,4,5,6,5,8,6,9,10,,4,2,,5,9,10,6,5,20,6,12,5,3,4,5,3,2,5,26,3,20,4,2,,6,4,9,7,10,10,11,8,,2,4,12,2,4,7,3,6,7,4,3,8,9,8,8,3,1,4,50,3,5,6,15,8,5,4,,,6,4,6,6,8,6,6,4,6,8,3,21,7,10,6,2,4,3,,5,10,6,21,62,9,10,6,7,6,6,5,6,2,4,6,3,12,11,18,15,12,1,7,7,7,7,7,2,4,5,7,6,7,8,5,6,6,3,6,6,7,24,1,7,7,12,6,24,2,6,7,,6,9,5,5,8,2,3,2,4,3,2,1,9,4,2,9,3,8,8,11,5,10,8,6,8,12,7,6,11,12,3,,4,8,8,4,7,9,,4,5,,1,4,4,4,13,,15,,7,3,6,8,10,11,4,5,14,33,10,8,5,2,1,4,5,5,4,5,7,4,1,3,28,14,4,3,5,7,4,4,5,4,6,6,2,6,3,7,4,4,1,6,5,8,5,7,4,8,6,4,5,8,9,3,5,6,8,2,4,5,4,8,6,8,4,3,6,6,2,3,3,2,6,3,3,1,10,9,7,41,8,10,6,9,9,4,5,1,4,6,5,7,8,4,4,9,3,4,9,7,7,2,6,7,,3,3,4,4,12,6,7,9,6,3,5,,3,7,3,33,1,5,16,3,6,5,8,5,2,3,3,,8,7,6,8,6,7,15,5,11,5,4,1,,4,2,22,10,8,7,11,7,10,1,2,2,3,2,2,2,4,3,5,7,9,4,8,8,10,8,10,2,3,5,3,7,9,2,8,9,6,7,7,6,4,3,3,8,9,4,4,4,5,8,8,7,6,22,18,6,11,3,6,8,9,18,19,,6,3,4,3,6,6,1,4,6,9,6,6,1,3,8,5,4,6,6,3,6,5,4,,6,6,1,7,8,8,8,6,3,2,3,3,3,18,5,4,4,34,9,14,4,4,4,2,3,3,3,3,7,6,5,3,6,4,7,8,6,4,5,7,6,6,12,12,4,7,6,20
20230729,9,SO2_24h,3,3,3,3,3,3,1,3,3,3,3,3,,,5,,2,4,6,,4,,4,5,,3,3,,2,2,2,3,3,2,6,,2,3,,3,3,4,2,5,,5,,2,3,2,8,4,6,9,,4,2,,2,2,9,9,8,14,9,5,1,2,,4,5,8,2,4,2,,5,5,3,4,6,,3,6,7,7,5,3,,6,6,,,8,7,6,7,5,9,21,,5,8,13,11,10,,9,4,4,8,4,7,5,4,6,5,6,4,4,4,5,3,5,4,4,3,3,8,5,6,3,7,7,5,5,3,4,5,8,4,8,6,3,4,,2,6,6,5,4,3,3,6,11,6,4,6,7,5,,6,8,7,6,8,6,6,8,4,4,4,4,,,,6,8,,6,7,4,,,,6,,3,5,7,5,10,6,8,5,6,,,,7,5,,2,5,5,7,6,,7,5,7,4,6,7,4,3,,5,,6,5,,6,4,,4,5,6,,6,4,5,5,2,4,7,,,3,4,4,4,6,5,4,,4,,,2,,6,3,,4,2,3,5,4,4,,2,4,4,4,2,4,4,3,5,4,4,3,5,5,8,8,7,8,2,,4,2,2,3,,3,,8,6,7,,5,4,9,,7,5,6,5,,4,7,5,6,5,,,4,6,10,6,5,5,1,1,3,2,1,6,3,2,3,6,8,8,5,6,6,5,,6,6,3,5,4,1,4,2,4,2,2,5,4,5,,5,5,9,7,6,6,6,8,4,5,6,5,4,7,,5,7,5,7,5,7,5,5,7,11,5,7,,7,4,8,6,6,8,11,6,7,4,5,,,10,8,7,4,5,5,6,4,8,15,7,10,6,7,8,6,6,9,7,9,,6,5,7,7,8,,5,5,4,7,6,5,6,,,6,8,5,4,5,,3,3,2,2,,,3,9,4,4,3,5,4,5,5,4,3,,10,6,8,4,6,6,7,11,9,12,14,11,7,5,3,6,6,7,2,5,,4,,4,7,,7,,6,7,,,,,5,,,,13,13,5,5,13,5,5,,6,10,3,10,12,6,4,4,4,6,7,2,6,4,7,16,,13,11,14,7,6,8,10,9,7,,6,6,4,4,4,6,3,3,2,5,2,5,2,2,9,7,8,,,5,,4,2,4,2,7,,7,2,,,3,2,2,11,,8,6,7,,10,9,10,8,6,6,2,3,5,6,,,,10,,,5,,4,8,7,8,5,8,6,5,4,4,,8,,,15,,12,10,10,5,5,9,5,8,,12,9,5,8,8,4,8,8,4,11,1,5,2,7,4,7,4,5,4,7,,7,7,8,,4,5,,7,6,3,6,5,,13,5,,,3,5,,4,,9,9,10,10,8,10,,11,8,,9,7,,8,,9,7,9,,8,7,12,15,16,,8,6,5,5,3,4,3,7,5,7,6,4,6,5,5,6,5,6,6,11,14,11,3,3,6,5,6,6,4,6,5,3,7,,6,5,4,4,2,4,5,5,2,4,2,3,5,2,,6,8,6,,4,11,8,9,8,,11,10,7,,3,,3,4,5,3,8,7,4,,,,1,,2,,6,,3,,2,6,4,3,3,,6,,4,2,4,2,8,5,,10,8,8,6,7,2,,4,,,8,5,6,3,6,7,10,12,6,5,4,2,5,20,20,11,20,25,11,1,2,3,6,6,6,7,9,8,8,5,,8,7,15,7,5,5,6,3,,,,,1,2,,2,1,8,9,8,4,6,4,6,2,1,5,5,4,,4,3,,9,2,5,,6,4,,5,7,5,5,9,4,6,7,5,4,6,5,4,,21,29,4,17,30,8,11,9,2,,6,7,6,5,6,,,4,,,,,3,,,,,,,,,,,,,,,,5,,,,,,,,,,,,,,,,,,,,,,,,,,,,,,,,,,,,,,7,2,1,2,1,2,2,3,2,,,2,9,10,9,8,,7,5,6,5,5,6,12,,8,9,5,,,3,3,,14,13,2,,7,,18,22,,,5,4,,,4,4,14,,,4,3,7,10,11,5,7,3,4,7,7,5,3,6,10,9,9,4,6,11,8,5,3,4,,7,8,6,,7,5,7,5,5,4,6,4,8,6,6,5,,,5,8,7,9,10,12,6,9,6,5,7,15,8,2,2,4,1,,,8,8,4,2,5,3,,6,9,6,,6,5,7,,4,8,6,7,5,2,3,,4,3,4,8,2,3,5,4,,4,6,6,7,9,7,,6,,6,,,,2,6,8,6,4,4,,3,,7,6,5,6,6,8,6,1,10,4,7,10,5,4,7,4,2,3,4,4,2,,8,2,4,5,7,6,29,13,14,14,12,12,10,9,8,,5,8,9,16,8,,1,5,5,5,9,8,9,13,2,,3,3,7,3,4,4,5,5,3,8,9,,4,5,6,,6,2,6,4,,4,3,4,,2,8,4,7,4,,6,5,4,7,9,4,4,,4,6,4,6,5,,6,8,8,4,5,5,6,5,6,7,4,4,,7,9,6,,6,7,,9,5,5,2,,6,4,6,9,10,5,20,7,10,12,10,4,8,6,7,8,4,4,3,3,4,5,5,6,3,6,6,7,9,12,10,10,4,8,8,9,2,11,7,10,6,5,6,5,8,6,7,6,8,6,6,8,6,10,6,7,6,8,8,16,26,7,8,11,10,6,12,9,,12,4,3,6,4,,6,7,6,4,6,5,3,6,4,2,2,2,2,3,10,,,,6,15,,8,7,8,9,9,8,,7,7,6,,,,,5,5,6,6,7,2,,4,,4,5,8,10,8,12,2,5,7,5,5,,,,,3,2,4,4,26,5,2,,3,7,7,7,9,3,8,8,5,9,4,6,14,34,,11,14,6,5,7,9,5,8,13,,8,6,,7,7,,6,7,4,,7,,7,,8,8,2,6,9,8,4,7,6,8,5,5,4,8,,116,44,,6,6,6,,7,5,4,3,5,4,,5,5,8,8,,,6,5,4,,11,10,14,10,11,10,5,,6,,,7,5,4,6,6,4,4,5,5,,7,7,9,6,6,11,3,3,3,,,6,6,,5,,4,9,8,9,11,2,4,5,5,5,4,3,10,,6,2,8,2,4,2,2,,4,,6,2,3,4,7,7,11,8,4,6,6,8,5,4,,,2,4,5,6,,10,15,6,5,,5,4,,,2,4,6,4,7,6,2,5,5,5,6,6,6,7,8,,4,2,,6,4,8,5,5,15,4,7,15,3,4,6,3,2,5,13,3,26,4,2,3,6,4,8,5,8,6,8,6,,2,5,8,3,3,5,3,6,5,5,4,8,5,4,9,3,1,5,26,3,6,5,6,9,5,4,,,6,4,6,7,7,6,6,3,4,6,3,8,8,16,6,3,4,3,,5,11,6,18,43,5,7,6,7,6,7,5,8,2,5,6,3,6,8,21,11,10,2,7,7,7,7,6,2,4,6,6,6,8,8,5,6,6,4,7,7,7,13,2,7,7,8,7,7,2,6,8,,6,9,5,4,9,2,3,2,5,4,2,1,8,4,2,8,3,6,8,10,4,9,8,7,9,10,7,7,10,12,2,,3,6,6,3,6,10,8,4,5,,1,4,4,4,9,8,8,,6,7,5,7,7,7,5,6,11,33,8,10,5,2,1,3,5,4,4,5,6,5,4,3,16,12,4,2,5,6,4,6,5,5,6,6,2,5,2,7,4,7,1,6,6,7,7,8,5,9,6,5,6,6,9,3,6,7,7,1,3,5,4,5,6,8,4,3,6,6,3,3,4,3,6,4,4,4,10,8,4,17,7,11,7,9,8,5,3,2,2,6,4,6,6,4,3,9,3,4,7,6,5,2,5,6,,4,3,5,3,10,5,7,8,5,3,4,3,2,7,3,13,5,16,8,4,5,5,4,5,2,3,3,,8,5,7,9,6,6,7,5,3,5,4,1,6,4,2,16,9,6,7,14,6,8,1,1,1,3,3,4,3,4,6,7,7,9,3,8,8,10,7,8,2,4,5,2,8,12,2,6,6,6,9,7,5,4,3,2,6,10,5,7,6,4,7,6,9,7,24,10,7,11,4,8,9,8,13,9,,6,3,5,2,6,5,2,4,6,8,5,7,2,3,7,3,4,6,6,3,7,2,4,,5,6,1,10,5,7,8,4,3,2,3,3,3,8,10,4,4,16,11,8,6,4,4,3,3,3,3,3,9,6,4,3,9,6,4,10,5,4,4,6,6,7,8,11,4,8,6,13
20230729,9,NO2,37,6,34,41,31,31,31,17,13,10,37,14,,,16,,20,19,16,,18,,20,6,,3,17,,15,20,22,18,21,24,16,,15,18,,15,13,10,17,15,,12,,5,3,9,19,21,22,20,,27,6,,16,17,4,24,21,20,25,13,15,18,,12,18,16,21,6,9,,8,11,13,16,13,,5,20,17,20,16,30,,17,21,,,38,27,21,20,13,22,14,,16,14,14,,15,,15,11,8,5,4,3,6,12,6,3,7,11,12,5,8,8,5,2,10,5,8,9,8,8,9,10,14,12,14,16,5,8,8,9,11,8,9,2,,9,11,8,14,1,6,2,1,3,2,7,5,1,3,,2,2,4,1,2,3,7,8,,6,6,4,,,,6,6,,6,4,6,,,,7,,8,11,4,7,12,7,8,8,8,,,,2,2,,12,6,8,,6,,5,6,8,4,4,4,1,3,,5,,4,6,,12,10,,10,12,14,,12,9,14,13,5,17,7,,,2,14,12,24,10,4,16,,5,,,10,,1,9,,4,7,10,5,2,3,,12,9,15,15,14,14,10,12,11,11,7,9,8,14,7,12,6,11,2,,14,17,7,5,,5,,10,15,16,,9,8,4,,14,22,22,20,,17,24,21,22,2,,,7,8,6,9,8,8,13,8,11,14,6,8,8,9,15,16,22,23,18,15,20,19,,11,14,5,6,14,6,8,8,7,6,7,5,45,35,,21,16,16,27,40,21,24,14,9,25,11,18,6,18,,11,4,10,15,9,19,2,6,13,20,21,7,,9,30,31,8,4,5,4,8,9,7,7,,,24,18,28,13,7,6,13,12,27,33,29,31,17,18,23,16,17,15,13,15,,12,20,19,15,6,,21,22,15,21,34,17,15,,,28,29,22,18,23,,7,28,32,35,,,17,6,11,26,15,13,16,23,17,14,15,,16,,10,14,10,16,12,23,30,12,22,9,14,12,15,8,13,12,22,8,,24,,12,22,,27,,22,43,,,,,10,,,,17,23,17,27,52,26,7,,31,12,7,12,16,6,8,13,9,12,9,4,10,10,5,25,,25,32,23,16,21,19,22,24,16,,13,11,12,10,4,12,8,17,15,11,2,7,2,7,6,11,5,,,8,,5,1,3,1,7,,8,15,,,4,,4,17,,14,13,9,,12,8,6,6,6,4,1,1,2,7,,,,4,,,6,,4,6,3,4,12,2,2,,17,13,,6,,,13,,7,10,15,15,13,13,15,10,,9,14,22,13,15,14,11,7,9,7,6,13,11,7,6,5,9,12,8,8,,8,9,8,,13,14,,23,12,17,9,21,,33,11,,,8,12,,44,,23,27,19,32,11,11,,5,5,,19,27,,28,,17,17,13,,16,11,21,17,8,,7,5,6,10,7,7,2,13,15,10,15,1,,21,15,24,14,7,15,7,2,9,10,13,5,8,7,5,8,2,15,10,17,,6,11,14,15,7,8,8,23,7,11,6,11,8,7,,4,7,9,,3,15,14,8,5,,,13,3,,11,,10,12,14,11,2,2,2,,,,6,,8,,9,,,,10,10,10,26,19,,11,,27,28,12,16,10,13,,11,12,8,17,11,7,,10,,,3,11,8,17,4,6,15,13,16,6,3,7,7,10,20,24,24,18,10,8,13,9,24,16,15,14,23,25,26,19,,15,21,25,48,21,18,5,10,,,,,,5,,5,4,18,12,14,21,14,14,11,22,16,12,15,11,,17,24,,9,5,24,,16,16,,16,5,8,17,15,9,15,12,14,11,23,14,22,,18,16,15,6,8,13,14,4,7,,6,6,12,7,4,,,19,,,,,7,,,,,,,,,,,,,,,,7,,,,,,,,,,,,,,,,,,,,,,,,,,,,,,,,,,,,,,10,7,10,11,7,5,4,6,2,,,6,14,16,17,13,,14,19,21,34,38,26,18,,16,22,18,,,17,29,,18,22,18,,23,,16,24,,,17,10,,,7,5,26,,,12,8,5,12,17,8,6,10,10,10,7,6,8,9,11,15,13,14,15,16,10,13,12,15,,10,22,7,,8,9,12,16,6,5,14,6,13,23,12,16,,,4,10,9,12,8,13,8,,5,22,16,2,4,7,7,12,3,,,11,13,7,2,8,7,,3,5,6,,5,7,6,,6,8,7,8,5,5,2,,13,9,12,4,19,9,11,10,,11,6,10,5,8,5,,6,,8,,,,2,5,6,5,3,4,,5,,11,17,12,5,2,,1,4,12,16,13,13,,8,12,6,7,11,8,9,8,,9,5,4,10,3,4,4,8,10,10,7,6,13,18,19,,1,6,6,,2,,10,10,15,10,13,6,9,11,31,,10,,14,2,5,3,2,6,12,15,5,,12,11,8,,9,5,12,10,,8,7,7,,5,4,4,6,4,,11,5,6,5,6,8,,,9,5,9,8,2,,6,18,5,1,5,6,18,16,16,16,5,2,,6,10,14,,3,3,,13,4,4,5,,6,8,7,14,12,13,10,7,12,11,9,8,9,10,13,10,5,7,12,3,5,17,8,18,21,19,5,11,,8,15,2,14,6,6,10,4,16,19,8,6,,8,13,33,8,28,27,27,11,14,17,14,37,14,13,13,8,7,8,19,15,14,16,16,13,15,26,,19,11,7,8,12,,10,4,17,17,25,23,22,21,21,24,15,23,17,4,46,,,,12,14,,16,11,16,15,,19,,5,7,6,,,,,13,8,15,15,17,10,,5,,14,9,13,10,17,25,10,12,17,15,13,,,,,10,8,5,10,15,14,18,,7,8,7,15,17,13,15,34,13,11,13,14,15,20,,3,6,10,14,12,8,16,7,13,,16,12,,10,11,,14,12,10,,19,,18,,5,6,13,15,19,13,26,19,29,29,2,8,5,11,,23,23,,13,15,19,,10,15,16,20,17,23,,,5,17,24,,,,24,41,,17,7,25,15,12,3,14,,6,,,14,6,4,5,36,42,15,27,8,,22,23,20,31,18,4,11,10,,,,38,20,,17,,14,34,37,20,18,5,8,24,5,21,12,18,16,,18,5,8,8,7,9,10,,9,,2,,20,10,24,,23,10,6,12,13,16,6,9,,,15,2,12,13,,16,21,14,7,,5,7,,,8,6,10,2,8,7,5,5,5,8,5,32,19,21,28,,14,10,,15,16,20,15,4,22,11,4,5,24,18,7,6,18,3,16,4,17,4,5,11,17,12,9,9,7,8,11,25,,5,7,33,5,14,22,5,8,7,2,8,19,20,13,11,8,,11,28,5,10,2,20,19,16,13,,,22,6,7,14,5,12,10,8,11,16,9,15,7,22,7,8,6,5,,5,32,26,15,19,19,27,8,7,7,7,9,4,7,10,8,14,16,14,16,23,19,4,4,1,7,3,1,10,6,13,,31,29,13,31,18,8,13,31,16,10,21,12,6,14,16,19,16,6,19,8,,16,6,8,4,7,3,2,5,12,8,6,6,8,7,7,14,13,10,18,9,17,13,16,14,15,22,15,10,16,24,15,,13,20,15,4,20,9,,6,2,,2,8,10,15,15,,17,,11,21,15,17,10,10,3,10,12,14,16,11,13,5,4,12,5,9,3,9,12,2,13,6,36,14,2,5,11,6,6,8,12,2,4,2,2,2,6,2,2,21,4,29,13,11,24,7,8,3,23,8,7,11,6,14,6,4,11,11,22,8,10,11,19,15,2,7,7,7,9,9,6,8,7,10,9,7,12,9,4,21,12,12,6,16,15,8,13,14,11,14,13,7,13,11,3,6,8,6,10,3,9,8,2,11,,12,7,7,2,13,14,8,15,2,22,12,,10,7,7,13,14,10,15,13,10,4,10,23,14,4,4,,8,4,32,3,8,18,25,24,15,12,9,11,,8,5,30,14,12,12,17,2,42,16,20,16,11,22,13,14,10,5,19,19,,16,14,13,11,19,21,9,8,14,13,10,5,4,30,18,9,13,4,18,12,12,18,20,1,25,15,7,12,13,16,12,18,17,6,13,16,10,18,25,19,47,29,,2,2,10,10,16,24,3,8,8,18,11,8,12,6,12,22,17,24,6,10,18,12,24,,23,13,2,5,19,21,2,19,6,12,9,9,14,27,7,10,20,30,16,12,3,8,19,16,13,4,12,8,21,15,5,1,5,11,28,15,13,10,10,9,8,6,22,6,2,4,16,29
20230729,9,NO2_24h,31,6,18,24,28,31,30,17,13,17,34,20,,,15,,18,18,19,,19,,23,12,,9,17,,10,14,16,7,14,14,12,,16,19,,20,14,10,16,21,,21,,5,4,9,10,13,12,14,,17,8,,13,14,9,28,21,23,26,9,19,23,,18,19,17,23,8,12,,6,7,9,12,24,,8,22,21,25,16,28,,21,28,,,26,28,30,26,15,26,17,,16,12,13,15,15,,11,13,12,9,9,10,11,13,10,11,12,18,14,10,12,13,7,2,13,10,13,11,13,8,9,15,19,21,19,21,7,12,18,8,5,8,8,2,,8,13,6,11,6,11,7,6,8,8,12,10,7,4,,2,3,6,2,2,7,7,9,2,7,6,5,,,,7,7,,8,6,8,,,,14,,12,19,8,11,16,12,11,9,15,,,,9,7,,18,19,16,8,6,,5,7,8,5,4,5,2,3,,5,,5,7,,15,11,,11,13,14,,11,7,17,14,5,7,5,,,2,5,4,8,5,2,8,,15,,,9,,3,10,,3,4,5,5,2,2,,16,17,10,10,9,9,4,4,15,11,7,10,8,13,7,16,8,11,2,,6,5,5,4,,3,,11,13,12,,6,7,5,,14,18,23,20,,22,23,25,21,5,,,6,9,13,8,7,10,12,6,10,12,6,7,7,8,13,15,21,17,18,18,20,16,,18,14,8,7,13,10,12,12,7,12,8,3,58,17,,24,26,18,18,26,19,18,11,11,15,13,18,18,18,,11,6,9,23,12,13,8,7,10,14,16,12,,12,23,24,12,9,7,7,11,12,13,9,,,15,12,17,17,12,9,12,16,21,24,17,17,26,24,50,21,28,18,32,40,,14,18,16,13,5,,24,41,22,23,32,21,17,,,42,37,33,22,29,,9,23,25,20,,,17,4,12,25,12,14,13,21,16,18,15,,15,18,13,20,14,17,13,17,19,11,17,15,19,12,22,11,15,14,9,9,,21,,16,17,,24,,23,28,,,,,10,,,,15,21,17,23,24,19,6,,11,12,9,13,15,10,8,14,8,8,10,13,4,14,6,28,,21,28,23,21,22,16,18,20,29,,11,10,11,6,2,6,3,10,14,7,2,8,3,10,3,6,3,,,10,,6,2,4,4,7,,8,9,,,9,10,8,19,,10,12,9,,14,11,10,10,7,3,2,2,2,6,,,,4,,,9,,6,6,5,5,13,2,4,7,6,5,,4,,,10,,6,8,10,8,9,10,10,6,,14,19,17,15,19,14,11,12,11,16,11,12,12,6,5,5,15,10,10,12,,11,10,7,,7,8,,7,5,11,5,7,,21,11,,,3,12,,25,,24,23,19,25,7,9,,4,4,,18,21,,21,,12,13,12,,12,10,23,19,12,,7,7,8,12,13,8,3,19,16,10,15,6,16,12,15,19,9,8,15,10,5,9,13,14,8,10,12,7,8,2,13,11,11,,9,10,12,9,9,9,10,19,8,10,7,12,10,10,,6,8,9,,4,12,16,12,6,,15,13,2,,7,,7,9,11,8,5,3,4,,,,5,,7,,10,,5,,9,7,9,13,17,,7,,20,20,12,12,9,13,,8,15,8,12,9,4,,6,,,2,9,13,8,4,6,14,12,13,9,4,4,7,10,21,20,19,22,13,8,7,6,16,13,10,14,18,18,20,16,,10,13,22,31,14,12,5,9,,,,,4,9,,7,4,12,9,12,15,8,13,9,15,14,11,16,12,,12,13,,12,7,19,,15,18,,18,5,7,19,13,11,11,10,11,17,20,16,13,,15,18,19,8,12,14,12,4,6,,7,4,18,10,5,,,21,,,,,6,,,,,,,,,,,,,,,,5,,,,,,,,,,,,,,,,,,,,,,,,,,,,,,,,,,,,,,9,6,7,8,4,5,5,6,2,,,3,14,15,14,12,,13,19,16,19,16,24,21,,17,20,12,,,14,17,,20,23,27,,23,,14,14,,,14,13,,,9,7,17,,,12,9,5,9,13,7,6,12,11,10,8,7,5,7,9,14,15,19,17,19,10,10,16,12,,14,14,6,,4,4,8,11,10,8,8,6,13,16,9,14,,,6,13,11,16,8,11,6,8,5,13,12,2,9,8,8,11,4,,,10,13,9,2,13,11,,5,7,10,,9,8,13,,9,9,11,11,8,6,3,,6,8,7,14,8,6,10,10,,8,4,4,4,17,13,,9,,10,,,,3,8,7,5,4,5,,6,,14,15,15,3,2,2,2,2,9,11,8,6,,4,7,3,6,9,6,5,6,,4,4,6,7,7,6,4,7,9,6,11,6,9,11,8,,3,4,3,9,7,,5,4,8,8,8,6,9,12,19,,8,13,6,3,4,3,3,5,7,7,4,,15,10,8,,8,5,10,7,,6,5,8,,5,4,4,6,5,,8,3,7,4,7,9,6,,8,4,6,10,7,,14,14,5,7,6,7,11,9,8,10,9,6,,7,8,9,,4,5,,5,4,4,7,,2,4,4,10,12,8,8,11,9,12,10,5,6,7,8,8,5,6,6,3,4,24,10,15,12,18,6,9,8,11,12,2,8,5,5,8,4,11,8,11,5,3,7,8,29,11,21,20,16,9,10,14,14,17,13,12,11,11,8,11,16,14,13,14,14,9,13,15,,9,8,11,8,10,,6,4,13,10,15,9,10,11,15,11,18,18,12,5,24,,,,11,12,,12,16,23,22,25,23,,11,8,8,,,,,8,6,8,9,9,15,,11,,12,5,8,9,10,14,4,10,13,15,7,,,,,11,7,6,6,17,18,15,,5,7,7,9,10,7,13,14,15,12,10,11,20,20,,10,9,12,14,11,12,11,10,11,,11,9,,9,10,,7,8,12,,8,,9,,4,5,10,11,13,9,18,13,13,13,3,8,6,9,,12,12,,10,13,16,,8,9,18,18,16,17,,5,4,13,22,,,17,16,30,,11,9,12,10,7,6,15,,7,,,11,11,6,7,20,19,23,26,9,,10,10,11,9,8,13,15,15,16,,,15,12,,26,,14,10,8,22,14,2,6,16,8,18,12,10,16,,30,8,14,16,4,11,12,,11,,4,8,16,10,23,19,15,12,8,15,14,9,6,10,,,21,2,14,14,,20,16,17,4,,6,10,,,12,11,13,2,10,8,5,8,6,13,7,36,17,14,22,,16,6,,16,11,9,8,6,21,11,4,9,11,18,6,4,16,4,31,3,19,7,6,13,18,13,6,8,7,7,8,10,,4,9,37,4,7,22,3,5,5,6,4,23,6,9,14,15,16,11,19,6,12,2,23,10,13,15,,,15,6,10,15,6,4,6,14,9,15,8,7,16,19,5,6,6,6,,5,24,18,14,19,14,22,8,6,7,8,10,6,7,9,5,13,26,20,14,22,21,13,5,4,9,3,1,12,6,10,15,32,21,17,21,14,9,18,25,10,12,15,10,8,15,14,12,8,4,19,15,,17,7,14,6,14,3,3,4,12,9,6,5,7,8,5,8,13,9,19,14,17,7,17,15,11,20,22,9,28,22,14,,13,10,13,5,21,12,5,5,4,,2,9,11,13,15,14,14,,13,28,8,11,4,7,3,19,9,11,10,12,13,6,7,17,8,7,6,10,8,2,11,6,36,23,5,6,12,7,6,16,15,8,12,3,2,2,5,2,9,18,8,20,8,6,23,6,7,4,15,10,14,11,5,12,13,8,8,12,10,9,15,11,22,20,4,8,9,9,10,11,8,4,6,11,8,6,13,8,6,13,9,14,6,22,19,12,12,19,11,15,13,8,13,10,5,7,9,9,10,5,12,6,4,12,,10,10,10,6,11,21,9,12,4,16,3,4,4,2,4,12,12,12,12,6,11,4,6,13,13,4,5,,8,5,16,4,9,15,22,21,15,13,11,16,2,8,2,24,15,13,10,15,2,34,12,16,15,15,20,21,21,9,4,8,16,17,25,19,22,18,22,24,9,6,16,7,10,8,4,19,17,11,14,7,13,12,14,11,13,2,15,10,12,11,13,18,13,15,14,4,20,6,15,12,18,15,23,29,,5,3,5,6,16,10,7,8,10,21,16,10,12,9,13,20,12,16,13,7,16,16,18,,10,7,4,10,14,18,6,14,14,19,17,10,33,25,10,11,21,23,27,8,5,6,23,18,12,4,20,16,33,28,5,2,10,11,15,14,11,4,12,9,5,8,13,7,4,6,13,13
20230729,9,O3,,60,29,30,28,47,47,36,64,54,32,53,,,18,,17,22,24,,15,,13,27,,26,35,,70,66,63,63,58,67,94,,14,10,,13,,24,18,22,,25,,28,34,34,32,40,27,49,,47,58,,64,70,63,33,30,36,35,22,31,25,,30,16,19,19,28,30,,53,49,45,54,85,,53,84,83,74,78,40,,87,90,,,67,73,92,83,21,21,24,,16,24,28,,32,,35,28,30,23,26,31,29,23,24,30,29,33,32,38,35,40,33,37,27,,38,63,50,60,52,52,52,56,52,48,57,58,62,19,19,15,23,14,,29,14,13,14,25,33,37,28,32,33,,30,33,29,,30,34,33,30,29,30,18,17,19,15,19,18,,,,17,16,,26,19,22,,,,22,,32,32,22,33,26,27,26,26,30,,,,34,24,,24,28,27,,16,,18,16,10,16,13,17,21,24,,27,,19,15,,24,21,,30,26,27,,24,28,28,23,23,18,27,,,27,20,24,21,34,37,18,,36,,,33,,36,34,,42,34,34,14,18,15,,38,42,26,31,30,37,43,29,22,18,26,28,22,23,23,22,24,26,,,68,59,70,69,,32,,37,45,31,,36,45,36,,40,9,12,14,,13,17,16,15,16,,,14,19,12,20,20,22,21,25,18,23,25,21,21,19,27,31,16,24,28,32,29,26,,38,41,47,45,40,50,45,48,42,51,52,40,27,32,,56,64,77,44,30,32,9,33,53,39,53,48,62,63,,71,58,61,74,52,48,59,58,57,52,41,59,,73,22,29,60,67,,64,72,72,69,79,,,47,55,50,70,82,81,59,62,26,26,22,20,65,52,72,46,51,70,68,64,,54,45,47,49,58,,22,40,38,,8,40,37,,,31,19,17,38,12,,37,23,44,21,,,41,58,12,24,19,29,23,24,18,35,12,,44,,43,51,47,46,,38,43,49,61,64,46,39,42,44,30,47,16,58,,22,,49,20,,69,,63,44,,,,,79,,,,82,60,62,35,43,58,70,,34,46,56,43,44,40,53,47,56,46,62,66,17,49,56,79,,72,80,81,81,108,116,78,71,109,,28,25,32,24,26,21,19,25,,38,30,38,38,31,51,47,58,,,24,,24,16,16,13,23,,25,23,,,15,21,18,33,,25,16,15,,26,26,24,21,46,8,22,17,16,9,,,,18,,,17,,22,22,31,21,16,20,,14,12,9,,19,,,25,,30,23,29,65,77,62,75,,,67,60,50,58,58,64,69,63,53,56,36,33,31,61,66,61,72,58,75,67,,63,42,41,,47,50,,53,60,60,56,28,,20,20,,,12,16,,40,,80,61,70,69,101,,,106,103,,67,58,,55,,111,99,120,,113,108,,110,125,,33,32,36,30,30,32,93,27,24,33,20,27,17,24,15,10,24,28,11,32,34,35,37,40,35,29,29,35,31,24,67,72,62,,78,83,78,81,77,74,78,66,89,75,,32,34,34,,32,27,31,,39,26,34,40,35,,,30,45,,32,,38,37,42,39,39,31,40,,,,16,,15,,36,,,,24,23,26,29,34,,40,,12,20,26,30,40,42,,42,35,48,37,48,38,,64,,,69,33,27,23,59,52,41,43,56,50,80,71,60,44,35,30,32,35,47,52,43,43,32,49,28,36,24,21,22,26,,44,40,35,15,16,34,38,40,,,,,,55,,54,23,28,36,35,,,29,25,11,13,,34,35,,24,25,,71,81,51,,81,79,,92,48,45,49,54,50,55,53,48,51,46,58,26,,103,95,104,81,81,77,73,109,,,103,80,109,117,124,,,19,,,,,21,,,,,,,,,,,,,,,,18,,,,,,,,,,,,,,,,,,,,,,,,,,,,,,,,,,,,,,47,22,18,19,25,23,23,26,26,,,,57,53,52,57,,52,53,48,51,37,40,124,,122,113,58,,,52,43,,38,45,50,,45,,102,84,,,66,53,,,94,103,70,,,77,77,118,116,94,114,123,45,40,62,48,67,25,19,25,23,30,33,,25,36,34,41,39,,37,31,35,,42,33,11,11,,56,76,,14,15,9,65,,,78,59,59,61,46,87,84,78,98,37,46,70,84,95,89,87,134,,,104,56,66,80,70,66,,53,16,15,,19,15,21,,17,18,25,20,9,24,25,,21,25,19,39,,19,17,22,,25,27,24,42,28,34,,22,,23,,,,28,30,24,22,21,25,,18,,27,14,44,80,79,,50,,17,14,11,,,28,22,24,,21,26,25,,,34,49,42,37,41,38,14,25,23,24,26,18,16,20,10,,26,35,28,,35,,22,26,28,30,30,35,32,33,6,,12,,20,31,40,31,30,35,20,39,25,,37,23,26,,19,20,14,17,,17,17,21,,25,21,24,21,22,,39,47,46,46,25,16,,,20,18,19,37,46,,52,34,45,38,32,31,42,43,44,45,45,48,,45,47,42,,37,35,,32,32,39,40,,22,24,19,26,29,59,64,75,65,70,66,53,57,60,40,41,37,52,47,51,50,40,56,44,31,39,40,40,,38,40,43,34,45,41,32,51,57,47,61,63,,10,13,4,1,22,1,49,58,62,63,66,47,64,64,63,68,44,61,59,36,38,54,39,7,26,23,,34,64,80,59,45,,47,25,24,21,64,45,44,44,53,14,37,34,38,6,11,,,,59,64,,51,22,14,18,13,16,,29,27,24,,,,,23,52,42,33,43,10,,16,,7,26,35,48,,16,42,60,56,53,47,,,,,10,6,68,53,20,24,32,,34,18,20,49,49,54,61,37,22,19,13,13,32,23,,76,75,48,24,12,2,50,55,7,,7,5,,52,25,,37,39,78,,44,,65,,11,11,13,15,22,10,86,98,91,93,22,17,17,24,,165,95,,33,37,74,,111,91,34,62,99,78,,83,86,61,55,,,,52,45,,73,81,72,49,39,129,80,,87,,,64,84,93,81,54,39,84,67,78,,46,36,38,47,58,92,89,91,,,,35,45,,39,,64,60,60,45,44,40,93,37,27,13,26,62,125,,52,35,24,30,28,40,32,,23,,17,,34,25,20,,87,56,22,23,20,49,26,27,,,26,51,27,25,,84,77,71,40,,22,20,,,15,30,30,22,18,20,14,19,18,31,48,31,33,10,58,,22,19,,40,60,37,35,92,81,81,23,73,37,17,37,63,22,23,51,24,92,24,57,,10,27,25,44,51,38,43,42,,66,26,17,26,62,46,70,65,65,42,16,54,,14,43,22,29,44,89,22,20,17,44,45,17,18,,,68,26,31,31,21,55,40,22,25,77,27,19,,49,38,13,54,20,,40,55,64,86,91,49,67,17,20,19,30,22,26,28,18,14,65,83,83,109,67,121,30,18,32,33,18,23,21,23,45,42,33,25,75,45,50,51,62,59,55,67,38,62,29,44,39,49,49,63,25,30,,19,37,26,23,34,20,18,18,44,39,18,34,16,40,37,48,49,47,71,47,34,42,38,9,38,37,24,45,51,29,25,,59,20,38,19,22,23,46,14,14,,20,28,24,18,39,,36,,27,35,25,33,44,55,75,48,41,28,62,69,34,35,43,26,32,22,45,35,15,19,46,64,76,78,35,34,36,36,19,28,28,36,39,33,19,20,19,21,101,72,86,70,57,55,32,74,27,64,49,71,71,68,37,68,67,67,42,98,10,33,30,52,25,18,22,23,,35,19,19,27,15,26,28,21,20,40,22,21,46,86,22,49,19,15,42,71,48,68,39,40,48,23,13,16,22,16,17,28,32,26,17,19,34,,20,15,21,16,70,72,81,82,56,29,62,,44,46,43,33,53,59,51,32,23,68,26,21,33,36,32,,36,39,22,48,49,26,34,66,50,31,25,36,,30,41,49,51,88,104,53,111,34,68,48,101,9,12,,12,34,57,42,49,30,50,51,56,60,52,46,33,24,14,30,36,41,18,,43,22,42,14,46,30,39,50,37,124,56,102,110,14,50,89,112,49,102,31,49,71,72,50,52,29,32,43,,36,19,36,37,70,30,55,17,16,30,23,26,17,80,,64,91,17,44,25,22,29,22,,58,49,19,94,53,65,37,52,37,47,42,42,42,71,15,15,7,79,70,33,26,42,13,9,54,59,55,58,,106,53,27,40,65,54,53,61,21,34,15,28,86,23,23,17,20,26,49
20230729,9,O3_24h,116,82,125,122,119,124,91,125,116,86,114,96,,,194,,172,187,174,,202,,141,186,,144,242,,154,156,150,158,149,165,162,,179,188,,190,188,67,65,75,,91,,139,150,145,137,139,127,139,,156,141,,134,138,147,120,126,136,125,107,155,146,,153,197,177,170,158,152,,162,163,165,170,120,,110,122,130,125,128,116,,148,156,,,180,163,135,154,89,92,81,,96,73,86,82,83,,93,79,66,62,65,92,78,76,67,73,70,97,101,101,105,107,93,106,97,97,102,120,82,103,99,95,101,91,98,99,103,96,97,33,34,33,39,32,,38,38,34,32,49,53,60,45,51,51,51,47,58,29,,32,34,33,33,32,30,36,36,38,32,39,50,,,,58,62,,69,65,64,,,,48,,32,35,23,33,31,27,28,34,33,,,,41,45,,47,49,61,49,47,,45,36,32,38,34,37,38,40,,43,,58,58,,25,27,,33,34,49,,30,36,28,30,40,29,40,,,40,34,38,51,61,58,47,,38,,,41,,40,34,,45,45,42,32,34,32,,69,72,52,58,55,51,58,56,58,54,64,65,62,64,59,61,60,65,,,68,64,70,69,,49,,63,71,67,,68,63,57,,64,113,128,112,,108,134,125,138,28,,,42,52,32,52,50,48,128,127,145,129,121,117,125,106,134,101,133,116,120,106,127,116,,106,158,88,115,88,108,96,109,93,103,126,103,65,144,,122,134,154,105,125,109,120,111,114,121,131,115,100,109,,146,140,95,121,168,166,164,167,109,102,91,124,,111,111,104,158,166,148,161,154,142,127,153,,,129,128,152,102,99,105,103,126,93,94,101,102,183,163,178,157,141,186,190,171,,96,95,102,95,86,,82,61,72,41,37,60,59,,,67,47,56,87,40,,146,120,143,120,,,142,135,72,92,76,87,96,87,92,89,85,,78,63,74,73,81,82,134,131,130,141,120,131,86,86,85,80,70,88,84,82,,84,,83,74,,155,,165,164,,,,,150,,,,170,175,101,107,113,100,95,,113,119,129,124,127,128,98,93,91,95,99,137,78,118,95,158,,157,157,156,153,158,176,171,167,166,,65,64,68,71,56,54,59,58,56,68,58,75,66,63,75,77,81,,,81,,52,60,58,49,144,,137,112,,,130,140,134,118,,82,77,102,,77,67,75,60,65,37,52,46,49,36,,,,68,,,75,,81,91,88,100,37,46,48,43,55,46,,89,,,80,,101,69,92,143,159,146,152,157,,110,93,96,94,105,101,138,117,109,116,59,59,59,196,198,174,72,60,75,127,,100,101,95,,83,102,,82,79,83,94,87,,95,80,,,93,90,,144,,164,157,154,154,137,145,,142,142,,142,130,,123,,170,156,172,,163,163,127,121,126,,95,84,89,87,80,86,120,117,118,106,114,106,105,80,71,70,73,72,70,80,63,82,84,88,114,116,110,117,115,110,92,99,94,,100,99,90,89,91,94,125,101,132,115,123,49,51,56,,41,40,44,,48,79,76,80,66,,77,73,76,,112,,118,113,127,122,131,140,148,,,,100,,102,,122,,89,,101,101,103,113,112,,114,,111,111,117,82,108,100,,136,122,124,121,124,125,,108,,,114,82,79,76,77,86,88,89,96,155,135,142,215,108,100,107,106,106,103,71,76,94,91,120,102,99,95,88,96,100,,92,94,106,124,58,70,71,61,,,,,110,113,,114,81,86,87,87,104,84,73,78,78,75,80,79,78,,84,80,,100,94,86,,108,108,,100,67,83,88,88,88,114,92,96,85,228,99,100,,149,149,147,163,176,139,148,125,128,,116,123,122,119,125,,,95,,,,,47,,,,,,,,,,,,,,,,46,,,,,,,,,,,,,,,,,,,,,,,,,,,,,,,,,,,,,,90,101,99,101,104,93,91,91,92,,,,129,126,119,121,,124,133,151,133,138,142,147,,138,130,122,,,119,116,,126,121,127,,127,,170,173,,,121,108,,,151,154,155,,,110,120,138,145,172,170,165,119,110,121,150,174,94,84,96,86,89,92,89,86,135,134,135,128,,101,101,112,,42,36,37,42,129,112,136,112,62,65,65,80,,,94,92,88,92,91,89,88,83,103,89,102,105,84,104,95,95,145,,,115,100,105,126,110,101,,89,56,59,,62,59,68,,72,73,83,79,59,61,67,,54,58,60,48,64,51,76,82,,70,46,44,47,40,56,,91,,91,,,,60,61,64,58,76,80,,64,,38,46,56,80,79,56,66,,44,47,43,,,52,52,55,,48,47,41,,,58,51,42,38,41,38,68,68,78,70,74,52,58,63,58,,60,63,68,49,64,,50,53,64,64,66,64,61,64,47,,71,40,67,63,61,46,47,51,53,64,58,,130,133,141,,111,121,115,115,,120,119,102,,103,102,106,99,101,,105,109,108,107,83,76,78,,100,99,96,72,74,,92,74,76,96,110,114,111,107,109,104,88,85,,114,112,111,,98,98,,85,79,101,103,,91,97,90,98,91,103,103,98,109,107,101,93,91,93,87,90,94,103,100,102,101,90,102,99,100,96,107,89,60,94,88,82,82,87,83,82,76,87,83,75,86,31,81,82,99,95,115,94,116,164,137,139,148,155,127,184,161,150,111,128,131,123,133,102,116,87,84,97,,142,143,160,89,82,,90,82,81,78,103,72,76,74,78,132,135,141,136,15,144,,,,101,101,,97,70,68,73,71,72,,117,108,103,,,,,71,95,93,91,102,83,,100,,84,74,95,100,85,104,80,79,81,73,83,,,,,74,84,78,79,93,91,70,,91,70,75,85,90,101,98,99,56,58,42,42,89,86,,76,78,78,80,40,46,74,84,48,,82,71,,79,93,,100,96,107,,105,,106,,54,54,76,81,85,83,136,123,130,130,62,66,59,80,,166,170,,120,130,150,,149,151,104,108,150,150,,89,88,151,146,,,111,160,142,,152,151,124,124,101,145,147,,142,,,142,120,125,116,132,127,179,163,125,,112,117,108,160,153,160,153,152,107,,,121,108,,114,,108,128,136,97,99,60,132,127,176,200,199,160,145,,126,116,54,56,38,40,38,,96,,63,67,141,93,76,32,147,128,74,76,88,99,36,72,,,149,53,27,203,,183,164,185,88,,60,41,,,46,44,40,37,59,68,42,43,48,38,115,55,54,49,140,,176,110,,103,96,78,82,132,146,113,99,73,114,71,60,67,169,125,152,48,112,76,110,78,84,146,46,88,94,88,83,102,,141,72,51,109,114,136,101,109,108,153,108,141,92,63,112,49,83,130,150,83,75,64,68,78,77,74,,,188,66,164,79,54,100,108,50,97,153,108,55,50,130,60,108,64,71,,115,193,167,187,180,120,144,30,46,33,46,38,36,44,33,39,88,147,157,178,153,125,59,68,32,33,42,40,52,51,115,108,108,126,147,152,145,116,112,120,173,149,102,111,63,104,92,127,82,144,176,162,,199,51,75,60,55,81,64,66,123,125,103,106,93,123,120,99,100,95,74,84,61,93,78,54,71,81,79,81,103,110,128,,157,74,142,52,91,64,97,48,60,,56,138,138,79,81,55,80,,71,144,107,104,87,102,123,172,108,103,142,131,113,35,44,30,35,32,64,68,69,62,126,110,162,152,53,48,48,36,43,51,28,38,46,34,36,48,45,41,120,113,115,109,99,131,54,170,66,100,117,198,142,133,93,180,133,158,102,163,124,130,145,148,165,162,65,53,53,62,87,85,40,129,122,139,127,119,117,101,102,87,127,92,72,38,62,103,128,124,152,76,112,131,144,123,55,96,82,72,96,93,98,50,49,133,58,106,143,141,110,146,130,119,127,87,83,65,46,70,72,51,95,138,135,117,152,72,80,86,84,85,69,70,,41,89,110,114,118,122,74,83,83,31,35,36,50,38,47,155,163,142,140,172,148,158,167,156,170,164,190,177,168,162,134,153,150,136,159,160,162,186,170,166,118,120,101,111,104,130,103,110,105,34,99,43,93,81,91,99,89,132,116,118,114,90,88,121,164,120,153,74,90,177,152,132,127,95,157,160,,48,59,120,116,84,74,111,46,41,126,125,86,91,136,133,96,103,101,92,104,28,33,57,,101,92,51,159,112,137,126,116,68,101,135,120,129,158,45,78,108,155,94,64,120,65,192,186,79,112,93,99,157,164,107,66,132,119,80,113,76,39,109,67,97,106,94,102,54,65,63,160
20230729,9,O3_8h,18,43,27,23,20,20,31,26,42,39,16,46,,,29,,28,32,27,,24,,15,25,,22,38,,78,81,62,80,82,84,104,,18,10,,8,8,28,23,16,,12,,40,46,45,50,48,52,64,,60,44,,54,54,44,12,9,17,8,5,29,23,,27,14,15,17,36,41,,68,70,66,71,62,,42,77,85,63,85,27,,66,68,,,58,62,52,67,12,6,15,,7,20,22,17,23,,29,30,30,24,24,28,30,25,26,26,23,28,29,32,32,33,34,42,27,25,31,67,46,52,50,53,57,49,49,51,46,63,50,15,18,16,20,16,,22,12,15,17,15,22,24,20,22,22,22,22,22,19,,20,23,21,22,20,19,17,15,18,14,18,19,,,,17,15,,23,19,20,,,,11,,25,29,16,26,20,16,20,20,18,,,,25,22,,17,14,18,16,14,,14,15,10,16,14,17,20,22,,26,,20,16,,15,18,,24,20,23,,19,27,18,19,28,23,32,,,34,28,30,43,48,49,36,,24,,,29,,28,24,,43,39,38,13,15,14,,35,31,31,33,30,40,52,42,18,18,26,26,19,20,21,16,21,23,,,55,53,56,54,,39,,41,45,30,,43,48,28,,44,8,7,8,,5,11,11,9,15,,,19,22,14,24,23,24,29,32,32,35,32,26,29,27,42,33,24,32,32,29,32,34,,30,40,34,43,26,44,32,41,38,35,44,42,26,46,,34,36,58,48,32,32,21,27,73,72,75,72,72,83,,76,68,51,85,81,76,77,74,44,41,36,43,,52,16,20,77,79,79,76,61,65,54,70,,,65,70,76,68,70,73,76,63,12,20,30,27,59,56,63,55,62,42,51,27,,35,34,31,37,69,,7,18,13,27,2,33,27,,,14,16,6,24,9,,25,6,12,26,,,42,62,11,27,22,21,16,23,28,33,9,,47,,41,45,44,48,62,58,58,55,82,70,36,40,26,44,33,49,33,54,,27,,49,24,,54,,57,55,,,,,72,,,,68,41,77,78,70,76,72,,62,35,47,28,31,17,25,19,26,23,31,78,6,19,45,55,,66,40,62,56,84,108,60,42,36,,33,27,30,42,38,37,38,28,29,35,33,35,36,29,60,56,60,,,18,,19,19,17,14,33,,34,22,,,11,16,15,19,,17,8,16,,20,27,25,22,32,12,25,20,20,10,,,,15,,,12,,17,17,26,17,17,22,,16,20,18,,19,,,20,,20,14,14,86,99,83,96,97,,43,41,46,52,36,52,63,46,45,38,12,12,12,77,79,72,39,38,40,49,,36,42,35,,30,30,,71,68,66,65,21,,11,17,,,12,10,,18,,47,46,31,38,97,101,,103,98,,49,46,,43,,109,94,116,,110,104,108,100,114,,30,28,31,20,22,32,68,13,12,16,10,14,5,25,9,8,30,23,6,26,32,31,31,36,42,36,34,40,39,30,62,66,62,,68,79,75,70,69,73,78,57,72,64,63,26,24,27,,21,19,22,,30,32,32,33,32,,26,26,50,,52,,56,53,61,57,42,34,43,,,,18,,18,,51,,,,39,41,41,44,37,,44,,24,27,28,32,54,53,,41,32,43,33,37,44,,46,,,58,18,19,12,40,27,20,19,46,47,95,80,69,35,20,24,22,25,37,45,37,36,43,49,37,27,14,17,12,20,,60,54,41,13,4,26,24,32,,,,,45,46,,38,32,22,31,32,26,23,25,29,16,10,18,30,28,,39,39,,70,65,60,,64,58,,66,55,50,44,56,53,62,58,57,33,46,45,35,,91,91,75,79,74,69,65,118,122,,79,105,95,97,110,,,11,,,,,24,,,,,,,,,,,,,,,,22,,,,,,,,,,,,,,,,,,,,,,,,,,,,,,,,,,,,,,20,28,25,27,31,24,24,24,26,,,,70,66,66,70,,63,30,36,42,31,14,104,,108,97,58,,,52,46,,26,26,31,,35,,103,98,,,64,45,,,81,95,50,,,64,57,109,108,105,111,119,36,31,55,42,43,29,19,25,18,18,16,17,13,42,39,44,46,,20,19,32,,25,20,12,7,60,54,87,89,6,7,5,60,,,68,30,34,32,16,68,63,65,70,21,22,33,72,78,76,76,110,,,64,50,65,71,55,55,,31,12,11,,15,12,16,,15,13,16,12,4,22,24,,22,22,23,23,29,21,19,21,,24,32,39,32,15,23,,15,,18,,,,26,26,21,23,18,19,,18,,21,18,38,58,60,,53,,10,12,9,,,24,18,22,,8,13,15,,,47,39,32,32,33,34,12,25,19,25,21,15,18,22,18,,34,37,37,,39,,13,24,26,20,26,27,28,27,4,,11,,19,35,45,39,37,40,24,32,26,,42,33,36,,31,33,29,21,,20,20,28,,31,24,29,25,26,,43,48,44,47,23,15,18,,24,24,25,26,24,,27,20,46,28,21,23,49,50,50,51,32,33,,56,61,55,,37,36,,20,32,46,44,,34,37,29,19,18,38,40,37,42,45,44,21,48,42,34,32,44,55,54,52,57,27,13,28,19,12,17,22,,16,23,37,24,33,25,17,39,52,46,48,54,,7,6,2,,15,2,53,48,69,69,72,59,72,77,75,74,42,54,53,25,26,38,26,5,19,18,,31,78,73,38,35,,23,24,20,26,24,44,45,42,44,28,23,26,33,4,9,,,,39,38,,37,8,5,7,5,5,,27,29,27,,,,,32,51,50,37,52,14,,15,,7,29,23,43,34,29,20,31,54,40,49,,,,,7,8,58,52,12,10,27,,37,23,19,55,49,59,60,56,14,11,10,9,16,16,,38,37,31,27,12,2,64,54,6,,9,6,,61,33,,48,48,53,,57,,73,,19,17,9,10,15,5,74,86,94,93,28,15,17,22,,101,78,,30,36,51,,117,104,63,69,86,69,,82,84,42,21,,,,55,14,,70,88,76,44,49,132,59,,65,,,68,77,88,80,79,72,99,98,74,,77,82,81,94,103,71,96,97,,,,71,74,,26,,81,71,79,68,55,47,88,38,26,25,32,84,109,,35,41,12,20,33,29,27,,17,,14,,31,14,12,,88,46,18,13,10,36,23,20,,,23,46,20,35,,63,70,47,32,,21,12,,,15,20,22,20,16,18,17,20,18,20,60,28,32,24,38,,27,24,,36,47,35,33,96,37,51,22,38,49,12,43,50,31,33,27,25,75,17,37,14,7,34,19,34,41,31,36,55,,51,29,16,34,64,34,55,41,45,45,21,41,22,19,35,11,30,58,84,20,18,16,34,64,8,8,,,62,24,41,28,21,74,56,9,21,61,41,17,18,40,46,16,53,21,,36,52,66,65,69,46,54,16,17,16,25,19,18,24,16,17,38,34,60,106,29,109,18,19,21,22,18,22,15,21,42,51,29,30,56,54,52,62,75,84,80,54,20,81,17,14,32,63,60,43,22,27,,23,28,18,20,22,21,19,19,56,53,25,33,21,52,54,27,25,32,56,18,25,32,20,7,26,30,13,41,33,35,15,,46,26,26,20,15,22,28,18,13,,22,33,28,18,40,,32,,28,10,40,42,36,34,83,62,30,12,64,79,17,25,22,21,30,27,45,35,10,16,45,43,49,42,27,26,27,23,18,14,22,26,27,21,18,21,15,21,98,88,87,85,72,66,30,84,30,52,66,84,41,61,29,83,49,75,41,99,18,37,32,50,18,22,19,19,26,29,15,15,18,32,29,37,33,32,53,27,21,20,73,18,44,10,15,26,64,36,57,23,34,46,10,12,17,22,12,10,22,27,18,19,22,39,,18,11,15,13,73,52,76,59,61,39,51,,57,52,40,14,54,54,35,34,16,59,34,18,30,33,28,,24,32,43,60,60,13,28,55,46,27,20,26,,25,43,13,25,80,96,61,108,20,82,60,90,8,13,7,5,53,60,80,60,36,43,34,40,42,40,30,36,38,12,52,43,41,24,42,34,14,27,15,48,30,46,51,30,127,83,108,106,8,16,81,104,62,104,16,55,90,50,66,65,7,47,35,,24,17,58,56,53,33,45,20,18,10,16,25,13,58,71,71,72,25,21,38,18,24,24,,59,28,20,86,45,49,39,51,30,31,33,40,23,42,12,11,3,75,49,32,38,44,6,15,25,46,41,28,60,50,64,27,42,57,51,42,54,32,20,10,37,58,17,21,18,15,29,69
20230729,9,O3_8h_24h,59,43,60,41,56,33,36,26,47,43,21,51,,,52,,41,42,47,,44,,27,35,,35,51,,104,96,98,103,99,108,116,,47,32,,23,27,44,40,16,,18,,56,62,61,85,84,86,95,,98,53,,60,74,45,18,9,24,8,5,66,46,,54,27,34,31,75,72,,79,82,74,82,62,,46,86,87,63,89,27,,66,76,,,73,62,62,67,12,6,15,,7,24,27,21,24,,29,48,34,26,28,31,33,27,27,26,23,45,50,48,51,51,54,78,47,46,51,79,56,74,62,63,68,64,64,63,64,68,65,16,20,18,22,19,,23,16,18,20,15,22,24,20,22,22,22,22,22,19,,20,23,21,22,20,19,18,16,20,15,19,24,,,,17,16,,24,20,22,,,,11,,25,29,16,26,20,16,20,20,18,,,,25,22,,17,14,18,19,16,,15,18,14,20,17,21,24,27,,32,,26,22,,15,18,,24,20,23,,19,27,18,19,29,25,32,,,34,30,32,48,56,53,43,,24,,,29,,28,24,,45,42,41,15,16,16,,35,31,31,33,30,42,54,51,20,21,27,27,22,22,24,19,21,24,,,57,57,56,54,,46,,43,45,39,,46,50,28,,49,13,11,18,,9,16,16,9,21,,,25,27,18,29,29,30,52,54,56,59,54,42,54,48,57,38,32,37,35,29,34,36,,30,44,34,43,26,44,32,41,38,35,44,42,65,59,,34,36,58,54,60,38,58,62,90,98,85,96,72,87,,87,72,57,90,108,98,88,81,44,46,38,50,,52,23,32,81,86,80,80,67,67,55,75,,,85,80,92,102,99,105,98,87,16,27,32,39,59,56,63,55,62,42,51,27,,51,43,51,51,86,,11,18,13,37,2,36,27,,,14,16,6,25,11,,39,44,38,30,,,64,84,23,34,26,25,24,33,36,39,10,,50,63,48,49,47,53,80,74,78,70,90,78,48,52,37,47,44,59,52,54,,36,,49,45,,62,,78,77,,,,,72,,,,81,62,85,92,85,84,74,,74,35,56,28,31,17,39,19,30,35,39,98,13,19,45,88,,101,57,63,56,84,108,88,78,36,,36,31,32,66,53,53,59,40,41,50,52,39,51,43,64,63,70,,,18,,29,22,22,16,51,,47,38,,,11,16,16,19,,26,11,21,,20,30,28,23,32,20,34,29,26,21,,,,18,,,12,,17,24,28,22,22,27,,26,33,26,,24,,,44,,25,18,22,107,122,121,148,120,,48,56,50,53,36,57,63,46,45,38,13,12,19,81,84,76,39,38,40,53,,42,50,42,,38,45,,79,69,68,69,35,,12,21,,,12,15,,40,,52,66,67,67,118,119,,116,116,,49,51,,48,,119,112,123,,119,114,112,103,116,,34,30,37,28,33,35,68,17,27,29,20,25,5,30,11,8,30,30,8,33,53,45,33,39,63,59,52,59,58,58,64,75,68,,79,79,75,70,69,73,78,60,72,64,64,26,24,27,,21,19,22,,30,33,33,33,32,,30,28,57,,86,,91,89,96,91,53,49,59,,,,40,,40,,84,,96,,49,52,46,57,69,,71,,33,51,36,58,71,67,,42,37,50,42,49,52,,72,,,59,24,29,12,63,35,29,24,51,47,104,83,74,42,31,25,39,35,46,53,39,42,52,57,57,27,29,33,25,21,,60,58,43,43,5,30,32,38,,,,,73,52,,38,37,26,42,41,32,33,26,34,23,11,20,39,34,,65,63,,74,65,66,,65,58,,68,61,54,52,63,60,65,64,63,39,64,66,57,,110,116,110,91,74,75,81,124,128,,81,114,95,97,110,,,11,,,,,30,,,,,,,,,,,,,,,,30,,,,,,,,,,,,,,,,,,,,,,,,,,,,,,,,,,,,,,34,44,39,45,47,41,39,43,40,,,,78,76,74,75,,67,46,68,79,73,22,119,,110,109,84,,,78,63,,40,35,31,,53,,112,112,,,80,61,,,87,108,68,,,83,80,116,118,130,134,137,36,31,55,42,43,34,24,29,27,18,16,19,13,85,87,90,76,,34,37,59,,25,23,16,11,78,69,100,100,6,7,5,60,,,68,45,57,43,16,77,66,72,70,30,32,33,72,78,76,76,110,,,64,75,80,97,61,61,,58,14,11,,15,16,16,,16,13,16,12,4,23,28,,23,22,24,24,30,22,24,26,,26,44,41,32,15,23,,24,,25,,,,28,27,25,24,27,27,,21,,21,18,38,64,64,50,63,,16,21,18,,,31,23,35,,17,16,18,,,55,39,32,33,34,35,23,37,28,34,28,28,27,29,29,,38,40,40,36,40,,28,28,31,30,30,28,30,27,6,,20,40,36,52,48,44,44,47,33,38,33,,45,43,48,,44,46,42,42,,41,40,52,,51,40,45,38,41,,52,60,47,54,26,19,19,,45,43,44,26,24,,27,20,57,30,21,24,70,68,63,66,32,33,,81,82,75,,44,44,,20,32,48,47,,46,49,39,26,18,53,52,53,72,50,58,26,67,67,66,66,75,84,84,84,80,31,13,28,29,12,19,41,65,18,31,42,38,41,39,32,59,78,73,68,78,30,7,7,6,3,29,15,65,54,81,70,72,61,81,115,105,102,54,54,53,37,44,48,54,5,21,26,,55,82,78,44,35,,24,44,40,44,37,62,65,61,61,54,23,28,59,5,38,,,,39,38,,38,8,5,7,5,5,,27,32,41,,,,,64,80,83,72,82,27,,20,,18,30,23,43,34,34,20,31,56,40,60,,,,,9,19,63,66,24,14,28,,48,39,34,73,77,72,64,70,14,11,12,20,16,16,,38,37,31,29,19,3,66,68,8,,28,12,,72,41,,62,56,54,,59,,73,,31,26,24,17,15,8,74,86,102,93,46,20,28,36,,101,93,,38,58,100,,139,136,69,72,111,85,,82,84,61,65,,,97,61,14,,71,99,85,56,65,134,69,,76,,,72,78,92,85,103,103,110,105,83,,91,112,108,118,123,88,120,122,113,,,100,94,,32,,107,73,83,82,55,53,111,48,46,43,44,102,125,,35,70,12,20,33,29,27,,26,,22,66,50,23,24,32,105,73,18,15,10,37,23,32,,,47,53,21,50,,64,87,79,32,,28,12,,,15,20,22,25,17,20,20,22,24,20,81,28,43,37,49,,49,44,,48,48,45,46,100,95,82,29,38,74,27,46,62,38,44,27,30,88,18,55,16,16,46,24,39,44,32,42,66,,61,48,18,57,72,57,64,74,64,58,44,48,22,35,41,11,70,94,104,26,23,27,42,69,13,11,,,98,27,78,28,28,83,68,9,33,100,53,24,18,66,47,39,53,26,,57,90,80,94,78,57,104,18,21,18,25,21,18,27,18,20,38,34,60,117,45,110,18,20,22,22,20,25,15,22,58,65,72,57,56,62,70,88,78,92,101,60,42,95,17,14,50,87,66,47,36,32,,42,28,18,22,22,31,22,22,84,85,52,55,39,88,91,30,25,40,56,18,32,41,28,8,45,40,24,51,33,35,32,,46,40,42,24,15,22,28,25,17,,26,48,38,24,40,56,38,,40,10,69,58,36,63,86,64,51,19,64,103,37,25,26,21,30,30,45,38,16,24,93,43,49,48,27,26,27,23,22,14,22,26,27,21,20,25,16,24,98,92,91,90,83,72,54,104,51,52,74,112,41,70,37,97,54,77,58,99,43,54,55,64,37,34,22,22,26,29,23,22,18,52,51,49,43,44,86,44,32,31,73,18,44,10,17,43,70,36,80,25,48,54,38,19,23,24,12,12,28,28,22,26,28,55,35,36,13,15,15,74,52,76,74,70,60,59,41,65,61,40,26,55,54,47,51,22,66,50,28,32,41,38,,26,32,56,84,63,20,30,55,50,29,24,26,48,25,47,13,32,82,112,116,132,32,103,84,94,29,32,29,17,70,77,121,93,54,54,53,40,42,77,51,59,53,29,82,53,44,46,69,46,16,38,20,53,45,77,67,50,132,94,115,106,16,21,81,110,66,114,23,67,116,53,83,86,7,67,40,,24,20,94,92,53,53,45,24,25,10,16,26,19,68,72,75,72,41,21,47,18,24,24,,68,50,22,120,72,49,52,72,30,32,45,50,42,66,12,16,6,76,49,35,52,50,15,38,26,47,41,28,60,83,83,32,60,73,51,55,54,34,48,14,52,63,25,21,23,17,33,81
20230729,9,CO,0.8,0.6,0.6,0.6,0.7,0.3,0.4,0.4,0.6,0.5,0.4,0.5,,,0.6,,0.6,0.6,0.7,,0.7,,0.1,0.4,,0.4,0.6,,0.5,0.4,0.5,0.6,0.4,0.4,0.7,,0.3,0.4,,0.5,0.4,0.6,0.3,0.2,,0.2,,0.2,0.4,0.3,0.3,0.4,0.6,0.5,,0.5,0.2,,0.4,0.2,0.5,0.5,0.4,0.5,0.5,0.4,0.5,0.7,,0.6,0.3,0.1,0.1,0.4,0.3,,0.6,0.5,0.6,0.6,0.6,,0.5,1.1,0.7,1,0.7,0.6,,0.5,0.7,,,0.6,0.6,0.6,0.4,0.6,0.6,0.5,,0.6,0.7,0.6,0.6,0.4,,0.6,0.6,0.1,0.3,0.5,0.4,,0.1,0.5,0.5,0.4,0.5,0.5,0.4,0.3,0.3,0.3,0.5,0.4,0.3,0.4,0.7,0.5,0.6,0.5,0.4,0.4,0.6,0.7,0.7,0.3,0.3,0.4,0.4,0.3,0.5,0.6,0.4,,0.4,0.4,0.3,0.5,0.2,0.4,,0.5,0.4,0.5,0.1,0.3,0.4,0.4,,0.5,0.4,0.4,0.4,0.4,0.5,0.3,0.4,0.4,0.3,0.3,0.2,,,,0.4,0.3,,0.3,0.2,0.3,,,,0.3,,0.7,0.6,,0.6,0.5,0.4,0.3,0.5,0.7,,,,0.4,0.5,,0.5,0.3,0.5,,0.5,,0.6,0.6,0.5,0.6,0.7,0.4,0.4,0.3,,0.3,,0.5,0.4,,0.5,0.6,,0.4,0.5,0.6,,0.7,0.4,0.5,0.6,0.5,0.5,0.3,,,0.5,0.4,0.5,0.6,0.5,0.5,0.4,,0.4,,,0.5,,0.6,0.4,,0.5,0.4,0.4,0.4,0.4,0.3,,0.4,0.4,0.4,0.4,0.4,0.6,0.5,0.5,0.3,0.4,0.5,0.2,0.3,0.3,0.5,0.4,0.4,0.3,,,0.3,0.2,0.5,0.4,,0.2,,0.5,0.3,0.6,,0.5,0.5,0.4,,0.3,0.6,0.4,0.8,,0.8,0.8,0.7,0.7,0.3,,,0.2,0.4,0.4,0.2,0.4,0.3,0.4,0.4,0.4,0.4,0.5,0.4,0.5,0.5,0.6,0.7,0.6,0.4,0.7,0.6,0.5,0.6,,0.5,0.5,0.2,0.5,0.4,0.3,0.4,0.3,0.5,0.4,0.7,0.5,0.8,0.7,,0.6,0.5,0.6,0.6,0.8,0.6,0.8,0.3,0.8,0.7,0.6,0.9,0.6,0.6,,0.6,0.6,0.8,0.5,0.4,0.4,0.3,0.5,0.6,0.7,0.5,0.7,,0.6,0.8,0.6,0.4,0.4,0.3,0.3,0.6,0.5,0.6,0.5,,,1,0.7,1.1,0.7,0.7,0.5,0.8,0.7,0.6,0.6,0.5,0.6,0.7,0.6,0.7,0.8,0.6,0.8,0.6,0.8,,0.5,0.5,0.3,0.4,0.3,,0.9,0.9,0.6,0.5,0.6,0.7,0.7,,,0.9,0.4,0.9,0.8,1.1,,0.3,0.5,0.5,0.6,,,0.5,0.6,0.8,0.6,0.3,0.7,0.3,0.6,0.9,0.5,0.5,,0.7,,0.6,0.4,0.6,0.6,0.2,0.4,0.3,0.5,0.2,0.3,0.6,0.6,0.5,0.5,0.5,0.7,0.8,0.4,,0.9,,0.6,0.8,,0.5,,1,0.9,,,,,0.6,,,,0.5,0.5,0.4,0.4,0.2,0.6,0.4,,0.5,,0.5,0.2,0.5,0.5,0.6,0.5,0.6,0.5,0.4,0.5,0.5,0.6,0.4,0.7,,0.8,1,0.6,0.8,0.7,0.6,0.5,0.6,0.9,,0.6,0.4,0.4,0.5,0.7,0.7,0.5,0.5,0.4,0.3,0.2,0.1,0.4,,0.5,0.6,0.6,,,0.6,,0.1,0.7,0.2,0.3,0.5,,0.3,0.8,,,0.3,,0.4,0.1,,0.4,0.5,0.2,,0.3,0.3,0.4,0.3,0.2,0.6,0.2,0.2,0.3,0.1,,,,0.3,,,0.5,,0.5,0.4,0.3,0.5,0.2,0.3,0.4,0.2,0.3,0.4,,,,,0.7,,0.6,0.6,0.7,0.7,0.5,0.7,0.8,0.7,,0.7,0.5,0.7,0.6,0.7,0.6,0.7,0.6,0.6,0.8,0.6,0.7,0.7,0.7,0.6,0.6,0.6,0.6,0.7,0.7,,0.6,0.4,0.4,,0.6,0.7,,0.8,0.8,0.8,0.7,0.9,,0.7,1.2,,,,0.2,,0.7,,0.7,0.8,2.2,0.8,0.9,0.8,,0.6,0.8,,1.4,1.2,,1,,0.9,0.9,0.9,,0.9,0.9,0.5,0.4,0.4,,0.5,0.8,0.7,0.7,1,0.4,0.7,0.5,0.6,0.4,0.6,0.3,1.3,0.3,0.7,2.9,0.6,0.6,0.6,0.4,0.5,0.4,0.7,0.5,0.5,0.7,0.5,0.6,0.6,0.6,0.6,0.2,0.2,,0.2,0.4,0.7,0.5,0.5,0.3,0.4,0.5,0.5,0.4,0.3,0.4,0.4,0.4,,0.6,0.6,0.5,,0.4,0.5,0.7,0.4,0.5,,,0.6,1,,1.1,,0.9,0.6,0.7,0.5,0.5,0.2,0.1,,,,0.4,,0.6,,0.4,,,,0.4,0.7,0.3,0.8,0.8,,0.8,,0.5,0.3,0.5,0.5,0.6,0.4,,0.6,0.6,0.5,0.5,0.4,0.7,,0.6,,,0.4,0.3,0.3,0.2,0.7,0.6,0.7,0.6,0.6,0.5,0.4,0.6,0.6,0.3,0.8,1.1,1.2,0.9,0.7,0.4,0.4,0.6,0.6,0.6,0.7,0.6,0.6,0.8,0.6,0.6,,0.8,0.7,0.9,3.8,0.6,0.7,0.6,0.6,,,,,,0.5,,0.5,0.4,0.5,0.3,0.4,0.4,0.2,0.6,0.7,0.7,0.4,0.5,0.7,0.6,,0.7,1.3,,0.9,0.5,0.9,,0.6,0.5,,0.6,0.3,0.6,0.5,0.4,0.5,0.5,0.4,0.5,0.9,1,1.1,1,,0.6,0.7,0.5,0.5,0.3,0.4,0.7,0.2,0.2,,0.3,0.4,0.2,0.2,0.2,,,0.9,,,,,0.4,,,,,,,,,,,,,,,,0.3,,,,,,,,,,,,,,,,,,,,,,,,,,,,,,,,,,,,,,0.5,0.4,0.5,0.5,0.5,0.4,0.4,0.5,0.5,,,,1.2,1.3,1,1,,0.9,0.7,0.6,0.7,0.8,0.5,0.6,,0.6,0.5,1.4,,,1.6,1.5,,0.8,0.6,0.5,,0.5,,0.8,0.6,,,0.5,0.5,,,0.5,0.4,0.8,,,0.4,0.4,0.4,0.4,0.6,0.5,0.5,0.8,0.6,0.9,0.6,0.6,0.3,0.2,0.3,0.7,0.7,0.8,0.7,0.8,0.9,0.8,0.7,0.7,,0.5,0.3,0.5,,0.3,0.2,0.5,0.6,0.3,0.2,0.1,0.3,0.5,0.7,0.6,0.1,,,,0.4,0.2,0.4,0.2,0.5,,0.2,0.4,0.9,1.5,,0.4,0.5,0.4,0.5,0.4,,,0.7,0.6,0.4,0.4,0.4,0.4,,0.2,0.2,0.2,,0.3,0.3,0.3,,,0.2,0.2,0.3,0.2,0.2,0.3,,0.2,0.2,0.3,0.3,0.2,0.4,0.6,0.8,,0.4,0.4,0.4,0.1,0.1,0.1,,0.6,,0.5,,,,0.1,0.2,0.3,0.4,0.5,0.5,,0.4,,0.2,0.2,0.4,0.7,0.7,,0.6,,0.8,0.8,1.3,,,0.8,0.6,0.6,,0.7,0.5,0.4,,,0.7,0.5,0.2,0.4,0.3,0.2,0.4,0.6,0.4,0.5,0.4,0.9,0.7,0.6,3.2,,0.2,0.4,0.4,,0.4,,1.2,0.6,1,0.9,0.7,0.6,0.7,0.8,0.7,,0.7,,0.7,1.1,1.2,1,0.9,1.1,0.7,0.5,0.8,,0.4,0.5,0.5,,0.5,0.6,0.5,0.6,,0.5,0.3,0.5,,0.6,0.2,0.3,0.5,0.5,,0.4,0.3,0.1,0.3,0.8,0.3,,,0.2,0.2,0.3,0.6,1.3,,0.5,0.9,0.6,0.7,0.3,0.3,0.7,0.5,0.6,0.6,0.6,0.6,,0.5,0.5,0.3,,0.6,0.6,,1.5,0.4,0.5,0.5,,0.6,0.6,0.7,0.8,0.7,0.3,0.5,0.5,0.7,0.7,0.6,0.3,0.3,0.5,0.4,0.1,0.4,0.6,0.6,0.7,0.8,0.7,0.6,0.6,0.5,0.4,0.5,0.6,,0.6,0.7,0.8,0.6,0.6,0.8,0.7,0.5,0.6,1.1,0.8,0.4,,0.6,0.6,1,0.7,1.3,0.7,1.4,0.6,0.8,1.3,1.1,0.6,0.7,0.7,0.7,0.5,0.5,0.7,0.6,0.7,0.8,0.7,0.6,0.6,0.9,0.8,,0.6,0.5,0.5,0.3,0.6,,0.4,0.5,0.4,0.3,0.3,0.6,0.5,0.5,0.6,0.9,0.7,1.1,1.1,0.3,0.6,,,,0.5,0.5,,0.5,0.2,0.4,0.3,0.3,0.5,,0.5,0.4,0.5,,,,,0.4,0.4,0.5,0.5,0.5,0.1,,0.5,,0.4,0.4,0.7,0.6,0.8,0.3,0.4,0.6,0.7,0.5,0.8,,,,,0.6,0.3,0.3,0.5,0.4,0.4,0.8,,0.5,0.5,0.5,0.5,0.5,0.8,0.7,0.8,0.8,0.5,0.4,0.6,0.7,0.7,,0.4,0.3,0.4,0.6,0.6,0.4,0.7,0.6,0.8,,0.5,0.4,,0.4,0.5,,0.3,0.3,0.4,,0.6,,0.2,,0.5,0.4,0.6,0.7,1,0.6,0.6,0.8,0.6,0.8,0.3,0.7,0.6,0.4,,1.8,1.2,,0.6,0.5,0.4,,0.4,0.6,0.3,0.5,0.5,0.4,,0.5,0.4,0.1,0.1,,,,0.5,0.7,,0.5,0.5,0.6,0.5,0.6,0.4,0.4,,0.5,,,0.3,0.4,0.4,0.3,0.5,0.6,0.1,0.5,0.5,,0.4,0.4,0.5,0.4,0.2,0.2,0.3,0.4,,,,0.8,0.7,,0.4,,0.6,0.6,0.6,0.4,0.9,0.1,0.8,0.9,0.5,0.5,0.6,0.4,0.6,,0.6,0.6,0.4,0.4,0.4,0.4,0.5,,0.4,,0.1,,0.6,0.5,1.2,,1.4,0.3,0.1,0.6,0.7,0.5,0.4,0.4,,,0.6,0.3,0.4,0.5,,0.4,0.6,0.5,1,,0.3,0.5,,,0.3,0.5,0.3,0.3,0.4,0.2,0.8,0.5,0.3,0.5,0.5,0.6,0.7,0.7,1.2,,0.5,0.6,,0.6,0.8,0.4,0.4,0.3,0.9,0.2,,0.5,0.8,0.9,0.3,0.3,0.7,0.6,0.9,,0.8,0.4,0.3,0.6,0.3,0.5,0.9,0.1,0.6,0.5,0.6,0.6,,0.3,0.1,0.8,0.4,0.5,0.5,0.5,0.7,0.6,0.1,0.5,0.4,1.4,0.6,0.4,0.4,0.5,0.4,0.6,0.3,0.6,0.2,0.7,0.5,0.6,0.6,,,1,0.3,0.3,0.6,0.3,0.2,0.5,0.3,0.6,0.3,0.5,0.7,0.3,0.6,0.8,0.4,0.5,0.3,,1.1,0.6,0.5,0.6,0.8,0.4,0.5,0.4,0.5,0.4,0.4,0.6,0.4,0.5,0.5,0.5,0.4,0.6,0.6,0.5,0.6,0.4,0.3,0.3,0.4,0.4,0.6,0.2,0.3,0.4,0.6,,0.6,0.7,0.3,,0.7,0.5,0.6,0.8,0.5,0.6,0.7,0.9,0.6,0.7,0.6,0.9,0.7,0.1,0.2,0.3,,0.2,0.4,0.3,0.4,0.3,0.6,0.4,0.7,0.6,0.4,0.5,0.1,0.2,0.8,0.6,1,0.4,0.9,0.4,0.3,0.7,0.6,0.8,0.6,0.6,0.7,0.6,0.4,0.4,0.5,0.5,,0.6,0.6,1,0.3,0.5,0.1,,0.2,0.2,,0.3,0.6,0.5,0.4,0.8,,1,,0.5,0.3,0.6,0.5,1.1,0.6,0.6,0.6,0.6,0.6,1.5,0.6,0.7,0.3,0.3,0.5,0.7,0.5,0.5,0.3,1,0.4,0.7,0.4,0.7,0.6,0.6,0.7,0.3,0.5,0.4,0.7,0.5,0.4,0.6,0.4,0.3,0.5,0.6,0.2,0.2,0.3,0.2,0.6,0.3,0.5,0.3,0.7,0.6,0.5,0.5,0.4,0.5,0.7,0.4,0.7,0.7,0.4,0.5,0.5,1.6,0.3,0.2,1,0.9,0.1,0.3,0.3,0.3,0.4,0.5,0.6,0.4,0.5,0.7,0.3,0.2,0.3,0.3,0.4,0.3,1.8,0.5,0.6,0.5,0.7,0.8,0.4,0.4,0.5,0.5,0.8,0.6,0.5,0.3,0.4,0.5,0.7,0.3,0.4,0.6,0.4,,0.1,0.4,0.2,,0.4,0.6,0.4,0.4,0.5,0.3,0.4,0.6,0.4,1,0.5,,0.2,0.6,0.3,0.4,0.7,0.6,0.6,0.6,0.4,0.4,0.6,0.4,0.4,0.6,0.6,,0.4,0.5,0.3,0.5,0.5,0.7,0.8,0.4,0.9,0.5,0.5,0.4,,0.4,0.5,0.8,0.8,0.6,1.1,0.5,0.4,0.8,0.7,0.5,0.4,0.6,0.9,0.6,0.4,0.2,1.1,0.3,0.4,,0.4,0.3,0.4,0.4,0.4,0.4,0.4,0.5,0.5,0.7,0.2,0.1,0.3,0.4,0.5,0.7,0.8,0.4,1,1,0.5,1.1,0.7,0.1,0.3,0.6,0.7,0.6,0.6,0.6,0.8,1.5,0.4,0.5,0.8,1,0.8,0.8,0.9,0.6,1.6,0.9,,0.6,0.3,0.8,0.7,0.4,0.7,0.5,0.5,0.2,0.4,0.1,0.5,0.4,0.3,,1,0.5,0.5,0.5,0.4,0.5,0.5,0.4,,1,0.4,0.5,0.2,1.6,1.4,0.2,1.8,0.3,0.4,1.1,0.5,0.8,0.8,0.6,0.3,0.8,1.4,0.4,0.5,0.3,0.2,0.6,0.5,0.4,0.6,0.6,0.4,0.6,0.5,0.4,0.3,0.2,0.3,0.3,0.5,0.3,0.4,0.6,0.3,,0.6,0.7,0.4,0.4,0.1,0.6,0.6
20230729,9,CO_24h,0.7,0.4,0.6,0.5,0.5,0.3,0.4,0.3,0.4,0.4,0.4,0.4,,,0.7,,0.7,0.6,0.8,,0.7,,0.3,0.6,,0.5,0.7,,0.5,0.4,0.4,0.5,0.4,0.4,0.7,,0.7,0.8,,0.9,0.7,0.6,0.1,0.2,,0.3,,0.4,0.5,0.4,0.2,0.2,0.5,0.4,,0.3,0.3,,0.3,0.2,0.6,0.6,0.5,0.6,0.5,0.4,0.5,0.6,,0.5,0.4,0.3,0.2,0.5,0.4,,0.5,0.4,0.5,0.5,0.8,,0.5,0.8,0.8,0.9,0.7,0.6,,0.5,0.7,,,0.5,0.5,0.5,0.4,0.4,0.6,0.5,,0.6,0.5,0.5,0.6,0.4,,0.5,0.5,0.1,0.3,0.5,0.4,,0.1,0.5,0.5,0.3,0.5,0.5,0.4,0.3,0.4,0.3,0.6,0.6,0.4,0.5,0.6,0.5,0.5,0.7,0.4,0.5,0.6,0.5,0.9,0.3,0.3,0.5,0.4,0.3,0.4,0.6,0.4,,0.4,0.4,0.3,0.4,0.2,0.4,0.1,0.5,0.4,0.4,0.2,0.3,0.4,0.3,,0.4,0.4,0.4,0.4,0.5,0.5,0.3,0.3,0.4,0.3,0.3,0.2,,,,0.4,0.2,,0.3,0.2,0.3,,,,0.4,,0.7,0.6,,0.6,0.5,0.4,0.2,0.5,0.6,,,,0.5,0.5,,0.5,0.6,0.5,0.3,0.4,,0.5,0.6,0.4,0.6,0.7,0.3,0.3,0.3,,0.3,,0.5,0.4,,0.5,0.6,,0.4,0.5,0.5,,0.6,0.4,0.5,0.6,0.4,0.4,0.3,,,0.4,0.4,0.4,0.4,0.4,0.4,0.4,,0.4,,,0.4,,0.5,0.4,,0.4,0.4,0.3,0.3,0.4,0.3,,0.4,0.4,0.3,0.4,0.3,0.5,0.4,0.4,0.3,0.4,0.5,0.3,0.3,0.3,0.5,0.4,0.4,0.3,,,0.2,0.2,0.4,0.4,,0.2,,0.5,0.3,0.6,,0.5,0.5,0.9,,0.4,0.4,0.2,0.5,,0.6,0.5,0.5,0.5,0.3,,,0.2,0.4,0.4,0.2,0.4,0.3,0.4,0.4,0.4,0.4,0.4,0.4,0.4,0.4,0.5,0.7,0.6,0.5,0.6,0.5,0.5,0.6,,0.5,0.5,0.3,0.5,0.3,0.3,0.4,0.2,0.5,0.4,0.6,0.4,0.6,0.6,,0.6,0.5,0.6,0.6,0.7,0.5,0.7,0.3,0.8,0.6,0.7,0.9,0.6,0.6,,0.6,0.6,0.8,0.5,0.5,0.5,0.3,0.5,0.5,0.7,0.4,0.6,,0.5,0.6,0.5,0.4,0.5,0.3,0.4,0.5,0.5,0.5,0.4,,,0.9,0.7,0.9,0.6,0.7,0.5,0.8,0.7,0.5,0.5,0.4,0.5,0.8,0.7,0.8,0.8,0.6,0.8,0.8,0.9,,0.4,0.5,0.4,0.4,0.2,,0.9,1.1,0.6,0.5,0.7,0.7,0.7,,,1,0.4,1,0.8,1,,0.3,0.4,0.4,0.5,,,0.5,0.6,0.7,0.6,0.3,0.7,0.4,0.6,0.6,0.5,0.5,,0.7,0.6,0.5,0.4,0.6,0.6,0.2,0.3,0.3,0.3,0.1,0.2,0.6,0.7,0.6,0.5,0.6,0.7,0.6,0.5,,0.7,,0.6,0.6,,0.4,,0.5,0.5,,,,,0.6,,,,0.5,0.5,0.4,0.4,0.2,0.4,0.3,,0.3,,0.4,0.2,0.3,0.4,0.5,0.5,0.4,0.3,0.5,0.5,0.3,0.5,0.4,0.5,,0.7,0.9,0.5,0.8,0.6,0.5,0.5,0.5,0.8,,0.5,0.4,0.4,0.5,0.6,0.7,0.5,0.5,0.4,0.3,0.2,0.1,0.4,0.1,0.4,0.6,0.6,,,0.6,,0.1,0.7,0.1,0.3,0.5,,0.4,0.6,,,0.2,0.3,0.3,0.1,,0.2,0.3,0.2,,0.2,0.3,0.4,0.3,0.2,0.6,0.1,0.1,0.3,0.1,,,,0.3,,,0.5,,0.5,0.2,0.3,0.3,0.1,0.3,0.4,0.2,0.2,0.4,,,,,0.6,,0.5,0.4,0.6,0.6,0.5,0.7,0.7,0.6,,0.7,0.6,0.7,0.6,0.7,0.6,0.7,0.7,0.6,0.9,0.6,0.6,0.6,0.6,0.5,0.6,0.5,0.5,0.6,0.8,,0.6,0.4,0.4,,0.5,0.6,,0.5,0.6,0.7,0.6,0.8,,0.6,0.9,,,0.2,0.2,,0.6,,0.6,0.7,0.7,0.7,0.7,0.7,,0.6,0.7,,1.2,0.9,,0.9,,1,0.8,0.9,,0.8,0.8,0.4,0.3,0.3,,0.5,0.9,0.8,0.7,1,0.5,0.6,0.6,0.6,0.4,0.6,0.4,0.7,0.3,1,1.8,0.7,0.6,0.6,0.4,0.5,0.4,0.7,0.5,0.5,0.7,0.5,0.6,0.6,0.6,0.6,0.3,0.3,,0.3,0.4,0.4,0.3,0.4,0.3,0.3,0.4,0.4,0.4,0.3,0.4,0.4,0.5,,0.6,0.5,0.4,,0.4,0.5,0.7,0.4,0.7,,0.8,0.6,0.7,,0.9,,0.6,0.5,0.5,0.4,0.6,0.4,0.2,,,,0.3,,0.6,,0.5,,0.7,,0.3,0.6,0.3,0.6,0.6,,0.6,,0.5,0.3,0.5,0.4,0.5,0.4,,0.6,0.7,0.5,0.5,0.5,0.3,,0.6,,,0.3,0.2,0.3,0.2,0.7,0.5,0.6,0.5,0.5,0.6,0.6,0.6,0.7,0.3,0.9,0.9,0.9,1.3,0.6,0.4,0.3,0.5,0.6,0.5,0.5,0.6,0.5,0.6,0.6,0.6,,0.8,0.7,1,2.4,0.5,0.6,0.6,0.6,,,,,0.4,0.4,,0.5,0.4,0.3,0.2,0.3,0.3,0.2,0.6,0.7,0.5,0.3,0.5,0.7,0.5,,0.6,0.8,,0.9,0.4,0.7,,0.6,0.5,,0.7,0.3,0.6,0.5,0.4,0.4,0.4,0.4,0.5,0.5,0.7,0.7,0.6,,0.5,0.6,0.4,0.5,0.6,0.4,0.3,0.2,0.1,,0.3,0.3,0.3,0.2,0.2,,,0.4,,,,,0.3,,,,,,,,,,,,,,,,0.2,,,,,,,,,,,,,,,,,,,,,,,,,,,,,,,,,,,,,,0.3,0.4,0.5,0.5,0.5,0.4,0.4,0.4,0.4,,,,1,1,0.8,0.9,,0.8,0.7,0.5,0.5,0.6,0.5,0.7,,0.6,0.6,0.9,,,1.1,1.1,,0.7,0.6,0.5,,0.5,,0.7,0.6,,,0.5,0.5,,,0.5,0.4,0.5,,,0.3,0.4,0.3,0.3,0.5,0.5,0.5,0.7,0.6,0.4,0.6,0.6,0.4,0.3,0.4,0.7,0.6,0.7,0.6,0.7,0.8,0.8,0.8,0.8,,0.4,0.2,0.6,,0.3,0.1,0.5,0.5,0.4,0.3,0.1,0.2,0.5,0.5,0.6,0.1,,,,0.4,0.2,0.4,0.1,0.4,,0.4,0.4,0.6,0.9,0.4,0.3,0.5,0.5,0.5,0.4,,,0.8,0.5,0.4,0.4,0.4,0.4,,0.1,0.3,0.2,,0.3,0.2,0.3,,0.3,0.2,0.2,0.3,0.2,0.2,0.3,,0.1,0.2,0.2,0.4,0.2,0.4,0.5,0.6,,0.4,0.3,0.4,0.2,0.2,0.3,,0.5,,0.5,,,,0.1,0.2,0.2,0.4,0.5,0.5,,0.4,,0.3,0.3,0.3,0.6,0.7,0.5,0.6,,0.8,0.7,0.8,,,0.5,0.5,0.5,,0.5,0.4,0.3,,,0.7,0.5,0.2,0.3,0.3,0.2,0.4,0.4,0.4,0.4,0.5,0.8,0.5,0.4,1,,0.3,0.4,0.4,0.4,0.4,,1.1,0.6,0.9,0.8,0.6,0.6,0.6,0.7,0.5,,0.7,0.7,0.6,0.9,1.1,0.9,0.9,1,0.6,0.4,0.7,,0.9,0.5,0.4,,0.6,0.6,0.6,0.5,,0.4,0.3,0.4,,0.5,0.2,0.3,0.4,0.4,,0.3,0.3,0.2,0.3,0.8,0.3,0.4,,0.3,0.2,0.3,0.3,0.5,,0.6,0.4,0.6,0.8,0.4,0.3,0.6,0.5,0.6,0.5,0.5,0.6,,0.5,0.5,0.3,,0.5,0.5,,0.5,0.4,0.5,0.5,,0.5,0.5,0.6,0.7,0.5,0.2,0.6,0.6,0.7,0.9,0.6,0.3,0.3,0.5,0.4,0.2,0.4,0.5,0.6,0.7,0.7,0.7,0.5,0.5,0.4,0.4,0.5,0.7,0.5,0.6,0.6,0.7,0.6,1,0.7,0.5,0.5,0.5,0.7,1.3,0.3,0.5,0.6,0.5,0.8,0.7,1.1,0.6,0.5,0.5,0.4,0.8,0.7,0.7,0.7,0.8,0.7,0.5,0.5,0.7,0.6,0.8,0.8,0.6,0.6,0.5,0.7,0.7,,0.4,0.4,0.5,0.3,0.6,,0.3,0.5,0.3,0.2,0.2,0.4,0.4,0.4,0.5,0.5,0.5,0.6,0.8,0.2,0.5,,,,0.4,0.4,,0.4,0.2,0.3,0.2,0.3,0.4,,0.5,0.4,0.5,,,,,0.4,0.4,0.4,0.4,0.3,,,0.5,,0.3,0.3,0.7,0.7,0.8,0.8,0.3,0.6,0.7,0.5,0.6,,,,,0.4,0.3,0.3,0.4,0.3,0.5,0.5,,0.4,0.5,0.4,0.3,0.2,0.7,0.6,0.6,0.7,0.5,0.3,0.5,0.7,0.7,,0.5,0.4,0.4,0.5,0.5,0.4,0.6,0.6,0.8,,0.4,0.3,,0.4,0.5,,0.3,0.3,0.5,,0.3,,0.1,,0.5,0.4,0.5,0.6,0.7,0.5,0.6,0.8,0.7,0.7,0.3,0.5,0.5,0.4,,1,0.4,,0.5,0.5,0.3,,0.3,0.5,0.2,0.4,0.4,0.4,,0.4,0.3,0.1,,,,0.2,0.4,0.2,,0.4,0.5,0.5,0.4,0.5,0.4,0.5,,0.5,,,0.3,0.2,0.4,0.3,0.4,0.4,0.3,0.6,0.5,,0.3,0.3,0.4,0.3,0.2,0.3,0.3,0.4,0.4,,,0.5,0.5,,0.4,,0.7,0.3,0.3,0.4,1,0.1,0.6,0.7,0.6,0.7,0.7,0.4,0.6,,0.6,0.6,0.4,0.5,0.4,0.4,0.5,,0.4,,0.1,0.3,0.5,0.4,0.9,0.8,1,0.3,0.2,0.6,0.6,0.4,0.4,0.3,,,0.5,0.3,0.4,0.5,,0.5,0.5,0.5,0.6,,0.3,0.5,,,0.3,0.5,0.3,0.3,0.4,0.2,0.8,0.5,0.2,0.5,0.5,0.6,0.6,0.6,1,,0.5,0.5,,0.5,0.6,0.3,0.3,0.3,0.5,0.3,,0.6,0.5,0.8,0.3,0.3,0.8,0.7,0.8,,0.6,0.4,0.3,0.6,0.2,0.6,0.8,0.2,0.6,0.5,0.5,0.3,,0.3,0.1,0.8,0.4,0.4,0.4,0.5,0.5,0.5,0.2,0.4,0.3,0.7,0.5,0.6,0.4,0.5,0.5,0.6,0.3,0.5,0.2,0.5,0.5,0.5,0.4,,,0.5,0.3,0.4,0.7,0.3,0.1,0.5,0.3,0.2,0.3,0.5,0.3,0.5,0.5,0.9,0.4,0.5,0.3,,1,0.5,0.4,0.5,0.5,0.3,0.4,0.4,0.5,0.4,0.4,0.6,0.4,0.5,0.5,0.5,0.4,0.7,0.6,0.5,0.6,0.5,0.4,0.3,0.4,0.4,0.6,0.2,0.4,0.4,0.5,0.7,0.6,0.6,0.2,0.4,0.6,0.5,0.6,0.8,0.5,0.5,0.5,0.9,0.6,0.6,0.4,0.8,0.5,0.1,0.3,0.4,,0.3,0.4,0.3,0.4,0.6,0.6,0.4,0.4,0.5,0.5,0.4,0.1,0.2,0.7,0.5,0.6,0.3,0.6,0.5,0.4,0.6,0.7,0.7,0.6,0.5,0.8,0.5,0.4,0.5,0.5,0.4,,0.6,0.4,0.7,0.3,0.5,0.2,,0.2,0.2,,0.3,0.6,0.6,0.4,0.7,0.8,0.7,,0.4,0.2,0.5,0.5,0.5,0.5,0.6,0.7,0.5,0.5,0.7,0.7,0.7,0.5,0.3,0.5,0.7,0.5,0.6,0.5,0.9,0.4,0.6,0.3,0.5,0.6,0.6,0.6,0.3,0.5,0.3,0.7,0.5,0.4,0.6,0.4,0.3,0.5,0.4,0.1,0.2,0.3,0.3,0.6,0.2,0.4,0.3,0.6,0.6,0.4,0.5,0.5,0.5,0.7,0.4,0.7,0.8,0.5,0.4,0.4,0.3,0.4,0.4,0.8,0.9,0.4,0.3,0.3,0.3,0.4,0.5,0.6,0.4,0.4,0.6,0.3,0.3,0.6,0.4,0.4,0.3,1.1,0.4,0.6,0.4,0.7,0.7,0.4,0.4,0.5,0.5,0.8,0.5,0.5,0.2,0.4,0.5,0.7,0.3,0.4,0.4,0.3,,0.1,0.4,0.2,0.5,0.3,0.5,0.3,0.4,0.3,0.2,0.4,0.5,0.4,0.6,0.5,0.3,0.2,0.6,0.3,0.4,0.7,0.6,0.6,0.6,0.4,0.4,0.4,0.4,0.4,0.6,0.6,,0.4,0.5,0.3,0.4,0.4,0.7,0.6,0.5,0.8,0.4,0.5,0.4,0.4,0.4,0.5,0.6,0.6,0.6,1,0.8,0.6,0.7,0.7,0.5,0.6,0.8,1.4,1,0.9,0.3,0.9,0.2,0.3,0.3,0.3,0.3,0.4,0.4,0.5,0.4,0.4,0.4,0.7,0.5,0.2,0.4,0.3,0.3,0.4,0.7,0.8,0.4,0.6,0.5,0.4,0.6,0.6,0.1,0.2,0.7,0.7,0.4,0.6,0.6,0.9,1.1,0.4,0.3,0.8,0.8,0.7,0.8,0.8,0.4,0.6,0.6,,0.6,0.2,0.5,0.5,0.5,0.5,0.5,0.5,0.2,0.4,0.2,0.4,0.3,0.4,0.3,0.8,0.4,0.5,0.7,0.4,0.6,0.5,0.4,,0.7,0.4,0.5,0.2,1.1,1.2,0.3,1.1,0.4,0.3,0.6,0.4,0.6,0.7,0.5,0.3,0.6,1.1,0.5,0.5,0.3,0.2,1,0.9,0.4,0.4,0.5,0.4,0.6,0.5,0.4,0.3,0.5,0.3,0.2,0.5,0.3,0.3,0.6,0.3,0.4,0.6,0.5,0.4,0.5,0.1,0.6,0.4
20230729,10,AQI,54,42,56,57,,60,44,53,38,50,48,52,,,23,,23,22,23,,17,,15,7,,6,13,,54,53,40,49,,53,26,,14,23,,33,,,13,16,,21,,9,11,,46,59,50,62,,45,28,,35,34,31,35,40,41,38,22,36,40,,36,9,17,19,14,16,,24,19,16,21,48,,32,42,54,44,46,52,,36,39,,,38,36,40,35,26,24,19,,18,19,21,,18,,26,8,10,10,7,18,10,,7,,18,24,21,22,26,25,15,14,21,,18,27,22,35,35,22,32,30,,30,26,20,37,15,23,18,8,27,,10,22,18,21,,17,15,11,,13,,12,14,33,,17,17,19,14,16,15,10,10,,7,12,29,,,,24,21,,34,28,27,,,,22,,13,19,,14,22,13,14,13,18,,,,16,,,15,13,16,,22,,18,14,19,22,15,17,24,22,,27,,19,26,,15,14,,14,12,13,,68,30,12,,15,11,10,,,15,13,15,25,26,19,,,12,,,13,,13,14,,23,24,26,19,15,22,,14,13,22,18,15,14,15,11,10,13,12,10,12,14,14,10,10,13,,,20,18,19,19,,14,,12,15,12,,13,14,18,,14,22,29,29,,34,42,35,27,18,,,29,22,19,27,22,24,20,,11,12,10,20,,23,15,11,20,17,14,15,13,13,,26,15,14,15,13,18,28,16,15,77,25,21,39,48,,47,45,45,37,43,32,25,20,18,24,20,32,22,18,,24,84,21,20,23,16,26,18,,36,42,34,,28,54,60,16,28,,17,31,25,29,27,,,21,19,22,23,24,23,25,33,39,35,,41,35,41,29,38,31,30,26,36,,34,31,32,27,26,,38,59,28,,39,25,30,,,40,38,59,42,18,,20,28,43,29,,,33,23,24,30,22,14,29,51,,27,34,,24,,16,18,18,18,21,21,,20,23,22,16,14,64,15,15,18,23,19,,50,,16,26,,31,,30,37,,,,,30,,,,33,38,58,,129,54,53,,76,27,22,19,22,25,34,34,30,32,37,33,72,27,20,,,,,,,36,41,39,41,39,,13,12,12,9,8,10,,12,,16,11,14,15,13,14,15,20,,,17,,,17,17,22,20,,20,25,,,18,14,23,17,,9,13,8,,14,27,19,17,22,24,,18,12,14,,,,19,,,20,,21,19,13,24,19,27,,,10,10,,18,,,35,,37,48,53,22,25,24,25,,,25,26,32,30,43,30,25,21,18,32,17,27,25,32,24,40,20,24,20,36,,22,20,22,,25,24,,21,27,23,23,29,,53,19,,,,34,,41,,46,50,47,45,30,32,,,31,,,54,,69,,40,49,58,,44,36,,39,44,,13,10,12,20,12,14,30,,18,19,21,11,41,13,18,24,10,10,36,22,13,20,19,36,15,16,16,22,18,14,29,27,34,,25,27,26,25,25,26,39,29,29,37,,24,18,,,13,21,13,,15,10,15,13,11,,,12,17,,19,,22,12,16,13,10,,11,,,,22,,25,,11,,14,,11,7,10,46,73,,40,,22,18,,30,25,16,,,17,19,20,20,18,,28,,,25,31,24,27,28,30,46,40,40,16,24,21,25,46,48,48,29,37,30,21,31,21,23,26,34,27,30,29,30,26,,29,20,20,,16,22,18,17,,,,,,24,,22,19,34,43,21,32,,13,21,29,21,,24,25,,21,41,,28,27,38,,31,30,,31,20,15,21,21,20,20,,21,58,60,55,60,,48,33,85,31,40,28,31,34,35,,33,36,47,52,61,,,29,,,,,19,,,,,,,,,,,,,,,,17,,,,,,,,,,,,,,,,,,,,,,,,,,,,,,,,,,,,,,26,10,20,20,17,17,,16,11,,,,22,38,19,21,,22,53,59,54,58,58,,,48,48,60,,,65,73,,53,48,45,,51,,56,41,,,37,23,,,35,37,50,,,27,27,39,40,37,38,40,43,38,21,38,35,17,10,10,23,17,26,,17,31,22,17,28,,26,23,15,,,12,54,15,,22,28,,24,83,23,23,,,28,22,23,23,21,29,28,25,35,24,22,38,29,30,28,29,41,,,32,22,25,31,26,24,,20,25,24,,17,19,22,,17,20,,23,18,24,19,,12,21,19,11,,17,18,19,,12,23,14,15,16,15,,9,,12,,,,11,11,10,11,14,19,,12,,26,29,16,24,,,17,,20,26,25,,,13,16,,,28,18,23,,,10,16,12,38,11,22,11,24,26,28,19,18,30,41,,,18,31,31,,17,,22,25,29,25,38,29,26,33,26,,24,35,20,,19,24,14,18,23,23,28,,12,16,15,,9,8,,26,,21,23,14,,12,17,23,,13,,13,15,14,14,20,30,23,,20,17,13,18,27,,16,16,16,17,25,30,25,22,18,32,16,,,18,54,16,,16,15,,24,19,20,14,,17,16,13,35,23,34,44,,38,30,,32,46,,52,43,24,25,28,24,25,30,30,38,39,36,30,36,,28,56,22,,35,36,25,27,39,42,23,26,,31,26,57,53,55,62,38,44,32,22,22,48,23,21,22,29,27,21,33,25,27,34,48,46,54,46,,60,29,29,22,19,,20,14,25,31,33,22,23,22,23,97,65,38,88,18,22,,,,32,31,,30,,22,19,,35,,15,20,15,,,,,26,27,23,19,23,26,,26,,18,16,20,15,22,38,30,18,28,27,21,,,,,,25,21,21,30,13,18,,22,15,8,29,28,18,19,17,31,16,22,22,22,23,,25,35,17,30,18,8,21,20,54,,29,19,,17,14,,17,21,26,,63,,29,,,12,24,28,36,25,44,37,38,39,21,50,45,29,,45,50,,21,20,51,,57,55,23,21,85,82,,,26,29,28,,,21,33,64,,30,30,33,35,17,42,33,,33,,,25,29,28,27,154,147,67,78,30,,77,51,48,75,,155,137,129,,,,51,34,,33,,30,73,77,77,15,12,26,36,10,7,30,48,41,,,24,18,16,12,,13,,13,,19,,41,,30,,113,24,15,28,20,44,13,32,,,38,15,18,27,,31,34,28,18,,17,9,,,17,16,20,29,18,19,20,22,14,16,23,51,24,31,62,,20,27,,27,28,19,18,41,56,28,18,23,,32,13,21,16,7,50,15,51,22,20,,27,18,16,19,,15,16,37,,42,11,32,25,27,44,25,28,26,12,29,32,,29,15,20,,14,,22,13,22,19,17,45,38,,,45,29,10,15,20,23,,22,35,44,15,43,15,46,10,26,17,14,,15,29,26,38,29,30,66,15,26,13,19,14,10,18,13,24,33,41,34,50,51,42,15,14,14,13,7,24,22,17,27,,32,49,38,,33,18,20,23,17,33,41,27,23,26,21,21,45,45,9,9,,24,14,11,11,15,9,13,13,14,12,24,13,23,,13,25,25,22,24,20,20,40,,31,19,46,49,20,23,22,36,,39,15,115,16,12,22,,12,27,,24,20,16,17,22,,33,,11,23,25,22,20,59,17,29,32,32,34,36,39,13,18,12,10,20,15,,36,24,51,32,,40,14,13,13,15,,13,16,15,15,13,9,,14,,62,69,43,68,77,58,21,21,15,22,18,21,25,27,40,28,26,19,31,49,24,10,10,40,15,8,16,19,16,30,27,22,32,13,28,9,9,12,14,22,16,25,32,20,19,37,18,25,29,25,46,17,24,22,27,20,19,8,24,16,22,20,19,8,24,14,,25,12,16,7,25,32,43,35,20,39,14,,13,14,15,27,20,27,45,42,21,22,,41,28,21,21,,21,28,38,20,,23,26,22,19,13,13,12,,13,18,49,42,31,40,35,33,71,46,44,54,12,29,,18,19,13,61,48,50,54,61,35,42,44,49,18,11,20,12,10,12,16,,,20,21,29,52,52,12,54,26,44,71,69,59,30,20,50,48,29,56,45,15,22,25,18,25,27,60,48,,22,41,18,12,25,31,22,21,17,11,15,10,40,32,,30,36,29,18,13,50,11,13,,41,,23,176,63,63,10,63,32,50,39,46,30,44,18,20,31,,23,15,15,14,32,18,32,39,47,27,,39,16,29,12,40,23,38,21,15,31,20,14,27,36,14,19,22,13,58
20230729,10,PM2.5,27,27,34,36,37,43,20,25,18,35,25,35,,,13,,16,14,16,,10,,1,4,,2,8,,28,32,28,34,,27,6,,6,16,,23,,,6,11,,8,,2,,,32,21,18,21,,26,10,,21,21,8,5,8,11,18,11,18,28,,25,5,9,13,8,11,,10,13,11,9,33,,20,28,35,26,32,35,,14,13,,,16,16,15,14,18,11,10,,7,5,9,,11,,14,,3,2,,3,,2,2,2,2,10,10,10,10,11,9,9,10,10,10,10,9,10,16,11,11,14,,13,10,10,11,5,9,5,3,7,,6,5,5,8,,2,2,2,2,2,12,5,2,23,,8,9,9,9,9,10,5,7,,1,2,5,,,,10,9,,7,19,10,,,,11,,9,7,9,2,7,9,9,2,7,,,,6,10,,4,8,8,7,14,,10,6,8,2,6,7,7,13,,11,,13,13,,6,7,,7,7,9,,41,8,5,5,6,5,5,,,3,5,3,13,12,7,10,,5,,,9,,5,8,,16,12,11,5,7,6,,5,6,9,7,7,5,8,5,7,9,7,5,7,7,2,7,7,9,2,,,1,,2,,7,,5,2,,,9,4,11,,7,12,7,7,,12,12,24,17,12,,,9,12,7,9,10,7,14,,7,5,7,6,5,16,5,5,9,5,4,9,9,5,,5,2,7,7,5,12,6,2,9,56,17,11,3,32,,23,26,31,12,20,14,17,14,8,7,4,11,1,6,,4,10,,2,11,11,12,,16,22,17,19,,17,23,43,9,,,9,12,11,6,5,,,12,10,10,16,7,9,17,18,18,22,,25,24,25,20,26,21,21,16,25,,14,20,21,14,14,,26,33,19,,27,14,21,,,24,22,23,14,12,,2,13,24,15,,,12,11,5,21,3,9,12,12,,12,12,,16,,9,11,12,12,6,8,6,5,7,6,11,8,46,4,10,8,11,4,,22,,5,14,,5,,20,18,,,,,18,,,,9,20,16,58,98,17,14,,31,12,7,11,10,2,13,11,8,17,17,13,38,10,5,,,,,,,17,19,14,24,17,,9,6,4,5,4,7,9,6,6,3,5,9,2,1,5,7,3,,,7,,13,11,7,3,14,,14,16,,,12,8,16,7,,3,9,5,,9,7,5,5,7,9,7,12,3,,,,,13,,,12,,9,13,9,7,6,12,9,5,5,7,,12,,,24,,18,33,37,10,11,10,15,,,17,18,22,21,30,21,14,14,12,22,8,13,14,11,10,10,5,6,14,25,,15,13,12,,17,15,,12,14,9,16,12,,17,10,,,9,17,,17,,24,21,16,26,5,14,,7,19,,60,37,,49,,22,28,22,,29,22,14,14,19,,4,4,3,5,5,5,5,10,8,6,6,7,,5,6,11,5,5,9,11,,12,7,7,10,11,8,9,12,9,12,4,9,,4,6,7,10,6,5,27,12,20,17,,10,10,10,,8,7,9,,1,4,10,4,1,,,8,1,,13,,15,8,11,9,6,,3,,,,15,,5,,2,,7,,6,4,,25,23,,21,,12,12,7,7,17,7,,13,8,5,9,8,7,,13,,,6,13,13,14,15,16,27,22,18,2,2,9,17,32,33,29,20,23,18,5,7,13,16,18,17,13,14,18,16,15,,9,10,7,22,5,9,7,2,,,,,,7,,9,13,22,15,13,14,,5,13,20,7,8,15,11,,13,26,,14,14,18,,14,20,,19,4,2,,2,4,6,3,4,41,43,39,39,,15,5,39,10,28,16,19,3,14,,13,6,13,12,7,,,12,,,,,9,,,,,,,,,,,,,,,,5,,,,,,,,,,,,,,,,,,,,,,,,,,,,,,,,,,,,,,9,,2,14,9,10,2,5,2,,,2,9,7,9,5,,15,37,34,36,36,34,21,,24,29,43,,,47,53,,37,33,24,,26,,18,13,,,17,9,,,12,15,25,,,12,12,7,15,17,12,9,26,19,11,22,17,5,5,5,8,8,5,6,7,7,13,,13,,13,10,6,,3,,11,5,12,12,6,10,13,14,4,9,,,4,5,6,4,6,11,11,4,5,5,10,20,7,10,9,10,15,,,5,5,6,7,14,14,,7,11,8,,7,6,3,,9,7,,11,4,9,11,,7,13,8,1,15,1,9,7,,7,4,5,7,4,9,,5,,8,,,,1,1,3,7,,5,,8,,7,5,6,,,,2,30,9,10,16,8,7,4,11,,17,18,12,16,3,,4,3,2,13,2,2,2,13,15,13,13,12,16,14,28,,12,15,11,,7,,13,13,20,16,14,20,17,23,18,,15,24,14,7,11,8,8,7,5,10,11,,7,3,10,,,2,,18,,13,12,8,,8,7,15,7,9,,7,8,6,6,10,7,10,,6,10,7,3,6,,,3,2,9,10,2,9,3,12,9,2,,,6,38,9,,7,4,,13,13,14,3,,10,11,9,16,13,11,6,,13,21,,19,18,,28,19,7,8,9,8,8,16,15,13,23,22,21,25,,11,38,6,23,24,12,17,7,15,21,14,17,,10,12,33,24,26,27,16,19,12,7,12,13,8,11,12,7,18,13,12,15,18,16,33,27,24,24,,34,20,20,5,5,,2,6,3,14,14,15,11,9,11,72,43,24,65,7,3,,,,22,19,,21,7,2,5,,5,,8,13,8,,,,,6,7,12,9,12,17,,18,,5,10,6,4,11,14,21,10,11,12,11,,,,,12,6,9,8,14,6,12,,12,9,,14,14,2,13,6,9,5,12,15,15,16,,17,24,11,21,9,5,6,1,38,,12,13,,10,6,,7,9,4,,29,,8,,5,6,10,12,11,16,9,9,9,12,6,22,17,8,,12,19,,5,6,17,,11,16,6,9,32,35,,7,4,11,6,,,4,10,28,,19,19,18,10,3,12,7,,8,,,5,3,6,4,81,82,28,27,16,,36,8,14,25,23,76,43,65,,,,20,17,,8,,9,20,30,28,6,6,5,22,,4,21,28,19,,31,12,10,7,5,,8,,7,,9,,15,,10,,61,6,6,9,11,21,8,21,,,18,7,4,17,,14,19,13,11,,11,2,,,7,3,5,14,12,11,12,2,7,4,9,20,16,14,33,,13,17,,11,13,11,5,9,28,17,12,15,,8,5,3,11,3,35,10,35,7,8,,6,12,,5,,6,9,17,,17,5,19,9,12,22,11,12,12,1,10,22,,20,9,8,8,7,,7,8,6,13,9,31,26,,,16,6,2,10,13,1,,9,24,10,10,12,9,32,4,14,6,5,,5,15,15,12,7,5,36,7,11,3,8,6,5,4,5,4,17,21,19,10,23,16,10,5,8,8,2,16,10,9,17,24,17,26,22,15,16,11,,10,6,13,19,9,16,13,10,14,16,11,6,6,,13,9,5,6,7,6,5,6,4,2,7,8,7,10,9,7,9,15,7,10,8,28,26,8,13,32,34,8,16,11,14,,27,10,87,9,5,12,12,2,14,,9,14,11,2,13,,16,,5,6,15,15,14,42,7,20,21,22,19,15,25,6,6,8,7,9,5,,14,12,29,15,,10,5,3,8,10,13,6,6,9,7,6,5,,8,12,14,21,17,26,35,26,14,1,7,13,11,8,13,12,28,16,18,7,19,34,2,1,,28,10,1,1,4,9,8,11,10,7,9,10,3,4,4,8,6,7,5,15,11,11,4,12,11,20,2,32,,13,15,12,7,9,2,9,6,12,6,12,5,12,5,,13,8,11,1,7,22,30,7,6,27,9,5,5,4,9,17,14,14,24,25,12,7,12,18,10,11,10,,2,9,7,,9,13,17,7,12,9,9,6,,8,8,22,24,15,28,24,3,43,31,13,20,8,17,,7,13,4,27,20,24,25,28,22,5,27,23,8,1,12,8,,3,8,,23,14,10,7,34,33,4,38,8,10,19,50,34,18,7,34,33,12,23,22,9,9,17,11,17,5,43,30,,8,3,12,8,3,12,9,5,7,2,10,2,8,8,,21,25,10,,9,7,7,5,,5,5,10,71,43,41,2,38,14,28,27,25,17,19,7,7,15,,3,10,7,4,22,12,19,22,18,16,11,14,6,9,,20,12,26,5,3,17,12,6,4,17,7,11,12,7,30
20230729,10,PM2.5_24h,19,13,16,18,19,18,12,15,11,22,14,18,,,15,,19,19,17,,18,,10,14,,11,17,,22,27,25,18,19,21,11,,26,27,,38,20,6,11,20,,15,,15,13,12,14,12,11,14,,21,7,,13,17,14,22,16,17,18,16,23,24,,26,14,10,16,22,19,,18,21,22,22,26,,18,25,30,26,26,22,,14,13,,,13,17,14,16,20,14,11,,11,11,11,12,13,,14,9,8,9,8,11,8,8,8,8,12,13,13,13,11,11,10,10,12,13,13,14,9,8,13,12,9,14,,10,7,19,8,6,9,7,5,6,,5,8,6,8,3,4,3,3,4,2,5,7,7,15,,8,9,8,9,8,10,1,6,2,1,2,1,,,,8,9,,8,8,10,,,,12,,7,7,6,5,8,8,7,5,8,,,,8,7,,10,10,11,6,7,,7,4,5,1,5,5,5,10,,8,,7,8,,8,6,,6,7,9,,9,7,9,6,9,7,6,,,7,6,4,11,9,11,13,,6,,,8,,4,7,,12,11,10,6,7,6,,6,6,8,7,6,7,4,4,7,10,11,4,10,13,5,7,6,9,3,,,1,1,2,,9,,8,6,4,,7,7,12,,8,10,3,6,,7,5,11,12,8,,,4,2,2,4,5,5,14,,8,8,9,10,9,24,8,7,5,9,7,12,14,6,,8,8,6,9,7,11,7,6,8,15,5,8,2,17,,17,16,17,9,13,16,13,12,13,14,16,20,12,13,,12,13,11,14,21,17,17,13,12,14,14,14,,11,16,22,18,18,18,15,15,14,16,11,,,16,16,16,18,11,11,16,14,13,13,13,13,35,30,33,32,33,26,36,41,,15,19,16,14,12,,19,23,15,15,20,8,14,,,21,18,19,15,14,,6,7,10,9,,,11,9,6,18,10,11,9,13,17,15,7,,14,10,15,14,18,16,8,7,6,6,8,7,15,12,36,9,16,13,13,7,,17,,8,11,,19,,25,23,,,,,11,,,,19,17,23,29,82,27,17,,30,9,8,7,9,3,7,8,6,6,8,20,7,9,7,12,,22,19,15,17,13,15,13,18,16,,8,8,8,22,15,16,17,7,7,6,9,11,13,12,11,8,7,,,9,,7,5,6,5,14,,13,7,,,11,7,8,5,,3,7,5,,6,4,2,4,6,2,4,3,2,,,,,5,,,8,,8,5,9,9,3,5,2,4,3,6,,7,,,12,,12,16,15,12,12,13,14,11,,25,30,28,24,29,22,33,32,20,29,8,10,11,12,11,13,11,10,12,19,,16,14,12,,13,13,,12,10,10,13,11,,15,9,,,11,13,,24,,20,17,16,18,13,15,,17,17,,51,30,,44,,23,26,23,,31,28,8,8,7,,10,9,11,12,14,8,8,15,14,10,11,11,17,8,11,15,8,5,19,17,10,13,14,13,11,10,10,9,12,8,12,4,9,,11,10,14,14,6,6,16,9,18,10,7,8,8,7,,9,8,9,,8,8,8,6,6,,7,10,4,,16,,17,12,13,16,13,10,4,,,,9,,9,,10,,12,,11,7,7,14,17,,16,,9,13,7,5,12,12,,12,9,5,7,13,6,,13,,,7,15,12,14,11,14,17,16,12,17,8,14,23,33,26,29,26,29,22,8,8,9,9,13,10,13,14,18,17,14,,6,7,8,15,7,4,5,1,,,,,9,11,,11,10,11,8,10,12,14,7,15,8,12,10,11,11,,16,13,,13,15,17,,12,16,,16,4,3,3,6,5,7,3,5,24,27,21,38,,17,20,41,9,16,12,12,4,11,,20,10,20,19,18,,,7,,,,,4,,,,,,,,,,,,,,,,1,,,,,,,,,,,,,,,,,,,,,,,,,,,,,,,,,,,,,,7,2,5,10,12,8,3,5,2,,,10,11,9,11,9,,18,21,23,15,20,21,20,,29,23,27,,,29,36,,24,24,18,,19,,14,15,,,26,15,,,16,14,23,,,10,10,11,6,16,10,13,17,15,19,22,15,8,12,9,11,10,9,12,12,18,15,8,15,,13,14,10,,5,2,6,9,14,13,7,6,7,11,4,9,,,9,8,10,10,8,12,10,5,4,5,11,17,6,10,10,12,8,,,14,6,7,8,12,14,,11,7,6,,10,10,6,,10,7,6,14,4,7,9,,7,10,8,6,8,4,9,9,,9,4,5,5,6,5,,3,,7,,,,4,3,5,8,4,3,,8,,8,6,6,2,1,,4,32,9,9,9,11,3,5,7,5,11,10,8,11,4,,3,7,8,26,6,4,4,11,10,9,10,8,12,9,12,,8,7,6,9,9,,11,9,10,11,12,15,10,13,9,,10,12,11,7,9,8,8,7,7,6,6,,16,13,16,,8,6,8,12,,11,13,5,,6,7,11,5,6,,8,9,12,8,6,7,6,,8,8,12,4,7,,7,3,8,15,14,11,13,10,17,8,3,2,,8,15,12,,8,6,,9,7,8,8,,12,10,9,17,13,9,14,,11,17,12,17,16,10,18,17,7,12,12,10,7,12,15,14,15,14,12,17,13,25,18,8,13,14,14,14,8,13,13,11,13,10,10,9,26,24,27,23,18,23,27,20,24,20,24,23,25,22,26,25,22,15,19,15,18,25,21,21,,26,26,27,6,7,,4,7,6,8,6,16,14,9,15,20,16,11,18,10,4,,,,19,15,,17,5,4,6,7,5,,8,7,8,,,,,6,5,10,8,5,11,,15,,7,7,6,6,8,9,12,8,7,4,8,,,,,9,6,9,7,16,7,12,,10,7,8,11,14,6,11,6,9,6,14,17,25,18,,24,25,20,23,8,6,10,10,16,,11,8,,10,5,,4,5,5,,14,,3,,2,4,8,9,6,9,18,18,16,45,5,8,6,10,,10,8,,8,7,13,,16,20,6,6,40,42,,3,4,15,14,,,14,11,20,,14,9,14,17,2,18,8,,8,,,5,4,3,2,28,31,18,24,8,,26,11,12,12,14,36,19,24,15,,,15,13,,10,,7,26,25,26,9,9,13,12,12,16,14,23,19,,21,9,10,10,7,7,8,,3,,2,8,9,11,7,8,52,9,4,11,12,16,9,8,,,22,7,6,16,,14,13,14,11,,7,5,,,3,6,6,6,9,4,6,3,2,5,13,17,17,11,31,,15,13,,11,11,12,12,16,24,14,6,18,,8,4,3,15,7,22,4,23,4,14,3,5,16,7,4,7,8,8,9,,16,6,12,7,6,10,12,13,13,10,8,12,2,10,10,9,11,14,,5,9,2,13,6,11,8,,,23,6,22,10,7,2,8,9,9,12,13,8,13,20,3,10,14,3,,10,21,11,19,7,5,33,8,7,5,8,9,7,7,6,6,13,19,16,9,16,13,13,7,9,8,4,8,9,7,14,13,15,14,14,20,18,16,17,16,14,17,13,15,13,15,12,17,14,10,11,23,,14,7,6,5,7,5,6,6,11,10,7,7,7,19,17,9,12,11,7,15,14,13,21,14,16,30,23,10,18,14,12,,17,12,17,4,5,9,4,1,3,,2,14,15,2,12,15,16,,9,9,15,14,13,15,13,32,23,19,26,21,21,4,7,8,4,5,6,4,9,3,21,10,17,17,7,3,7,8,9,6,9,10,7,8,3,8,7,5,22,18,22,29,32,25,8,10,8,14,14,17,8,26,13,13,19,14,14,25,7,8,14,26,33,16,3,6,7,7,9,8,7,9,10,11,9,10,14,8,8,7,11,13,11,9,16,16,13,8,16,4,10,13,9,5,1,3,4,6,6,7,12,2,5,7,,10,9,10,2,6,16,17,7,9,14,6,7,7,6,7,11,21,23,17,18,12,4,8,15,11,10,9,,6,13,8,10,16,14,19,6,13,8,8,8,10,7,9,21,18,13,25,22,20,26,27,12,20,24,30,27,28,27,18,15,11,8,19,20,21,14,19,18,9,5,11,14,5,13,10,19,23,10,18,3,16,14,12,17,8,10,21,69,55,9,9,25,27,10,17,12,15,13,11,18,17,7,15,19,,8,4,10,8,6,12,9,3,1,2,12,2,7,8,8,19,20,12,4,11,7,8,7,,4,6,6,19,33,35,12,28,13,14,26,15,21,16,7,6,9,20,7,6,12,5,34,25,14,11,16,12,14,16,7,8,14,21,10,33,8,5,14,10,5,2,14,7,6,3,8,13
20230729,10,PM10,58,42,61,63,,68,44,55,38,46,48,54,,,23,,23,22,23,,17,,3,6,,4,11,,58,56,34,34,,55,22,,14,18,,22,,,13,15,,21,,9,4,1,35,67,50,74,,45,26,,35,30,31,35,40,41,38,22,36,31,,27,7,17,14,14,13,,24,8,12,21,,,31,42,58,44,44,54,,22,24,,,33,33,40,31,24,24,19,,18,19,21,20,18,,26,6,4,10,3,18,8,,6,14,18,24,21,22,26,25,15,14,21,,18,17,20,35,35,12,32,30,37,30,26,20,37,15,23,18,1,27,,10,22,18,21,,17,12,9,12,10,,11,9,17,,17,17,19,14,16,14,10,9,,4,12,29,,,,24,21,,34,17,27,,,,22,,12,19,15,7,22,9,14,12,18,,,,16,12,,15,13,16,17,22,,18,14,19,22,15,17,24,22,,27,,19,26,,15,14,,14,12,11,,85,30,12,12,15,10,10,,,,8,7,25,26,19,,,8,,,13,,13,14,,22,24,26,19,15,22,,14,11,22,18,15,5,15,9,7,9,12,7,12,14,14,9,8,12,8,,6,17,11,13,,14,,10,,,,5,3,18,,7,22,29,29,,34,42,32,27,17,,,29,22,19,27,22,24,17,14,11,12,10,20,,17,15,10,20,17,14,15,13,8,,26,4,8,11,13,9,28,16,9,15,18,21,39,48,,47,45,42,37,43,32,24,20,16,24,20,32,15,12,,21,118,11,7,23,11,26,14,,36,42,34,,28,58,49,,28,4,6,31,20,29,14,,,21,19,19,7,3,,22,33,39,35,,41,25,41,28,25,31,29,26,20,,34,31,32,27,26,,24,68,26,,25,25,18,,,40,38,67,42,13,,14,28,43,29,,,33,18,24,24,22,12,29,51,,27,34,,24,,16,15,17,16,21,21,11,7,23,18,16,10,17,13,1,2,23,16,,50,,12,26,,31,,30,37,,,,,17,,,,23,38,66,50,71,58,55,,101,27,22,18,19,25,34,34,30,32,37,33,94,27,16,,,,,,,36,34,39,41,34,,11,12,12,8,8,3,12,10,16,7,7,12,15,12,10,6,8,,,17,,,17,17,22,19,,7,25,,,14,14,13,17,,8,11,,,14,27,19,17,22,24,12,7,12,14,,,,17,,,20,,21,19,12,24,19,27,34,5,10,10,,12,,,30,,37,38,48,22,8,24,16,,,22,23,26,27,34,19,22,14,14,31,12,27,25,32,24,40,1,24,14,17,,22,20,22,,21,24,,16,27,23,11,29,,56,19,,,22,34,,41,,46,50,47,45,7,7,,6,7,,79,57,,88,,40,49,65,,44,36,25,39,31,,13,9,8,20,12,14,16,20,18,19,21,9,41,6,18,22,2,5,36,22,9,20,19,36,11,15,16,22,18,14,28,12,34,,13,6,7,10,6,6,36,22,25,37,,24,18,26,,12,21,10,,4,10,9,13,7,,13,12,2,,14,,9,2,12,11,5,,6,,,,21,,25,,5,,4,,11,7,10,46,95,,40,,22,18,19,30,13,14,,22,15,17,13,18,18,,27,,,7,31,24,27,28,30,46,40,40,4,19,17,23,34,42,48,24,37,30,17,31,13,19,25,34,27,30,29,30,26,,29,20,20,30,16,22,18,17,,,,,9,24,,9,14,34,43,21,32,,13,21,26,21,10,24,25,,21,41,,28,27,38,,17,28,,28,3,6,8,5,6,8,,5,58,48,51,69,,48,30,119,8,38,26,31,16,14,,27,36,47,54,72,,,29,,,,,19,,,,,,,,,,,,,,,,17,,,,,,,,,,,,,,,,,,,,,,,,,,,,,,,,,,,,,,26,6,20,20,17,17,,16,2,,,4,22,38,19,21,,17,55,68,57,66,65,34,,48,48,68,,,62,83,,46,46,45,,51,,62,41,,,37,12,,,21,36,50,,,21,22,29,26,23,25,14,43,38,21,38,22,17,10,8,23,17,26,21,17,31,22,11,28,,26,23,14,,13,1,58,15,27,11,23,15,24,116,23,21,,,5,10,5,13,9,17,27,11,6,21,12,38,8,12,18,13,4,,,12,10,16,2,24,22,,11,25,24,,17,19,22,,17,20,11,23,18,24,19,,12,21,19,10,19,17,18,19,,12,23,14,10,16,7,,9,,8,,,,6,6,4,3,14,19,,12,,26,29,8,6,,,12,,20,26,25,21,,13,6,,29,28,13,16,14,,8,11,7,38,10,22,5,24,26,28,16,15,30,41,37,,13,31,31,,17,,22,25,26,25,38,29,26,28,26,,24,32,20,17,19,24,14,18,23,23,28,,5,16,2,,9,8,12,23,,21,23,14,,10,17,23,,12,,11,13,7,9,20,30,23,,20,17,13,18,27,,12,16,9,17,25,30,25,22,18,32,9,18,,18,18,16,,6,5,,24,13,19,5,,17,15,13,35,23,34,44,29,38,20,33,32,46,30,54,43,24,20,28,12,12,30,22,38,39,36,15,33,,28,61,20,22,27,36,25,27,39,42,23,26,,31,26,64,56,59,74,38,44,32,19,20,48,11,19,21,29,27,21,33,25,27,34,46,46,57,46,,69,22,23,15,12,,13,14,25,31,33,6,12,21,16,92,79,38,113,18,22,,,,29,31,,30,,22,19,,35,,15,20,15,,,,,26,10,11,13,15,26,,17,,18,16,20,15,22,38,23,12,28,27,9,,,,,28,25,12,10,30,13,18,,22,15,,29,28,12,16,10,31,16,22,20,19,9,,14,31,12,29,18,6,15,12,32,,29,16,,15,14,,17,21,6,,75,,29,,11,12,24,28,36,25,44,18,22,36,21,50,45,29,,44,31,,8,20,52,,64,59,3,19,119,114,,11,4,23,15,,,10,33,77,,27,14,29,35,11,14,15,,20,,,4,6,5,6,258,244,83,106,30,,103,51,48,100,,260,224,207,,,,51,34,,33,,30,96,103,104,10,8,11,36,5,6,28,48,31,,48,24,18,16,7,,13,,13,,19,,41,,30,,175,24,15,28,20,44,13,32,,,38,3,18,27,,28,19,26,14,,17,8,,,17,16,20,29,17,19,20,22,14,16,23,51,24,31,74,,20,27,,27,28,19,18,41,61,25,16,15,57,32,10,9,15,5,26,7,51,22,11,,27,14,16,8,,11,11,37,,42,11,32,25,22,44,22,21,16,8,29,22,,28,11,20,3,13,,22,13,22,15,13,37,35,,,29,29,4,9,20,10,20,22,31,44,12,43,15,43,9,26,6,14,,14,29,25,38,28,30,81,15,26,13,19,14,5,18,13,24,33,41,28,50,52,41,15,14,14,9,7,24,22,17,27,42,32,49,38,48,33,16,5,10,11,33,41,27,17,26,21,21,45,45,9,8,,24,14,7,11,15,7,13,13,6,2,24,12,23,,12,20,12,19,6,12,14,34,40,31,16,33,40,10,15,22,36,,34,9,100,16,7,22,17,12,27,,24,19,12,17,22,,33,,11,23,25,13,19,40,16,18,32,31,34,36,39,11,18,11,10,20,5,21,36,24,51,32,,40,14,7,11,13,24,9,16,15,8,13,9,,14,22,74,88,43,85,104,66,21,10,11,22,18,14,17,27,36,28,25,9,31,49,24,4,5,38,14,4,16,19,10,30,27,22,32,8,28,4,9,12,14,22,16,25,32,20,7,37,17,25,29,12,41,12,24,12,27,20,19,5,24,16,22,20,19,7,24,9,,25,11,11,7,19,29,10,22,7,37,14,,5,7,13,27,17,27,45,42,21,9,27,41,28,21,21,,21,28,38,20,18,23,26,14,19,6,11,10,,13,18,49,42,27,21,20,8,91,46,44,58,10,29,,18,7,4,71,48,50,57,72,35,42,44,49,18,11,20,7,10,4,16,,16,14,16,29,54,53,2,52,26,44,92,64,68,30,16,50,45,29,61,45,15,17,24,18,22,27,61,48,,22,41,11,9,12,31,21,21,17,9,14,6,40,9,20,18,24,29,10,2,50,11,13,,41,29,23,302,76,75,5,76,32,50,39,46,30,44,18,20,31,,19,12,15,7,16,8,32,39,47,27,31,19,15,29,5,40,23,31,18,9,31,20,14,5,36,14,19,22,13,66
20230729,10,PM10_24h,33,26,33,39,27,36,27,30,23,29,29,32,,,24,,27,35,26,,26,,24,25,,20,13,,42,53,40,34,39,44,36,,47,36,,48,39,15,23,26,,33,,26,21,20,27,33,35,46,,34,23,,34,26,30,43,37,37,42,36,44,36,,49,19,22,25,29,31,,34,27,33,32,35,,29,36,50,41,37,35,,29,29,,,28,31,35,37,30,32,29,,29,20,29,26,25,,28,15,14,17,13,25,15,10,13,18,20,31,29,29,29,29,21,23,29,31,25,24,28,22,39,35,36,33,40,39,26,36,46,24,26,23,19,25,,25,23,22,26,13,11,12,10,12,12,17,11,10,34,,20,23,19,22,20,21,12,11,11,7,9,14,,,,18,19,,28,13,12,,,,18,,16,18,16,12,20,13,15,13,23,,,,19,12,,20,20,25,12,13,,16,11,14,13,10,13,17,14,,18,,15,17,,16,14,,13,12,11,,17,26,13,15,18,15,15,,,15,12,16,21,23,22,29,,11,,,16,,18,15,,22,25,22,21,21,20,,15,13,16,15,15,9,10,11,15,13,15,11,16,17,18,14,14,16,6,,8,11,9,10,,18,,15,10,3,,10,6,18,,14,17,15,15,,20,17,19,17,7,,,19,11,16,24,11,13,19,21,17,18,19,20,21,30,24,14,18,19,17,19,18,14,,25,16,12,13,13,11,18,17,8,11,16,27,28,28,,36,37,29,26,28,32,21,18,25,32,28,57,25,24,,25,33,25,35,29,27,28,23,28,23,28,20,,25,33,34,26,31,27,25,26,26,27,22,,,33,29,33,38,28,29,28,29,26,24,18,20,54,49,51,43,52,47,53,65,,28,32,30,26,18,,28,27,20,24,24,18,18,,,34,27,32,30,18,,17,16,24,22,,,22,12,22,22,20,15,27,28,25,22,27,,27,7,20,22,25,23,14,16,11,9,17,16,23,20,25,17,23,19,24,16,,36,,18,22,,39,,31,30,,,,,18,,,,27,32,99,93,78,104,94,,110,19,15,24,20,22,17,21,18,18,18,35,17,25,18,27,,31,29,29,29,36,34,34,37,45,,19,16,16,26,22,23,23,16,14,14,19,20,24,23,19,18,23,,,8,,15,8,4,9,20,,17,14,,,14,13,17,12,,9,11,6,,13,21,13,13,9,7,7,6,5,8,,,,10,,,20,,19,16,10,17,13,16,19,6,4,9,,11,,,26,,21,28,30,16,20,24,21,20,,40,39,39,43,51,30,49,42,34,44,18,19,20,29,25,38,20,28,30,30,,30,22,23,,21,20,,22,20,20,21,20,,33,15,,,31,20,,30,,36,34,39,41,24,24,,20,22,,68,59,,62,,34,44,53,,46,46,18,22,20,,18,17,26,26,20,17,25,39,26,22,25,17,30,27,23,27,17,18,31,26,27,23,31,40,18,16,20,24,16,13,31,20,34,,16,9,9,15,15,20,25,14,17,24,17,17,13,14,,15,17,17,,4,17,14,13,14,,14,17,4,,24,,26,18,23,21,22,19,17,,,,21,,21,,29,,14,,18,14,27,26,41,,27,,25,24,22,19,20,25,,17,15,17,11,14,12,,21,,,11,25,23,23,19,29,31,28,25,26,39,23,38,35,45,50,40,56,35,19,19,15,16,18,19,19,25,27,27,22,,22,15,22,23,14,15,14,11,,,,,10,24,,12,21,21,20,17,21,18,20,20,20,22,15,24,21,,29,22,,22,22,28,,20,22,,23,6,9,10,10,8,12,,9,32,30,27,37,,85,71,158,16,29,23,22,29,27,,64,49,62,62,55,,,19,,,,,13,,,,,,,,,,,,,,,,8,,,,,,,,,,,,,,,,,,,,,,,,,,,,,,,,,,,,,,16,12,19,16,21,15,21,17,13,,,16,30,37,28,27,,24,37,55,28,40,47,39,,40,49,43,,,38,51,,33,32,28,,28,,46,35,,,40,24,,,28,33,33,,,17,20,20,21,26,24,17,36,40,38,36,32,20,24,20,33,29,23,32,25,39,43,36,38,,28,26,16,,10,6,23,28,25,19,16,16,16,40,16,25,,,21,15,11,14,10,22,22,11,7,25,12,39,4,15,19,18,13,,,21,8,16,5,20,21,,12,20,18,,19,18,19,,15,17,13,21,16,17,15,,15,16,18,21,16,10,12,13,,12,21,7,14,19,7,,8,,6,,,,8,11,6,9,12,16,,12,,14,16,12,13,19,5,19,5,13,11,13,12,,10,12,10,17,14,15,13,8,,9,10,10,35,10,25,4,14,19,17,19,13,27,26,24,,10,16,18,28,21,,21,15,17,22,25,22,20,22,18,,20,24,23,16,18,39,16,17,18,15,18,,17,18,17,,23,18,25,15,,19,19,16,,17,13,16,13,11,,21,20,19,13,16,16,17,,18,14,14,20,29,,23,23,15,29,24,21,20,19,20,21,13,21,,25,23,23,,11,12,,18,15,10,12,,17,14,14,31,22,21,35,22,20,28,24,22,29,23,27,39,20,17,24,18,20,23,22,28,23,27,18,27,21,26,31,18,20,27,30,24,23,25,23,26,19,15,20,20,47,46,48,51,35,36,33,39,41,45,38,38,34,40,45,36,48,26,29,33,37,34,34,35,,39,40,40,19,15,,11,15,17,17,18,14,14,18,22,25,25,21,25,17,20,,,,21,26,,26,,22,18,20,25,,15,16,15,,,,,17,15,15,17,15,33,,24,,9,10,16,14,16,23,15,8,13,16,7,,,,,28,18,9,9,31,16,19,,15,14,16,18,18,12,18,5,31,17,19,22,24,30,,23,30,30,33,17,9,18,16,24,,24,16,,15,8,,6,10,13,,44,,6,,6,8,19,20,22,19,27,23,24,24,11,19,18,21,,28,23,,16,18,45,,64,73,11,19,170,179,,9,7,24,27,,,22,26,39,,27,22,20,30,6,25,20,,18,,,21,9,6,7,105,96,55,78,29,,101,56,55,41,38,77,80,80,82,,,59,44,,37,,53,78,92,123,15,18,22,29,28,24,21,47,34,,32,22,17,20,14,16,16,,9,,8,13,22,18,20,19,164,28,13,39,23,25,12,12,,,42,10,12,25,,31,23,27,14,,10,9,,,12,21,23,15,12,12,16,15,9,19,23,34,22,25,51,,24,17,,23,19,18,17,79,30,21,14,27,29,26,14,15,23,13,46,8,34,15,18,15,16,18,11,6,11,9,10,30,,29,16,22,20,15,21,25,23,20,17,30,24,30,24,19,19,24,30,,18,14,10,22,14,17,13,,,32,23,25,13,16,6,20,20,12,46,13,28,15,26,11,19,10,14,,18,33,30,37,28,23,112,23,22,21,25,33,22,21,26,24,25,28,23,40,38,24,20,14,20,13,13,20,20,15,22,26,30,28,31,35,35,24,29,29,32,37,26,30,16,28,24,31,35,27,17,34,,22,11,13,9,17,9,12,12,22,22,24,14,18,21,20,16,13,13,7,18,17,21,32,24,18,26,28,15,32,23,21,,22,15,24,12,11,12,13,9,13,,6,20,15,15,16,21,21,,15,36,28,24,19,24,22,52,38,32,42,37,31,12,13,13,10,11,13,38,17,11,36,24,31,33,16,6,9,18,13,16,21,19,17,19,14,19,18,12,104,100,101,106,114,78,14,17,13,23,27,32,24,44,16,27,29,25,22,43,36,8,19,38,50,27,14,17,11,11,16,16,15,16,23,20,18,18,22,20,15,18,30,26,12,21,23,21,19,12,22,13,18,15,24,13,9,13,20,17,14,14,18,4,15,15,,14,13,16,12,14,27,5,19,13,18,16,21,16,18,13,17,30,41,34,31,19,6,15,33,32,20,21,,24,19,22,21,23,22,29,17,20,9,8,13,22,15,18,45,33,20,38,28,24,59,55,47,43,35,48,47,47,28,19,47,38,37,62,58,57,60,42,47,18,19,19,25,12,16,14,26,23,20,19,15,26,24,23,22,23,50,104,203,179,16,18,37,43,24,43,27,30,24,18,32,31,26,25,39,,14,18,21,29,16,20,21,13,5,8,12,14,25,15,18,22,18,19,21,17,44,12,17,,20,12,17,79,53,53,23,45,30,32,51,31,43,40,26,20,15,27,18,13,28,15,40,40,24,20,34,27,43,37,16,24,21,38,29,45,23,13,26,18,7,8,23,14,8,9,18,36
20230729,10,SO2,3,3,3,3,3,1,1,3,3,3,3,3,,,5,,2,4,5,,4,,4,4,,3,2,,2,1,3,3,3,2,5,,3,3,,1,2,,2,5,,3,,2,3,3,8,4,6,9,,7,2,,2,1,8,7,7,9,8,5,1,1,,4,5,6,2,3,1,,4,4,2,4,5,,3,8,8,6,7,3,,7,7,,,10,9,6,12,5,14,16,,7,10,12,,10,,11,4,3,7,4,6,5,3,6,2,6,3,5,4,5,3,5,4,4,,3,10,5,6,4,13,7,5,6,4,4,5,8,4,7,6,2,5,,2,6,7,5,5,3,3,6,,6,,6,7,5,,6,7,8,6,8,5,7,8,5,4,5,4,,,,6,8,,6,7,5,,,,6,,3,5,8,4,10,4,8,5,6,,,,6,5,,3,2,6,,6,,8,6,7,5,6,7,5,3,,5,,7,5,,6,4,,4,5,6,,10,4,5,4,2,4,7,,,3,4,4,5,6,5,5,,4,,,2,,7,3,,4,2,3,5,3,5,,3,3,4,6,3,5,4,3,5,4,4,3,5,5,8,8,8,8,1,,4,2,2,3,,3,,7,4,7,,4,4,11,,6,5,7,5,,4,8,5,6,6,,,5,7,8,6,5,5,1,1,3,2,1,1,3,2,3,6,7,7,4,6,6,5,,6,6,2,6,4,2,4,2,5,2,3,5,4,4,,5,5,10,7,7,6,5,7,4,5,6,4,4,6,,4,6,5,7,4,6,4,4,8,13,5,6,,6,7,12,5,6,6,10,5,6,2,4,,,9,7,5,3,4,4,6,3,18,21,14,14,6,5,6,5,5,7,5,4,,7,5,8,7,8,,5,5,5,,8,8,10,,,6,11,5,4,15,,4,4,4,2,,,3,6,4,11,4,8,5,8,,6,5,,12,,8,4,7,7,6,13,,12,9,10,7,5,3,6,6,6,2,4,,5,,4,7,,7,,13,11,,,,,8,,,,11,14,5,6,15,4,4,,5,10,4,10,14,7,4,4,5,7,6,2,7,4,7,,,,,,,6,24,9,7,7,,4,5,4,2,4,6,3,3,2,5,2,5,2,2,8,7,8,,,4,,4,2,5,1,6,,6,2,,,2,2,1,16,,8,8,6,,15,9,7,8,6,9,3,4,5,7,,,,10,,,5,,5,9,7,9,4,8,6,3,4,4,,12,,,17,,18,20,29,4,4,7,4,7,,9,8,5,7,8,4,9,6,4,10,1,5,1,8,4,6,4,5,4,6,,5,8,10,,4,4,,9,12,10,5,7,,10,5,,,,5,,4,,13,9,20,14,8,10,,11,8,,10,10,,9,,9,6,7,,8,6,12,17,15,,6,5,4,5,1,3,4,7,5,5,4,3,8,4,4,6,6,6,6,21,3,11,3,2,5,5,6,6,4,6,5,4,8,,6,5,5,4,2,4,5,5,3,4,,3,5,2,,6,8,6,,4,10,7,9,8,,,10,7,,3,,3,4,5,3,8,5,4,,,,1,,2,,6,,3,,3,6,4,3,4,,6,,4,2,5,2,6,5,,19,10,12,6,12,2,,5,,,8,5,6,3,6,6,10,16,4,4,3,2,3,14,10,18,14,18,14,2,3,4,5,7,5,5,6,6,7,5,,5,8,12,11,5,5,7,3,,,,,1,3,,1,1,9,15,11,6,,5,6,3,3,,10,10,,4,3,,9,2,6,,6,5,,6,7,5,5,9,5,5,5,4,5,7,5,4,,44,21,5,22,41,14,17,8,3,,6,7,6,4,5,,,6,,,,,3,,,,,,,,,,,,,,,,5,,,,,,,,,,,,,,,,,,,,,,,,,,,,,,,,,,,,,,8,1,1,3,1,2,2,4,2,,,2,8,9,8,8,,7,13,15,18,6,9,,,7,6,6,,,5,6,,11,10,1,,9,,16,24,,,5,5,,,2,3,22,,,4,4,8,10,10,6,7,3,3,9,7,7,3,5,8,6,9,5,6,11,8,5,2,4,,8,7,5,,7,5,8,5,4,4,8,5,8,6,6,5,,,6,8,7,8,10,13,7,10,3,9,8,11,4,3,3,4,1,,,9,7,3,2,5,3,,6,6,6,,6,6,6,,3,8,8,7,5,2,4,,4,4,4,6,3,4,10,7,,5,6,6,6,8,6,,5,,6,,,,1,5,8,6,3,3,,3,,6,6,5,6,6,,6,1,10,7,14,13,5,5,6,4,2,2,3,8,2,,8,5,4,10,16,7,31,24,29,30,10,8,8,23,8,,2,9,1,,2,,1,5,5,6,7,5,8,14,2,,3,7,7,3,4,4,4,4,8,16,12,,4,3,6,,6,2,5,4,,4,3,4,,1,8,7,8,5,,6,5,4,7,9,5,3,,4,6,4,8,6,,4,9,7,4,6,5,9,10,7,9,6,4,,7,6,4,,7,6,,14,5,5,1,,6,3,6,10,10,9,8,7,11,8,7,7,13,7,12,14,5,6,5,4,6,13,8,7,5,15,18,13,,27,25,11,5,7,9,7,3,19,18,10,7,,7,6,8,6,7,6,11,6,5,6,5,8,5,6,9,8,6,14,19,7,7,11,13,7,25,15,,20,4,2,6,3,,6,7,7,5,14,7,5,7,8,4,9,8,7,3,11,,,,8,10,,10,19,14,15,14,14,,7,8,6,,,,,6,6,6,7,8,1,,4,,6,6,12,14,9,15,2,7,8,6,7,,,,,5,2,4,4,35,17,2,,18,9,7,11,12,2,7,9,5,10,4,5,16,60,,8,7,7,6,7,9,5,8,35,,9,6,,7,8,,7,8,3,,8,,6,,8,8,2,6,20,10,6,10,10,8,5,8,5,8,,133,138,,5,3,9,,8,6,8,3,5,6,,,5,8,7,,,3,4,6,,10,10,16,12,11,9,9,,5,,,7,4,4,6,6,4,6,5,5,,12,9,8,6,6,6,3,2,,,,7,5,,5,,4,9,9,8,13,3,4,6,5,4,4,3,10,,9,2,8,3,5,2,2,,4,,6,52,4,,12,,12,8,5,6,7,11,5,4,,,1,4,5,6,,5,18,6,6,,5,4,,,2,3,6,4,8,6,2,5,5,5,5,8,6,11,10,,4,3,,5,8,10,6,5,22,5,11,4,3,3,5,3,2,4,82,3,17,4,2,4,6,4,8,5,,8,10,8,,2,4,13,2,4,8,4,6,6,4,4,9,4,10,7,3,1,3,42,3,8,6,10,8,5,5,,,10,4,5,6,8,6,6,4,5,9,1,46,7,10,6,2,4,3,,4,14,10,19,32,7,9,6,7,6,7,5,6,2,5,6,3,8,10,17,16,12,2,9,6,7,6,7,2,4,5,7,5,8,8,4,5,5,3,6,6,7,19,2,6,6,12,5,8,2,7,7,,6,9,5,5,8,2,3,2,4,3,2,1,8,4,1,8,3,6,8,12,6,10,7,6,8,11,5,8,11,12,3,,4,6,9,4,8,9,9,4,8,,2,5,4,4,9,,13,,5,3,6,11,11,8,4,5,12,13,7,8,5,2,1,4,7,4,3,5,9,4,3,3,,19,4,1,5,7,4,3,5,5,6,6,3,,3,8,4,5,1,6,7,8,5,7,4,8,6,4,5,8,13,3,4,6,6,1,2,5,4,8,4,8,4,3,6,6,2,3,4,2,6,3,3,1,10,9,6,36,8,10,6,9,9,4,5,2,6,6,5,6,8,3,3,8,3,4,8,6,5,2,6,7,,3,3,5,4,22,10,7,14,6,3,4,1,3,7,3,21,2,9,19,3,5,5,,5,2,2,3,,8,4,7,7,7,6,13,4,10,5,4,1,,3,2,15,13,7,6,11,6,13,1,2,1,3,2,2,2,4,1,5,7,10,4,9,8,10,8,11,2,4,4,3,7,9,1,,10,5,7,7,6,4,3,3,8,9,9,4,4,4,6,9,6,7,21,12,6,11,3,6,7,8,65,54,,6,3,4,3,6,6,1,4,6,9,7,6,1,3,8,5,4,7,5,3,7,6,4,,6,7,1,8,8,8,8,6,3,3,3,3,3,12,7,4,4,,8,11,7,4,3,2,3,3,3,3,7,6,5,3,7,4,11,9,6,4,5,5,5,6,9,12,4,7,5,31
20230729,10,SO2_24h,3,3,3,3,3,3,1,3,3,3,3,3,,,5,,2,4,6,,4,,4,5,,3,3,,2,2,2,3,3,2,6,,2,3,,2,3,4,2,5,,5,,2,3,2,8,4,6,9,,4,2,,2,2,9,9,8,13,9,5,1,2,,4,5,8,2,4,2,,5,5,3,4,6,,3,6,7,7,5,3,,6,6,,,8,7,6,7,5,9,21,,5,8,13,11,10,,9,4,4,8,4,7,5,4,6,5,6,4,4,4,5,3,5,4,4,3,3,8,5,6,3,7,7,5,5,3,4,5,8,4,8,6,3,4,,2,6,6,5,4,3,3,6,11,6,4,6,7,5,,6,8,7,6,8,6,6,8,4,4,4,4,,,,6,8,,6,7,4,,,,6,,3,5,7,5,10,5,8,5,6,,,,7,5,,2,4,5,7,6,,7,5,7,4,6,7,4,3,,5,,6,5,,6,4,,4,5,6,,6,4,5,5,2,4,7,,,3,4,4,4,6,5,4,,4,,,2,,6,3,,4,2,3,5,4,4,,2,3,4,4,2,4,4,3,5,4,4,3,5,5,8,8,7,8,2,,4,2,2,3,,3,,8,6,7,,5,4,9,,7,5,6,5,,4,7,5,6,5,,,4,6,10,6,5,5,1,1,3,2,1,6,3,2,3,6,8,7,5,6,6,5,,6,6,3,5,4,1,4,2,4,2,2,5,4,5,,5,5,9,6,6,6,6,8,4,5,6,5,4,7,,5,7,5,7,5,7,5,5,7,11,5,7,,7,4,8,6,6,8,11,6,6,4,5,,,9,8,7,4,5,5,6,4,8,16,7,10,5,6,8,6,6,9,7,9,,7,5,7,7,8,,5,5,4,7,6,5,6,,,6,8,5,4,5,,3,3,2,2,,,3,8,4,4,3,5,4,6,5,4,3,,10,6,8,4,6,6,7,11,9,12,13,11,7,5,3,6,6,7,2,5,,4,,4,7,,7,,6,8,,,,,5,,,,13,13,5,5,14,5,5,,6,10,3,10,12,6,4,4,4,6,7,2,6,4,7,16,,13,11,14,7,5,8,10,9,6,,6,6,4,4,4,6,3,3,2,5,2,5,2,2,9,7,8,,,5,,4,2,4,2,6,,7,2,,,3,2,2,11,,8,6,7,,11,9,10,8,6,6,2,3,5,6,,,,10,,,5,,4,8,7,8,5,8,6,5,4,4,,8,,,15,,12,10,11,5,5,9,5,8,,12,9,5,8,8,4,8,7,4,11,1,5,2,7,4,7,4,5,4,7,,7,7,8,,4,5,,7,6,3,6,5,,12,5,,,3,5,,4,,9,9,10,10,8,10,,11,8,,9,8,,8,,9,7,8,,8,7,12,15,16,,8,6,5,5,3,4,3,7,5,7,6,4,6,5,5,6,5,6,6,11,13,11,3,3,6,5,6,6,4,6,5,3,7,,6,5,4,4,2,4,5,5,2,4,2,3,5,2,,6,8,6,,4,11,8,9,8,,11,10,7,,3,,3,4,5,3,8,7,4,,,,1,,2,,6,,3,,2,6,4,3,3,,6,,4,2,4,2,8,5,,10,8,8,6,7,2,,4,,,8,5,6,3,6,7,10,12,6,5,4,2,5,19,20,12,20,24,12,1,2,3,6,6,6,7,9,8,8,5,,8,7,15,7,5,5,6,3,,,,,1,2,,2,1,8,9,8,4,6,4,6,2,1,5,5,4,,4,3,,9,2,5,,6,4,,5,7,5,5,9,4,6,7,5,4,6,5,4,,21,29,4,17,30,8,11,9,2,,6,7,6,5,6,,,4,,,,,3,,,,,,,,,,,,,,,,5,,,,,,,,,,,,,,,,,,,,,,,,,,,,,,,,,,,,,,7,2,1,2,1,2,2,3,2,,,2,9,10,9,8,,8,5,6,5,5,6,12,,8,8,5,,,4,4,,15,13,2,,7,,18,22,,,5,4,,,3,4,14,,,4,3,7,10,11,5,7,3,4,7,7,5,3,6,10,9,9,4,6,11,8,5,3,4,,7,8,5,,7,5,7,5,5,4,6,4,8,6,6,5,,,5,8,7,9,10,13,6,9,6,5,7,15,8,2,2,4,1,,,8,8,4,2,5,3,,6,9,6,,6,5,7,,4,8,6,7,5,2,3,,4,4,4,8,2,3,5,4,,4,6,6,7,9,7,,6,,6,,,,2,6,8,6,3,4,,3,,7,6,5,6,6,8,6,1,10,4,7,10,5,4,7,4,2,3,4,4,2,,8,3,4,5,8,6,28,14,15,15,12,12,10,9,8,,5,8,9,13,6,,1,5,5,5,9,8,9,13,2,,3,3,7,3,4,4,5,4,3,8,10,,4,4,6,,6,2,5,4,,4,3,4,,2,8,4,7,4,,6,5,4,7,9,4,4,,4,6,4,6,5,,6,8,8,4,5,5,6,6,6,7,4,4,,7,9,6,,6,7,,9,5,5,2,,6,4,6,9,10,5,20,7,10,12,9,4,8,6,7,8,4,5,3,3,4,6,5,6,3,6,7,7,9,12,10,10,4,8,8,9,2,11,8,10,6,5,6,5,8,6,7,6,8,6,6,8,6,9,6,7,6,8,8,16,27,7,8,11,10,6,13,10,,13,4,3,6,4,,6,7,6,4,6,5,3,6,5,3,2,2,3,3,10,,,,6,15,,8,7,8,9,9,8,,7,7,6,,,,,5,5,6,6,7,2,,4,,4,5,9,10,8,12,2,5,7,5,5,,,,,3,2,4,4,27,6,2,,4,7,7,7,9,2,8,8,5,9,4,6,14,36,,11,14,6,5,7,9,5,8,14,,8,6,,7,7,,6,7,4,,7,,7,,8,8,2,6,9,8,5,7,6,8,5,5,4,8,,116,48,,6,6,6,,7,5,4,3,5,4,,5,5,8,8,,,6,5,4,,11,10,14,10,11,10,5,,5,,,7,5,4,6,6,4,4,5,5,,7,8,9,6,6,10,3,3,3,,,6,6,,5,,4,9,8,9,12,2,4,5,5,5,4,3,10,,6,2,8,2,4,2,2,,4,,6,5,3,4,7,7,11,8,4,6,6,8,5,4,,,2,4,5,6,,10,15,6,5,,5,4,,,2,4,6,4,7,6,2,5,5,5,5,6,6,7,8,,4,2,,6,4,8,5,5,15,4,7,15,3,4,6,3,2,5,15,3,26,4,2,3,6,4,8,5,8,7,8,6,,2,5,9,3,3,5,3,6,5,5,4,7,5,4,9,3,1,5,26,3,6,5,7,8,5,4,,,6,4,6,7,7,6,6,3,4,6,2,9,8,16,6,3,4,3,,5,11,6,18,44,5,7,6,7,6,7,5,8,2,5,6,3,6,8,20,11,10,2,7,7,7,7,6,2,4,5,6,6,8,8,5,6,6,4,7,7,7,14,2,7,7,8,7,7,2,6,8,,6,9,5,4,9,2,3,2,5,4,2,1,8,4,2,8,3,6,8,10,4,9,8,7,8,9,7,7,10,12,2,,3,6,6,3,6,10,8,4,6,,1,4,4,4,9,8,8,,6,7,5,8,7,7,5,6,11,33,8,10,5,2,1,3,5,4,4,5,6,5,4,3,15,13,4,2,5,6,4,6,5,5,6,6,2,5,2,7,4,7,1,6,6,7,5,8,5,9,6,5,6,6,9,3,6,7,7,1,3,5,4,5,6,8,4,3,6,6,3,3,4,3,6,3,4,4,10,8,4,18,7,11,7,9,8,5,3,2,2,6,4,6,7,4,3,9,3,4,7,6,5,2,5,6,,4,3,5,3,10,5,7,8,5,3,4,3,2,7,3,14,5,16,9,4,5,5,4,5,2,3,3,,8,5,7,9,6,6,7,5,4,5,4,1,6,4,2,14,10,6,7,14,6,9,1,2,1,3,3,3,3,4,5,7,7,9,3,8,8,10,7,8,2,4,5,2,8,12,2,6,6,5,9,7,5,4,3,2,6,9,5,7,6,4,7,6,9,7,24,10,7,11,4,8,9,7,14,11,,6,3,4,2,6,5,2,4,6,8,5,7,2,3,7,3,4,6,6,3,7,2,4,,5,6,1,9,6,7,8,4,3,2,3,3,3,8,9,4,4,15,11,9,6,4,4,3,3,3,3,3,9,6,4,3,9,6,4,10,5,4,4,6,6,7,8,11,4,8,6,13
20230729,10,NO2,39,4,27,36,25,22,32,15,15,16,33,16,,,15,,21,23,21,,20,,29,12,,7,15,,19,17,18,17,18,19,19,,3,10,,6,,10,8,15,,10,,4,1,7,14,18,19,21,,24,6,,15,10,7,24,20,21,20,9,13,16,,8,17,13,16,7,10,,8,12,14,17,19,,6,18,18,19,18,14,,12,14,,,12,13,17,14,8,16,13,,12,15,15,18,17,,9,14,10,6,6,6,7,8,9,6,8,13,10,5,6,8,5,2,8,5,8,6,5,7,7,10,16,15,14,15,5,7,9,8,11,7,8,2,,8,11,8,13,2,7,2,1,3,2,12,5,1,4,,2,2,5,2,2,4,8,9,,8,6,4,,,,6,5,,5,3,4,,,,10,,8,12,3,8,11,6,8,8,11,,,,3,4,,10,6,9,,6,,4,6,8,5,4,4,1,2,,4,,5,7,,13,10,,14,11,12,,15,12,15,12,6,15,9,,,2,8,5,16,10,4,,,5,,,11,,1,8,,6,7,10,5,1,3,,14,14,12,12,8,11,10,7,10,11,5,8,7,16,5,10,5,11,1,,13,13,11,7,,15,,11,13,14,,8,9,4,,14,20,26,20,,20,28,26,27,2,,,7,9,10,8,7,8,15,9,12,14,7,9,8,13,14,15,21,21,15,10,19,12,,21,15,8,5,11,6,8,13,5,8,6,4,47,21,,19,15,18,29,38,26,25,13,7,10,9,18,5,22,,7,5,9,20,26,19,4,10,8,19,16,8,,8,30,32,10,10,10,4,6,8,7,5,,,21,17,17,17,11,12,17,24,26,22,25,30,16,22,32,22,13,15,20,16,,8,18,22,13,5,,18,24,11,,40,11,17,,,22,29,18,19,22,,7,27,22,35,,,23,6,12,25,16,14,18,20,19,14,21,,17,,9,15,10,15,7,19,,9,21,16,16,12,15,9,12,12,10,8,,21,,13,19,,25,,22,34,,,,,11,,,,12,20,29,31,50,31,12,,23,9,3,9,10,5,10,12,10,10,9,17,9,8,5,,,,,,,20,15,13,14,13,,10,10,11,9,5,8,4,14,13,8,1,6,2,4,14,14,6,,,10,,5,1,2,1,4,,5,15,,,4,6,4,16,,7,10,8,,10,9,7,6,6,3,2,2,2,6,,,,2,,,4,,5,8,5,6,13,1,2,5,12,12,,4,,,9,,6,10,13,14,14,11,16,,,6,13,19,12,15,15,9,8,8,6,4,7,8,8,5,5,10,12,11,10,,7,8,7,,12,13,,12,8,18,11,6,,20,11,,,8,11,,34,,21,22,15,27,12,12,,6,6,,18,21,,20,,14,18,13,,16,11,18,18,8,,6,8,7,8,8,7,2,15,13,7,11,1,13,8,15,24,9,8,14,5,2,7,8,12,5,6,7,5,7,2,11,9,16,,6,9,10,8,7,7,8,13,7,10,,11,9,,,4,5,10,,2,16,12,12,5,,,21,2,,10,,8,10,14,10,4,1,3,,,,7,,8,,10,,2,,16,13,11,22,22,,13,,26,26,14,21,8,13,,8,9,8,12,11,6,,5,,,2,10,8,15,5,5,8,8,12,6,4,8,9,9,11,21,13,9,10,7,10,5,10,12,10,13,18,15,15,15,,20,24,27,45,17,14,5,7,,,,,2,4,,6,5,19,14,18,20,,14,14,23,16,,19,15,,23,24,,8,5,15,,10,12,,15,2,10,13,14,7,14,9,10,9,11,10,13,,18,16,10,8,18,15,11,5,6,,8,7,10,7,5,,,22,,,,,6,,,,,,,,,,,,,,,,5,,,,,,,,,,,,,,,,,,,,,,,,,,,,,,,,,,,,,,9,4,7,9,4,4,4,5,2,,,6,17,20,19,16,,18,12,13,18,11,17,14,,13,15,16,,,17,24,,19,24,24,,22,,16,28,,,15,9,,,5,3,17,,,9,6,4,8,13,8,6,10,10,10,6,6,8,8,9,15,10,14,,13,8,10,10,14,,9,16,5,,,4,13,12,6,6,15,7,18,21,12,16,,,4,10,8,11,5,10,6,12,4,10,18,2,3,5,6,8,2,,,12,10,5,2,6,5,,3,8,8,,4,6,5,,5,7,7,6,4,5,2,,19,9,12,8,18,9,10,11,,11,5,6,5,7,4,,8,,8,,,,2,3,5,2,2,4,,5,,11,15,15,6,3,,7,4,13,17,18,14,,6,9,6,9,10,7,6,8,,13,5,6,26,10,10,4,8,8,9,6,4,11,21,11,,1,8,4,,1,,11,11,14,13,10,10,8,10,31,,10,18,14,3,3,2,2,5,7,7,6,,10,12,9,,9,5,11,14,,10,8,7,,6,4,3,5,4,,10,5,8,5,4,8,6,,8,4,6,9,2,,10,13,5,2,4,4,15,14,15,17,5,2,,7,14,11,,2,3,,3,4,6,5,,4,6,5,15,11,2,9,6,9,8,6,5,7,6,7,6,4,6,11,3,3,26,4,12,15,20,5,9,,8,13,2,,4,4,5,5,22,22,11,6,,12,13,39,14,28,32,21,12,18,12,10,26,13,16,16,15,14,14,21,9,13,18,14,15,16,17,,19,11,12,5,8,,5,5,16,20,17,22,15,15,16,26,17,21,21,4,39,,,,8,14,,11,9,16,15,16,14,,6,9,8,,,,,14,8,14,14,17,9,,6,,16,9,18,17,17,24,8,14,12,12,9,,,,,16,11,5,5,14,12,17,,6,13,8,17,14,11,16,24,14,11,10,8,11,12,,4,7,10,11,13,10,7,11,11,,16,9,,11,11,,9,10,10,,13,,15,,4,5,13,15,18,16,11,12,14,12,4,7,5,5,,27,28,,10,13,17,,10,11,12,16,13,10,,6,5,6,10,,,30,14,34,,12,10,6,16,5,3,9,,4,,,10,6,4,5,30,35,18,16,7,,13,13,21,16,14,4,10,16,,,,25,23,,13,,11,17,21,25,23,8,14,16,2,14,16,15,14,,26,6,9,8,9,10,12,,9,,1,,22,,20,,14,9,3,12,10,23,8,13,,,12,2,10,19,,15,14,16,2,,5,8,,,8,6,11,2,8,7,4,5,5,8,5,34,16,18,23,,17,11,,17,15,17,15,4,17,10,3,6,20,17,8,5,19,4,24,3,15,4,5,,21,11,9,8,,11,10,22,,6,8,37,5,10,42,3,3,3,5,5,27,4,13,8,9,,10,17,4,12,2,16,17,15,20,,,24,5,7,16,6,5,8,10,14,12,11,16,6,18,11,9,11,6,,5,26,20,15,22,13,12,7,7,8,8,10,3,7,10,7,10,15,12,14,20,16,6,3,1,8,4,1,9,8,10,,32,25,17,22,9,8,8,19,19,7,14,13,4,12,18,16,12,6,16,10,,20,6,6,4,6,2,3,5,12,11,5,5,7,9,7,5,8,10,14,9,8,10,13,17,13,20,20,6,15,22,14,,15,14,17,4,23,9,,4,3,,2,4,7,11,11,,12,,10,21,8,12,13,6,10,13,9,9,10,20,10,4,3,12,12,10,2,12,11,2,12,5,,22,1,5,9,7,5,7,11,2,4,2,2,,5,,3,34,6,38,22,18,19,12,5,5,22,10,6,9,18,18,8,6,8,15,13,9,8,11,10,11,1,6,7,8,8,9,4,4,8,11,10,7,10,8,3,20,10,10,5,13,14,6,7,8,13,13,11,4,12,12,3,5,8,4,12,5,12,6,2,9,,11,6,7,1,19,15,9,16,2,17,12,25,12,9,9,11,15,12,13,14,11,4,10,13,6,5,4,,8,5,30,3,8,18,22,22,18,11,9,11,,6,6,14,13,11,14,15,2,35,14,17,14,2,14,14,9,6,3,16,21,22,15,12,9,7,18,17,8,8,14,9,8,9,3,27,21,11,10,5,16,12,14,17,17,5,21,10,12,10,8,18,11,21,15,5,17,15,12,20,25,10,48,30,,2,2,11,8,11,21,1,11,8,17,12,6,11,4,10,15,9,25,4,8,15,10,21,,9,,2,4,22,19,3,17,7,14,7,8,11,25,8,9,23,,14,9,3,9,10,4,9,6,17,5,14,14,4,1,6,9,29,12,12,6,9,6,8,5,24,4,2,2,16,29
20230729,10,NO2_24h,31,6,19,24,28,30,30,18,13,17,34,19,,,14,,18,18,19,,19,,23,12,,9,17,,10,14,16,8,14,14,13,,16,19,,20,14,10,15,21,,21,,5,3,8,10,14,12,14,,17,8,,13,14,9,28,21,23,26,9,19,22,,18,19,16,23,8,12,,6,7,9,12,23,,7,22,21,25,16,28,,21,28,,,26,27,30,26,15,26,17,,16,12,13,15,15,,11,13,12,9,9,10,11,13,10,11,12,18,14,10,12,12,7,2,13,10,13,10,12,8,9,15,19,21,19,20,7,12,18,8,5,8,8,2,,8,13,6,11,6,11,6,6,7,7,12,9,7,4,,2,3,6,2,2,7,7,9,2,7,6,5,,,,7,7,,8,6,8,,,,14,,12,19,8,11,15,12,11,9,15,,,,8,7,,18,18,15,8,6,,5,7,8,5,4,5,2,3,,5,,5,7,,15,11,,11,13,14,,11,7,17,14,5,7,5,,,2,5,4,9,5,3,8,,14,,,9,,3,10,,3,4,5,5,2,2,,16,17,10,10,9,9,4,4,15,11,7,10,8,13,7,16,8,11,2,,6,5,5,4,,4,,12,13,12,,7,7,6,,14,18,23,20,,22,24,25,22,4,,,6,9,13,8,7,10,12,6,10,12,6,7,6,8,13,15,21,17,18,18,20,16,,18,13,8,6,13,10,12,12,7,12,8,3,56,17,,24,26,18,19,27,20,19,12,11,15,13,18,17,19,,10,6,10,22,12,13,8,7,10,14,16,12,,12,24,24,12,9,7,7,10,12,12,9,,,16,12,18,17,12,9,12,16,22,24,17,18,26,24,49,21,27,18,32,40,,14,19,16,13,5,,24,41,22,23,32,20,17,,,42,36,34,22,29,,9,24,25,21,,,17,4,12,25,13,15,13,21,16,18,16,,15,24,13,19,14,16,12,17,19,11,17,14,19,12,22,11,15,14,9,9,,22,,16,17,,24,,23,28,,,,,10,,,,15,22,17,22,25,19,6,,11,12,9,13,15,9,8,14,8,8,10,14,4,14,6,28,,21,28,23,21,22,16,18,20,29,,11,10,11,6,2,6,3,10,14,7,2,8,3,10,4,6,3,,,10,,6,2,4,3,7,,8,10,,,9,10,8,19,,10,13,9,,14,11,10,10,7,3,2,2,2,7,,,,4,,,9,,6,6,5,5,13,2,4,7,6,6,,5,,,10,,6,9,10,8,9,10,10,6,,14,19,17,15,19,15,11,11,10,15,11,12,12,7,6,5,15,11,10,12,,11,10,7,,8,8,,8,6,11,6,7,,20,11,,,4,12,,25,,24,23,19,25,7,10,,4,4,,18,21,,22,,12,13,12,,12,10,23,19,11,,7,7,8,12,12,7,3,19,16,10,15,5,16,12,15,19,9,8,15,10,5,9,13,14,8,9,12,7,8,2,13,11,11,,9,10,12,9,8,9,9,18,8,10,7,12,10,10,,6,8,9,,4,12,16,12,6,,15,13,2,,6,,7,9,12,8,5,3,4,,,,5,,7,,10,,4,,10,7,9,13,18,,7,,20,20,12,12,9,13,,8,14,8,12,10,4,,6,,,2,8,12,8,4,6,14,12,13,9,4,4,7,10,21,20,19,21,13,8,7,6,16,13,10,14,18,18,19,16,,11,13,22,30,14,12,6,9,,,,,4,8,,7,4,13,9,12,15,8,13,9,16,14,11,16,12,,12,14,,12,6,19,,15,18,,18,5,7,18,13,10,11,9,10,16,19,15,13,,15,18,19,8,12,14,12,3,5,,7,4,18,9,4,,,22,,,,,6,,,,,,,,,,,,,,,,5,,,,,,,,,,,,,,,,,,,,,,,,,,,,,,,,,,,,,,9,6,7,8,4,5,5,6,2,,,3,14,15,15,12,,13,18,16,19,15,23,21,,16,20,13,,,14,18,,20,24,27,,23,,13,14,,,14,13,,,9,7,17,,,11,9,5,9,13,7,6,12,11,10,8,7,5,7,9,14,15,19,17,19,10,11,16,12,,14,14,6,,4,4,8,11,10,8,9,6,13,16,9,14,,,6,13,10,16,8,12,6,8,4,13,12,2,8,8,8,11,4,,,10,13,8,2,13,11,,5,7,10,,9,8,13,,9,9,10,11,8,6,3,,6,8,7,13,9,6,10,10,,9,4,4,4,17,13,,9,,10,,,,3,8,7,5,4,5,,6,,14,15,15,3,2,1,2,2,9,12,9,6,,4,7,3,6,9,7,5,6,,4,4,6,8,7,6,4,7,9,6,10,6,10,11,9,,3,4,3,9,6,,6,4,8,8,9,6,9,12,20,,8,13,7,3,4,3,3,5,7,7,4,,14,10,8,,8,5,10,7,,6,5,8,,5,4,4,6,5,,8,3,7,4,7,9,5,,8,4,6,10,7,,14,14,5,7,6,6,11,9,9,10,9,6,,7,8,9,,4,5,,6,4,4,7,,3,4,4,11,12,8,8,11,9,12,10,5,6,7,8,8,5,6,6,3,4,25,10,15,13,18,6,9,9,11,13,2,8,5,5,8,4,12,9,11,5,3,7,9,29,10,21,20,16,9,10,14,13,18,13,12,11,11,8,10,16,14,13,15,14,8,14,16,,10,8,12,7,10,,6,5,13,11,15,10,10,11,15,11,18,19,13,5,25,,,,11,12,,12,16,22,22,25,23,,11,8,8,,,,,9,6,9,9,9,15,,11,,13,5,9,10,11,14,4,10,13,14,7,,,,,11,7,5,5,17,18,15,,5,7,7,9,11,6,13,14,15,12,10,11,20,20,,9,9,12,14,11,11,11,10,11,,11,9,,9,10,,7,8,12,,8,,9,,4,5,10,11,14,10,18,13,13,13,3,8,5,8,,12,13,,10,12,15,,8,9,18,18,16,17,,5,4,12,21,,,18,16,31,,11,9,12,11,7,6,15,,7,,,11,10,6,7,20,18,21,25,9,,11,10,11,8,7,13,15,14,13,,,16,12,,25,,14,9,8,23,14,2,6,17,8,18,12,10,16,,30,8,14,16,4,11,12,,11,,4,9,17,10,23,19,15,12,7,15,14,9,6,10,,,21,2,14,14,,20,16,17,4,,6,10,,,11,11,13,2,10,8,5,7,6,13,7,36,17,14,23,,16,6,,16,11,9,8,6,22,11,4,9,11,18,6,4,16,4,31,3,19,7,6,13,18,13,6,8,7,7,8,10,,4,9,37,4,7,24,3,4,5,6,4,24,6,10,14,15,16,11,19,6,12,2,22,10,13,16,,,15,6,10,15,6,4,6,14,10,13,8,8,16,20,5,6,6,6,,5,24,18,13,19,14,22,8,6,6,8,10,6,7,9,5,13,25,20,13,22,20,13,5,4,9,3,1,12,6,10,15,33,22,17,21,14,9,18,25,10,12,15,10,8,15,14,13,8,4,18,14,,17,7,13,6,14,3,3,4,12,9,6,5,7,8,5,8,13,9,18,14,17,7,17,15,12,19,22,9,27,22,15,,13,10,14,5,21,12,5,5,4,,2,9,11,13,15,14,14,,13,28,8,11,5,7,4,18,8,11,10,12,13,6,7,16,8,7,6,10,9,2,11,6,36,23,5,6,12,7,6,15,15,8,11,3,2,2,5,2,8,17,8,20,9,6,22,6,7,4,15,10,14,11,6,12,13,8,8,12,10,9,15,11,22,20,3,8,9,9,10,11,8,4,6,11,8,6,13,8,6,13,9,13,5,21,18,12,12,20,11,15,13,8,13,11,5,7,9,9,10,5,12,6,3,12,,10,9,10,5,11,21,9,12,4,16,3,5,5,3,4,12,12,12,12,6,11,4,6,13,12,4,5,,8,5,17,4,9,15,22,21,15,13,11,16,2,8,2,24,15,12,10,15,2,34,13,16,15,14,20,21,21,9,4,9,16,17,25,19,22,18,22,25,9,6,16,7,10,8,4,19,17,10,14,7,13,12,13,11,14,2,15,9,11,11,13,18,13,15,13,4,20,7,15,13,18,15,24,30,,4,3,5,6,16,10,7,8,10,21,15,10,12,9,13,19,12,16,13,7,16,15,18,,10,7,3,10,14,18,5,14,14,19,17,10,32,25,10,11,21,23,26,8,4,6,22,17,12,4,19,15,32,28,5,2,9,11,16,14,11,4,12,9,5,7,13,7,4,6,13,13
20230729,10,O3,32,97,36,30,,52,46,44,82,67,38,64,,,22,,17,19,20,,10,,8,22,,19,41,,64,64,70,59,54,69,82,,24,15,,17,15,,23,20,,25,,28,34,33,36,52,41,53,,55,87,,97,107,77,45,52,53,33,46,38,30,,38,15,19,20,26,30,,49,44,44,50,82,,102,97,89,83,82,94,,115,123,,,121,113,110,112,29,31,29,,29,23,30,27,32,,47,25,32,22,22,30,32,36,22,,29,39,42,46,45,49,44,44,36,42,45,86,69,60,71,68,69,71,71,70,68,63,79,17,17,18,23,18,,26,17,15,17,,40,46,35,39,40,32,37,42,35,,36,39,37,38,33,35,23,23,25,20,25,21,,,,20,20,,31,24,26,,,,29,,41,38,,42,38,36,36,39,34,,,,42,,,39,40,41,31,27,,30,20,13,20,17,20,27,30,,32,,21,19,,26,24,,29,29,33,,27,31,29,,25,33,28,,,47,41,45,28,36,41,22,,37,,,33,,40,36,,43,36,34,16,19,16,,39,39,30,36,36,42,46,34,29,22,32,32,29,25,29,31,31,31,,,63,57,58,60,,24,28,37,46,37,,38,43,39,,42,11,11,18,,17,18,16,16,16,,,15,21,13,22,24,25,20,25,26,23,27,22,25,18,29,33,18,31,34,42,34,41,,24,46,43,47,41,55,47,43,46,50,59,43,41,68,,72,77,88,46,50,53,20,35,56,58,51,48,69,55,,76,63,65,62,34,51,46,56,85,69,68,66,,87,42,39,49,57,37,53,75,79,76,85,,,62,58,70,66,74,72,54,52,50,58,,41,66,48,68,43,57,75,60,65,,69,58,52,60,54,,36,47,57,35,11,57,51,,,51,27,30,50,24,,63,50,89,54,,,65,72,18,34,33,42,33,34,31,43,23,,48,,51,55,54,54,67,57,,64,66,69,46,42,44,48,30,55,33,58,,34,,50,30,,75,,75,68,,,,,95,,,,105,77,47,,39,53,64,,48,57,66,59,70,48,52,53,58,54,63,77,54,55,64,,,,,,,115,129,115,109,124,,35,34,35,26,24,24,,37,,51,33,42,40,40,42,46,61,,,24,,25,18,18,15,30,,35,37,,,16,24,18,32,,28,17,22,,16,26,24,25,,10,,20,19,11,,,,21,,,22,,24,22,30,21,19,23,,20,20,11,,22,,,48,,53,42,52,68,77,69,80,,,77,64,62,66,59,63,79,65,56,61,54,59,54,58,62,58,61,57,56,62,,69,60,56,,55,57,,65,72,65,56,63,,61,52,,,15,17,,66,,97,88,101,92,94,100,,,98,,,74,,71,,127,110,134,,124,115,,117,138,,34,30,38,32,33,33,93,,32,40,31,35,28,40,17,14,32,30,21,36,40,38,37,38,41,37,33,39,37,30,90,85,72,,78,84,83,80,80,81,86,90,89,88,91,38,41,,,41,39,41,,47,24,40,36,34,,,24,52,,30,,37,36,40,38,32,26,35,,,,17,,16,,35,,43,,16,19,25,34,44,,48,,22,28,,30,48,49,,,52,59,62,62,47,,89,,,78,43,38,45,65,72,71,73,45,50,74,67,59,57,58,50,55,57,61,65,67,66,62,68,53,46,37,45,49,40,,38,37,35,,36,49,56,53,,,,,67,70,,69,48,52,50,53,45,,32,20,14,23,36,46,46,,26,22,,69,82,74,,97,95,,97,61,46,66,66,61,64,66,66,64,71,77,65,,105,104,112,99,90,89,90,106,109,,104,71,118,116,124,,,18,,,,,24,,,,,,,,,,,,,,,,24,,,,,,,,,,,,,,,,,,,,,,,,,,,,,,,,,,,,,,51,32,26,26,32,31,32,33,35,,,,58,51,51,58,,57,82,87,85,96,81,130,,129,126,69,,,61,57,,53,42,65,,68,,108,86,,,95,72,,,112,118,94,,,85,86,124,128,118,121,125,53,43,67,54,112,27,26,32,29,34,34,27,32,43,46,53,45,,44,38,47,,41,37,19,27,,69,89,,14,16,10,73,,,88,69,72,71,67,92,87,78,109,76,69,67,90,96,89,90,129,,,102,68,77,98,82,74,,62,19,18,,28,22,29,,24,28,30,29,12,24,27,,16,25,21,34,,20,23,25,,29,40,41,46,37,45,,24,,29,,,,33,35,31,33,26,24,,22,,36,36,49,75,76,,54,,20,19,16,,,39,37,,,50,51,49,,,30,49,37,21,35,36,33,37,32,33,38,26,21,19,22,,32,48,41,,45,,32,42,47,42,38,38,39,44,13,,24,16,23,,50,42,40,45,33,36,34,,38,24,26,,20,21,17,17,,18,20,23,,26,28,32,28,29,,39,45,42,43,30,21,20,,28,23,28,43,52,,50,46,49,52,48,54,48,49,46,45,49,52,,52,32,51,,49,46,,52,33,43,43,,31,31,25,45,42,93,87,95,94,94,93,76,74,83,73,74,60,78,71,76,77,74,93,82,68,67,71,79,,74,76,68,,67,60,57,60,58,52,69,71,,27,28,13,15,30,8,57,59,59,69,70,58,72,66,69,61,40,58,63,66,58,70,68,15,30,38,,58,63,77,68,58,,62,40,56,49,69,65,71,68,71,28,60,61,49,7,44,,,,74,74,,66,41,32,34,32,36,,36,33,25,,,,,44,84,71,58,72,24,,30,,14,36,34,38,38,25,64,57,65,59,65,,,,,,12,65,65,43,41,41,,47,25,24,47,66,55,57,53,40,40,51,43,50,48,,74,77,54,42,14,6,66,61,13,,18,12,,54,34,,46,43,82,,65,,64,,,17,14,21,32,16,127,117,121,122,38,37,39,37,,141,160,,66,58,88,,123,116,72,67,114,112,,,83,92,87,,,67,84,78,,96,96,104,68,52,133,105,,103,,,80,90,87,84,68,51,96,95,64,,67,78,60,94,,95,84,79,,,,56,43,,43,,82,71,73,39,41,36,81,70,30,19,24,62,129,,,40,31,42,38,,32,,28,,20,,66,,39,,112,66,33,29,28,65,29,41,,,33,48,31,20,,98,107,87,55,,24,27,,,18,40,40,27,21,25,18,21,21,40,54,34,50,29,76,,21,19,,46,69,54,54,94,96,89,26,72,37,23,39,65,22,21,74,28,101,27,64,22,15,36,36,60,,47,50,56,,96,23,22,27,84,42,80,88,82,36,21,68,,23,48,31,35,44,102,27,23,19,57,53,35,36,,,142,30,30,29,23,72,49,29,29,93,21,21,46,65,31,15,52,24,,48,88,83,102,91,63,107,18,23,18,24,21,29,44,16,19,73,95,106,115,77,132,41,23,37,40,19,30,30,31,55,45,36,44,81,52,60,55,62,72,54,77,69,56,56,53,59,57,55,85,21,28,,16,43,33,26,44,26,23,22,44,36,20,40,23,32,35,79,79,60,76,61,62,60,,14,60,53,37,61,60,39,54,,78,44,57,24,24,25,28,20,17,,22,35,32,25,52,,53,,30,67,41,44,53,95,54,59,60,65,71,62,61,39,45,27,23,23,45,36,21,20,54,73,,88,42,41,41,39,,39,39,45,47,39,23,24,30,,102,54,96,46,48,63,49,67,48,62,46,65,79,75,58,59,62,59,59,75,20,29,32,51,30,24,26,26,50,44,26,24,41,21,24,27,21,21,43,28,28,44,100,36,58,32,26,51,92,77,83,53,61,69,26,15,18,25,18,21,32,31,24,21,24,44,,27,15,21,19,80,86,83,112,63,38,44,21,39,44,46,66,53,62,77,52,22,68,40,46,63,48,48,,23,52,29,53,,48,46,68,52,37,28,38,,37,43,107,104,98,95,56,105,73,68,46,97,21,16,,14,36,40,49,54,46,65,59,61,65,58,53,35,20,20,35,32,36,20,41,,26,66,17,57,37,38,56,61,113,61,103,104,27,64,98,128,49,110,53,42,69,75,52,54,67,58,63,,46,23,34,37,77,51,68,15,19,34,26,30,21,100,,85,103,21,55,37,32,32,28,,71,69,23,98,57,73,30,60,37,54,47,55,48,92,17,16,8,,73,36,26,42,15,19,64,77,48,71,,123,50,32,38,99,59,82,67,46,42,25,36,86,33,24,19,23,32,72
20230729,10,O3_24h,116,97,125,122,119,124,91,125,116,86,114,96,,,194,,172,187,174,,202,,141,186,,144,242,,154,156,150,158,149,165,162,,179,188,,190,188,67,65,75,,91,,139,150,145,137,139,127,139,,156,141,,134,138,147,120,126,136,125,107,155,146,,153,197,177,170,158,152,,162,163,165,170,120,,110,122,130,125,128,116,,148,156,,,180,163,135,154,89,92,81,,96,73,86,82,83,,93,79,66,62,65,73,78,76,67,73,70,97,101,101,105,107,93,106,97,97,102,120,82,103,99,95,101,91,98,99,103,96,97,33,34,33,39,32,,38,38,34,32,49,53,60,45,51,51,51,47,58,35,,36,39,37,38,33,35,36,36,38,32,39,50,,,,58,62,,69,65,64,,,,48,,41,38,23,42,38,36,36,39,34,,,,42,45,,47,49,61,49,47,,45,36,32,38,34,37,38,40,,43,,58,58,,26,27,,33,34,49,,30,36,29,30,40,33,40,,,47,41,45,51,61,58,47,,38,,,41,,40,36,,45,45,42,32,34,32,,69,72,52,58,55,51,58,56,58,54,64,65,62,64,59,61,60,65,,,68,64,70,69,,49,28,63,71,67,,68,63,57,,64,113,128,112,,108,134,125,138,28,,,42,52,32,52,50,48,128,127,145,129,121,117,125,106,134,101,133,116,120,106,127,116,,106,158,88,115,88,108,96,109,93,103,126,103,65,144,,122,134,154,105,125,109,120,111,114,121,131,115,100,109,,146,140,95,121,168,166,164,167,109,102,91,124,,111,111,104,158,166,148,161,154,142,127,153,,,129,128,152,102,99,105,103,126,93,94,101,102,183,163,178,157,141,186,190,171,,96,95,102,95,86,,82,61,72,41,37,60,59,,,67,47,56,87,40,,146,120,143,120,,,142,135,72,92,76,87,96,87,92,89,85,,78,73,74,73,81,82,134,131,130,141,120,131,86,86,85,80,70,88,84,82,,84,,83,74,,155,,165,164,,,,,150,,,,170,175,101,107,113,100,95,,113,119,129,124,127,128,98,93,91,95,99,137,78,118,95,102,,110,97,107,91,158,176,171,167,166,,65,64,68,71,56,54,59,58,56,68,58,75,66,63,75,77,81,,,81,,52,60,58,49,144,,137,112,,,130,140,134,118,,82,77,102,,77,67,75,60,65,37,52,46,49,36,,,,68,,,75,,81,91,88,100,37,46,48,43,55,46,,89,,,80,,101,69,92,143,159,146,152,157,,110,93,96,94,105,101,138,117,109,116,59,59,59,196,198,174,72,60,75,127,,100,101,95,,83,102,,82,79,83,94,87,,95,80,,,93,90,,144,,164,157,154,154,137,145,,142,142,,142,130,,123,,170,156,172,,163,163,127,121,138,,95,84,89,87,80,86,120,117,118,106,114,106,105,80,71,70,73,72,70,80,63,82,84,88,114,116,110,117,115,110,92,99,94,,100,99,90,89,91,94,125,101,120,115,123,49,51,56,,41,40,44,,48,79,76,80,66,,77,73,76,,112,,118,113,127,122,131,140,148,,,,100,,102,,122,,117,,101,101,103,113,112,,114,,111,111,117,82,108,100,,136,122,124,121,124,125,,108,,,114,82,79,76,77,86,88,89,96,155,135,142,215,108,100,107,106,106,103,71,76,94,91,120,102,99,95,88,96,100,,92,94,106,124,58,70,71,61,,,,,110,113,,114,81,86,87,87,104,84,73,78,78,75,80,79,78,,84,80,,100,94,86,,108,108,,100,67,83,88,88,88,114,92,96,85,228,99,100,,149,149,147,163,176,139,148,125,128,,116,123,122,119,125,,,95,,,,,47,,,,,,,,,,,,,,,,46,,,,,,,,,,,,,,,,,,,,,,,,,,,,,,,,,,,,,,90,101,99,101,104,93,91,91,92,,,,129,122,114,121,,121,133,151,133,138,142,147,,138,130,122,,,119,116,,126,121,127,,127,,170,173,,,121,108,,,151,154,155,,,110,120,138,145,172,170,165,119,110,121,150,174,94,84,96,86,89,92,89,86,135,134,135,128,,101,101,112,,42,37,37,42,129,112,136,112,62,65,65,80,,,94,91,88,92,91,92,88,83,109,89,102,99,90,104,95,95,145,,,115,100,105,126,110,101,,89,56,59,,62,59,68,,72,73,83,79,59,61,67,,54,58,60,48,64,51,76,82,,70,46,44,47,40,56,,91,,91,,,,60,61,64,58,76,80,,64,,38,46,56,80,79,56,66,,44,47,43,,,52,52,55,,50,51,49,,,58,51,42,38,41,38,68,68,78,70,74,52,58,63,58,,60,63,68,52,64,,50,53,64,64,66,64,61,64,47,,71,62,67,63,61,46,47,51,53,64,58,,130,133,141,,111,121,115,115,,120,119,102,,103,102,106,99,101,,105,109,108,107,83,76,78,,100,99,96,72,74,,92,74,76,96,110,114,111,107,109,104,88,85,,114,112,111,,98,98,,85,79,101,103,,91,97,90,98,91,103,103,98,109,107,101,93,91,93,87,90,94,103,100,102,101,90,102,99,100,96,107,88,104,94,88,82,82,87,83,82,76,87,83,75,86,30,81,82,99,95,115,94,116,164,137,139,148,155,127,184,161,150,111,128,131,123,133,102,116,87,84,97,,142,143,160,89,82,,90,82,81,78,103,72,76,74,78,132,135,141,136,15,144,,,,101,101,,97,70,68,73,71,72,,117,108,103,,,,,71,95,93,91,102,83,,100,,84,74,95,100,85,104,80,79,81,73,83,,,,,74,84,78,79,93,91,70,,91,70,75,85,90,101,98,99,56,58,51,43,89,86,,76,78,78,80,40,46,74,84,48,,82,71,,79,93,,100,96,107,,105,,106,,54,54,76,81,85,83,136,123,130,130,62,66,59,80,,166,170,,120,130,150,,149,151,104,108,150,150,,89,88,151,146,,,152,160,142,,152,151,124,124,101,145,147,,142,,,142,120,125,116,132,127,179,163,125,,112,117,108,160,153,160,153,152,114,,,121,108,,114,,108,128,136,97,99,60,132,127,176,200,199,160,145,,126,116,54,56,38,40,38,,96,,63,111,141,48,76,32,147,128,74,76,88,99,36,72,,,149,53,31,203,,183,164,185,88,,60,41,,,46,44,40,37,59,68,42,43,48,40,115,55,54,49,140,,176,110,,103,96,78,82,132,146,113,99,73,114,71,60,67,169,125,152,48,112,76,110,78,84,146,46,88,60,88,83,102,,141,72,51,109,114,136,101,109,108,153,108,141,92,63,112,49,83,130,150,83,75,64,68,78,77,74,,,188,66,164,79,54,100,108,50,97,153,108,55,50,130,60,108,64,71,,115,193,167,187,180,120,144,30,46,33,46,38,36,44,33,39,88,147,157,178,153,132,59,68,37,40,42,40,52,51,115,108,108,126,147,152,145,116,112,120,173,149,102,111,63,104,92,127,82,144,176,162,,199,51,75,60,55,81,64,66,123,125,103,106,93,123,120,99,100,95,76,84,62,93,78,54,71,81,79,81,103,110,128,,157,74,142,52,91,64,97,48,60,,56,138,138,79,81,55,80,,71,144,107,104,87,102,123,172,108,103,142,131,113,39,45,27,35,32,64,68,69,62,126,110,103,152,53,48,48,39,43,51,39,45,47,39,36,48,45,41,120,113,115,109,99,131,54,170,66,100,117,198,142,133,93,180,133,158,102,163,124,130,145,148,165,162,65,53,53,62,87,85,41,129,122,139,127,119,117,101,102,87,127,92,72,38,62,103,128,124,152,76,112,131,144,123,55,96,82,72,96,93,98,50,49,133,,106,143,141,110,146,130,119,127,87,83,65,57,70,72,51,95,138,135,117,152,72,80,86,84,85,69,70,,41,89,110,114,118,122,74,83,83,37,35,38,50,38,47,155,163,142,140,172,148,158,167,156,170,164,190,177,168,162,134,153,150,136,159,160,162,186,170,166,118,120,101,111,104,130,103,108,105,34,99,43,93,81,91,99,89,132,116,118,114,90,88,121,164,116,153,74,90,177,152,132,127,95,157,160,,48,59,120,116,84,74,111,46,41,126,125,86,91,136,133,96,103,101,92,104,32,33,57,,101,92,51,159,112,137,126,116,68,101,135,120,129,158,45,78,108,112,94,64,120,65,192,186,79,112,93,99,157,164,107,66,132,119,80,113,76,46,109,67,97,106,94,102,54,65,63,160
20230729,10,O3_8h,18,51,27,23,19,27,34,29,46,43,19,48,,,26,,26,29,25,,21,,13,24,,21,38,,73,77,61,75,76,78,99,,17,9,,8,7,26,20,16,,15,,38,44,43,44,45,46,59,,55,48,,60,59,48,16,15,21,11,10,28,22,,27,13,16,17,32,37,,65,66,62,68,66,,47,79,87,69,85,37,,72,74,,,65,69,56,73,14,10,17,,10,20,23,18,24,,32,29,30,23,24,28,30,26,26,27,24,28,29,32,31,33,33,40,26,25,30,68,50,51,52,54,58,51,51,53,48,63,53,15,17,16,20,16,,23,13,14,16,16,25,28,22,25,25,23,24,25,22,,22,25,24,24,21,21,18,16,19,15,18,18,,,,17,16,,24,20,21,,,,14,,27,31,17,28,23,19,22,23,21,,,,28,23,,21,19,22,18,16,,16,15,10,16,14,17,20,23,,27,,19,16,,17,19,,25,22,24,,21,28,20,20,29,24,32,,,36,30,32,40,46,48,34,,27,,,30,,30,27,,42,38,37,13,15,14,,37,33,32,34,31,39,50,40,19,19,26,27,21,20,22,18,22,24,,,56,54,57,55,,36,28,40,44,30,,42,47,32,,43,8,7,8,,7,12,11,11,15,,,18,22,13,23,23,24,26,29,28,31,29,24,26,24,40,33,22,31,32,30,33,35,,30,39,37,46,31,49,36,44,40,40,50,43,24,46,,40,42,62,48,31,34,15,27,68,68,70,66,72,80,,75,67,52,82,73,71,72,72,50,44,40,46,,56,18,21,74,77,73,73,63,67,57,72,,,63,67,73,67,69,70,71,62,17,24,29,27,65,62,70,58,67,48,56,34,,38,37,32,40,66,,10,24,19,27,4,36,30,,,20,17,9,28,11,,29,12,23,30,,,42,60,11,27,24,23,17,24,28,34,11,,46,,41,46,45,49,62,56,57,55,79,69,37,38,27,45,31,49,30,56,,26,,50,23,,57,,58,54,,,,,75,,,,72,45,73,76,66,74,71,,59,39,49,33,38,22,28,25,31,26,35,74,12,25,50,,,,,,,90,111,63,47,47,,32,27,30,37,34,33,35,28,27,36,32,36,36,31,58,54,60,,,19,,18,18,17,13,32,,33,22,,,13,18,16,21,,17,8,17,,20,26,24,23,29,11,24,19,20,9,,,,15,,,14,,18,17,26,17,17,21,,16,19,16,,19,,,22,,24,17,18,80,93,78,93,92,,48,44,48,54,42,54,64,52,49,44,17,18,16,75,77,71,46,44,44,49,,38,44,37,,31,32,,69,70,67,64,26,,17,21,,,14,10,,23,,53,52,38,41,94,98,,101,96,,50,50,,47,,110,93,117,,111,105,108,102,116,,30,29,31,20,22,32,72,13,14,19,12,17,9,26,10,8,30,23,8,27,30,31,32,36,39,33,31,37,36,28,66,68,63,,69,82,77,72,72,75,79,60,75,67,68,28,27,27,,24,22,25,,32,32,33,34,33,,26,27,50,,47,,51,49,56,52,40,32,41,,,,16,,16,,46,,50,,35,36,38,42,35,,42,,22,24,26,30,53,52,,42,34,44,36,39,44,,50,,,62,20,21,16,40,33,25,25,45,50,93,78,68,38,25,27,26,29,39,48,40,39,45,51,37,30,17,21,16,23,,58,51,43,10,8,29,27,34,,,,,45,49,,43,33,25,33,34,29,22,26,28,15,11,21,31,29,,35,35,,72,68,62,,70,63,,71,56,49,46,56,54,62,59,58,37,48,48,37,,91,91,76,80,77,71,68,116,120,,84,99,98,100,113,,,12,,,,,24,,,,,,,,,,,,,,,,21,,,,,,,,,,,,,,,,,,,,,,,,,,,,,,,,,,,,,,24,26,24,26,30,24,24,24,26,,,,70,64,64,69,,64,36,42,44,36,22,109,,111,100,57,,,52,45,,31,29,36,,39,,103,96,,,66,47,,,84,96,56,,,64,58,110,110,104,109,118,38,33,58,44,52,28,19,26,19,21,19,18,16,37,37,40,43,,22,20,32,,28,22,12,10,58,55,86,87,7,8,6,64,,,72,33,39,36,25,69,66,66,76,28,28,39,75,82,78,79,115,,,73,49,65,72,59,57,,34,13,12,,17,14,18,,16,15,18,14,5,22,24,,21,22,22,24,29,21,19,21,,25,32,39,33,18,26,,16,,19,,,,27,28,22,24,19,20,,18,,23,20,41,60,61,,52,,12,12,10,,,25,20,21,,13,17,18,,,44,40,33,31,34,34,14,25,20,25,22,16,18,20,19,,34,38,38,,40,,14,26,27,22,27,28,29,29,6,,12,11,19,33,45,38,37,39,24,32,27,,41,30,34,,28,30,26,19,,19,19,26,,28,23,28,24,25,,42,47,43,46,24,15,18,,23,23,24,29,29,,32,25,45,32,24,28,48,48,49,49,36,36,,53,55,52,,38,36,,24,34,46,44,,32,34,27,22,20,45,46,43,45,50,48,28,49,45,35,35,43,55,54,52,57,30,22,36,25,20,24,28,19,24,29,40,22,36,29,20,40,50,44,49,54,,9,9,3,2,15,2,53,49,67,69,72,60,70,73,72,70,41,55,54,30,28,41,31,6,20,20,,33,78,74,42,40,,28,24,23,27,29,45,46,44,45,25,28,30,32,5,13,,,,45,44,,41,12,9,10,9,10,,28,28,25,,,,,32,53,52,38,52,14,,16,,8,30,25,43,36,28,26,36,55,43,50,,,,,7,7,59,52,14,12,29,,37,22,19,52,48,57,60,54,18,16,15,12,20,20,,45,43,34,29,12,2,63,54,7,,9,6,,60,32,,46,46,58,,58,,71,,18,16,9,10,17,6,89,91,98,97,27,16,19,23,,107,86,,34,37,53,,116,103,65,68,86,73,,83,85,47,29,,,34,57,23,,74,89,79,46,48,132,65,,70,,,68,80,88,80,75,66,96,94,72,,75,77,75,91,100,71,91,92,,,,66,68,,28,,79,71,78,62,55,45,85,40,25,23,30,78,113,,36,38,15,24,34,31,28,,18,,15,18,33,,15,,89,47,20,15,13,40,24,21,,,22,46,22,32,,67,73,51,35,,21,14,,,16,23,24,21,17,19,17,20,18,23,56,29,33,23,44,,25,21,,36,49,36,34,94,47,52,22,44,45,12,42,52,30,30,35,24,77,18,40,16,8,34,21,37,,34,37,54,,56,26,16,31,65,34,58,45,48,43,19,43,24,18,36,14,27,53,84,20,18,16,36,62,11,11,,,69,25,36,29,21,72,54,12,21,63,37,18,22,41,44,14,55,21,,36,53,67,68,71,47,54,16,18,16,25,19,19,26,16,17,43,44,67,107,33,112,22,19,23,24,18,22,17,22,42,49,24,27,59,53,53,59,74,82,74,57,25,76,22,21,34,60,62,49,22,26,,20,30,20,21,26,21,20,19,51,48,23,33,20,48,50,34,32,35,60,23,28,34,20,8,29,32,15,43,38,36,17,,53,26,29,20,16,23,28,18,13,,21,32,29,18,42,,36,,27,18,40,41,40,40,78,66,33,18,65,75,22,28,25,22,29,26,46,36,12,16,42,48,,47,29,28,29,26,18,18,25,28,30,24,18,21,17,20,100,84,87,80,68,66,30,81,30,55,63,78,48,62,32,79,48,73,42,96,16,34,30,51,19,22,20,20,30,32,16,16,22,28,26,34,30,30,48,26,21,23,78,22,45,13,15,28,69,41,60,27,35,48,10,12,16,22,13,11,23,28,18,19,21,39,,17,12,17,14,74,56,77,64,60,37,50,21,55,51,44,20,54,56,39,35,16,59,34,20,33,34,30,,24,35,41,56,60,17,32,56,47,28,22,29,,27,43,26,35,83,94,55,106,25,78,55,90,8,12,5,5,50,57,71,54,35,46,36,44,46,39,32,34,34,12,47,43,40,22,40,33,16,31,14,48,30,42,51,34,125,80,107,105,10,22,83,106,61,104,20,52,86,54,63,62,15,47,38,,27,18,52,51,58,33,47,19,18,14,18,26,14,63,70,74,76,23,26,36,20,25,26,,60,31,20,84,47,54,37,50,32,35,33,40,27,48,13,12,3,,54,32,35,43,6,12,30,51,43,33,59,61,62,27,41,60,54,45,58,34,21,12,35,60,18,21,17,16,29,68
20230729,10,O3_8h_24h,59,51,60,41,56,33,36,29,47,43,21,51,,,52,,41,42,47,,44,,27,35,,35,51,,104,96,98,103,99,108,116,,47,32,,23,27,44,40,16,,18,,56,62,61,85,84,86,95,,98,53,,60,74,48,18,15,24,11,10,66,46,,54,27,34,31,75,72,,79,82,74,82,66,,47,86,87,69,89,37,,72,76,,,73,69,62,73,14,10,17,,10,24,27,21,24,,32,48,34,26,28,31,33,27,27,27,24,45,50,48,51,51,54,78,47,46,51,79,56,74,62,63,68,64,64,63,64,68,65,16,20,18,22,19,,23,16,18,20,16,25,28,22,25,25,23,24,25,22,,22,25,24,24,21,21,18,16,20,15,19,24,,,,17,16,,24,20,22,,,,14,,27,31,17,28,23,19,22,23,21,,,,28,23,,21,19,22,19,16,,16,18,14,20,17,21,24,27,,32,,26,22,,17,19,,25,22,24,,21,28,20,20,29,25,32,,,36,30,32,48,56,53,43,,27,,,30,,30,27,,45,42,41,15,16,16,,37,33,32,34,31,42,54,51,20,21,27,27,22,22,24,19,22,24,,,57,57,57,55,,46,28,43,45,39,,46,50,32,,49,13,11,18,,9,16,16,11,21,,,25,27,18,29,29,30,52,54,56,59,54,42,54,48,57,38,32,37,35,30,34,36,,30,44,37,46,31,49,36,44,40,40,50,43,65,59,,40,42,62,54,60,38,58,62,90,98,85,96,72,87,,87,72,57,90,108,98,88,81,50,46,40,50,,56,23,32,81,86,80,80,67,67,57,75,,,85,80,92,102,99,105,98,87,17,27,32,39,65,62,70,58,67,48,56,34,,51,43,51,51,86,,11,24,19,37,4,36,30,,,20,17,9,28,11,,39,44,38,30,,,64,84,23,34,26,25,24,33,36,39,11,,50,,48,49,47,53,80,74,78,70,90,78,48,52,37,47,44,59,52,56,,36,,50,45,,62,,78,77,,,,,75,,,,81,62,85,92,85,84,74,,74,39,56,33,38,22,39,25,31,35,39,98,13,25,50,102,,107,94,101,89,90,111,88,78,47,,36,31,32,66,53,53,59,40,41,50,52,39,51,43,64,63,70,,,19,,29,22,22,16,51,,47,38,,,13,18,16,21,,26,11,21,,20,30,28,23,32,20,34,29,26,21,,,,18,,,14,,18,24,28,22,22,27,,26,33,26,,24,,,44,,25,18,22,107,122,121,148,120,,48,56,50,54,42,57,64,52,49,44,17,18,19,81,84,76,46,44,44,53,,42,50,42,,38,45,,79,70,68,69,35,,17,21,,,14,15,,40,,53,66,67,67,118,119,,116,116,,50,51,,48,,119,112,123,,119,114,112,103,116,,34,30,37,28,33,35,72,17,27,29,20,25,9,30,11,8,30,30,8,33,53,45,33,39,63,59,52,59,58,58,66,75,68,,79,82,77,72,72,75,79,60,75,67,68,28,27,27,,24,22,25,,32,33,33,34,33,,30,28,57,,86,,91,89,96,91,53,49,59,,,,40,,40,,84,,90,,49,52,46,57,69,,71,,33,51,36,58,71,67,,42,37,50,42,49,52,,72,,,62,24,29,16,63,35,29,25,51,50,104,83,74,42,31,27,39,35,46,53,40,42,52,57,57,30,29,33,25,23,,60,58,43,43,8,30,32,38,,,,,73,52,,43,37,26,42,41,32,33,26,34,23,11,21,39,34,,65,63,,74,68,66,,70,63,,71,61,54,52,63,60,65,64,63,39,64,66,57,,110,116,110,91,77,75,81,124,128,,84,114,98,100,113,,,12,,,,,30,,,,,,,,,,,,,,,,30,,,,,,,,,,,,,,,,,,,,,,,,,,,,,,,,,,,,,,34,44,39,45,47,41,39,43,40,,,,78,76,74,75,,67,46,68,79,73,22,119,,111,109,84,,,78,63,,40,35,36,,53,,112,112,,,80,61,,,87,108,68,,,83,80,116,118,130,134,137,38,33,58,44,52,34,24,29,27,21,19,19,16,85,87,90,76,,34,37,59,,28,23,16,11,78,69,100,100,7,8,6,64,,,72,45,57,43,25,77,66,72,76,30,32,39,75,82,78,79,115,,,73,75,80,97,61,61,,58,14,12,,17,16,18,,16,15,18,14,5,23,28,,23,22,24,24,30,22,24,26,,26,44,41,33,18,26,,24,,25,,,,28,28,25,24,27,27,,21,,23,20,41,64,64,51,63,,16,21,18,,,31,23,35,,17,17,18,,,55,40,33,33,34,35,23,37,28,34,28,28,27,29,29,,38,40,40,38,40,,28,28,31,30,30,28,30,29,6,,20,31,36,52,48,44,44,47,33,38,33,,45,43,48,,44,46,42,42,,41,40,52,,51,40,45,38,41,,52,60,47,54,26,19,19,,45,43,44,29,29,,32,25,57,32,24,28,70,68,63,66,36,36,,81,82,75,,44,44,,24,34,48,47,,46,49,39,26,20,53,52,53,72,50,58,28,67,67,66,66,75,84,84,84,80,31,22,36,29,20,24,41,24,24,31,42,38,41,39,32,59,78,73,68,78,31,9,9,6,3,29,15,65,54,81,70,72,61,81,115,105,102,54,55,54,37,44,48,54,6,21,26,,55,82,78,44,40,,28,44,40,44,37,62,65,61,61,54,28,30,59,5,38,,,,45,44,,41,12,9,10,9,10,,28,32,41,,,,,64,80,83,72,82,27,,20,,18,30,25,43,36,34,26,36,56,43,60,,,,,9,19,63,66,24,14,29,,48,39,34,73,77,72,64,70,18,16,15,20,20,20,,45,43,34,29,19,3,66,68,8,,28,12,,72,41,,62,56,58,,59,,73,,31,26,24,17,17,8,89,91,102,97,46,20,28,36,,107,93,,38,58,100,,139,136,69,72,111,85,,83,85,61,65,,,68,61,23,,74,99,85,56,65,134,69,,76,,,72,80,92,85,103,103,110,105,83,,91,112,108,118,123,88,120,122,112,,,100,94,,32,,107,73,83,82,55,53,111,48,46,43,44,102,125,,36,70,15,24,34,31,28,,26,,22,36,50,51,24,32,105,73,20,15,13,40,24,32,,,47,53,22,50,,67,87,79,35,,28,14,,,16,23,24,25,17,20,20,22,24,23,81,29,43,37,49,,49,44,,48,49,45,46,100,95,82,29,44,74,27,46,62,38,44,35,30,88,18,55,16,16,46,24,39,57,34,42,66,,61,48,18,57,72,57,64,74,64,58,44,48,24,35,41,14,70,94,104,26,23,27,42,69,13,11,,,98,27,78,29,28,83,68,12,33,100,53,24,22,66,47,39,55,26,,57,90,80,94,78,57,104,18,21,18,25,21,19,27,18,20,43,44,67,117,45,112,22,20,23,24,20,25,17,22,58,65,72,57,59,62,70,88,78,92,101,60,42,95,22,21,50,87,66,49,36,32,,42,30,20,22,26,31,22,22,84,85,52,55,39,88,91,34,32,40,60,23,32,41,28,8,45,40,24,51,38,36,32,,53,40,42,24,16,23,28,25,17,,26,48,38,24,42,56,38,,40,18,69,58,40,63,86,66,51,19,65,103,37,28,26,22,30,30,46,38,16,24,93,48,95,48,29,28,29,26,22,18,25,28,30,24,20,25,17,24,100,92,91,90,83,72,54,104,51,55,74,112,48,70,37,97,54,77,58,99,43,54,55,64,37,34,22,22,30,32,23,22,22,52,51,49,43,44,86,44,32,31,78,22,45,13,17,43,70,41,80,27,48,54,38,19,23,24,13,12,28,28,22,26,28,55,,36,13,17,15,74,56,77,74,70,60,59,54,65,61,44,26,55,56,47,51,22,66,50,28,33,41,38,,26,35,56,84,63,20,32,56,50,29,24,29,49,27,47,26,35,83,112,116,132,32,103,84,94,29,32,29,17,70,77,121,93,54,54,53,44,46,77,51,59,53,29,82,53,44,46,69,46,16,38,20,53,45,77,67,50,132,94,115,106,16,22,83,110,66,114,23,67,116,54,83,86,15,67,40,,27,20,94,92,58,53,47,24,25,14,18,26,19,68,72,75,76,41,26,47,20,25,26,,68,50,22,120,72,54,52,72,32,35,45,50,42,66,13,16,6,110,54,35,52,50,15,38,30,51,43,33,60,83,83,32,60,73,54,55,58,34,48,14,52,63,25,21,23,17,33,81
20230729,10,CO,0.8,0.6,0.9,0.8,0.7,0.5,0.5,0.6,0.5,0.6,0.6,0.6,,,0.8,,0.6,0.6,0.8,,0.7,,0.1,0.4,,0.4,0.5,,0.5,0.4,0.4,0.6,0.4,0.3,0.7,,0.2,0.3,,0.3,0.3,0.6,0.3,0.2,,0.2,,0.2,0.4,0.3,0.3,0.4,0.6,0.5,,0.4,0.3,,0.4,0.2,0.6,0.5,0.5,0.6,0.6,0.5,0.4,0.5,,0.4,0.3,0.1,0.1,0.4,0.4,,0.5,0.5,0.6,0.5,0.7,,0.7,1.1,0.6,0.8,0.7,0.6,,0.5,0.7,,,0.5,0.5,0.6,0.4,0.3,0.6,0.5,,0.7,0.7,0.7,,0.5,,0.6,0.6,0.1,0.3,0.5,0.4,,0.1,0.5,0.5,0.4,0.5,0.5,0.4,0.3,0.3,0.3,0.5,0.4,0.4,0.4,0.7,0.5,0.6,0.5,0.5,0.5,0.6,0.7,0.7,0.4,0.3,0.4,0.4,0.4,0.4,0.6,0.4,,0.4,0.4,0.3,0.5,0.2,0.4,0.1,0.5,0.4,0.5,0.2,0.3,0.4,0.4,,0.5,0.4,0.4,0.4,0.5,0.5,0.4,0.4,,0.4,0.3,0.2,,,,0.4,0.3,,0.3,0.2,0.3,,,,0.3,,0.7,0.7,,0.6,0.5,0.4,0.2,0.5,0.7,,,,0.4,0.5,,0.6,0.4,0.6,0.4,0.5,,0.6,0.6,0.5,0.6,0.7,0.3,0.4,0.3,,0.3,,0.5,0.4,,0.5,0.6,,0.4,0.5,0.6,,0.7,0.4,0.5,0.7,0.5,0.4,0.4,,,0.4,0.5,0.4,0.5,0.5,0.5,0.4,,0.4,,,0.4,,0.5,0.4,,0.5,0.4,0.5,0.4,0.4,0.3,,0.4,0.4,0.4,0.4,0.4,0.6,0.6,0.4,0.3,0.4,0.5,0.2,0.3,0.3,0.5,0.4,0.4,0.3,,,0.3,0.3,0.5,0.4,,0.2,2.5,0.5,0.3,0.6,,0.5,0.5,0.4,,0.4,0.5,0.4,0.7,,0.8,0.8,0.8,0.7,0.3,,,0.3,0.4,0.4,0.2,0.4,0.3,0.4,0.5,0.4,0.4,0.5,0.4,0.4,0.5,0.5,0.6,0.7,0.5,0.5,0.5,0.4,0.6,,0.6,0.6,0.3,0.5,0.3,0.3,0.4,0.4,0.5,0.4,0.7,0.5,0.9,0.7,,0.7,0.5,0.7,0.7,0.9,0.6,0.9,0.3,0.8,0.6,0.6,1,0.6,0.6,,0.6,0.6,0.8,0.6,0.5,0.4,0.3,0.5,0.6,0.8,0.5,0.8,,0.6,0.8,0.6,0.5,0.4,0.3,0.3,0.6,0.5,0.5,0.5,,,0.9,0.6,0.9,0.7,0.8,0.6,0.8,0.7,0.6,0.6,0.5,0.6,0.8,0.7,0.7,0.9,0.6,0.7,0.7,0.8,,0.5,0.5,0.4,0.4,0.3,,0.9,1,0.6,0.5,0.7,0.7,0.7,,,0.8,0.5,0.9,0.8,1.1,,0.3,0.5,0.5,0.6,,,0.6,0.6,0.9,0.6,0.4,0.7,0.3,0.6,0.8,0.4,0.6,,0.8,,0.6,0.4,0.6,0.5,0.2,0.5,,0.4,0.1,0.3,0.7,0.8,0.5,0.4,0.5,0.7,0.7,0.4,,0.8,,0.6,0.6,,0.4,,1.1,1.1,,,,,0.6,,,,0.4,0.4,0.4,0.3,0.3,0.6,0.4,,0.3,,0.5,0.2,0.2,0.5,0.7,0.5,0.6,0.5,0.5,0.4,0.5,0.6,0.4,,,,,,,0.7,0.7,0.5,0.6,0.9,,0.5,0.4,0.4,0.5,0.6,0.8,0.6,0.5,0.4,0.3,0.2,0.1,0.4,,1.1,0.6,0.6,,,0.6,,0.1,0.7,0.1,0.3,0.5,,0.3,0.8,,,0.3,0.4,0.4,0.1,,0.2,0.2,0.2,,0.2,0.3,0.4,0.3,0.2,0.6,0.2,0.1,0.4,0.2,,,,0.2,,,0.5,,0.5,0.4,0.3,0.4,0.2,0.3,0.4,,0.3,0.5,,,,,0.6,,0.6,0.7,0.7,0.6,0.5,0.7,0.8,0.7,,0.7,0.5,0.7,0.7,0.7,0.6,0.6,0.6,0.6,1,0.6,0.6,0.6,0.7,0.6,0.6,0.6,0.6,0.7,0.7,,0.6,0.4,0.4,,0.6,0.6,,0.7,0.8,0.8,0.6,0.9,,0.8,1.2,,,,0.2,,0.6,,0.7,0.7,0.8,0.6,0.8,1,,,0.8,,,1.1,,1,,0.8,0.7,0.8,,0.8,0.8,0.4,0.4,0.4,,0.4,0.9,0.7,0.6,1.1,0.4,0.7,,0.6,0.3,0.6,0.3,0.6,0.2,1.1,2.4,0.6,0.6,0.4,0.4,0.5,0.4,0.7,0.5,0.4,0.6,0.5,0.5,0.6,0.6,1,0.5,0.4,,0.3,0.4,0.4,0.4,0.5,0.3,0.4,0.5,0.5,0.5,0.3,0.4,0.4,0.5,,0.6,0.6,0.5,,0.4,0.5,0.6,0.4,0.5,,,0.6,1.1,,1.1,,0.8,0.6,0.6,0.5,0.6,0.2,0.2,,,,0.4,,0.6,,0.5,,0.6,,0.4,0.7,0.3,0.8,0.7,,0.8,,0.5,0.3,0.5,0.5,0.6,0.4,,0.6,0.6,0.5,0.5,0.4,0.8,,0.6,,,0.4,0.2,0.3,0.2,0.7,0.6,0.5,0.6,0.6,0.5,0.4,0.6,0.6,0.3,0.6,1,0.7,0.8,0.7,0.4,0.4,0.5,0.5,0.5,0.6,0.6,0.6,0.6,0.5,0.6,,0.9,0.8,1.1,3.6,0.5,0.6,0.6,0.6,,,,,0.5,0.5,,0.5,0.4,0.5,0.3,0.5,0.4,,0.6,0.7,0.7,0.3,,0.8,0.7,,0.7,1.2,,0.9,0.5,0.8,,0.6,0.5,,0.7,0.2,0.6,0.5,0.5,0.4,0.4,0.4,0.5,0.9,0.9,1,1,,0.5,0.7,0.4,0.6,0.8,0.7,0.5,0.2,0.1,,0.3,0.5,0.2,0.2,0.2,,,0.7,,,,,0.4,,,,,,,,,,,,,,,,0.3,,,,,,,,,,,,,,,,,,,,,,,,,,,,,,,,,,,,,,0.5,0.4,0.5,0.5,0.5,0.4,0.4,0.5,0.5,,,,1.3,1.4,1.1,1.2,,1.5,0.8,0.7,0.7,0.8,0.6,0.6,,0.6,0.5,1.5,,,1.7,1.9,,0.7,0.6,0.5,,0.5,,0.8,0.8,,,0.5,0.5,,,0.5,0.4,0.7,,,0.4,0.3,0.4,0.4,0.6,0.5,0.5,0.8,0.6,0.9,0.6,0.6,0.3,0.4,0.3,0.7,0.6,0.8,,0.6,0.7,0.7,0.7,0.7,,0.4,0.3,0.5,,0.5,0.1,0.5,0.5,0.4,0.2,0.1,0.3,0.5,0.6,0.6,0.1,,,,0.4,0.2,0.4,0.2,0.3,,0.3,0.4,0.3,1.1,0.4,0.4,0.5,0.5,0.5,0.4,,,0.8,0.6,0.5,0.4,0.4,0.4,,0.2,0.3,0.2,,0.3,0.2,0.3,,0.3,0.3,0.1,0.2,0.2,0.3,0.3,,0.2,0.2,0.3,0.4,0.2,0.5,0.6,0.7,,0.5,0.3,0.4,0.1,0.1,0.1,,0.5,,0.5,,,,0.1,0.2,0.2,0.3,0.5,0.5,,0.5,,0.3,0.3,0.4,0.7,0.7,,0.6,,0.8,0.7,1.8,,,0.7,0.5,0.6,,0.7,0.5,0.4,,,0.8,0.5,0.2,0.6,0.3,0.2,0.4,0.6,0.4,0.5,0.5,0.9,0.6,0.6,,,0.2,0.6,0.4,,0.3,,1.2,0.6,0.9,0.8,0.8,0.5,0.7,0.7,0.7,,0.7,0.8,0.7,,1.2,1,0.9,1,0.6,0.4,0.7,,0.5,0.5,0.4,,0.6,0.6,0.5,0.6,,0.5,0.3,0.5,,0.6,0.2,0.3,0.5,0.5,,0.4,0.3,0.2,0.3,0.8,0.3,0.4,,0.2,0.3,0.3,1,0.7,,0.8,1,0.6,0.7,0.3,0.2,0.6,0.5,0.5,0.6,0.5,0.6,,0.5,0.4,0.3,,0.6,0.6,,0.9,0.4,0.5,0.5,,0.6,0.6,0.7,0.8,0.7,0.2,0.6,0.6,0.7,0.7,0.6,0.3,0.3,0.4,0.3,,0.4,0.6,0.6,0.7,0.7,0.8,0.6,0.5,0.5,0.4,0.5,0.6,,0.6,0.6,0.8,0.6,0.6,0.7,0.6,0.5,1,1.3,0.8,0.3,,0.6,0.6,1.1,0.8,1.5,0.8,0.7,0.7,1,0.7,0.6,0.6,0.7,0.8,1,0.6,0.6,0.8,0.6,0.7,0.8,0.6,0.6,0.7,1,0.8,,0.9,0.5,0.6,0.3,0.5,,0.3,0.5,0.4,0.3,0.3,0.5,0.5,0.5,0.6,1.1,0.8,1.1,1.2,0.3,0.5,,,,0.4,0.5,,0.5,0.2,0.3,0.2,0.3,0.4,,0.5,0.4,0.6,,,,,0.5,0.5,0.5,0.5,0.5,,,0.5,,0.4,0.4,0.8,0.7,0.8,0.5,0.3,0.6,0.9,0.5,0.7,,,,,,0.4,0.3,0.5,0.3,0.4,0.7,,0.5,0.6,0.5,0.6,0.4,0.8,0.6,0.8,0.7,0.5,0.3,0.5,0.7,0.6,,0.4,0.4,0.4,0.5,0.6,0.4,0.6,0.7,0.8,,0.5,0.4,,0.4,0.5,,0.3,0.3,0.5,,0.2,,0.2,,0.5,0.4,0.6,0.7,1.3,0.6,0.5,0.7,0.6,0.7,0.4,0.6,0.7,0.4,,0.9,1,,0.5,0.4,0.4,,0.4,0.6,0.3,0.5,0.4,0.4,,,0.4,,,,,0.5,0.4,0.6,,0.5,0.5,0.4,0.5,0.5,0.4,0.4,,0.5,,,0.3,0.4,0.4,0.4,0.5,0.6,0.4,0.7,0.5,,0.3,0.4,0.5,0.3,0.3,0.2,0.3,0.4,,,,0.7,0.7,,0.4,,0.6,0.4,0.5,0.5,1.5,0.1,0.7,0.9,0.4,0.3,0.6,0.3,0.6,,0.6,0.5,0.4,0.4,0.4,0.4,0.5,,0.4,,0.1,,0.6,,1.2,,0.6,0.3,0.1,0.8,0.7,0.5,0.4,0.4,,,0.5,0.4,0.4,0.5,,0.4,0.5,0.5,0.6,,0.4,0.4,,,0.3,0.5,0.3,0.3,0.4,0.2,0.8,0.5,0.3,0.4,0.5,0.7,0.6,0.7,1.1,,0.6,0.6,,0.7,0.8,0.3,0.4,0.4,0.8,0.2,,0.5,0.8,0.8,0.3,0.3,0.8,0.7,1.8,,0.8,0.3,0.3,,0.4,0.5,0.9,,,0.5,0.5,0.4,,0.3,0.1,0.8,0.4,0.5,0.5,0.5,0.5,0.5,0.1,0.5,0.4,0.8,0.7,0.4,0.3,0.5,0.4,0.7,0.2,0.7,0.2,0.5,0.6,0.6,0.7,,,0.9,0.3,0.3,0.6,0.3,0.1,0.5,0.4,0.6,0.3,0.6,0.4,0.2,0.6,0.9,0.4,0.6,0.5,,1,0.7,0.8,0.6,0.6,0.4,0.3,0.4,0.5,0.4,0.4,0.6,0.4,0.5,0.5,0.5,0.4,0.6,0.6,0.5,0.7,0.3,0.3,0.3,0.4,0.4,0.6,0.2,0.3,0.5,0.6,0.4,0.8,0.7,0.3,,0.6,0.5,0.6,0.8,0.5,0.5,0.7,0.8,0.6,0.5,0.5,0.8,0.6,0.1,0.2,0.3,,0.3,0.4,0.2,0.4,0.4,0.6,0.6,0.7,0.4,0.4,0.5,0.1,0.2,0.8,0.6,0.4,0.2,0.7,0.4,0.3,0.6,0.6,,0.7,0.5,0.7,0.6,0.4,0.4,0.5,0.5,,0.6,0.5,0.9,0.3,0.5,0.1,,0.2,0.7,,0.3,0.6,0.5,0.4,0.8,,0.9,,0.4,0.3,0.5,0.5,1.2,0.5,0.7,0.6,0.5,0.6,0.9,0.7,0.7,0.4,0.3,0.5,0.8,0.5,0.6,0.3,1,0.5,0.8,0.4,,0.8,0.6,0.7,0.3,0.5,0.4,0.6,0.5,0.4,0.6,0.4,0.3,0.5,0.5,0.2,0.2,0.4,0.2,0.6,0.3,0.5,0.3,0.7,0.6,0.6,0.5,0.4,0.5,0.7,0.5,0.6,0.7,0.4,0.5,0.5,1.2,0.3,0.2,1,0.5,0.1,0.3,0.3,0.3,0.4,0.5,0.6,0.4,0.4,0.7,0.3,0.2,0.4,0.3,0.4,0.3,1.5,0.5,0.6,0.5,0.7,0.8,0.4,0.4,0.5,0.6,0.8,0.5,0.4,0.3,0.4,0.5,0.7,0.3,0.4,0.6,0.4,,0.1,0.4,0.2,,0.4,0.6,0.4,0.4,0.7,0.5,0.4,0.7,0.3,0.9,0.6,0.4,0.2,0.6,0.4,0.4,0.8,0.6,0.6,0.6,0.5,0.4,0.7,0.4,0.4,0.6,0.5,,0.4,0.5,0.3,0.5,0.5,0.7,0.8,0.4,0.9,0.5,0.5,0.4,,0.4,0.5,0.7,1,0.6,1.1,0.5,0.4,0.7,0.7,0.5,0.4,0.4,0.7,0.8,0.3,0.1,0.8,0.3,0.4,0.4,0.4,0.4,0.3,0.3,0.4,0.4,0.4,0.5,0.4,0.6,0.2,0.3,0.3,,0.5,0.8,0.7,0.4,1.1,1.1,0.4,1.2,0.7,0.1,0.3,0.6,0.7,0.5,0.5,0.8,0.7,1.6,0.4,0.4,0.8,1,0.8,0.8,0.8,0.5,2.1,1.2,,0.6,0.2,0.9,0.6,0.4,0.6,0.5,0.5,0.2,0.4,0.1,0.5,0.3,0.3,,0.9,0.5,0.6,0.4,0.4,0.5,0.5,0.4,,0.4,0.3,0.4,0.2,1.4,1.4,0.3,1.6,0.3,0.5,0.9,0.5,0.7,0.6,0.6,0.3,0.8,,0.4,0.5,0.3,0.2,0.4,0.4,0.3,0.6,0.7,0.4,0.6,0.5,0.4,0.3,0.2,0.4,0.2,0.5,0.3,0.3,0.6,0.3,0.5,0.6,0.7,0.4,0.4,0.1,0.5,0.8
20230729,10,CO_24h,0.7,0.4,0.6,0.5,0.5,0.3,0.4,0.3,0.4,0.4,0.4,0.4,,,0.7,,0.7,0.6,0.8,,0.7,,0.3,0.6,,0.5,0.7,,0.5,0.4,0.4,0.5,0.4,0.4,0.7,,0.6,0.7,,0.9,0.7,0.6,0.1,0.2,,0.2,,0.4,0.5,0.4,0.2,0.3,0.5,0.4,,0.3,0.3,,0.3,0.2,0.6,0.6,0.5,0.6,0.5,0.4,0.5,0.6,,0.5,0.4,0.3,0.2,0.5,0.4,,0.5,0.4,0.5,0.5,0.8,,0.5,0.8,0.8,0.9,0.7,0.6,,0.5,0.7,,,0.5,0.5,0.5,0.4,0.4,0.6,0.5,,0.6,0.5,0.5,0.6,0.4,,0.5,0.5,0.1,0.3,0.5,0.4,,0.1,0.5,0.5,0.3,0.5,0.5,0.4,0.3,0.4,0.3,0.6,0.6,0.4,0.5,0.6,0.5,0.5,0.7,0.4,0.5,0.6,0.5,0.8,0.3,0.3,0.5,0.4,0.3,0.4,0.6,0.4,,0.4,0.4,0.3,0.4,0.2,0.4,0.1,0.5,0.4,0.4,0.2,0.3,0.4,0.3,,0.4,0.4,0.4,0.4,0.5,0.5,0.3,0.3,0.4,0.3,0.3,0.2,,,,0.4,0.2,,0.3,0.2,0.3,,,,0.3,,0.7,0.6,,0.6,0.5,0.4,0.2,0.5,0.6,,,,0.5,0.5,,0.5,0.6,0.5,0.3,0.4,,0.5,0.6,0.4,0.6,0.7,0.3,0.3,0.3,,0.3,,0.5,0.4,,0.5,0.6,,0.4,0.5,0.5,,0.6,0.4,0.5,0.6,0.4,0.4,0.3,,,0.4,0.4,0.4,0.4,0.4,0.4,0.4,,0.4,,,0.4,,0.5,0.4,,0.4,0.4,0.3,0.3,0.4,0.3,,0.4,0.4,0.3,0.4,0.3,0.5,0.4,0.4,0.3,0.4,0.5,0.3,0.3,0.3,0.5,0.4,0.4,0.3,,,0.3,0.2,0.4,0.4,,0.2,2.5,0.5,0.3,0.6,,0.5,0.5,0.9,,0.4,0.4,0.2,0.5,,0.6,0.6,0.5,0.5,0.3,,,0.2,0.4,0.4,0.2,0.4,0.3,0.4,0.4,0.4,0.4,0.4,0.4,0.4,0.4,0.5,0.7,0.6,0.4,0.6,0.5,0.5,0.6,,0.5,0.5,0.3,0.5,0.3,0.3,0.4,0.2,0.5,0.4,0.6,0.4,0.6,0.6,,0.6,0.5,0.6,0.6,0.7,0.6,0.7,0.3,0.8,0.6,0.7,0.9,0.6,0.6,,0.6,0.6,0.8,0.5,0.5,0.5,0.3,0.5,0.5,0.7,0.4,0.7,,0.5,0.6,0.5,0.4,0.5,0.3,0.4,0.5,0.5,0.5,0.4,,,0.9,0.7,0.9,0.6,0.7,0.5,0.8,0.7,0.5,0.5,0.4,0.5,0.8,0.7,0.8,0.8,0.6,0.8,0.8,0.9,,0.4,0.5,0.4,0.4,0.2,,0.9,1.1,0.6,0.5,0.7,0.7,0.7,,,1,0.4,1,0.8,1,,0.3,0.4,0.4,0.5,,,0.5,0.6,0.7,0.6,0.3,0.7,0.4,0.6,0.6,0.5,0.5,,0.7,0.6,0.5,0.4,0.6,0.6,0.2,0.3,0.3,0.3,0.1,0.2,0.6,0.7,0.6,0.5,0.6,0.7,0.6,0.5,,0.7,,0.6,0.6,,0.4,,0.5,0.6,,,,,0.6,,,,0.5,0.5,0.4,0.4,0.2,0.4,0.3,,0.3,,0.4,0.2,0.3,0.4,0.5,0.5,0.4,0.3,0.4,0.5,0.3,0.5,0.4,0.5,,0.7,0.9,0.5,0.8,0.6,0.5,0.5,0.5,0.8,,0.5,0.4,0.4,0.5,0.6,0.7,0.5,0.5,0.4,0.3,0.2,0.1,0.4,0.1,0.4,0.6,0.6,,,0.6,,0.1,0.7,0.1,0.3,0.5,,0.4,0.7,,,0.2,0.3,0.3,0.1,,0.2,0.3,0.2,,0.2,0.3,0.4,0.3,0.2,0.6,0.1,0.1,0.3,0.1,,,,0.3,,,0.5,,0.5,0.3,0.3,0.3,0.1,0.3,0.4,0.2,0.2,0.4,,,,,0.6,,0.5,0.4,0.6,0.6,0.5,0.7,0.7,0.6,,0.7,0.6,0.7,0.7,0.7,0.6,0.7,0.7,0.6,0.9,0.6,0.6,0.6,0.6,0.5,0.6,0.5,0.5,0.6,0.8,,0.6,0.4,0.4,,0.5,0.6,,0.6,0.6,0.7,0.6,0.8,,0.6,0.9,,,0.2,0.2,,0.6,,0.6,0.7,0.7,0.7,0.7,0.7,,0.6,0.7,,1.2,1,,0.9,,1,0.8,0.9,,0.8,0.8,0.4,0.3,0.3,,0.5,0.9,0.8,0.7,1,0.5,0.6,0.6,0.6,0.4,0.6,0.4,0.7,0.3,1,1.8,0.7,0.6,0.6,0.4,0.5,0.4,0.7,0.5,0.5,0.7,0.5,0.6,0.6,0.6,0.6,0.3,0.3,,0.3,0.4,0.4,0.3,0.4,0.3,0.3,0.4,0.4,0.4,0.3,0.4,0.4,0.5,,0.6,0.5,0.4,,0.4,0.5,0.7,0.4,0.6,,0.8,0.6,0.7,,0.9,,0.6,0.5,0.5,0.4,0.6,0.3,0.2,,,,0.3,,0.6,,0.5,,0.7,,0.3,0.6,0.3,0.6,0.6,,0.6,,0.5,0.3,0.5,0.4,0.5,0.4,,0.6,0.7,0.5,0.5,0.5,0.3,,0.6,,,0.3,0.2,0.3,0.2,0.7,0.5,0.6,0.5,0.5,0.6,0.5,0.6,0.7,0.3,0.9,0.9,0.9,1.2,0.6,0.4,0.3,0.5,0.6,0.5,0.5,0.6,0.5,0.6,0.6,0.6,,0.8,0.7,1,2.4,0.5,0.6,0.6,0.6,,,,,0.4,0.4,,0.5,0.4,0.3,0.2,0.3,0.3,0.2,0.6,0.7,0.5,0.3,0.5,0.7,0.5,,0.6,0.9,,0.9,0.4,0.7,,0.6,0.5,,0.7,0.3,0.6,0.5,0.4,0.4,0.4,0.4,0.5,0.5,0.7,0.8,0.6,,0.5,0.6,0.4,0.5,0.5,0.4,0.3,0.2,0.1,,0.3,0.3,0.3,0.2,0.2,,,0.5,,,,,0.3,,,,,,,,,,,,,,,,0.2,,,,,,,,,,,,,,,,,,,,,,,,,,,,,,,,,,,,,,0.3,0.4,0.5,0.5,0.5,0.4,0.4,0.4,0.4,,,,1.1,1,0.9,0.9,,0.9,0.7,0.5,0.5,0.6,0.5,0.7,,0.6,0.6,1,,,1.2,1.2,,0.7,0.6,0.5,,0.5,,0.7,0.6,,,0.5,0.5,,,0.5,0.4,0.6,,,0.3,0.4,0.3,0.3,0.5,0.5,0.5,0.7,0.6,0.4,0.6,0.6,0.4,0.3,0.4,0.7,0.6,0.7,0.6,0.7,0.8,0.8,0.8,0.8,,0.4,0.3,0.6,,0.3,0.1,0.5,0.5,0.4,0.3,0.1,0.2,0.5,0.6,0.6,0.1,,,,0.4,0.2,0.4,0.1,0.4,,0.4,0.4,0.6,0.9,0.4,0.3,0.5,0.5,0.5,0.4,,,0.8,0.5,0.4,0.4,0.4,0.4,,0.2,0.3,0.2,,0.3,0.2,0.3,,0.3,0.2,0.2,0.3,0.2,0.2,0.3,,0.1,0.2,0.2,0.4,0.2,0.4,0.5,0.6,,0.4,0.3,0.4,0.2,0.2,0.3,,0.5,,0.5,,,,0.1,0.2,0.2,0.4,0.5,0.5,,0.4,,0.3,0.3,0.3,0.6,0.7,0.5,0.6,,0.8,0.7,0.9,,,0.5,0.5,0.5,,0.5,0.4,0.3,,,0.7,0.5,0.2,0.3,0.3,0.2,0.4,0.4,0.4,0.4,0.5,0.8,0.5,0.4,1,,0.3,0.4,0.4,0.4,0.4,,1.1,0.6,0.9,0.8,0.6,0.6,0.6,0.7,0.5,,0.7,0.7,0.6,1,1.1,0.9,0.9,1,0.6,0.4,0.7,,0.8,0.5,0.4,,0.6,0.6,0.6,0.5,,0.4,0.3,0.4,,0.5,0.2,0.3,0.4,0.4,,0.3,0.3,0.2,0.3,0.8,0.3,0.4,,0.3,0.2,0.3,0.4,0.5,,0.6,0.5,0.6,0.8,0.4,0.3,0.6,0.5,0.6,0.5,0.5,0.6,,0.5,0.5,0.3,,0.5,0.5,,0.6,0.4,0.5,0.5,,0.5,0.5,0.6,0.7,0.5,0.2,0.6,0.6,0.7,0.9,0.6,0.3,0.3,0.5,0.4,0.1,0.4,0.5,0.6,0.7,0.7,0.7,0.5,0.5,0.4,0.4,0.5,0.7,0.5,0.6,0.6,0.7,0.6,1,0.7,0.5,0.5,0.5,0.7,1.2,0.3,0.5,0.6,0.5,0.8,0.7,1.1,0.6,0.5,0.5,0.4,0.7,0.7,0.7,0.7,0.8,0.7,0.5,0.5,0.7,0.6,0.8,0.8,0.6,0.6,0.5,0.8,0.7,,0.5,0.4,0.5,0.3,0.6,,0.3,0.5,0.3,0.2,0.2,0.4,0.4,0.4,0.5,0.6,0.5,0.6,0.8,0.2,0.5,,,,0.4,0.4,,0.4,0.2,0.3,0.2,0.3,0.4,,0.5,0.4,0.5,,,,,0.4,0.4,0.4,0.4,0.3,,,0.5,,0.3,0.3,0.8,0.7,0.8,0.8,0.3,0.5,0.7,0.5,0.6,,,,,0.4,0.3,0.3,0.4,0.3,0.5,0.5,,0.4,0.5,0.4,0.3,0.2,0.7,0.6,0.6,0.7,0.5,0.3,0.5,0.7,0.7,,0.5,0.4,0.4,0.5,0.5,0.4,0.6,0.6,0.8,,0.4,0.3,,0.4,0.5,,0.3,0.3,0.5,,0.3,,0.1,,0.5,0.4,0.5,0.6,0.7,0.5,0.6,0.8,0.7,0.7,0.3,0.5,0.5,0.4,,0.9,0.4,,0.5,0.5,0.3,,0.3,0.5,0.2,0.4,0.4,0.4,,0.4,0.3,0.1,,,,0.2,0.4,0.2,,0.4,0.5,0.5,0.4,0.5,0.4,0.5,,0.5,,,0.3,0.2,0.4,0.3,0.4,0.4,0.3,0.6,0.5,,0.3,0.3,0.4,0.3,0.2,0.3,0.3,0.4,0.4,,,0.5,0.5,,0.4,,0.7,0.3,0.3,0.4,1,0.1,0.6,0.7,0.6,0.6,0.7,0.4,0.6,,0.6,0.6,0.4,0.5,0.4,0.4,0.5,,0.4,,0.1,0.3,0.5,0.4,0.9,0.8,1,0.3,0.2,0.6,0.6,0.4,0.4,0.3,,,0.5,0.3,0.4,0.5,,0.5,0.5,0.5,0.6,,0.3,0.5,,,0.3,0.5,0.3,0.3,0.4,0.2,0.8,0.5,0.2,0.5,0.5,0.6,0.6,0.6,1,,0.5,0.5,,0.6,0.6,0.3,0.3,0.3,0.6,0.3,,0.6,0.6,0.8,0.3,0.3,0.8,0.7,0.9,,0.6,0.3,0.3,0.6,0.2,0.6,0.8,0.2,0.6,0.5,0.5,0.4,,0.3,0.1,0.8,0.4,0.4,0.4,0.5,0.5,0.5,0.2,0.4,0.3,0.7,0.5,0.6,0.4,0.5,0.5,0.6,0.3,0.5,0.2,0.5,0.4,0.5,0.5,,,0.5,0.3,0.4,0.7,0.3,0.1,0.5,0.3,0.3,0.2,0.5,0.4,0.5,0.5,0.9,0.4,0.5,0.3,,1,0.5,0.4,0.5,0.5,0.3,0.4,0.4,0.5,0.4,0.4,0.6,0.4,0.5,0.5,0.5,0.4,0.7,0.6,0.5,0.6,0.5,0.4,0.3,0.4,0.4,0.6,0.2,0.4,0.4,0.5,0.7,0.6,0.6,0.2,0.4,0.6,0.5,0.6,0.8,0.5,0.5,0.5,0.9,0.6,0.6,0.4,0.8,0.5,0.1,0.3,0.4,,0.3,0.4,0.3,0.4,0.6,0.6,0.4,0.5,0.5,0.5,0.4,0.1,0.2,0.7,0.5,0.6,0.3,0.6,0.5,0.4,0.6,0.7,0.7,0.6,0.5,0.8,0.5,0.4,0.5,0.5,0.4,,0.6,0.4,0.7,0.3,0.5,0.2,,0.2,0.2,,0.3,0.6,0.6,0.4,0.7,0.8,0.7,,0.4,0.2,0.5,0.5,0.6,0.5,0.6,0.7,0.5,0.5,0.7,0.7,0.7,0.5,0.3,0.5,0.7,0.5,0.6,0.5,0.9,0.4,0.6,0.3,0.5,0.6,0.6,0.6,0.3,0.5,0.3,0.7,0.5,0.4,0.6,0.4,0.3,0.5,0.4,0.1,0.2,0.3,0.3,0.6,0.2,0.4,0.3,0.6,0.6,0.4,0.5,0.5,0.5,0.7,0.4,0.7,0.8,0.5,0.4,0.4,0.3,0.4,0.4,0.8,0.9,0.4,0.3,0.3,0.3,0.4,0.5,0.6,0.4,0.4,0.6,0.3,0.3,0.5,0.4,0.4,0.3,1.1,0.4,0.6,0.4,0.7,0.7,0.4,0.4,0.5,0.5,0.8,0.5,0.5,0.2,0.4,0.5,0.7,0.3,0.4,0.4,0.3,,0.1,0.4,0.2,,0.3,0.5,0.3,0.4,0.3,0.3,0.4,0.5,0.4,0.6,0.5,0.3,0.2,0.6,0.3,0.4,0.6,0.6,0.6,0.6,0.4,0.4,0.4,0.4,0.4,0.6,0.5,,0.4,0.5,0.3,0.4,0.4,0.7,0.6,0.5,0.8,0.4,0.5,0.4,0.4,0.4,0.5,0.6,0.6,0.6,1,0.8,0.6,0.7,0.7,0.5,0.6,0.8,1.3,1,0.9,0.3,0.9,0.2,0.3,0.3,0.3,0.3,0.4,0.4,0.5,0.4,0.4,0.4,0.8,0.5,0.2,0.4,0.3,0.3,0.4,0.7,0.8,0.4,0.6,0.6,0.4,0.6,0.6,0.1,0.2,0.7,0.7,0.4,0.6,0.6,0.9,1.1,0.4,0.4,0.8,0.9,0.7,0.8,0.8,0.4,0.7,0.6,,0.6,0.2,0.5,0.5,0.5,0.5,0.5,0.5,0.2,0.4,0.2,0.4,0.3,0.4,0.3,0.8,0.4,0.5,0.7,0.4,0.6,0.5,0.4,,0.7,0.4,0.5,0.2,1.1,1.3,0.3,1.2,0.4,0.3,0.7,0.4,0.6,0.7,0.5,0.3,0.6,1.1,0.5,0.5,0.3,0.2,1,0.9,0.4,0.4,0.5,0.4,0.6,0.5,0.4,0.3,0.5,0.3,0.2,0.5,0.3,0.3,0.6,0.3,0.4,0.6,0.5,0.4,0.5,0.1,0.6,0.4
20230729,11,AQI,63,33,59,57,,54,51,52,39,52,57,52,,,27,,12,18,26,,7,,14,9,,7,17,,43,54,48,35,43,39,23,,9,16,,22,,,15,18,,16,,9,,10,40,55,53,51,,45,35,,44,40,34,39,27,37,47,36,20,20,,29,9,12,18,11,13,,16,13,13,16,53,,39,44,55,50,49,46,,40,43,,,43,42,40,40,29,25,17,,19,18,20,,18,,25,9,9,10,8,19,9,,7,,18,29,25,20,19,31,16,16,26,,23,30,26,37,37,26,30,40,,27,24,26,44,20,28,24,7,28,,17,25,22,23,,15,17,14,,15,,15,16,33,,17,18,18,15,16,16,10,12,,7,12,27,,,,27,31,,34,24,19,,,,22,,17,,,16,17,13,14,15,15,,,,18,,,19,19,20,,20,,18,14,19,24,24,22,24,22,,29,,19,25,,16,15,,14,13,13,,15,27,13,,13,14,14,,,17,14,15,24,24,17,,,13,,,14,,13,14,,25,27,30,19,16,22,,17,16,20,17,15,17,15,15,12,10,18,13,12,14,19,12,12,18,,,19,19,18,17,,22,,16,16,15,,15,22,20,,22,24,24,17,,29,42,32,25,20,,,22,22,24,27,51,24,29,,12,15,18,16,,25,26,11,12,15,12,15,15,11,,21,18,12,20,17,21,23,22,18,73,23,23,,52,,52,42,38,48,51,37,36,27,17,29,24,28,19,17,,20,12,19,14,21,15,24,,,39,42,45,,35,53,58,15,39,,18,28,29,,30,,,20,19,23,18,23,22,19,25,32,32,,,35,43,33,38,30,41,37,39,,30,28,35,28,28,,33,47,32,,33,26,27,,,35,34,39,34,21,,35,30,47,41,,,40,30,22,33,22,,31,31,,27,27,,29,,21,24,23,22,28,25,22,26,29,24,18,14,55,20,18,19,16,21,,35,,19,15,,43,,29,33,,,,,35,,,,37,33,55,,159,52,42,,69,26,30,23,36,22,31,29,33,29,34,35,19,22,24,,,,,,,41,46,41,40,53,,15,14,13,10,9,9,,15,16,19,13,14,18,18,17,15,20,,,14,,,22,17,22,17,,18,29,,,18,20,22,12,,9,10,8,,22,29,31,27,,19,,20,9,14,,,,22,,,15,,17,22,13,19,22,22,,19,15,15,,19,,,40,,38,53,53,28,29,25,26,,,28,28,29,30,40,30,31,25,23,35,22,26,30,21,20,22,19,18,26,30,,36,25,27,,24,25,,27,26,24,24,30,,36,20,,,,18,,38,,40,40,38,43,28,28,,,27,,,66,,74,,39,51,58,,41,36,,42,46,,13,16,15,23,17,14,30,,21,15,21,13,23,14,16,27,12,16,15,16,25,16,,26,15,16,15,19,,16,27,27,30,,31,26,27,25,25,24,39,24,42,47,,25,19,,,17,30,17,,19,10,18,17,13,,,12,16,,12,,16,12,13,13,11,7,11,,,,22,,17,,12,,15,,13,12,10,52,75,,51,,17,20,,30,20,26,,,22,24,20,23,23,,31,,,26,26,22,22,22,27,35,33,48,16,22,19,23,40,49,47,29,36,40,24,25,23,23,29,26,26,27,25,40,23,,31,21,20,38,18,25,22,23,,,,,,30,,33,26,38,35,26,33,,12,19,19,26,,30,22,,23,36,,24,29,40,,32,34,,33,19,18,23,23,23,25,,24,58,46,44,55,,,36,74,38,39,33,39,34,33,,34,,57,55,81,,,34,,,,,24,,,,,,,,,,,,,,,,24,,,,,,,,,,,,,,,,,,,,,,,,,,,,,,,,,,,,,,28,16,15,18,22,14,14,23,14,,,,23,39,21,22,,26,53,55,50,52,53,41,,43,43,79,,,62,74,,53,,40,,40,,52,38,,,37,25,,,39,40,50,,,28,28,42,45,40,40,42,46,40,24,42,40,10,12,16,20,22,21,21,21,19,,21,26,,23,26,16,,,11,27,14,,25,36,,20,53,8,,,,34,25,25,24,22,29,28,24,35,24,26,39,29,29,28,27,38,,,36,21,22,33,26,24,,22,24,22,,15,19,15,,15,14,13,,16,27,18,,13,16,18,18,,22,14,21,,14,17,17,13,19,18,,11,,12,,,,10,11,10,11,15,17,,11,,18,14,19,21,21,,18,,19,22,23,,,15,15,,,33,29,28,,,9,15,13,22,13,21,16,29,32,32,18,18,28,48,33,,20,30,23,,17,,27,28,35,31,34,29,31,32,28,,22,37,33,,23,21,19,24,21,25,25,,12,20,22,,16,12,,17,,9,11,20,,12,13,28,,14,,13,15,13,14,15,,18,,14,13,15,20,29,,20,20,17,20,22,25,22,23,20,25,20,18,,19,,19,,21,20,,21,12,,16,,15,14,18,33,25,31,32,,40,32,,37,36,30,36,28,24,27,27,27,28,28,34,34,34,36,32,36,36,32,33,28,,29,30,26,29,45,50,25,27,,26,22,55,54,57,51,27,26,30,26,24,33,26,57,27,26,33,25,36,34,29,30,54,47,52,46,,58,32,31,,20,,22,22,28,43,26,27,29,27,28,78,72,42,78,11,29,,,,29,30,,27,,23,29,23,47,,17,18,13,,,,,24,35,33,29,33,26,,22,,18,17,24,20,23,37,26,20,23,24,22,,,,,,19,22,20,22,23,21,,22,16,22,29,27,17,20,17,32,20,22,20,22,23,,25,30,32,27,23,8,23,19,39,,20,28,,21,15,,21,17,26,,40,,25,,,11,14,40,36,35,43,41,42,100,18,45,35,18,,39,50,,30,28,50,,48,62,23,25,76,81,,25,25,35,32,,,52,34,37,,44,37,34,35,20,41,35,,36,,,30,29,30,28,177,160,71,79,26,,70,50,47,75,,191,199,188,,,,47,34,,20,,28,68,62,80,15,16,25,40,9,8,12,48,40,,36,22,18,20,15,,14,,15,,17,,44,,20,,80,29,13,34,21,36,13,24,,,28,16,20,15,,37,39,32,20,,16,13,,,19,17,21,22,20,14,21,24,24,18,20,45,23,38,55,,16,15,,37,27,25,23,34,38,30,23,26,,29,22,21,10,9,43,10,54,14,24,,11,23,18,23,,21,15,24,,41,13,38,17,32,36,29,31,29,11,24,28,24,30,17,24,,15,,16,13,27,25,20,25,28,,,122,28,23,16,19,24,60,24,32,47,19,,23,48,11,24,19,11,,,83,38,35,42,27,61,20,24,16,20,18,12,14,20,24,46,37,42,44,43,46,20,18,15,13,9,22,29,22,25,54,51,54,38,,23,17,16,20,19,29,38,22,25,25,25,20,35,49,11,15,,8,18,14,12,18,12,10,11,15,13,16,27,23,10,18,27,25,24,26,25,23,36,,28,24,39,46,19,25,18,46,,39,20,84,18,11,20,,9,27,,20,28,25,22,28,,23,,16,41,19,26,20,41,19,32,33,39,29,46,39,13,19,13,10,14,13,28,41,29,32,32,,33,16,15,16,15,19,15,15,17,16,13,12,,13,,63,58,30,67,75,59,29,24,17,22,15,20,28,31,48,30,29,20,32,52,16,10,11,45,11,7,,19,17,20,28,16,15,26,15,13,15,10,14,25,15,48,38,18,21,21,23,26,35,37,42,21,26,26,29,8,24,10,14,14,12,12,,9,27,19,,27,13,23,11,36,33,29,40,22,44,21,13,14,15,16,30,26,26,40,36,26,22,,37,25,20,20,,20,20,30,19,,27,24,22,22,16,13,14,,14,18,41,40,33,,35,32,73,45,35,40,7,20,,23,10,11,63,34,45,50,64,41,45,48,42,13,16,18,15,10,10,15,,,12,25,29,53,49,13,53,26,36,65,66,66,19,21,54,42,19,56,33,19,26,24,20,22,30,52,52,,19,41,16,13,25,29,30,23,14,8,13,24,33,34,,33,38,34,17,15,36,15,15,,27,,27,197,66,58,10,63,38,52,30,53,28,42,25,20,27,,25,19,16,22,23,7,42,37,54,29,,43,18,26,11,41,25,32,26,15,32,18,17,25,28,14,24,19,14,50
20230729,11,PM2.5,38,22,37,32,39,37,24,32,18,36,33,36,,,16,,8,9,18,,3,,2,1,,2,6,,30,37,33,24,16,27,5,,2,11,,15,10,,10,12,,7,,,,,24,24,16,21,,30,8,,18,28,10,27,16,14,19,11,6,14,,18,6,5,12,2,4,,7,9,6,9,37,,24,28,36,31,34,25,,16,14,,,12,13,15,12,20,12,9,,8,4,8,5,11,,13,,3,3,1,4,,1,3,3,2,8,9,10,10,11,9,9,9,11,10,10,9,11,12,12,12,14,,13,12,13,13,3,9,4,4,8,,4,5,7,11,2,2,,2,2,2,12,5,2,23,,9,9,9,10,10,11,4,8,,2,,2,,,,15,12,,7,16,9,,,,10,,5,7,7,5,7,9,5,,5,,,,8,8,,5,8,7,9,14,,11,8,8,5,6,7,7,15,,10,,13,14,,8,6,,7,9,9,,10,8,5,5,7,5,5,,,2,5,3,14,10,9,11,,9,,,9,,5,8,,17,13,12,5,6,5,,6,7,8,8,6,5,8,5,7,7,12,7,8,9,4,5,5,12,2,,,2,,1,,10,9,9,7,5,,9,15,14,,12,12,15,7,,9,15,15,17,14,,,7,12,7,9,12,7,20,,8,6,6,5,6,16,7,5,5,7,3,9,10,3,,2,2,7,9,9,12,6,3,12,53,13,7,4,34,,26,23,26,15,24,18,25,18,7,8,6,13,4,3,,,6,4,4,8,10,10,,19,22,17,24,,16,28,41,10,5,,9,8,11,,6,,,10,10,8,12,7,9,13,17,20,21,26,,24,26,20,26,21,25,20,27,,15,18,17,15,9,,23,29,22,11,23,18,16,,,23,18,24,15,10,,19,17,30,27,,,28,12,9,23,2,,12,14,31,12,9,,20,,9,9,11,10,6,6,6,5,7,7,11,8,39,3,12,8,10,3,,19,,3,10,,6,,14,19,,,,,13,,,,12,19,26,9,121,20,16,,21,14,9,14,13,4,14,12,11,18,19,18,11,10,15,,,,,,,14,17,9,17,17,,9,7,4,4,5,6,9,6,7,3,7,9,3,2,6,9,,,,7,,12,10,9,6,9,,12,13,,,12,14,13,5,,3,7,5,,9,5,7,7,17,7,8,14,5,2,,,,15,,,7,,9,15,9,8,4,10,9,,10,10,,12,,,28,,14,33,37,6,7,7,13,,,18,16,20,21,28,21,14,14,7,24,10,15,16,12,13,11,8,8,17,21,,25,13,15,,14,12,,12,15,10,8,13,,18,7,,,7,12,,26,,20,22,15,17,2,7,,2,8,,,32,,54,,27,29,17,,27,16,14,13,16,,5,6,5,8,8,5,5,6,9,5,7,5,,5,5,10,5,5,6,8,2,7,1,1,9,11,8,8,10,11,7,3,5,,3,8,6,8,6,4,27,9,29,17,7,10,10,10,,8,7,10,,10,4,12,3,1,,1,8,6,,8,,11,6,8,7,6,,4,,,,15,,6,,1,,10,,6,7,,28,24,,28,,7,14,5,7,14,18,,17,10,7,6,10,9,,12,,,3,12,14,12,10,14,23,20,20,2,7,12,15,28,34,22,20,23,20,5,6,16,15,20,15,13,12,16,18,13,,14,8,11,26,5,8,6,5,,,,,5,7,,8,18,14,12,15,22,20,5,12,13,7,,13,12,,16,20,,11,14,20,,17,23,,22,4,2,,2,3,4,2,5,41,27,29,34,,6,5,31,11,26,11,13,1,19,,11,,12,19,19,,,10,,,,,12,,,,,,,,,,,,,,,,5,,,,,,,,,,,,,,,,,,,,,,,,,,,,,,,,,,,,,,14,2,2,9,15,8,2,5,2,,,4,12,5,7,2,,18,29,33,26,26,35,20,,30,28,58,,,44,54,,37,41,20,,19,,17,8,,,7,11,,,9,13,30,,,10,14,15,18,10,9,11,17,9,10,21,16,5,4,4,8,8,5,6,10,6,,,13,,12,12,3,,,,9,2,15,12,5,13,13,12,3,,,,6,4,5,12,11,9,4,4,5,12,11,19,8,11,12,9,13,,,6,5,5,7,12,12,,6,8,4,,7,12,4,,10,7,3,,8,11,10,,7,9,1,6,13,5,5,4,,7,1,5,6,3,1,,6,,6,,,,,2,2,7,1,5,,6,,6,5,4,,,,1,25,9,10,16,3,2,,9,6,16,13,12,19,3,,4,7,9,15,5,6,8,16,14,18,12,12,16,14,23,,14,8,7,,4,,9,12,19,16,21,19,16,22,14,,12,25,16,7,13,11,9,10,13,12,9,,8,14,15,,1,2,,7,,6,6,10,,8,9,19,9,7,,7,7,7,7,10,9,12,,5,7,10,3,8,,3,2,6,10,14,10,10,2,12,7,3,,,5,,9,,9,5,,10,6,,3,,10,9,12,11,6,12,11,,16,16,,18,16,2,22,11,6,5,6,9,6,11,12,9,17,20,17,25,25,10,22,6,17,16,15,18,8,19,25,16,12,,6,12,33,22,27,26,16,18,11,5,14,15,18,20,14,7,19,12,13,16,18,12,38,29,24,25,,41,22,21,8,4,,5,5,5,17,14,12,12,8,10,57,52,26,52,6,3,,,,20,19,,18,8,5,9,16,19,,9,12,8,,,,,6,9,7,8,7,18,,15,,3,10,9,3,11,14,18,10,10,9,3,,,,,5,6,8,9,9,5,11,,14,6,7,14,17,6,14,6,9,6,15,14,14,16,,17,20,22,18,11,5,9,7,27,,14,19,,9,5,,6,7,2,,15,,2,,,5,3,14,12,18,6,8,8,11,7,19,18,10,,10,13,,4,5,17,,13,22,5,8,33,34,,15,6,13,6,,,21,13,23,,18,10,13,14,3,9,7,,5,,,5,3,3,3,97,90,26,24,13,,31,11,12,33,33,86,58,82,,,,16,16,,7,,9,24,21,26,7,11,2,25,,2,8,33,19,,24,9,11,6,5,7,8,,6,,9,18,18,,7,,44,7,6,11,12,22,9,15,,,1,4,5,10,,17,11,13,13,,11,5,,,5,2,6,14,8,9,11,5,7,8,9,18,16,15,31,,10,8,,15,11,9,7,5,25,16,14,11,,10,14,1,7,6,30,7,33,5,6,,1,14,10,4,,6,10,7,,18,5,18,10,9,17,10,12,11,2,11,19,,17,9,9,12,,,8,4,10,10,8,17,19,,,18,7,16,11,12,1,43,9,22,7,11,15,8,26,5,14,6,2,,3,16,14,13,9,6,29,8,10,7,9,8,8,6,4,7,24,20,14,4,17,19,10,12,9,9,,13,11,7,15,30,33,38,19,15,13,11,,9,3,10,21,5,17,17,12,13,9,21,3,10,,5,9,8,5,7,5,3,5,5,2,7,8,9,7,12,6,14,14,7,12,8,25,,8,12,27,32,6,12,7,32,,27,11,62,9,2,14,,2,10,,14,19,17,5,15,,13,,5,16,12,18,11,20,2,22,23,22,14,25,26,7,5,9,7,8,7,,15,11,21,16,,8,5,3,9,10,12,2,7,11,9,6,4,,8,9,22,15,9,26,31,27,19,8,11,13,8,8,13,14,33,13,20,12,21,36,2,5,,31,2,1,,5,10,8,12,10,7,10,10,4,10,7,8,8,,17,15,7,8,9,16,12,21,3,29,,9,17,15,5,12,2,2,8,5,4,,4,7,2,,17,9,16,7,9,20,14,10,6,26,4,6,8,4,6,19,10,13,19,22,15,9,14,18,7,13,12,,5,10,6,6,,13,16,7,12,11,9,6,,8,9,15,19,18,12,24,3,34,31,12,12,1,14,11,16,7,2,33,15,22,27,21,22,14,26,27,7,4,12,10,,4,10,43,16,7,11,5,34,34,8,37,7,9,14,44,28,10,7,38,29,12,27,23,11,8,12,9,15,8,30,31,,8,4,11,6,1,9,8,5,5,,9,9,9,7,4,23,26,20,,7,10,10,6,,7,5,12,70,44,27,6,42,18,33,21,28,17,14,17,7,15,,4,12,11,7,16,2,25,17,25,17,12,14,8,7,2,12,11,22,8,3,16,9,5,2,14,9,11,12,5,22
20230729,11,PM2.5_24h,20,14,17,18,21,19,12,16,12,23,15,18,,,15,,18,18,17,,17,,10,13,,10,16,,23,28,26,19,19,22,11,,24,26,,36,19,6,11,20,,14,,14,13,11,15,13,12,14,,21,7,,13,17,14,22,15,17,17,15,22,24,,26,13,9,15,21,18,,17,21,22,21,28,,18,26,30,27,27,23,,14,13,,,13,17,14,16,21,14,11,,11,10,11,12,13,,14,7,7,8,7,10,8,7,8,8,10,13,13,13,11,11,10,10,12,13,13,14,9,8,13,12,9,14,,11,8,19,9,6,9,6,5,6,,5,8,6,8,3,4,3,3,4,3,6,7,6,16,,8,9,8,9,8,10,2,6,2,1,1,1,,,,8,9,,8,8,10,,,,12,,7,7,6,5,8,8,7,4,8,,,,8,7,,10,10,10,6,7,,7,4,5,1,5,5,5,10,,8,,8,8,,8,7,,6,8,9,,10,7,9,6,9,7,6,,,7,6,4,12,9,11,13,,6,,,8,,4,7,,12,11,10,6,7,6,,6,6,8,8,6,7,5,4,7,10,11,4,10,12,5,7,6,9,2,,,1,1,2,,9,9,8,6,4,,7,8,12,,8,10,4,6,,7,6,11,12,8,,,5,2,3,4,5,5,15,,8,8,9,10,9,24,8,7,5,9,7,12,14,6,,8,8,6,9,7,11,6,6,8,18,6,8,2,18,,18,17,18,10,13,16,14,12,13,14,16,20,12,12,,12,13,11,14,21,17,17,13,13,15,14,14,,12,17,23,18,18,19,15,15,14,17,10,,,16,16,16,18,11,11,16,14,13,14,14,13,34,30,32,31,32,26,34,40,,15,19,16,14,12,,19,23,16,15,20,8,14,,,21,18,19,15,14,,7,8,11,10,,,12,9,6,18,9,11,9,13,17,15,7,,14,10,15,14,18,16,8,7,6,6,8,7,16,12,37,9,16,13,13,7,,17,,8,12,,18,,24,23,,,,,11,,,,19,17,23,28,85,27,17,,30,9,8,7,9,2,8,8,7,6,9,20,7,9,7,12,,23,19,15,18,13,15,13,17,16,,8,8,7,21,15,16,17,7,7,5,8,11,12,11,11,9,7,,,9,,7,5,6,5,14,,13,7,,,10,6,8,5,,3,7,5,,6,4,2,4,7,2,4,3,2,,,,,5,,,8,,8,6,9,9,3,5,2,4,3,6,,7,,,13,,12,17,16,12,12,13,14,11,,25,29,28,24,30,22,32,32,20,29,8,10,11,13,11,13,11,10,13,18,,16,14,12,,13,13,,12,11,10,14,11,,15,9,,,10,13,,25,,20,18,15,18,12,14,,16,16,,51,31,,45,,23,26,22,,31,27,8,8,7,,9,9,11,12,14,8,8,15,14,10,11,10,16,8,11,15,8,5,19,16,10,13,13,13,11,11,10,9,12,8,12,4,9,,11,10,14,14,6,6,17,9,18,11,7,8,8,7,,9,8,9,,8,8,8,6,6,,6,10,4,,16,,16,11,13,15,13,8,4,,,,8,,9,,9,,11,,11,7,6,15,18,,16,,9,13,7,5,12,11,,12,9,5,7,13,7,,13,,,7,14,12,14,10,14,18,16,12,16,8,14,22,32,27,29,26,28,22,8,8,9,10,13,10,13,14,18,17,14,,6,7,9,15,7,5,5,1,,,,,9,11,,11,10,11,8,10,12,15,7,15,8,12,10,11,11,,16,14,,13,15,16,,13,16,,17,4,3,3,5,5,7,3,5,25,28,22,40,,17,20,41,9,16,12,12,4,11,,20,9,20,19,17,,,7,,,,,4,,,,,,,,,,,,,,,,1,,,,,,,,,,,,,,,,,,,,,,,,,,,,,,,,,,,,,,7,2,5,10,11,8,3,4,2,,,10,11,9,11,8,,18,22,24,16,21,22,21,,29,23,28,,,30,37,,25,25,18,,18,,14,15,,,25,15,,,16,14,23,,,11,11,12,6,15,10,13,18,15,18,22,15,8,12,9,11,10,9,12,12,18,15,8,15,,13,14,10,,5,2,6,9,14,13,7,6,8,11,4,9,,,8,8,10,10,8,12,9,5,4,6,11,17,6,10,10,11,8,,,14,6,7,7,12,14,,11,7,6,,10,10,6,,10,7,6,14,4,7,9,,7,10,7,6,8,4,8,9,,9,4,5,5,6,5,,3,,7,,,,3,3,5,8,4,3,,8,,7,6,6,2,1,,4,33,9,9,9,11,3,4,7,5,11,10,8,12,4,,2,7,8,26,6,4,4,11,11,10,10,8,12,9,13,,9,7,6,9,9,,11,9,10,11,12,15,10,13,9,,11,13,11,7,10,8,9,7,7,7,6,,14,13,16,,7,6,8,12,,11,13,6,,6,7,12,5,6,,7,9,11,8,6,7,6,,7,8,12,4,7,,7,3,8,15,14,11,12,9,17,8,3,2,,8,15,11,,8,6,,9,7,8,7,,11,9,9,17,13,9,14,,11,17,12,17,16,8,18,16,7,12,12,10,7,12,15,13,15,14,12,18,13,25,19,7,13,15,15,14,8,14,14,11,12,10,10,9,25,22,26,23,18,23,25,19,23,20,23,22,24,21,25,24,21,15,19,15,19,25,21,21,,27,26,27,6,7,,4,7,6,9,6,16,14,9,14,22,18,12,19,10,4,,,,19,15,,17,5,4,6,7,6,,8,8,8,,,,,6,5,10,8,5,12,,15,,7,8,6,6,8,9,12,8,7,4,8,,,,,9,6,9,7,16,7,12,,10,6,8,12,15,6,11,6,9,6,14,17,25,18,,24,25,21,24,8,6,10,10,17,,12,8,,10,5,,4,5,5,,14,,3,,2,4,8,9,5,9,18,18,16,44,5,8,6,10,,10,7,,8,6,13,,17,19,6,6,41,42,,4,4,14,14,,,14,11,20,,14,9,14,17,2,18,8,,8,,,5,4,2,2,30,33,19,24,8,,27,11,12,13,15,38,20,26,15,,,15,13,,9,,7,26,26,26,9,9,13,12,10,15,14,24,20,,21,9,10,10,7,7,8,,3,,2,8,10,11,7,8,53,9,4,11,12,16,8,8,,,22,7,6,15,,14,13,14,12,,7,5,,,3,6,6,6,9,5,6,3,2,6,12,18,18,11,31,,14,13,,12,11,12,12,16,25,15,6,18,,8,4,3,15,7,23,4,24,4,14,2,5,16,7,4,6,7,8,9,,16,6,13,7,7,11,11,13,13,9,8,13,2,11,10,9,11,13,,5,8,3,13,6,11,9,,,22,6,22,10,7,2,10,9,9,12,12,9,13,20,3,10,14,3,,10,21,10,18,7,4,34,8,7,5,9,9,7,7,6,6,13,19,16,8,16,14,13,8,9,8,4,9,9,6,14,14,16,15,15,21,18,16,17,16,13,17,14,15,13,15,12,17,13,11,10,23,,13,7,6,5,7,5,6,6,10,9,7,7,6,18,16,9,12,11,7,15,14,14,21,14,16,30,24,10,18,13,13,,17,12,19,5,5,9,4,1,3,,3,14,15,2,12,15,16,,9,9,14,13,13,16,13,31,23,19,25,21,21,4,6,8,4,5,6,4,10,4,21,10,17,17,7,3,7,8,9,6,8,10,7,8,3,8,7,6,22,18,22,29,33,26,9,10,8,14,14,16,9,26,14,14,19,14,14,26,7,8,13,27,32,14,3,6,7,6,9,8,7,9,10,11,9,10,14,8,8,8,11,12,11,9,15,16,14,7,17,4,11,13,10,5,2,3,4,6,6,6,12,2,5,7,,10,9,10,2,6,16,17,7,9,14,6,8,7,6,7,11,19,22,17,18,12,5,8,15,11,10,10,,6,13,8,9,15,14,19,6,13,8,8,7,10,7,9,21,18,13,24,22,18,27,28,12,20,22,29,25,27,27,18,16,11,9,19,21,21,14,20,19,9,5,11,13,4,12,10,20,23,10,18,3,17,15,12,19,9,10,21,67,53,9,9,26,28,10,17,13,15,13,11,18,17,7,15,20,,8,4,10,7,6,12,9,3,1,2,12,3,7,8,8,18,21,12,4,11,8,8,7,,5,6,6,21,34,35,11,29,13,15,26,16,21,16,8,6,9,20,7,6,12,5,32,23,14,11,16,12,14,15,7,8,12,21,10,34,8,5,15,10,5,2,14,7,7,3,8,13
20230729,11,PM10,75,33,67,64,,58,52,53,39,47,63,54,,,27,,12,18,26,,5,,5,2,,3,10,,32,57,27,35,43,37,14,,7,14,,13,4,,12,17,,16,,9,10,3,40,60,56,52,,45,18,,44,26,30,34,19,37,47,36,20,14,,29,5,12,10,9,13,,12,4,10,14,,,35,44,59,50,46,46,,29,29,,,23,34,34,27,27,25,17,,19,18,20,,18,,25,6,4,10,3,19,8,,6,14,18,29,25,20,19,31,16,15,26,,23,17,20,37,37,18,30,40,29,27,8,20,44,20,28,24,4,28,,17,25,22,23,14,14,9,7,,9,,8,12,27,,17,18,18,15,16,14,10,9,,5,12,27,,,,27,31,,34,24,19,,,,22,,17,,14,14,17,9,14,12,15,,,,18,14,,16,14,18,14,17,,18,14,19,24,24,22,24,21,,29,,18,25,,16,15,,14,13,12,,11,27,13,13,13,9,,,,,9,8,24,24,17,,,13,,,14,,12,14,,22,27,30,19,16,22,,16,11,20,17,12,9,14,10,12,7,12,5,12,14,19,9,9,12,1,,4,19,9,11,,22,32,16,9,5,,3,2,16,,22,24,24,17,,29,42,32,24,19,,,22,22,24,27,51,24,11,20,12,15,18,16,,25,26,4,10,15,9,15,11,4,,21,6,6,13,17,11,23,22,10,13,18,23,47,53,,54,42,36,48,52,37,34,27,17,29,24,28,19,9,,11,9,19,11,21,12,24,19,,39,42,45,,35,56,41,7,39,2,9,17,8,,13,,,16,19,15,9,23,12,19,18,32,32,36,,27,43,33,30,22,41,37,35,,30,28,35,28,28,,32,47,20,24,27,24,27,,,35,34,39,34,21,,32,26,47,41,,,40,20,22,22,22,,31,31,31,27,27,,27,74,14,12,12,15,17,14,13,6,29,24,15,11,15,11,8,6,16,13,,35,,8,10,,30,,28,33,,,,,14,,,,19,32,59,51,95,53,42,,88,26,15,19,36,22,31,29,33,29,34,35,8,22,24,,,,,,,41,46,34,39,56,,12,14,12,7,9,4,12,14,16,9,13,14,18,18,13,14,11,,,14,,,22,17,22,17,,11,29,,,14,12,22,12,,6,6,,,22,29,31,27,31,19,14,9,9,14,,,,17,,,15,,17,17,7,19,22,22,29,19,7,10,,19,,,31,,38,55,41,28,11,20,15,,,22,28,29,30,26,23,31,14,12,29,22,26,30,12,12,22,10,3,26,21,,28,23,27,,14,13,,27,12,19,23,30,,36,17,,,23,14,,22,,31,33,38,43,6,6,,6,5,,,82,,82,,34,51,66,,41,36,28,39,27,,13,16,15,23,17,14,16,,21,11,21,5,23,4,16,22,10,16,15,15,25,3,6,26,10,14,15,19,18,14,27,6,29,,18,6,7,13,8,12,33,24,27,47,13,25,19,52,,13,30,10,,3,5,7,12,6,,16,10,4,,8,,6,5,9,7,3,4,7,,,,20,,17,,5,,4,,13,12,10,53,100,,51,,17,12,19,30,20,15,,27,17,22,16,22,19,,27,,,6,26,22,19,18,22,35,33,48,10,16,16,23,34,42,47,25,36,40,17,17,14,18,16,26,26,27,25,40,23,,31,21,20,38,14,25,19,19,,,,,,24,,10,14,38,35,26,33,33,12,19,15,26,,30,22,,16,36,,16,18,40,,20,28,,23,3,5,18,16,22,11,,10,51,46,44,59,,45,20,97,27,39,26,23,15,11,,18,,63,60,111,,,34,,,,,24,,,,,,,,,,,,,,,,24,,,,,,,,,,,,,,,,,,,,,,,,,,,,,,,,,,,,,,28,12,15,18,22,14,14,23,13,,,7,19,39,14,20,,11,55,59,50,54,55,29,,39,43,76,,,60,78,,50,47,40,,40,,54,38,,,37,14,,,22,33,50,,,14,21,17,22,18,24,18,46,40,24,42,40,8,12,16,20,22,21,21,21,15,10,19,26,,23,26,11,,,,27,14,28,12,25,16,20,56,8,,,,5,14,5,12,9,5,27,8,6,24,24,39,9,13,20,15,8,,,17,15,18,2,21,19,,4,24,22,,12,19,12,,14,14,4,,16,27,18,,13,16,18,18,13,22,14,21,,14,17,10,5,19,9,,8,,8,,,,9,1,6,11,15,17,,9,,18,13,11,,7,,,,19,22,19,22,,7,8,,22,33,29,26,3,,5,14,11,22,11,21,4,29,32,32,15,15,28,48,32,,13,30,23,,16,,27,28,35,31,34,29,31,27,28,,22,37,33,19,23,21,19,24,21,25,25,,2,8,4,,16,12,19,17,,9,11,20,,11,7,19,,12,,10,13,6,10,4,,13,,14,12,10,20,29,,20,20,14,18,15,23,22,23,19,25,12,17,,15,,17,,2,2,,21,5,,6,,15,14,14,33,25,21,22,26,40,22,26,37,36,24,36,26,22,17,13,14,10,28,22,27,34,36,12,29,28,20,33,20,20,29,30,22,29,45,50,19,17,,26,21,59,57,63,51,27,24,30,12,19,33,25,63,19,19,33,23,36,34,26,29,45,47,53,46,,63,29,31,13,13,,11,22,28,43,26,5,10,20,11,73,85,42,106,11,12,,,,25,29,,24,,23,29,19,47,,17,17,13,,,,,10,12,10,14,10,19,,14,,18,17,24,20,23,37,26,9,23,24,9,,,,,37,19,12,10,18,9,18,,22,16,22,29,10,14,16,11,32,18,19,18,10,16,,14,30,17,27,23,6,10,7,31,,20,15,,13,8,,13,14,5,,40,,7,,,11,14,40,36,35,18,11,20,149,18,45,35,15,,39,50,,7,14,50,,48,74,4,18,102,112,,16,13,15,13,,,53,22,32,,21,12,20,35,6,18,8,,16,,,16,11,1,7,304,269,91,107,26,,89,50,47,99,,332,348,326,,,,47,34,,17,,28,85,73,110,13,14,8,40,3,3,10,37,36,,36,22,18,16,6,6,14,,15,,17,20,44,,18,,110,23,10,34,21,36,13,24,,,28,4,20,15,,31,22,32,8,,16,9,,,19,16,21,22,20,14,21,24,24,18,16,45,23,38,59,,16,15,,37,20,20,16,34,38,25,23,23,56,29,22,6,8,5,37,9,58,14,9,,10,23,11,6,,10,13,22,,41,13,38,17,27,36,18,17,15,2,24,27,24,30,14,24,9,12,,16,13,27,11,13,21,26,,,23,28,4,6,19,11,19,24,25,47,19,39,23,48,10,24,6,8,,11,30,38,33,42,27,71,20,24,16,20,18,6,14,20,24,46,36,39,44,43,37,16,15,15,9,9,22,29,22,25,57,51,57,38,38,23,17,7,11,12,28,38,22,22,21,25,18,35,49,5,13,,7,18,10,8,16,9,9,10,5,2,16,11,23,7,10,11,12,11,6,8,9,26,,28,14,30,32,13,10,13,35,,39,15,68,18,7,15,,9,27,,14,24,17,22,28,,15,,16,41,15,12,16,41,15,8,33,39,29,46,39,11,19,11,9,14,5,28,41,29,32,32,,33,10,9,4,13,19,14,15,16,9,13,12,32,13,17,75,65,29,83,100,68,29,18,16,22,15,16,20,31,42,30,25,14,32,50,16,4,7,42,3,4,17,19,11,20,28,16,14,26,14,13,7,2,8,25,15,48,38,18,7,21,21,26,34,14,38,14,16,12,29,7,24,9,14,14,12,12,14,7,27,12,,27,11,11,11,20,26,6,21,4,44,5,13,14,9,10,29,22,26,40,36,26,12,29,37,18,20,18,,20,20,30,16,,22,24,16,18,5,12,12,,12,18,35,36,27,,13,2,96,41,35,40,4,14,10,19,10,4,75,34,45,50,77,41,45,48,42,13,16,18,5,8,3,7,54,16,12,11,29,56,46,8,40,21,16,80,81,82,19,15,56,41,18,62,27,19,26,24,14,15,26,53,53,,16,41,6,7,8,29,22,23,14,6,2,24,33,9,22,25,27,34,12,7,36,15,14,,27,14,27,344,82,65,4,75,38,54,30,55,28,42,19,20,27,,24,19,13,22,11,7,42,37,58,29,,24,14,26,11,41,20,18,19,8,32,18,8,8,28,14,24,19,14,50
20230729,11,PM10_24h,35,27,35,41,26,36,28,32,24,31,30,33,,,24,,26,35,26,,24,,22,24,,18,13,,43,54,40,35,40,44,36,,44,34,,46,37,14,22,26,,32,,26,20,19,27,35,36,46,,35,23,,34,26,30,42,36,36,41,35,43,36,,49,17,21,23,27,29,,34,26,32,32,34,,30,37,51,42,38,37,,30,30,,,28,32,35,37,30,32,29,,28,20,28,26,24,,28,14,13,16,12,25,14,9,13,18,19,31,29,29,29,30,21,23,30,31,26,24,28,23,39,35,36,34,40,38,26,35,46,24,27,24,18,25,,24,23,23,26,13,11,12,9,12,12,16,11,10,34,,20,23,19,22,20,20,12,12,11,8,10,15,,,,18,19,,28,13,12,,,,18,,16,17,16,12,20,13,14,13,23,,,,19,13,,20,20,25,12,13,,16,11,14,13,10,13,17,14,,18,,16,18,,16,14,,13,12,11,,17,26,13,15,17,15,14,,,14,12,15,21,23,22,29,,11,,,16,,18,15,,22,25,22,21,20,20,,15,13,17,15,15,9,10,11,15,13,14,11,16,17,18,14,14,16,5,,6,10,8,8,,19,32,14,10,3,,10,6,18,,14,17,16,15,,19,18,19,18,7,,,20,12,16,25,12,13,19,20,17,18,19,20,22,30,24,13,17,19,17,18,17,13,,24,14,11,13,13,10,18,17,8,11,16,27,29,30,,37,38,29,27,29,33,22,19,25,33,28,56,25,24,,25,32,25,34,29,27,28,23,28,24,29,21,,25,35,35,26,31,26,24,25,25,26,21,,,33,30,33,37,28,28,28,28,27,25,20,20,52,48,49,42,50,45,50,63,,29,32,30,26,19,,28,28,20,24,25,18,19,,,35,27,32,31,18,,17,17,25,22,,,23,13,22,22,20,15,27,28,25,22,27,,26,30,20,22,25,23,14,16,11,9,17,16,23,20,25,17,23,19,23,16,,37,,18,22,,39,,31,30,,,,,17,,,,26,31,98,93,80,104,94,,110,20,15,24,20,22,18,21,19,19,19,35,17,25,18,27,,31,29,29,29,36,34,34,36,46,,18,16,16,26,22,22,22,15,14,13,18,19,23,22,19,18,22,,,8,,14,8,5,10,20,,16,15,,,13,12,16,12,,9,10,5,,14,21,13,13,10,7,7,6,5,8,,,,10,,,20,,19,15,10,17,14,16,19,7,4,9,,11,,,26,,22,30,31,16,20,24,21,21,,40,39,39,43,51,30,48,41,33,43,18,20,20,28,25,37,20,27,30,29,,29,22,24,,21,20,,22,19,20,21,20,,33,15,,,30,19,,29,,36,34,39,41,22,23,,19,21,,68,61,,64,,34,44,54,,46,46,18,22,20,,18,17,25,26,20,17,25,40,25,22,25,17,30,27,23,27,17,18,32,25,26,22,30,39,18,17,20,24,16,13,31,20,35,,17,9,9,16,15,19,26,15,18,26,17,17,13,15,,15,17,17,,4,16,14,13,13,,13,17,4,,23,,25,17,22,20,20,17,16,,,,21,,20,,28,,13,,17,13,26,27,44,,27,,24,24,22,19,19,24,,17,15,17,11,14,12,,20,,,10,24,23,23,18,29,32,29,26,25,38,22,37,34,44,50,39,55,35,19,20,15,16,18,19,19,25,27,28,22,,22,15,22,23,14,16,14,12,,,,,10,24,,12,20,21,21,17,22,19,19,20,20,22,15,25,21,,29,23,,22,22,28,,20,23,,23,5,9,10,11,9,12,,8,34,31,28,39,,83,69,159,17,29,23,22,28,25,,63,49,60,60,57,,,20,,,,,13,,,,,,,,,,,,,,,,8,,,,,,,,,,,,,,,,,,,,,,,,,,,,,,,,,,,,,,16,12,19,16,21,15,21,17,13,,,16,30,38,27,27,,24,39,56,29,41,48,39,,40,50,44,,,39,53,,34,33,29,,29,,45,35,,,39,24,,,27,33,34,,,17,20,20,19,25,24,17,36,40,38,36,32,19,23,20,32,28,23,32,25,39,42,35,38,,28,25,16,,11,6,23,28,24,18,16,16,17,40,15,25,,,20,15,11,14,10,21,21,10,7,25,13,39,5,14,18,18,12,,,20,8,16,4,21,22,,12,20,19,,18,18,18,,14,17,12,21,15,17,16,,15,15,18,21,16,10,12,13,,12,21,7,14,19,7,,8,,6,,,,8,10,6,9,12,15,,12,,14,16,12,13,18,,19,5,13,11,12,12,,10,12,10,18,15,15,13,8,,9,10,11,36,10,25,4,15,20,18,20,13,27,27,25,,11,17,18,27,21,,21,16,18,22,26,22,21,22,19,,20,24,24,16,18,39,17,17,19,16,18,,15,17,16,,22,18,25,15,,18,18,15,,17,13,16,13,10,,20,19,18,12,16,17,17,,17,13,14,20,27,,23,23,15,29,25,21,19,19,19,20,12,21,,23,22,23,,10,12,,18,14,10,12,,17,14,13,31,22,21,34,22,21,28,24,22,29,22,27,39,20,17,24,19,20,24,22,28,23,27,18,27,21,26,32,17,19,27,30,24,23,26,24,26,19,15,20,20,46,44,49,50,34,36,33,37,39,44,37,38,33,39,44,34,46,26,29,32,37,35,35,35,,40,40,41,19,15,,11,15,17,18,19,14,14,18,22,27,28,23,29,17,20,,,,21,27,,26,,22,18,20,26,,15,15,15,,,,,17,14,15,17,15,33,,23,,10,11,17,15,16,24,16,8,13,16,7,,,,,27,18,9,9,30,16,19,,15,14,17,19,17,12,18,5,31,18,19,22,23,29,,24,31,29,34,17,9,18,16,24,,23,16,,15,8,,6,10,13,,45,,6,,6,8,19,22,22,20,27,23,24,29,11,20,19,20,,28,23,,16,18,44,,65,74,11,19,172,176,,9,7,23,26,,,24,26,39,,27,22,20,30,6,25,20,,17,,,21,9,6,6,113,102,57,78,29,,103,57,55,43,38,88,92,91,83,,,56,40,,35,,53,79,93,124,15,18,22,29,25,23,20,47,35,,32,22,17,20,14,15,16,,9,,8,13,23,17,20,19,164,28,13,39,23,25,13,13,,,42,10,13,25,,31,23,27,14,,10,9,,,12,21,24,15,13,12,16,15,10,19,22,35,22,26,52,,23,16,,24,20,18,17,79,31,22,15,27,29,25,14,14,22,12,46,8,36,14,18,14,16,18,10,6,10,9,10,30,,29,16,23,20,15,22,24,23,20,17,30,25,30,24,18,19,23,29,,18,13,11,22,14,18,13,,,31,23,23,13,16,6,20,20,13,44,12,28,15,28,10,19,10,14,,18,32,29,36,28,24,114,23,23,21,25,32,22,21,25,24,25,28,24,39,39,25,20,15,20,13,13,21,21,16,22,28,31,30,32,35,35,24,29,28,30,36,27,31,16,27,24,31,36,28,14,34,,21,11,13,9,17,8,12,12,21,21,24,14,18,20,19,16,14,13,7,18,17,21,33,24,19,26,29,14,31,23,21,,23,15,27,13,10,12,13,9,13,,7,20,15,15,17,21,21,,15,37,26,23,18,25,21,51,38,33,42,37,31,12,14,13,10,11,13,38,18,12,36,25,31,33,15,6,9,18,14,16,21,19,16,19,14,20,18,12,104,100,99,105,115,79,15,17,13,23,27,32,24,43,18,28,28,25,24,44,34,8,19,38,48,24,14,17,11,12,16,16,15,17,22,19,17,17,21,20,15,20,31,26,12,21,22,22,20,12,23,13,19,15,24,13,10,12,20,17,14,13,17,4,16,14,,15,12,15,11,14,27,5,19,12,19,15,22,16,17,13,18,28,39,33,31,19,7,15,34,30,20,21,,24,19,22,19,23,22,29,18,20,9,8,13,21,15,18,45,33,20,37,27,23,61,55,48,44,33,46,44,45,28,19,48,38,38,62,59,57,60,42,48,18,17,19,24,11,15,14,27,23,20,19,16,29,25,23,23,23,48,103,195,172,16,19,39,43,22,43,27,30,24,19,32,31,26,26,40,,14,18,19,27,15,20,21,14,5,8,11,14,25,15,18,21,19,19,21,16,44,12,17,,20,12,18,91,55,54,22,47,31,34,51,32,43,40,26,20,16,27,19,13,27,15,38,38,24,21,35,27,43,36,16,23,19,38,28,44,23,12,26,18,7,8,23,14,9,10,18,36
20230729,11,SO2,1,3,3,3,3,1,2,2,3,3,3,3,,,5,,2,4,5,,4,,4,4,,3,2,,2,1,3,3,3,1,5,,3,2,,3,,4,2,4,,3,,2,3,3,8,4,6,9,,7,2,,1,1,9,9,8,11,11,4,3,1,,4,4,7,3,3,2,,4,4,2,4,7,,4,7,5,7,6,4,,9,8,,,10,9,7,8,5,14,8,,12,7,9,9,7,,9,4,3,8,4,6,5,3,6,3,6,3,4,4,6,3,5,4,4,,3,10,5,6,5,6,7,5,6,3,4,5,7,4,7,6,3,5,,2,6,7,5,6,3,3,6,5,6,,6,7,5,,6,7,8,6,8,5,7,8,,4,5,4,,,,6,8,,6,8,5,,,,6,,2,5,,5,9,4,8,5,6,,,,6,,,3,3,5,3,6,,8,5,7,5,6,7,5,3,,5,,8,5,,6,3,,4,5,6,,7,4,6,5,2,4,7,,,2,4,4,5,6,5,5,,4,,,2,,7,3,,4,2,3,5,3,5,,3,3,4,6,3,5,4,3,5,4,5,2,5,5,8,8,8,7,2,,4,2,3,3,,1,,7,5,8,,5,5,11,,6,5,6,5,,4,7,5,6,6,,,6,8,8,7,5,6,1,3,3,2,3,1,3,2,3,6,8,7,4,6,5,5,,6,7,3,5,4,2,4,2,5,2,2,5,4,4,,5,5,10,8,7,6,5,7,4,5,6,4,4,6,,5,6,5,7,4,6,4,4,6,11,5,6,,5,7,14,5,6,6,10,5,6,2,4,,,9,7,6,2,4,4,5,3,19,19,13,,6,5,6,5,5,7,5,5,,7,5,8,7,7,,5,5,5,10,7,6,6,,,6,11,5,4,16,,4,4,4,3,,,5,3,4,8,4,8,6,8,8,10,6,,12,10,8,3,7,7,6,13,8,10,12,10,7,5,3,6,6,6,2,5,,5,,4,7,,12,,13,12,,,,,8,,,,8,13,5,,16,5,4,,5,9,4,10,13,7,4,4,4,6,5,2,7,4,7,,,,,,,30,35,10,8,16,,4,5,4,2,5,6,,3,2,5,2,5,2,2,8,7,8,,,4,,4,2,4,3,6,,6,2,,,2,2,2,15,,8,7,7,,12,9,7,9,7,9,,4,5,7,,,,11,,,5,,5,8,6,8,5,8,7,4,4,4,,11,,,16,,14,16,22,4,4,8,4,,,9,9,5,8,8,4,8,5,4,10,1,4,1,8,4,6,4,5,4,6,,6,7,9,,4,4,,9,8,4,6,5,,7,5,,,1,5,,4,,8,6,10,10,7,9,,,8,,,10,,9,,8,6,7,,8,6,,20,16,,8,6,6,5,2,3,4,,6,5,6,3,6,4,3,6,5,6,6,15,4,13,3,1,5,5,6,6,4,6,5,4,8,,6,5,4,4,2,4,5,6,3,4,4,3,5,,,6,8,6,,4,10,7,9,8,,10,10,8,,3,,3,4,5,3,8,5,4,,,,1,,2,,6,,3,,3,6,4,3,4,,6,,5,2,5,2,7,6,,,9,16,6,8,4,,4,,,8,5,6,3,6,6,8,11,3,4,4,2,4,13,9,11,11,18,13,1,3,4,6,7,5,4,6,6,7,5,,10,7,15,8,5,5,7,4,,,,,1,3,,1,1,9,10,11,9,,5,6,3,3,6,9,8,,4,3,,8,2,6,,6,6,,6,7,4,5,9,4,5,5,4,5,7,5,3,,,17,5,24,29,7,10,8,3,,6,7,6,4,5,,,6,,,,,3,,,,,,,,,,,,,,,,5,,,,,,,,,,,,,,,,,,,,,,,,,,,,,,,,,,,,,,7,1,1,3,2,2,2,3,2,,,2,8,9,8,8,,7,14,14,11,6,12,6,,7,6,8,,,5,6,,12,10,3,,6,,16,19,,,5,5,,,4,3,20,,,3,3,8,11,10,6,7,2,3,6,5,4,3,5,7,8,8,4,6,11,8,5,2,4,,7,7,5,,7,6,9,5,,4,7,5,12,6,13,,,,6,8,7,9,9,11,6,10,3,8,7,8,4,2,3,4,1,,,13,5,3,1,5,3,,6,5,6,,6,5,6,,4,8,4,7,5,2,4,,5,4,4,8,3,4,4,4,,6,5,6,7,8,6,,5,,6,,,,1,6,8,6,3,4,,3,,3,7,5,6,6,,6,2,8,5,10,12,5,5,6,3,2,3,3,7,2,,8,5,4,14,14,4,30,18,21,22,12,6,8,17,7,,3,8,4,,2,,1,5,4,6,9,6,8,13,1,,3,6,7,1,3,4,6,4,2,8,7,,4,2,5,,8,2,5,4,,4,3,4,,1,8,8,8,6,,6,5,5,8,9,4,3,,4,6,4,5,5,,5,8,8,4,5,5,6,6,6,7,6,4,,9,8,5,,7,6,,18,4,,1,,6,4,6,10,10,9,7,6,10,6,6,4,6,7,6,5,4,5,2,2,5,9,7,6,3,7,17,14,22,18,19,11,,6,6,5,2,20,18,9,6,,6,6,12,5,7,6,8,7,5,6,5,11,5,6,8,8,8,11,21,7,8,10,10,8,22,18,,24,4,2,,3,,5,8,6,5,7,6,4,7,8,7,8,7,9,3,12,,,,7,9,,9,15,12,14,13,32,,6,7,6,,,,,6,6,7,7,8,1,,4,,5,8,13,13,11,14,3,5,45,5,8,,,,,,3,4,4,12,8,2,,14,10,8,11,9,2,8,9,6,10,4,6,7,11,,7,12,6,6,7,9,5,8,17,,10,6,,7,7,,7,8,4,,7,,7,,,8,1,8,14,11,6,8,8,8,5,6,5,8,,62,78,,8,6,10,,8,6,9,4,5,6,,5,5,7,8,,,3,6,5,,13,10,16,11,11,8,6,,6,,,7,4,5,6,6,4,7,6,5,,11,8,9,6,,6,2,2,,,,7,6,,5,,4,8,10,9,26,2,4,6,5,4,4,3,10,,6,2,8,3,5,,2,,3,,6,,5,,8,,11,8,5,6,10,10,5,3,,,2,4,6,6,,5,14,6,8,,5,4,,,2,4,6,4,8,6,2,4,5,5,5,7,6,10,10,,3,2,,6,4,10,6,4,18,5,10,14,3,4,5,3,2,4,53,3,19,4,2,4,6,4,9,4,,7,9,7,,2,4,11,2,5,7,4,5,6,4,4,10,3,9,7,3,1,4,15,3,5,6,8,8,5,4,,,8,5,7,6,8,6,6,4,4,8,3,18,7,15,6,3,4,3,,4,14,11,18,22,6,8,6,7,6,7,5,6,2,5,6,3,6,9,18,16,12,2,8,6,8,7,7,2,4,4,6,6,8,7,4,5,6,3,6,7,7,9,2,5,6,9,6,6,2,6,8,,6,9,5,4,8,2,3,2,4,3,2,1,8,4,2,7,3,6,8,11,6,10,,5,9,10,8,10,11,12,3,,4,6,5,4,8,9,9,4,7,,2,5,4,4,8,,13,,6,4,6,8,9,6,4,5,11,9,6,9,5,2,1,4,5,5,3,5,12,5,2,3,,24,4,1,5,7,4,3,5,5,6,6,3,5,3,,6,5,3,5,8,7,6,7,4,8,6,4,5,6,15,3,5,6,6,1,2,5,4,6,4,8,4,3,6,6,2,3,3,2,6,3,4,1,10,8,6,39,7,11,6,9,10,4,6,5,6,6,5,6,14,3,4,9,3,4,7,6,4,2,6,8,,2,2,4,3,13,6,7,23,7,3,4,1,1,7,3,16,3,8,13,3,5,5,7,5,2,2,3,,8,4,6,6,,6,9,4,7,5,4,2,,3,2,11,11,7,6,13,7,14,3,2,1,3,1,1,2,4,10,5,7,10,4,8,8,10,8,9,2,4,4,3,7,10,2,10,8,4,7,7,6,4,3,4,7,9,7,5,4,4,6,9,6,7,22,12,5,10,3,6,7,6,62,52,,6,3,4,3,6,7,1,4,6,7,6,6,1,4,8,4,4,7,5,3,6,4,4,,6,7,1,7,8,7,9,6,3,3,3,3,3,8,8,3,4,,9,8,4,5,4,1,3,3,3,3,6,7,5,3,6,4,8,9,6,4,4,3,6,7,7,12,4,8,5,32
20230729,11,SO2_24h,3,3,3,3,3,3,1,3,3,3,3,3,,,5,,2,4,6,,4,,4,5,,3,3,,2,2,2,3,3,2,6,,2,3,,3,3,4,2,5,,5,,2,3,2,8,4,6,9,,4,2,,2,2,9,9,7,11,9,5,2,2,,4,5,8,2,4,2,,5,5,3,4,6,,3,6,7,7,5,3,,6,6,,,8,7,6,7,5,9,21,,5,8,13,11,10,,9,4,4,8,4,7,5,4,6,5,6,4,4,4,5,3,5,4,4,3,3,8,5,6,3,7,7,5,6,3,4,5,8,4,8,6,3,4,,2,6,7,5,4,3,3,6,11,6,4,6,7,5,,6,8,7,6,8,6,6,8,4,4,4,4,,,,6,8,,6,7,4,,,,6,,3,5,7,5,10,5,8,5,6,,,,7,5,,2,4,5,7,6,,7,5,7,4,6,7,4,3,,5,,7,5,,6,4,,4,5,6,,6,4,5,5,2,4,7,,,3,4,4,4,6,5,4,,4,,,2,,6,3,,4,2,3,5,4,4,,2,3,4,4,2,4,4,3,5,4,4,3,5,5,8,8,7,8,2,,4,2,2,3,,3,,8,6,7,,5,4,10,,7,5,6,5,,4,7,5,6,5,,,4,6,10,6,5,5,1,1,3,2,1,6,3,2,3,6,8,7,5,6,6,5,,6,6,3,5,4,1,4,2,4,2,2,5,4,5,,5,5,9,7,6,6,6,7,4,5,6,4,4,7,,5,7,5,7,5,7,5,5,7,11,5,7,,7,4,9,6,6,7,11,6,6,4,5,,,9,8,7,4,5,5,6,4,8,16,8,10,5,6,7,5,6,9,6,8,,7,5,8,7,8,,5,5,4,7,6,5,6,,,6,9,5,4,6,,3,3,2,2,,,3,8,4,5,3,5,4,6,5,5,4,,10,7,8,4,6,6,7,12,9,12,13,11,7,5,3,6,6,6,2,5,,4,,4,7,,7,,6,7,,,,,5,,,,13,13,5,5,14,5,5,,6,10,3,10,12,6,4,4,4,6,6,2,6,4,7,15,,13,10,13,7,6,9,10,8,7,,5,6,4,4,4,6,3,3,2,5,2,5,2,2,9,7,8,,,4,,4,2,4,2,6,,6,2,,,2,2,2,11,,8,6,7,,11,9,10,8,6,7,2,3,5,6,,,,10,,,5,,4,8,7,8,5,8,6,5,4,4,,8,,,16,,12,11,11,5,5,9,5,8,,12,9,5,8,8,4,8,7,4,11,1,5,2,7,4,7,4,5,4,7,,6,7,9,,4,5,,7,6,3,6,5,,12,5,,,3,5,,4,,9,9,10,10,8,10,,11,8,,9,8,,8,,9,7,8,,8,7,12,15,16,,8,6,5,5,3,4,3,7,5,7,5,4,6,5,5,6,5,6,6,12,13,11,3,3,5,5,6,6,4,6,5,3,7,,6,5,4,4,2,4,5,5,2,4,2,3,5,2,,6,8,6,,4,11,7,9,8,,11,10,7,,3,,3,4,5,3,8,7,4,,,,1,,2,,6,,3,,2,6,4,3,3,,6,,4,2,4,2,8,5,,10,8,9,6,7,2,,4,,,8,5,6,3,6,7,10,12,6,5,4,2,5,18,19,11,20,24,12,1,2,3,6,6,6,7,9,8,8,5,,8,7,15,7,5,5,6,3,,,,,1,2,,2,1,8,9,8,5,6,4,6,2,2,5,5,4,,4,3,,9,2,5,,6,4,,5,7,5,5,9,4,6,7,4,4,6,5,4,,21,30,4,18,30,8,11,9,2,,6,7,6,5,6,,,4,,,,,3,,,,,,,,,,,,,,,,5,,,,,,,,,,,,,,,,,,,,,,,,,,,,,,,,,,,,,,7,2,1,2,1,2,2,3,2,,,2,9,10,9,8,,8,6,7,6,5,6,11,,8,8,5,,,4,4,,15,13,2,,7,,17,21,,,5,4,,,3,4,14,,,4,3,7,10,10,5,7,3,4,7,7,5,3,6,10,9,9,4,6,11,8,5,3,4,,7,8,5,,7,5,7,5,5,4,6,4,8,6,6,5,,,5,8,7,9,10,13,6,9,6,5,7,15,8,2,2,4,1,,,8,8,4,2,5,3,,6,9,6,,6,5,7,,4,8,6,7,5,2,3,,4,4,4,8,2,3,5,4,,4,6,6,7,9,7,,5,,6,,,,2,6,8,6,3,4,,3,,7,6,5,6,6,,6,1,10,4,7,10,5,4,6,4,2,3,4,4,2,,8,3,4,6,8,6,28,14,16,16,12,12,10,10,8,,5,8,8,10,5,,1,5,5,5,9,8,9,13,2,,3,3,7,3,4,4,5,4,3,8,10,,4,4,6,,6,2,5,4,,4,3,4,,2,8,5,7,4,,6,5,4,7,9,4,4,,4,6,4,6,5,,6,8,8,4,5,5,6,6,6,7,4,4,,7,9,6,,6,7,,9,5,5,2,,6,4,6,9,10,5,20,7,10,12,9,4,8,6,7,8,4,5,3,3,4,6,5,6,3,6,7,8,10,13,11,10,4,8,8,9,2,12,8,9,6,5,6,5,8,6,7,6,7,6,6,8,6,9,6,7,6,8,8,17,27,7,8,11,10,5,14,10,,13,4,3,6,3,,6,7,6,4,6,5,3,6,5,3,2,2,3,3,10,,,,6,8,,8,8,8,10,9,9,,7,7,6,,,,,5,5,6,6,7,2,,4,,4,5,9,11,8,12,2,5,9,5,5,,,,,3,2,4,4,27,6,2,,4,7,7,8,9,2,8,8,5,9,4,6,13,36,,11,14,6,5,7,9,5,8,14,,8,6,,7,7,,6,7,4,,7,,7,,8,8,2,6,10,8,5,7,6,8,5,5,4,8,,115,49,,6,6,7,,7,5,5,3,5,4,,5,5,8,8,,,6,5,4,,11,10,14,10,11,10,5,,5,,,7,5,4,6,6,4,4,5,5,,7,8,9,6,6,9,3,3,3,,,6,6,,5,,4,9,8,9,12,2,4,5,5,5,4,3,10,,6,2,8,2,4,2,2,,4,,6,5,3,4,7,8,11,8,4,6,6,8,5,4,,,2,4,5,6,,9,15,6,5,,5,4,,,2,4,6,4,7,6,2,5,5,5,5,6,6,7,8,,4,2,,6,4,8,5,5,16,4,7,16,3,4,6,3,2,5,16,3,25,4,2,3,6,4,8,5,8,7,8,6,,2,5,9,3,3,5,3,6,5,5,4,7,5,4,9,3,1,5,25,3,6,5,7,8,5,4,,,6,4,6,7,7,6,6,3,4,6,2,10,8,16,6,3,4,3,,5,11,6,18,44,5,7,6,7,6,7,5,8,2,5,6,3,6,8,20,12,10,2,7,7,7,6,6,2,4,5,6,6,8,8,5,6,6,4,6,7,7,14,2,7,6,8,7,7,2,6,8,,6,9,5,4,9,2,3,2,5,4,2,1,8,4,2,8,3,6,8,10,4,9,8,7,9,9,7,7,10,12,2,,3,6,6,3,6,10,8,4,6,,1,4,4,4,9,8,8,,6,7,5,8,7,7,5,6,11,33,8,10,5,2,1,3,5,4,4,5,6,4,4,3,15,13,4,2,5,6,4,6,5,5,6,6,2,5,2,7,4,7,1,6,6,7,5,8,5,9,6,5,5,6,9,3,6,7,7,1,3,5,4,5,6,8,4,3,6,6,2,3,4,3,6,3,4,3,10,8,4,19,7,11,7,9,8,5,3,2,2,6,4,6,7,4,3,9,3,4,7,6,5,2,5,7,,4,2,5,3,10,5,7,9,5,3,4,3,2,7,3,14,5,16,9,4,5,5,5,5,2,3,3,,8,5,7,9,6,6,7,5,4,5,4,1,6,4,2,13,9,6,7,14,6,9,1,2,1,3,3,3,3,4,5,7,7,9,4,8,8,10,7,8,2,4,5,3,8,12,2,7,6,5,8,7,5,4,3,2,6,9,6,7,6,4,7,6,9,7,23,10,7,11,4,8,9,7,16,12,,6,3,4,2,6,5,2,4,6,7,5,7,2,3,8,3,4,6,6,3,7,2,4,,5,7,1,9,6,7,8,4,3,2,3,3,3,8,9,4,4,15,11,9,6,4,4,3,3,3,3,3,9,6,4,3,9,6,4,10,5,4,4,6,6,7,8,11,4,8,6,12
20230729,11,NO2,2,4,18,29,21,23,32,7,15,21,27,17,,,14,,17,17,26,,11,,27,8,,14,11,,15,17,12,15,14,15,22,,1,7,,7,2,,7,12,,10,,4,1,8,14,16,15,17,,19,6,,15,8,7,25,14,18,17,10,7,12,,5,13,7,10,4,10,,8,11,14,16,17,,5,19,20,13,16,9,,13,12,,,7,9,16,12,7,19,13,,11,12,12,17,14,,9,14,10,10,6,8,9,10,12,,16,12,8,5,6,7,4,2,8,5,7,6,5,6,7,8,18,17,13,12,5,8,9,10,12,8,9,2,,11,9,8,12,,7,3,2,4,3,9,5,2,5,,1,2,5,1,2,4,10,11,8,9,8,3,,,,5,5,,6,2,4,,,,8,,8,9,,7,12,7,6,6,9,,,,2,4,,9,6,7,9,6,,5,5,8,5,4,6,1,3,,5,,5,7,,11,10,,12,12,14,,14,11,13,,8,6,8,,,2,11,6,15,8,5,,,12,,,11,,1,8,,7,6,10,6,2,4,,15,15,11,11,7,6,9,5,10,11,6,7,7,13,6,8,5,9,2,,11,20,11,6,,14,,11,15,10,,6,9,5,,14,20,26,20,,19,28,25,24,2,,,11,10,8,9,7,8,14,7,10,13,8,9,11,13,14,18,23,19,15,14,12,22,,20,14,14,4,16,8,8,9,4,6,3,2,,16,,20,20,21,28,32,26,30,15,17,12,11,24,6,15,,11,9,8,25,25,28,3,11,6,13,13,21,,7,24,22,13,15,9,3,6,8,8,6,,,15,14,12,21,12,13,13,19,15,15,,,20,20,31,17,8,17,30,23,,9,18,19,11,9,,16,14,13,23,38,8,16,,,14,26,15,22,23,,6,24,16,20,,,23,4,16,33,18,10,14,15,,23,24,,15,16,10,12,7,13,4,14,19,9,19,22,15,13,16,6,12,12,10,7,,20,,14,15,,21,,24,32,,,,,8,,,,12,15,24,37,32,31,18,,20,8,2,9,9,3,4,9,9,5,7,2,6,6,5,,,,,,,27,18,11,10,20,,10,9,10,6,5,10,8,13,12,6,4,6,2,6,11,14,7,,,6,,5,2,3,1,2,,3,14,,,4,5,4,17,,7,10,9,,9,8,6,9,6,2,,2,2,5,,,,1,,,4,,2,8,4,6,12,1,3,4,6,9,,4,,,9,,5,11,13,8,8,9,12,4,,7,12,18,14,12,12,8,7,6,5,5,7,8,6,5,4,12,13,14,15,,17,8,8,,10,11,,10,8,15,8,4,,11,9,,,,11,,8,,11,7,12,18,10,14,,,7,,17,19,,19,,14,15,15,,16,11,18,16,8,,7,10,9,9,11,9,2,,13,6,14,2,10,6,9,27,9,8,10,2,2,4,5,7,5,6,6,5,6,3,6,10,16,,7,8,7,5,5,5,8,19,7,12,7,13,10,8,,3,5,8,,2,14,11,7,1,,,9,2,,10,,9,9,13,8,4,1,2,,,,6,,7,,9,,1,,12,11,11,18,18,,14,,18,20,11,19,7,11,,4,9,5,13,10,3,,3,,,1,6,7,6,5,4,7,8,12,6,6,11,18,9,8,10,9,7,11,7,8,3,7,12,4,12,13,11,18,10,,16,20,33,40,16,10,4,6,,,,,1,2,,2,6,18,16,18,13,16,14,15,16,16,11,14,10,,15,19,,6,4,14,,11,9,,12,2,9,11,13,8,7,9,10,8,10,9,10,,12,14,7,10,13,8,8,6,6,,5,4,9,8,4,,,27,,,,,6,,,,,,,,,,,,,,,,5,,,,,,,,,,,,,,,,,,,,,,,,,,,,,,,,,,,,,,8,3,7,6,4,4,3,5,2,,,10,19,22,22,16,,17,10,9,12,6,12,13,,13,15,16,,,16,21,,18,,9,,10,,15,23,,,13,7,,,5,4,22,,,8,5,4,5,11,6,5,9,8,9,5,5,9,5,8,14,9,11,12,13,5,6,7,10,,10,12,5,,,5,13,10,6,6,12,,16,19,9,,,,3,10,7,12,5,6,4,10,4,11,13,2,2,6,5,9,3,,,13,13,7,2,5,5,,2,10,11,,2,6,4,,4,4,4,4,1,4,2,,11,8,13,11,13,11,6,5,,11,4,2,5,5,4,,6,,9,,,,2,4,5,3,2,3,,5,,11,16,12,9,7,,11,6,10,15,12,13,,3,6,,7,6,4,6,8,,18,5,10,21,8,6,4,9,11,10,9,3,7,17,8,,2,7,6,,2,,16,6,9,10,10,8,10,9,33,,8,14,10,3,2,3,2,5,4,5,2,,12,12,11,,11,7,12,9,,7,6,7,,5,3,2,4,3,,11,2,7,7,4,6,5,,6,2,5,6,2,,12,8,5,2,1,2,13,9,10,11,5,4,,6,8,8,,3,3,,5,4,,4,,5,5,4,6,7,4,5,4,7,5,4,4,4,5,5,3,4,4,5,1,2,34,2,7,6,14,5,7,9,7,9,3,5,4,2,4,4,18,22,9,4,,11,12,27,13,25,12,17,9,28,10,10,28,21,24,12,10,14,13,20,8,10,16,10,18,14,17,,14,8,12,7,7,,5,7,14,21,13,14,11,12,13,20,16,20,19,4,20,,,,7,10,,7,9,20,20,26,28,,6,8,6,,,,,13,8,12,15,10,7,,10,,16,9,23,15,15,21,7,12,26,20,10,,,,,17,22,5,5,9,6,12,,6,15,10,14,12,12,16,24,15,9,10,8,7,8,,4,8,9,12,12,10,6,16,7,,16,9,,10,10,,7,9,12,,12,,8,,,5,10,19,15,14,8,7,9,8,4,7,5,4,,22,21,,7,8,13,,10,10,16,14,12,9,,7,4,4,7,,,25,12,18,,8,10,5,12,4,4,10,,2,,,8,6,4,4,32,33,26,22,7,,13,8,12,10,8,2,10,11,,,,21,20,,13,,14,14,19,15,24,10,8,11,5,13,12,12,13,,18,5,9,7,7,9,12,,9,,1,12,22,,14,,11,8,3,9,9,11,8,12,,,8,3,10,12,,11,12,23,2,,5,7,,,8,6,9,2,7,6,2,5,4,8,5,36,13,17,20,,17,8,,18,12,11,14,9,15,8,3,6,21,20,7,5,18,6,26,2,18,2,4,,17,9,4,6,,6,10,9,,5,8,46,5,9,38,1,1,2,4,7,33,2,12,8,9,,9,10,3,8,2,13,13,10,14,,,23,5,8,12,5,6,5,8,14,9,10,,6,23,10,7,8,5,,4,25,19,16,16,13,10,8,7,7,8,8,4,6,11,4,8,9,9,16,11,14,5,3,3,8,2,1,9,9,10,25,36,27,17,22,10,13,10,18,13,5,8,10,4,20,16,12,12,5,12,13,,14,7,5,3,6,2,1,5,10,7,5,4,5,8,2,4,8,7,12,9,7,7,,18,11,17,16,9,9,21,13,,12,10,14,3,21,8,7,3,2,,2,3,5,10,10,,9,,11,18,3,8,4,5,7,10,9,7,8,20,7,4,2,12,8,11,3,8,10,2,8,4,,21,2,5,8,7,5,7,11,2,5,2,3,2,6,,4,24,8,32,18,10,16,7,5,7,22,12,5,9,18,17,20,7,8,24,7,8,8,13,6,12,2,6,8,8,8,8,4,5,7,11,10,7,10,7,2,15,10,12,3,12,16,6,6,6,12,12,9,3,14,7,3,5,6,5,11,4,11,6,3,9,,12,7,7,2,13,11,6,17,2,16,4,15,16,11,8,8,10,8,10,9,11,3,,11,5,5,5,,8,4,27,4,7,17,17,22,16,11,8,10,,5,6,12,11,10,14,16,2,26,15,15,19,2,15,13,6,10,3,14,15,15,16,12,8,7,18,20,8,6,6,15,9,12,2,25,14,8,9,4,12,11,22,18,13,1,16,14,12,5,7,21,18,24,15,5,27,8,22,10,16,5,33,21,,1,2,8,6,9,11,2,9,9,15,11,6,10,5,8,11,9,39,4,4,14,18,18,,8,,3,4,18,17,3,14,8,16,4,8,10,14,7,8,25,,13,6,2,11,7,3,9,8,21,7,,11,6,2,7,9,23,11,9,8,6,2,8,13,20,4,2,2,16,22
20230729,11,NO2_24h,30,6,19,25,28,30,30,17,13,18,34,19,,,14,,18,18,19,,18,,23,11,,9,17,,10,14,16,8,14,14,13,,16,19,,20,14,10,15,21,,20,,5,3,8,11,14,12,14,,17,8,,13,13,9,28,21,22,26,9,18,22,,18,19,16,22,8,12,,6,7,9,12,23,,7,22,21,24,17,27,,21,28,,,25,27,29,25,15,26,17,,16,12,13,15,15,,11,13,12,9,9,10,11,13,10,11,12,18,14,10,11,12,7,2,13,10,13,10,12,8,9,14,18,21,19,20,7,12,18,8,6,8,8,2,,8,13,6,11,6,11,6,6,7,7,12,9,7,4,,2,3,6,2,2,6,8,9,2,7,6,5,,,,7,7,,8,6,8,,,,14,,11,18,8,11,15,12,11,9,15,,,,8,7,,18,18,15,8,6,,5,7,8,5,4,5,2,3,,5,,5,7,,14,11,,12,13,14,,12,7,17,14,5,7,5,,,2,6,4,9,6,3,8,,14,,,9,,3,10,,3,4,6,5,2,2,,16,17,10,10,9,9,5,4,15,11,7,9,8,13,7,15,8,11,2,,6,6,6,4,,4,,12,13,12,,7,7,6,,14,19,24,21,,22,24,25,23,4,,,6,9,13,8,7,10,12,6,10,12,6,7,7,8,13,16,21,18,18,18,20,17,,18,13,9,6,14,10,12,12,7,12,8,3,56,17,,24,27,18,19,28,21,20,12,12,14,13,18,17,19,,10,6,10,23,13,14,7,7,10,14,17,12,,12,24,24,12,9,8,6,10,11,12,8,,,16,13,18,17,12,10,12,17,21,24,18,19,26,24,49,21,27,18,32,40,,14,18,16,13,5,,24,41,21,22,33,20,17,,,41,36,34,21,28,,10,24,26,22,,,18,5,13,26,13,15,13,21,17,19,16,,15,16,13,19,14,16,11,17,19,11,16,14,19,12,22,11,14,14,9,9,,21,,15,17,,24,,22,28,,,,,10,,,,15,22,17,22,25,20,6,,11,12,8,13,15,9,8,14,8,8,10,13,5,14,6,29,,21,29,23,22,23,16,18,20,29,,11,10,12,6,2,7,3,10,14,7,3,8,3,10,5,6,3,,,10,,6,2,4,3,7,,8,10,,,9,10,8,19,,10,13,9,,14,11,10,10,7,3,2,2,2,7,,,,4,,,9,,6,6,5,5,13,2,4,7,6,6,,5,,,10,,6,9,11,8,9,10,11,6,,14,19,18,15,20,15,11,11,10,15,11,12,12,7,6,5,15,11,11,12,,11,10,7,,8,8,,8,6,12,6,7,,20,11,,,4,12,,24,,24,23,19,25,7,10,,4,4,,18,22,,22,,12,13,12,,12,10,22,19,11,,6,7,8,12,12,7,3,20,16,10,15,5,16,12,15,20,9,8,15,10,5,9,12,14,8,9,12,7,8,2,12,11,11,,8,10,12,9,8,9,9,18,8,10,7,12,10,10,,6,8,9,,4,12,16,12,6,,15,13,2,,7,,7,9,12,8,5,2,3,,,,5,,7,,9,,4,,10,7,9,13,18,,8,,20,20,13,12,9,14,,8,14,8,12,10,4,,6,,,2,8,12,8,4,6,14,12,14,9,4,4,7,10,21,19,19,21,13,8,7,6,16,13,10,14,18,18,19,16,,11,14,22,30,14,12,6,9,,,,,3,8,,7,4,13,10,13,15,9,13,9,16,15,11,16,12,,13,14,,12,6,18,,15,18,,18,5,6,18,13,10,11,9,10,16,19,15,12,,15,18,18,8,12,14,12,2,4,,6,3,16,9,4,,,23,,,,,6,,,,,,,,,,,,,,,,5,,,,,,,,,,,,,,,,,,,,,,,,,,,,,,,,,,,,,,9,6,7,8,4,5,4,6,2,,,4,14,15,15,13,,13,18,16,18,15,23,20,,16,20,14,,,15,18,,20,24,26,,22,,12,14,,,14,12,,,9,7,18,,,11,9,5,9,13,7,6,12,11,10,8,7,5,7,9,14,15,19,17,19,10,10,16,13,,14,14,6,,4,4,8,11,10,7,9,6,13,16,10,14,,,6,13,10,16,8,12,6,8,4,13,12,2,8,8,8,11,4,,,10,13,8,2,12,10,,5,7,10,,9,8,13,,9,9,10,10,7,6,3,,7,8,7,13,9,6,10,9,,9,4,4,4,16,12,,9,,10,,,,3,7,6,4,4,5,,6,,14,15,15,3,2,,2,3,9,12,9,6,,4,7,3,6,9,7,5,6,,5,4,6,8,7,6,4,7,9,7,11,6,10,12,9,,3,4,3,8,6,,6,4,8,8,9,6,9,12,20,,8,13,7,3,4,3,3,5,7,7,4,,14,10,8,,8,5,10,7,,6,5,8,,5,4,4,6,5,,8,2,7,4,7,9,5,,8,4,6,10,7,,14,14,5,6,6,6,11,10,9,10,9,7,,7,8,9,,4,5,,6,4,4,6,,3,4,5,10,12,8,8,11,9,12,10,5,6,7,8,8,5,6,6,3,4,25,10,15,12,18,6,9,9,11,13,2,8,5,5,8,4,12,9,10,5,3,7,9,30,10,21,21,16,9,10,14,13,19,14,12,11,11,8,10,16,14,13,15,14,9,14,16,,10,8,12,7,10,,6,5,13,11,15,10,10,11,15,12,18,19,13,5,26,,,,11,12,,12,16,22,22,25,23,,11,8,8,,,,,9,6,9,9,9,15,,11,,13,5,10,10,11,14,4,10,13,14,7,,,,,11,8,5,5,16,18,15,,5,8,7,9,11,6,13,14,15,12,10,11,19,19,,9,9,12,14,11,11,10,11,11,,11,9,,9,10,,7,8,12,,8,,9,,4,5,10,12,14,10,18,13,13,12,2,8,5,8,,12,13,,10,12,15,,8,9,18,17,16,16,,5,4,12,21,,,17,16,31,,11,10,12,11,6,6,15,,7,,,11,10,6,7,19,17,22,24,9,,11,9,10,8,7,12,14,14,8,,,16,13,,24,,13,9,8,23,15,3,6,16,8,18,12,10,16,,29,8,14,16,4,11,12,,11,,4,10,18,10,23,19,14,12,7,15,14,10,6,10,,,20,2,14,14,,19,15,18,4,,6,11,,,11,11,13,2,10,8,5,7,6,13,7,36,17,15,23,,15,7,,17,11,9,8,6,22,11,4,9,12,18,6,4,17,4,31,3,19,7,6,13,19,13,6,8,7,7,8,11,,4,9,37,4,8,25,3,4,5,6,4,25,6,10,14,15,16,10,19,6,12,2,22,10,13,16,,,15,6,10,15,6,4,6,14,10,13,8,8,16,20,5,6,6,6,,5,23,17,13,19,14,21,8,6,6,7,10,6,7,9,5,13,24,20,12,22,19,13,5,4,9,3,1,12,6,10,17,33,22,17,22,15,9,18,24,10,11,15,10,8,16,14,13,8,4,18,15,,17,7,13,6,14,3,3,4,12,8,6,5,7,8,5,8,13,9,18,14,17,7,17,15,12,19,22,9,26,21,15,,13,10,14,5,22,12,6,5,4,,2,9,11,13,15,15,14,,13,28,8,11,5,7,4,18,8,11,10,13,13,6,7,16,8,7,6,10,9,2,11,6,37,23,5,6,11,7,6,15,14,8,11,3,2,2,5,2,7,18,7,21,9,6,22,6,7,5,16,10,13,11,6,13,13,8,8,13,10,9,15,11,21,20,3,8,9,9,10,11,7,4,6,11,8,6,12,8,6,13,9,13,6,20,18,12,12,20,12,15,13,7,13,11,5,7,9,9,11,5,12,6,3,12,,10,9,9,5,12,21,9,12,4,16,3,6,5,3,4,13,12,12,12,6,11,4,7,13,12,4,5,,8,5,18,4,9,15,22,22,14,13,11,16,3,8,3,24,15,12,10,16,2,34,13,16,15,14,20,21,20,9,4,9,16,17,25,19,22,18,22,25,9,6,16,8,10,8,4,20,17,10,14,7,13,12,14,11,14,2,15,9,10,11,12,18,13,16,12,4,20,7,15,13,19,15,24,30,,4,3,5,7,16,10,7,8,10,21,15,10,12,8,12,18,12,17,13,7,16,15,18,,10,7,3,10,15,19,5,15,13,19,17,9,31,24,10,11,22,23,26,8,4,7,22,17,11,5,19,15,32,28,5,2,8,11,16,14,11,5,11,9,5,8,13,7,4,6,13,13
20230729,11,O3,44,102,47,45,,61,59,74,88,80,55,65,,,29,,21,22,17,,21,,10,26,,14,54,,58,56,66,52,46,67,71,,26,18,,18,17,24,23,23,,27,,27,35,31,45,66,57,63,,72,110,,111,118,108,79,85,94,66,68,42,34,,40,27,33,32,34,34,,51,41,39,51,105,,122,102,91,114,97,112,,128,135,,,137,132,126,125,36,35,37,,35,34,40,34,48,,57,26,28,17,23,27,28,30,20,24,21,49,53,54,54,58,51,49,43,48,55,95,81,67,84,83,82,80,82,85,75,82,87,14,17,19,22,19,,22,24,18,20,36,47,52,42,46,47,38,46,49,33,,35,37,35,38,30,33,24,25,28,21,28,26,,,,30,34,,42,37,39,,,,58,,47,43,34,51,41,40,44,48,47,,,,53,,,58,58,61,41,36,,39,32,26,17,30,31,34,36,,38,,28,25,,35,30,,37,38,37,,31,36,38,37,30,44,42,,,52,42,48,35,45,45,32,,31,,,39,,40,37,,44,37,34,16,22,18,,52,50,42,49,47,54,48,45,34,29,41,40,37,36,34,38,37,40,,,58,44,57,54,,24,38,44,50,45,,46,49,43,,50,12,14,21,,21,21,19,20,16,,,15,24,17,25,28,29,24,29,28,30,24,23,25,20,33,34,19,35,36,39,46,30,,34,56,38,61,44,65,56,59,57,63,72,60,72,109,,90,75,86,81,84,58,45,65,17,41,41,40,52,54,,61,38,48,42,31,39,50,56,120,122,106,55,,96,82,85,48,50,36,55,87,90,85,96,,,62,56,72,57,71,68,58,53,93,97,78,,65,61,66,62,81,83,59,65,,80,72,73,76,56,,54,83,69,60,20,82,72,,,87,50,55,66,45,,110,94,133,111,,,114,94,25,35,42,53,51,48,38,42,28,,57,85,67,76,73,69,87,79,68,81,72,67,57,44,46,61,39,59,33,66,,42,,58,39,,136,,91,91,,,,,109,,,,117,105,59,51,50,62,62,,39,71,96,72,83,67,70,63,62,70,72,93,59,70,73,,,,,,,107,131,130,125,119,,46,43,40,30,25,22,22,47,43,60,29,42,38,38,52,48,63,,,28,,20,23,24,20,46,,46,36,,,28,43,30,36,,27,15,17,,27,31,29,27,,14,25,25,26,14,,,,29,,,32,,34,22,32,22,21,25,,23,30,20,,25,,,83,,88,75,89,77,90,80,83,80,,88,81,75,78,78,78,94,79,71,72,66,75,75,65,64,62,59,56,58,55,,50,77,71,,75,77,,76,83,76,74,82,,100,61,,,23,24,,117,,127,125,118,115,87,88,,93,86,,77,86,,80,,120,110,123,,121,110,137,132,145,,40,33,41,36,33,37,95,42,41,48,35,39,40,44,24,13,36,34,29,50,37,49,47,49,46,43,41,45,,34,82,86,94,,97,83,84,80,79,75,86,76,80,86,88,47,48,54,,53,50,53,,58,32,50,54,40,,38,38,51,,30,,36,37,39,40,34,22,33,,,,26,,21,,36,,42,,22,21,20,48,55,,53,,54,43,,49,60,60,,65,69,75,62,72,73,,99,,,83,67,61,69,68,84,103,97,77,49,70,60,38,82,80,79,80,82,78,74,79,73,71,88,79,73,69,78,61,73,,45,41,29,25,55,69,70,72,,,,,88,94,,105,71,81,92,77,72,77,38,28,34,35,41,71,68,,41,28,,76,92,90,,102,107,,105,60,55,71,73,72,80,74,76,82,89,97,89,,122,115,122,120,121,105,123,107,105,,107,,122,115,126,,,17,,,,,30,,,,,,,,,,,,,,,,32,,,,,,,,,,,,,,,,,,,,,,,,,,,,,,,,,,,,,,56,50,36,48,53,39,39,42,43,,,,72,63,65,68,,69,97,106,106,113,106,130,,128,127,83,,,78,74,,70,65,114,,113,,119,101,,,116,80,,,124,127,100,,,88,87,134,142,127,126,132,61,54,73,64,113,31,35,38,37,43,45,36,39,60,62,67,58,,50,47,51,,39,35,24,32,80,78,114,99,18,20,20,,,,106,77,79,76,69,90,88,75,110,73,81,68,91,92,89,85,121,,,113,67,70,104,83,75,,68,36,35,,48,39,46,,34,36,41,37,20,35,36,,27,34,24,35,,23,33,37,,30,52,52,40,50,56,,35,,36,,,,32,35,32,31,35,36,,34,,47,44,59,65,66,,56,,35,33,38,,,48,47,41,,72,64,60,,,27,48,31,32,40,37,49,46,43,46,46,36,30,31,30,,37,60,56,,54,,47,66,74,74,45,42,41,50,32,,46,42,44,61,56,49,48,49,35,37,38,,36,20,22,,19,21,18,22,,24,23,30,,33,40,44,40,42,,39,45,41,42,41,37,38,,44,39,44,54,56,,53,54,53,64,68,79,62,67,62,58,61,56,,60,61,60,,65,64,,60,38,,51,,32,35,30,67,60,98,101,102,110,102,105,83,91,93,85,88,76,85,84,85,87,87,108,106,104,98,100,102,104,100,104,87,88,90,84,82,70,74,66,80,85,,59,69,61,40,62,69,67,75,49,81,74,60,73,77,85,81,60,77,76,87,92,93,95,29,45,45,,103,81,69,71,62,,68,66,78,82,83,86,92,86,87,56,85,91,74,10,92,,,,89,93,,86,61,49,51,43,39,,43,45,39,,,,,74,109,104,92,105,47,,59,,25,45,40,47,47,39,74,62,56,51,68,,,,,27,22,68,63,68,72,65,,57,36,39,71,86,54,59,53,58,63,51,52,68,66,,76,81,65,62,24,18,73,58,33,,31,26,,65,46,,66,54,81,,78,,78,,24,26,26,26,30,33,136,130,134,135,51,61,58,55,,106,145,,96,88,110,,133,131,72,77,119,119,,77,80,110,101,,,122,108,116,,138,118,107,91,64,130,112,,113,,,95,90,94,89,70,58,102,94,76,,60,113,100,99,98,110,92,92,,,,71,52,,62,,87,66,75,47,41,34,80,105,27,23,24,56,127,,106,50,50,62,48,49,38,,35,,28,20,114,,64,,118,91,39,46,36,98,32,62,,,35,51,35,29,,116,124,89,61,,32,41,,,22,53,54,33,32,38,23,24,25,50,63,44,63,53,94,,21,25,,78,85,77,72,80,101,95,31,82,45,36,46,65,17,22,92,31,114,28,74,26,33,49,56,72,,65,44,74,,116,24,27,34,101,74,91,98,92,35,25,84,49,43,53,54,37,45,117,44,33,25,77,64,55,59,,,243,43,36,36,32,76,67,59,41,113,25,33,55,77,35,24,60,34,,51,186,106,111,108,82,116,19,26,18,30,24,24,35,16,27,101,116,132,123,111,146,62,34,34,40,28,36,51,41,77,64,71,62,82,46,52,27,49,63,60,90,104,56,76,47,78,64,68,105,33,28,,25,53,43,38,56,38,31,35,45,40,27,85,36,32,40,85,80,75,81,80,72,82,81,21,76,76,64,59,80,57,98,,115,63,87,27,30,30,31,26,25,,27,46,42,32,62,,72,,30,94,60,64,62,106,58,79,87,99,81,74,86,39,49,33,32,28,41,49,36,27,63,86,,103,51,46,50,37,34,48,44,53,51,38,27,28,38,35,98,60,93,55,43,82,56,76,54,63,44,63,89,91,94,54,54,63,78,59,24,31,33,49,35,21,39,35,53,53,33,32,46,24,33,27,22,23,44,43,41,44,99,46,65,49,36,56,112,118,111,67,83,83,25,25,22,29,28,28,29,32,27,26,27,60,,32,24,28,28,114,104,90,128,70,36,65,32,38,45,50,94,81,73,97,93,35,70,67,61,80,58,63,,25,54,54,59,63,84,61,69,68,46,38,43,,42,46,129,127,105,89,62,100,109,67,45,80,21,11,13,16,32,33,58,65,64,69,55,72,77,63,58,41,26,33,31,32,29,30,43,,32,79,22,70,51,39,70,81,115,64,93,98,54,66,99,103,57,120,80,29,73,68,61,61,95,104,102,,58,35,36,39,80,71,93,22,24,23,33,32,28,107,94,105,104,33,54,47,42,25,45,,81,70,27,107,71,82,30,76,44,63,56,65,47,122,32,30,10,,77,39,30,46,20,20,90,83,46,75,139,137,56,43,34,108,78,92,82,47,53,45,52,80,60,28,23,27,43,111
20230729,11,O3_24h,116,102,125,122,119,124,91,125,116,80,114,96,,,194,,172,187,174,,202,,141,186,,144,242,,154,156,150,158,149,165,162,,179,188,,190,188,67,65,75,,91,,139,150,145,137,139,127,139,,156,141,,134,138,147,120,126,136,125,107,155,146,,153,197,177,170,158,152,,162,163,165,170,120,,122,122,130,125,123,116,,148,156,,,180,163,135,154,89,92,81,,96,73,86,82,83,,93,79,66,62,65,73,78,76,67,73,70,97,101,101,105,107,93,106,97,97,102,120,82,103,99,95,101,91,98,99,103,96,97,33,34,33,39,32,,38,38,34,32,49,53,60,45,51,51,51,47,58,35,,36,39,37,38,33,35,36,36,38,32,39,50,,,,58,62,,69,65,64,,,,58,,47,43,34,51,41,40,44,48,47,,,,53,45,,58,58,61,49,47,,45,36,32,38,34,37,38,40,,43,,58,58,,35,30,,37,38,45,,31,36,38,37,40,44,42,,,52,42,48,51,61,58,47,,38,,,41,,40,37,,45,44,42,32,34,32,,69,72,52,58,55,54,58,56,58,54,64,65,62,64,59,61,60,65,,,68,64,70,69,,49,38,63,71,67,,68,63,57,,64,113,128,112,,108,134,125,138,28,,,42,52,32,52,50,48,128,127,145,129,121,117,125,106,134,98,133,116,120,106,127,116,,106,158,88,115,88,108,96,109,93,103,126,103,72,144,,122,134,154,105,125,109,120,111,114,121,131,115,100,105,,146,140,95,121,168,166,164,167,120,122,106,124,,111,111,104,158,166,148,161,154,142,127,153,,,129,128,152,102,99,105,103,126,93,97,101,51,183,163,178,157,141,186,190,171,,92,95,102,95,86,,82,83,72,60,37,82,72,,,87,50,56,87,45,,146,120,143,120,,,142,135,72,92,76,87,96,87,92,89,85,,78,85,74,76,81,82,134,131,130,141,120,131,86,86,85,80,70,88,84,82,,84,,83,74,,155,,165,164,,,,,150,,,,170,175,101,107,113,100,95,,113,119,129,124,127,128,98,93,91,95,99,137,78,118,95,100,,110,96,107,90,158,176,171,167,166,,65,64,68,71,56,54,59,58,56,68,58,75,66,63,75,77,81,,,81,,52,60,58,49,144,,137,112,,,119,130,128,118,,82,77,102,,77,67,75,60,65,37,52,46,49,36,,,,68,,,75,,81,91,88,100,37,46,48,43,55,46,,89,,,83,,101,75,92,143,159,146,152,157,,110,93,96,94,105,101,138,117,109,116,66,75,75,196,198,174,72,60,75,127,,99,101,95,,83,102,,82,83,83,94,87,,100,80,,,93,90,,144,,164,157,154,154,137,145,,142,142,,142,130,,123,,170,156,172,,163,163,137,132,145,,95,84,89,87,80,86,120,117,118,106,114,106,105,80,71,70,73,72,70,80,63,82,84,88,114,116,110,117,115,110,92,99,94,,100,99,90,89,91,94,125,96,110,106,112,49,51,56,,53,50,53,,58,79,76,80,66,,77,73,76,,112,,118,113,127,122,131,140,148,,,,100,,102,,122,,117,,101,101,103,104,108,,105,,111,111,117,82,108,100,,136,122,124,121,124,125,,108,,,114,82,79,76,77,84,103,97,96,155,135,142,164,108,100,107,106,106,103,74,79,94,91,120,102,99,95,88,96,100,,92,94,106,124,58,70,71,72,,,,,110,113,,114,81,86,92,87,104,84,73,78,78,75,80,79,78,,84,80,,100,94,90,,108,108,,105,67,83,88,88,88,114,92,96,85,228,99,100,,149,149,147,163,176,139,148,125,128,,116,123,122,119,126,,,95,,,,,47,,,,,,,,,,,,,,,,46,,,,,,,,,,,,,,,,,,,,,,,,,,,,,,,,,,,,,,90,101,99,101,104,93,91,91,92,,,,121,115,107,110,,115,133,151,133,138,142,147,,138,130,121,,,119,116,,126,121,127,,127,,170,173,,,121,108,,,151,154,155,,,110,120,138,145,172,170,165,119,110,121,150,174,94,84,96,86,89,92,89,86,135,134,135,128,,101,101,112,,42,37,37,42,129,112,136,112,62,65,61,80,,,106,88,88,92,89,92,88,83,110,89,102,84,91,104,95,95,145,,,115,100,105,126,110,101,,89,56,59,,62,59,68,,72,73,83,79,59,61,67,,54,58,60,48,64,51,76,82,,70,52,52,47,50,56,,91,,91,,,,60,61,64,58,76,80,,64,,47,46,59,80,79,,66,,44,47,43,,,52,52,55,,72,64,60,,,58,51,42,38,41,38,68,68,78,70,74,52,58,63,58,,60,63,68,55,64,,50,66,74,74,66,64,61,64,47,,71,62,67,63,61,49,48,51,53,64,58,,130,133,141,,111,121,115,115,,120,119,102,,103,102,106,99,101,,105,109,108,107,83,76,78,,100,99,96,70,73,,92,74,76,96,110,114,108,105,109,104,88,83,,114,112,111,,96,98,,85,79,60,103,,91,97,90,98,91,103,103,102,110,107,105,93,91,93,87,90,94,103,100,102,101,90,108,106,104,98,107,102,104,100,104,87,88,90,84,82,76,87,83,80,86,28,78,82,99,95,108,94,116,164,137,139,148,155,127,184,161,150,111,128,131,123,133,102,116,87,84,97,,142,143,160,89,82,,90,82,81,82,103,86,92,86,87,132,135,141,136,15,144,,,,101,101,,97,70,68,73,71,72,,117,108,103,,,,,74,109,104,92,105,83,,100,,84,74,95,100,85,104,80,79,81,73,83,,,,,74,84,78,79,93,91,70,,91,70,75,85,90,101,98,99,58,63,51,52,89,86,,76,81,78,80,40,46,74,84,48,,82,71,,79,93,,100,96,107,,105,,106,,54,54,76,81,85,83,136,130,134,135,62,66,59,80,,166,170,,120,130,150,,149,151,104,108,150,150,,89,88,151,146,,,152,160,142,,152,151,124,124,101,145,147,,142,,,142,120,125,116,132,127,179,163,125,,112,117,108,160,153,160,153,152,127,,,121,108,,114,,108,128,136,97,99,60,132,127,176,200,199,160,145,,126,116,54,62,48,49,38,,96,,63,111,141,46,76,32,147,128,74,76,88,99,36,72,,,149,53,35,203,,183,164,185,88,,60,41,,,46,53,54,37,59,68,42,43,48,50,115,55,63,53,140,,176,110,,103,96,78,82,132,146,113,99,82,114,71,60,67,169,125,152,48,114,76,110,78,84,146,56,88,60,88,83,102,,141,72,51,109,114,136,101,109,108,153,108,141,92,63,112,54,83,130,150,83,75,64,77,78,77,74,,,243,66,164,79,54,100,108,59,97,153,108,55,55,130,60,108,64,71,,115,193,167,187,180,120,144,30,46,33,46,38,36,44,33,39,101,147,157,178,153,146,62,68,37,40,42,40,52,51,115,108,108,126,147,152,145,116,112,120,173,149,104,111,76,103,92,127,82,144,176,162,,199,53,75,60,56,81,64,66,123,125,103,106,93,123,120,99,100,95,81,84,72,93,81,54,76,81,79,81,103,110,128,,157,74,142,52,91,64,97,48,60,,56,138,138,79,81,55,80,,71,144,107,102,87,106,123,172,108,103,142,131,113,39,49,33,35,32,64,68,69,62,126,110,102,152,53,48,50,39,43,51,44,53,51,39,36,48,45,41,120,113,115,109,99,131,56,170,66,100,117,198,142,133,94,180,133,158,102,163,124,130,145,148,165,162,65,53,53,62,87,85,46,129,122,139,127,119,117,101,102,82,118,92,72,49,62,103,128,124,152,76,112,131,144,123,55,96,82,72,96,93,98,50,49,133,,106,138,130,110,146,130,119,128,87,83,65,57,70,72,51,95,138,133,117,152,72,80,86,84,85,69,70,,41,89,110,114,118,122,74,83,83,46,38,43,50,42,47,155,163,142,140,172,132,158,167,156,170,164,190,177,168,162,134,153,150,136,159,160,162,186,170,166,118,120,101,111,104,130,103,96,105,34,99,43,93,81,91,99,89,132,116,118,114,90,88,118,164,109,153,80,90,177,152,132,127,95,157,160,,58,59,120,116,84,74,111,46,41,126,125,86,91,136,133,105,104,101,90,104,42,33,57,,101,92,51,159,112,137,126,116,68,101,135,120,129,158,45,78,108,112,94,64,120,65,192,186,90,112,93,99,157,164,107,66,132,119,80,113,82,47,109,67,97,106,94,102,54,65,63,160
20230729,11,O3_8h,23,59,30,26,20,34,38,35,51,47,23,50,,,25,,24,27,23,,21,,12,24,,20,38,,69,74,61,69,70,75,96,,17,10,,8,8,24,18,18,,17,,36,42,41,39,45,42,55,,53,56,,67,66,57,25,25,31,19,19,28,22,,27,16,17,18,30,35,,61,62,58,63,74,,56,82,89,77,86,49,,80,83,,,75,79,67,80,18,14,20,,14,21,24,20,27,,35,28,30,22,24,28,30,27,25,28,24,29,30,34,33,36,34,38,26,28,32,72,53,51,56,58,60,55,55,56,51,65,58,15,17,16,20,16,,23,14,15,17,19,29,32,26,28,29,26,28,29,24,,25,27,26,27,23,23,18,17,20,16,20,19,,,,19,18,,26,22,23,,,,21,,30,32,20,31,25,23,26,26,25,,,,32,24,,27,25,28,22,18,,19,17,12,16,16,18,22,25,,28,,20,17,,20,21,,27,25,26,,22,29,23,24,29,28,34,,,39,32,34,38,44,46,32,,29,,,31,,32,29,,42,37,36,13,16,14,,39,37,34,36,33,42,50,41,21,20,28,28,23,22,24,21,24,26,,,58,53,58,56,,33,33,39,44,30,,41,46,32,,43,8,8,10,,9,13,12,12,15,,,16,21,13,23,23,24,24,27,27,29,26,22,24,21,38,32,21,30,32,31,34,34,,30,41,40,51,35,54,43,48,45,47,57,47,26,52,,47,45,67,49,35,37,16,31,60,61,64,60,69,76,,72,62,52,75,64,64,67,68,60,54,49,47,,62,25,28,70,73,65,70,67,70,61,76,,,60,63,70,65,68,67,68,61,28,32,35,,70,64,72,59,68,55,62,41,,46,41,36,44,64,,16,34,27,31,6,42,36,,,30,21,15,33,15,,39,24,40,42,,,49,62,13,27,27,26,21,25,28,34,13,,48,85,44,49,48,50,66,55,54,58,77,67,39,38,30,47,30,51,28,58,,27,,52,24,,67,,61,58,,,,,79,,,,77,54,70,70,63,71,70,,55,46,58,40,46,31,35,32,35,32,42,74,18,34,55,,,,,,,94,116,68,56,59,,33,28,32,34,31,29,30,29,28,38,30,37,37,32,56,52,59,,,21,,17,19,17,14,33,,34,23,,,15,22,18,24,,19,9,16,,21,27,24,23,31,11,24,19,19,10,,,,17,,,16,,20,18,28,18,17,21,,16,19,15,,20,,,29,,32,25,28,77,89,76,88,89,,56,49,51,56,47,55,68,59,55,52,24,26,25,74,76,70,51,49,50,50,,40,47,40,,36,38,,68,71,66,63,33,,28,26,,,17,12,,36,,65,61,49,49,91,96,,98,94,,54,56,,53,,111,94,118,,112,105,112,105,119,,32,30,33,22,24,33,76,17,18,24,15,20,14,28,13,9,30,24,11,30,30,33,33,37,37,32,30,36,33,27,68,71,66,,72,83,78,74,73,77,80,63,75,70,70,31,30,32,,28,26,29,,36,33,37,38,36,,28,29,49,,43,,48,46,52,49,38,29,39,,,,16,,15,,42,,46,,32,33,35,40,36,,43,,25,25,24,31,53,52,,45,38,48,40,43,48,,55,,,68,26,25,24,42,40,36,35,48,53,89,75,63,44,32,34,33,36,43,53,46,42,47,55,39,36,25,28,23,31,,55,48,40,13,14,33,31,38,,,,,51,55,,51,38,33,40,39,35,30,27,28,16,14,23,35,34,,34,33,,73,73,67,,76,69,,77,55,49,49,58,56,64,60,59,43,55,57,44,,93,93,77,83,84,75,75,114,117,,87,97,104,104,116,,,13,,,,,24,,,,,,,,,,,,,,,,22,,,,,,,,,,,,,,,,,,,,,,,,,,,,,,,,,,,,,,29,29,24,28,32,25,25,26,28,,,,71,65,65,70,,65,44,50,51,44,32,112,,113,102,60,,,54,47,,36,37,48,,50,,105,98,,,72,51,,,89,99,63,,,66,61,114,115,104,110,118,42,37,61,47,62,28,21,27,21,25,23,21,20,38,39,40,42,,27,24,34,,30,24,14,13,59,57,85,84,9,10,8,64,,,78,40,44,42,34,72,68,68,82,35,36,45,78,85,80,81,118,,,82,50,63,72,63,60,,38,16,15,,21,17,22,,19,18,22,18,8,24,25,,22,24,22,25,29,21,21,23,,26,33,41,34,24,31,,19,,21,,,,28,29,24,25,21,22,,20,,27,23,44,60,62,,52,,15,15,13,,,28,23,24,,21,22,24,,,41,42,34,31,35,35,19,27,23,26,26,18,19,21,20,,35,42,40,,43,,18,30,33,29,29,30,31,32,9,,17,15,22,37,46,40,38,40,24,31,27,,40,27,30,,26,28,24,19,,18,19,24,,28,24,29,25,26,,41,46,43,45,26,18,29,,25,24,26,34,36,,38,31,45,35,31,35,49,49,50,49,40,40,,52,53,51,,41,40,,29,35,,44,,30,33,26,27,26,53,54,53,52,57,56,36,52,51,38,41,45,57,56,55,59,37,36,46,35,31,35,38,35,34,39,46,29,43,35,28,43,51,43,51,56,,16,17,11,7,21,11,54,52,63,70,72,59,68,71,71,70,44,58,58,37,36,47,37,9,23,23,,41,75,71,47,45,,34,29,29,33,36,48,50,48,49,26,36,40,36,5,23,,,,52,52,,46,19,14,16,14,14,,30,30,26,,,,,35,60,58,43,58,18,,21,,10,32,27,43,38,29,33,42,55,45,51,,,,,9,8,60,52,21,20,34,,39,23,21,52,50,56,60,53,24,22,20,17,27,26,,53,51,38,33,13,4,63,54,10,,11,8,,60,34,,48,46,63,,58,,72,,18,16,11,12,19,10,96,98,104,104,28,22,24,26,,109,92,,41,42,61,,117,104,65,68,89,74,,82,85,56,40,,,63,64,37,,82,92,81,51,49,132,71,,76,,,72,81,89,81,72,61,93,91,70,,70,78,75,88,96,76,88,89,,,,62,63,,32,,78,70,78,59,52,42,82,47,24,23,29,74,115,,48,37,20,30,36,34,30,,20,,16,16,41,,22,,91,52,22,20,17,48,26,26,,,23,48,24,30,,74,78,58,40,,22,18,,,17,28,29,22,19,22,17,20,18,27,55,31,36,25,53,,24,21,,39,56,40,38,92,58,56,23,52,42,15,42,53,27,28,42,25,82,20,45,18,11,35,26,42,,38,38,55,,63,27,18,29,68,38,62,51,54,41,19,47,31,21,37,20,25,50,88,23,20,16,40,60,17,18,,,89,27,34,32,22,72,54,19,22,71,34,20,29,47,42,14,57,23,,38,67,69,75,76,50,56,16,19,16,26,19,20,27,15,19,54,56,75,109,44,117,28,21,25,28,19,24,22,24,44,47,26,27,64,51,53,54,70,78,69,63,36,72,30,26,39,56,60,56,23,26,,19,34,24,23,30,23,21,21,48,44,21,38,22,45,47,42,38,42,64,32,34,38,29,10,34,38,22,45,47,39,28,,63,29,36,21,19,24,29,18,14,,22,33,30,20,44,,41,,26,29,41,43,44,48,74,67,40,29,67,72,31,30,30,24,30,27,45,36,15,17,42,54,,54,33,31,32,28,20,23,28,32,34,26,19,21,20,22,100,80,88,76,64,67,32,80,32,59,60,73,55,66,39,75,49,71,44,91,16,33,29,50,21,22,22,22,35,35,18,18,26,26,26,32,28,28,44,27,23,27,81,27,48,18,18,32,79,54,69,32,40,51,12,13,17,23,16,14,24,29,20,19,22,40,,18,14,19,16,79,64,81,71,61,35,52,26,51,49,48,29,59,60,47,41,18,60,37,24,39,38,35,,24,38,40,54,60,26,36,58,49,31,24,31,,30,43,41,48,85,90,52,106,36,74,52,89,9,11,5,6,46,54,62,50,36,49,38,47,49,41,34,33,31,14,42,41,38,22,40,32,18,37,15,50,34,40,52,39,123,76,104,103,15,28,85,106,62,105,28,47,82,55,59,60,27,54,46,,32,20,48,48,63,36,53,18,18,16,20,26,15,69,74,79,81,22,32,36,24,26,29,,62,36,21,87,50,59,35,52,35,40,36,42,31,57,15,14,4,,59,33,33,42,8,12,40,55,45,42,69,70,60,29,40,66,58,51,63,36,25,17,37,62,23,22,18,17,30,72
20230729,11,O3_8h_24h,59,59,60,41,56,34,38,35,51,47,23,51,,,52,,41,42,47,,44,,27,35,,35,51,,104,96,98,103,99,108,116,,47,32,,23,27,44,40,18,,18,,56,62,61,85,84,86,95,,98,56,,67,74,57,25,25,31,19,19,66,46,,54,27,34,31,75,72,,79,82,74,82,74,,56,86,89,77,89,49,,80,83,,,75,79,67,80,18,14,20,,14,24,27,21,27,,35,48,34,26,28,31,33,27,27,28,24,45,50,48,51,51,54,78,47,46,51,79,56,74,62,63,68,64,64,63,64,68,65,16,20,18,22,19,,23,16,18,20,19,29,32,26,28,29,26,28,29,24,,25,27,26,27,23,23,18,17,20,16,20,24,,,,19,18,,26,22,23,,,,21,,30,32,20,31,25,23,26,26,25,,,,32,24,,27,25,28,22,18,,19,18,14,20,17,21,24,27,,32,,26,22,,20,21,,27,25,26,,22,29,23,24,29,28,34,,,39,32,34,48,56,53,43,,29,,,31,,32,29,,45,42,41,15,16,16,,39,37,34,36,33,42,54,51,21,21,28,28,23,22,24,21,24,26,,,58,57,58,56,,46,33,43,45,39,,46,50,32,,49,13,11,18,,9,16,16,12,21,,,25,27,18,29,29,30,52,54,56,59,54,42,54,48,57,38,32,37,35,31,34,36,,30,44,40,51,35,54,43,48,45,47,57,47,65,59,,47,45,67,54,60,38,58,62,90,98,85,96,72,87,,87,72,57,90,108,98,88,81,60,54,49,50,,62,25,32,81,86,80,80,67,70,61,76,,,85,80,92,102,99,105,98,87,28,32,35,54,70,64,72,59,68,55,62,41,,51,43,51,51,86,,16,34,27,37,6,42,36,,,30,21,15,33,15,,39,44,40,42,,,64,84,23,34,27,26,24,33,36,39,13,,50,85,48,49,48,53,80,74,78,70,90,78,48,52,37,47,44,59,52,58,,36,,52,45,,67,,78,77,,,,,79,,,,81,62,85,92,85,84,74,,74,46,58,40,46,31,39,32,35,35,42,98,18,34,55,102,,108,94,101,89,94,116,88,78,59,,36,31,32,66,53,53,59,40,41,50,52,39,51,43,64,63,70,,,21,,29,22,22,16,51,,47,38,,,15,22,18,24,,26,11,21,,21,30,28,23,32,20,34,29,26,21,,,,18,,,16,,20,24,28,22,22,27,,26,33,26,,24,,,44,,32,25,28,107,122,121,148,120,,56,56,51,56,47,57,68,59,55,52,24,26,25,81,84,76,51,49,50,53,,42,50,42,,38,45,,79,71,68,69,35,,28,26,,,17,15,,40,,65,66,67,67,118,119,,116,116,,54,56,,53,,119,112,123,,119,114,112,105,119,,34,30,37,28,33,35,76,17,27,29,20,25,14,30,13,9,30,30,11,33,53,45,33,39,63,59,52,59,58,58,68,75,68,,79,83,78,74,73,77,80,63,75,70,70,31,30,32,,28,26,29,,36,33,37,38,36,,30,29,57,,86,,91,89,96,91,53,49,59,,,,40,,40,,84,,90,,49,52,46,57,69,,71,,33,51,36,58,71,67,,45,38,50,42,49,52,,72,,,68,26,29,24,63,40,36,35,51,53,104,83,74,44,32,34,39,36,46,53,46,42,52,57,57,36,29,33,25,31,,60,58,43,43,14,33,32,38,,,,,73,55,,51,38,33,42,41,35,33,27,34,23,14,23,39,34,,65,63,,74,73,67,,76,69,,77,61,54,52,63,60,65,64,63,43,64,66,57,,110,116,110,91,84,75,81,124,128,,87,114,104,104,116,,,13,,,,,30,,,,,,,,,,,,,,,,30,,,,,,,,,,,,,,,,,,,,,,,,,,,,,,,,,,,,,,34,44,39,45,47,41,39,43,40,,,,78,76,74,75,,67,46,68,79,73,32,119,,113,109,84,,,78,63,,40,37,48,,53,,112,112,,,80,61,,,89,108,68,,,83,80,116,118,130,134,137,42,37,61,47,62,34,24,29,27,25,23,21,20,85,87,90,76,,34,37,59,,30,24,16,13,78,69,100,100,9,10,8,64,,,78,45,57,43,34,77,68,72,82,35,36,45,78,85,80,81,118,,,82,75,80,97,63,61,,58,16,15,,21,17,22,,19,18,22,18,8,24,28,,23,24,24,25,30,22,24,26,,26,44,41,34,24,31,,24,,25,,,,28,29,25,25,27,27,,21,,27,23,44,64,64,,63,,16,21,18,,,31,23,35,,21,22,24,,,55,42,34,33,35,35,23,37,28,34,28,28,27,29,29,,38,42,40,41,43,,28,30,33,30,30,30,31,32,9,,20,31,36,52,48,44,44,47,33,38,33,,45,43,48,,44,46,42,42,,41,40,52,,51,40,45,38,41,,52,60,47,54,26,19,29,,45,43,44,34,36,,38,31,57,35,31,35,70,68,63,66,40,40,,81,82,75,,44,44,,29,35,66,47,,46,49,39,27,26,53,54,53,72,57,58,36,67,67,66,66,75,84,84,84,80,37,36,46,35,31,35,41,35,34,39,46,38,43,39,32,59,78,73,68,78,32,16,17,11,7,29,15,65,54,81,70,72,61,81,115,105,102,54,58,58,37,44,48,54,9,23,26,,55,82,78,47,45,,34,44,40,44,37,62,65,61,61,54,36,40,59,5,38,,,,52,52,,46,19,14,16,14,14,,30,32,41,,,,,64,80,83,72,82,27,,21,,18,32,27,43,38,34,33,42,56,45,60,,,,,9,19,63,66,24,20,34,,48,39,34,73,77,72,64,70,24,22,20,20,27,26,,53,51,38,33,19,4,66,68,10,,28,12,,72,41,,62,56,63,,59,,73,,31,26,24,17,19,10,96,98,104,104,46,22,28,36,,109,93,,41,58,100,,139,136,69,72,111,85,,83,85,61,65,,,68,64,37,,82,99,85,56,65,134,71,,76,,,72,81,92,85,103,103,110,105,83,,91,112,108,118,123,88,120,122,112,,,100,94,,32,,107,73,83,82,55,53,111,48,46,43,44,102,125,,48,70,20,30,36,34,30,,26,,22,36,50,51,24,33,105,73,22,20,17,48,26,32,,,47,53,24,50,,74,87,79,40,,28,18,,,17,28,29,25,19,22,20,22,24,27,81,31,43,37,53,,49,44,,48,56,45,46,100,95,82,29,52,74,27,46,62,38,44,42,30,88,20,55,18,16,46,26,42,58,38,42,66,,63,48,18,57,72,57,64,74,64,58,44,48,31,35,41,20,70,94,104,26,23,27,42,69,17,18,,,98,27,78,32,28,83,68,19,33,100,53,24,29,66,47,39,57,26,,57,90,80,94,78,57,104,18,21,18,26,21,20,27,18,20,54,56,75,117,45,117,28,21,25,28,20,25,22,24,58,65,72,57,64,62,70,88,78,92,101,63,42,95,30,26,50,87,66,56,36,32,,42,34,24,23,30,31,22,22,84,85,52,55,39,88,91,42,38,42,64,32,34,41,29,10,45,40,24,51,47,39,32,,63,40,42,24,19,24,29,25,17,,26,48,38,24,44,57,41,,40,29,69,58,44,63,86,67,51,29,67,103,37,30,30,24,30,30,46,38,16,24,93,54,95,54,33,31,32,28,22,23,28,32,34,26,20,25,20,24,100,92,91,90,83,72,54,104,51,59,74,112,55,70,39,97,54,77,58,99,43,54,55,64,37,34,22,22,35,35,23,22,26,52,51,49,43,44,86,44,32,31,81,27,48,18,18,43,79,54,80,32,48,54,38,19,23,24,16,14,28,29,22,26,28,55,,36,14,19,16,79,64,81,74,70,60,59,54,65,61,48,29,59,60,47,51,22,66,50,28,39,41,38,,26,38,56,84,63,26,36,58,50,31,24,31,49,30,47,41,48,85,112,116,132,36,103,84,94,29,32,29,17,70,77,121,93,54,54,53,47,49,77,51,59,53,29,82,53,44,46,69,46,18,38,20,53,45,77,67,50,132,94,115,106,16,28,85,110,66,114,28,67,116,55,83,86,27,67,46,,32,20,94,92,63,53,53,24,25,16,20,26,19,69,74,79,81,41,32,47,24,26,29,,68,50,22,120,72,59,52,72,35,40,45,50,42,66,15,16,6,110,59,35,52,50,15,38,40,55,45,42,69,83,83,32,60,73,58,55,63,36,48,17,52,63,25,22,23,17,33,81
20230729,11,CO,0.9,0.6,0.9,0.8,0.8,0.5,0.5,0.8,0.5,0.6,0.7,0.6,,,0.7,,0.5,0.5,0.9,,0.5,,0.2,0.4,,0.4,0.5,,0.5,0.4,0.4,0.5,0.4,0.3,0.8,,0.1,0.5,,0.4,,0.2,0.3,0.2,,0.2,,0.2,0.4,0.3,0.2,0.4,0.5,0.5,,0.3,0.3,,0.4,0.2,0.6,0.6,0.6,0.7,0.6,0.5,0.2,0.4,,0.3,0.2,0.1,,0.4,0.4,,0.5,0.4,0.5,0.5,0.8,,0.5,1,0.6,0.9,0.7,0.6,,0.5,0.7,,,0.5,0.5,0.6,0.3,0.2,0.7,0.7,,0.6,0.7,0.7,0.7,0.6,,0.6,0.6,0.1,0.4,0.5,0.4,,0.1,0.6,0.5,0.4,0.5,0.5,0.4,0.3,0.4,0.2,0.5,0.4,0.3,0.4,0.8,0.5,0.6,0.5,0.5,0.5,0.6,0.5,0.9,0.4,0.3,0.4,0.4,0.4,0.4,0.6,0.4,,0.4,0.4,0.3,0.5,0.3,0.4,0.1,0.5,0.4,0.5,0.1,0.3,0.4,0.4,,0.5,0.4,0.4,0.4,0.5,0.5,0.4,0.4,0.4,0.4,0.4,0.2,,,,0.4,0.3,,0.3,0.2,0.3,,,,0.2,,0.7,0.6,,0.6,0.5,0.4,0.2,0.5,0.6,,,,0.4,0.5,,0.6,0.4,0.4,,0.5,,0.6,0.6,0.5,0.6,0.7,0.3,0.4,0.3,,0.3,,0.5,0.4,,0.5,0.6,,0.4,0.5,0.6,,0.7,0.4,0.5,,0.5,0.4,0.4,,,0.4,0.5,0.4,0.5,0.5,0.5,0.4,,0.4,,,0.5,,0.5,0.4,,0.5,0.4,0.5,0.4,0.4,0.3,,0.4,0.4,0.4,0.4,0.4,0.4,0.5,0.4,0.3,0.5,0.5,0.2,0.3,0.4,0.5,0.4,0.4,0.2,,,0.3,0.3,0.5,0.4,,0.2,2.2,0.5,0.3,0.6,,0.5,0.6,0.4,,0.4,0.5,0.4,0.7,,0.7,0.8,0.6,0.7,0.3,,,0.3,0.4,0.4,0.2,0.5,0.3,0.4,0.5,0.4,0.4,0.5,0.4,0.4,0.4,0.5,0.7,0.6,0.5,0.5,0.5,0.4,0.5,,0.7,0.6,0.3,0.5,0.4,0.3,0.4,0.4,0.5,0.4,0.6,0.4,0.9,0.7,,0.7,0.5,0.7,0.8,0.9,0.7,0.9,0.4,0.8,0.6,0.7,1,0.6,0.6,,0.6,0.6,0.9,0.6,0.6,0.5,0.3,0.6,0.6,0.7,0.5,0.8,,0.6,0.8,0.6,0.5,0.5,0.3,0.3,0.6,0.4,0.6,0.5,,,0.9,0.6,0.9,0.7,0.8,0.6,0.8,0.7,0.6,0.6,,,0.8,0.7,0.8,0.8,0.6,0.8,0.7,0.8,,0.5,0.5,0.4,0.4,0.3,,0.9,0.8,0.6,,0.7,0.7,0.7,,,0.8,0.4,0.8,0.8,1.1,,0.3,0.5,0.4,0.6,,,0.6,0.6,0.8,0.6,0.3,0.7,0.3,0.5,0.1,0.4,0.6,,0.7,0.3,0.5,0.3,0.5,0.5,0.2,0.4,0.3,0.2,0.1,0.3,0.7,0.6,0.6,0.4,0.5,0.6,0.6,0.4,,0.7,,0.6,0.6,,0.6,,1.1,1,,,,,0.6,,,,0.4,0.4,0.3,0.3,0.4,0.5,0.4,,0.4,,0.5,0.2,0.2,0.5,0.5,0.5,0.6,0.4,0.4,0.4,0.4,0.6,0.4,,,,,,,0.6,0.6,0.5,0.5,0.9,,0.5,0.4,0.4,0.5,0.7,0.7,,0.5,0.4,0.3,0.2,0.1,0.4,,0.8,0.6,0.6,,,0.6,,0.1,0.7,0.2,0.3,0.5,,0.2,0.8,,,0.2,0.4,0.3,0.2,,0.2,0.1,0.4,,0.2,0.3,0.3,0.3,0.2,0.6,0.1,0.1,0.3,0.2,,,,0.2,,,0.5,,0.5,0.4,0.3,0.4,0.2,0.4,0.4,0.2,0.2,0.4,,,,,0.6,,0.6,0.9,1,0.6,0.5,0.7,0.7,,,0.6,0.5,0.7,0.6,0.7,0.6,0.6,0.6,0.5,1.1,0.6,0.6,0.6,0.7,0.6,0.6,0.7,0.6,0.7,0.8,,0.6,0.4,0.5,,0.6,0.6,,0.8,0.8,0.9,0.9,0.9,,0.7,1.1,,,0.2,0.2,,0.5,,0.5,0.6,0.5,0.5,0.9,0.8,,0.6,0.8,,0.9,1.1,,1,,0.8,0.7,0.9,,0.7,0.7,0.5,0.4,0.4,,0.7,1.2,1.1,0.7,1,0.7,0.7,0.4,0.9,0.3,0.8,0.3,0.4,0.2,0.7,2.7,0.6,0.6,0.3,0.4,0.5,0.4,,0.5,0.4,0.6,0.4,0.5,0.6,0.6,0.5,0.4,0.7,,0.7,0.4,0.4,0.3,0.4,0.3,0.4,0.5,0.5,0.6,,0.4,0.4,,,0.6,0.6,0.5,,0.4,0.5,0.7,0.3,0.5,,,0.5,0.9,,1,,0.8,0.6,0.6,0.4,0.6,0.3,0.2,,,,0.4,,0.6,,0.4,,0.5,,0.4,0.7,0.4,0.9,0.8,,0.8,,0.4,0.3,0.4,0.4,0.6,0.4,,0.5,0.7,0.5,0.5,0.5,0.7,,0.6,,,0.4,0.2,0.3,0.1,0.7,0.5,0.5,0.6,0.6,0.5,0.5,0.7,0.6,0.3,0.6,0.7,0.6,0.7,0.7,0.4,0.4,0.5,0.5,0.5,0.5,0.6,0.5,0.6,0.6,0.6,,0.9,0.6,1.4,3.4,0.5,0.6,0.6,0.6,,,,,0.5,0.4,,0.5,0.5,0.5,0.4,0.4,0.3,0.3,0.7,0.8,0.5,0.4,0.6,0.7,0.6,,0.7,1,,0.9,0.5,0.9,,0.7,0.5,,0.7,0.3,0.6,0.4,0.4,0.5,0.4,0.4,0.5,0.8,0.8,1,1,,0.6,0.8,0.4,0.6,0.5,0.4,0.4,0.2,0.2,,0.3,,0.3,0.2,0.2,,,0.7,,,,,0.4,,,,,,,,,,,,,,,,0.3,,,,,,,,,,,,,,,,,,,,,,,,,,,,,,,,,,,,,,0.4,0.4,0.5,0.5,0.5,0.4,0.4,0.5,0.4,,,,1.3,1.6,1.1,1.2,,1.3,0.7,0.7,0.6,0.8,0.6,0.7,,0.6,0.6,1.4,,,1.7,1.7,,0.7,0.6,0.6,,0.5,,0.7,0.7,,,0.5,0.4,,,0.5,0.4,0.8,,,0.4,0.3,0.3,0.4,0.5,0.5,0.5,0.7,0.5,0.9,0.5,0.6,0.3,0.3,0.3,0.7,0.5,0.6,0.5,0.7,0.7,0.7,0.7,0.7,,0.4,0.3,0.5,,0.3,0.2,0.5,0.5,0.4,0.2,,0.3,0.5,0.6,0.6,,,,,0.4,0.2,0.4,0.1,0.2,,0.3,0.4,0.3,0.5,,0.4,0.5,0.5,0.5,0.4,,,0.8,0.6,0.5,0.4,0.3,0.3,,0.2,0.2,0.2,,0.3,0.2,0.3,,0.3,0.2,0.1,0.2,0.2,0.2,0.3,,0.2,0.2,0.3,0.6,0.2,0.5,0.4,0.5,,0.4,0.3,0.4,0.2,0.1,0.1,,0.5,,0.5,,,,0.1,0.2,0.2,0.3,0.6,0.5,,0.5,,0.2,0.3,0.4,0.7,0.8,,0.6,,0.7,0.7,1.1,,,0.6,0.5,,,0.5,0.5,0.4,,,0.8,0.5,0.3,0.6,0.3,0.2,0.4,0.7,0.6,0.7,0.6,0.8,0.5,0.6,0.7,,0.3,0.5,0.6,,0.3,,1.2,0.6,0.9,0.8,0.7,0.6,0.7,0.7,0.8,,0.7,0.9,0.7,,1.2,0.9,0.9,1,0.6,0.4,0.7,,0.4,0.5,0.4,,0.6,0.7,0.6,0.5,,0.4,0.3,0.5,,0.6,0.2,0.3,0.5,0.5,,0.4,0.3,0.2,0.4,0.8,0.3,0.4,,0.2,0.2,0.3,0.6,0.5,,1,0.5,0.6,0.7,0.3,0.2,0.6,0.5,0.6,0.6,0.6,0.8,,0.5,0.7,0.3,,0.6,0.6,,1,0.4,,0.5,,0.6,0.6,0.7,0.7,0.6,0.2,0.5,0.5,0.6,0.6,0.5,0.3,0.3,0.4,0.3,,0.4,0.6,0.5,0.6,0.7,0.8,0.5,0.5,0.4,0.4,0.6,0.6,0.6,0.6,0.5,0.7,0.6,0.5,0.7,0.5,0.5,0.8,1.2,0.8,0.3,,0.6,0.6,1,0.8,1.2,0.7,0.6,0.6,1.3,0.7,0.6,0.6,0.8,0.9,0.8,0.5,0.6,0.7,0.6,0.7,0.8,0.6,0.6,0.7,1,0.9,,1,0.6,0.5,,0.5,,0.3,0.5,0.3,0.3,0.3,0.4,0.4,0.5,0.5,1,0.9,1,1.2,0.3,0.5,,,,0.4,0.5,,0.4,0.2,0.4,0.4,0.4,1.4,,0.5,0.4,0.6,,,,,0.5,0.4,0.5,0.5,0.4,,,0.5,,0.3,0.4,0.9,0.7,0.8,0.5,0.3,0.6,1.7,0.5,0.6,,,,,0.6,0.6,0.3,0.5,0.3,0.3,0.6,,0.5,0.7,0.7,0.4,0.3,0.8,0.7,0.7,0.7,0.4,0.3,0.5,0.6,0.6,,0.4,0.5,0.5,0.4,0.6,0.4,0.6,0.7,0.7,,0.4,0.4,,0.3,0.5,,0.3,0.3,0.5,,0.1,,0.1,,0.5,0.4,0.4,1,0.9,0.7,0.5,0.7,0.6,0.6,0.4,0.5,0.7,0.4,,0.7,0.4,,0.4,0.3,0.4,,0.4,0.5,0.3,0.5,0.5,0.5,,0.5,0.4,,,,,0.3,0.4,0.4,,0.5,0.5,0.3,0.5,0.5,0.4,0.4,,0.5,,,0.3,0.4,0.4,0.4,0.5,0.6,0.6,0.9,0.5,,0.3,0.3,0.4,0.3,0.3,0.2,0.3,0.4,,,,0.6,0.6,,0.5,,0.6,0.4,0.5,0.4,1.5,0.1,0.7,0.9,0.4,0.3,0.6,0.3,0.6,,0.6,0.5,0.3,0.4,0.4,,0.5,,0.4,,0.1,0.5,0.6,,0.7,,0.2,0.3,0.1,1.1,0.7,0.4,0.4,0.4,,,0.3,0.4,0.4,0.4,,0.3,0.4,0.5,0.7,,0.4,0.4,,,0.3,0.5,0.3,0.4,0.4,0.2,0.8,0.5,0.3,0.4,0.5,0.7,0.6,0.6,1.1,,0.5,0.5,,0.7,0.6,0.3,0.4,0.4,0.7,0.2,,0.5,0.9,0.8,0.4,0.3,0.8,0.7,1,,1.1,0.3,0.3,0.5,0.3,0.5,0.9,,,0.5,0.6,0.3,,0.3,0.1,0.9,0.5,0.4,0.5,0.5,0.4,0.5,0.1,0.5,0.4,0.2,0.7,0.4,0.3,0.6,0.3,0.7,0.2,0.5,0.2,0.4,0.5,0.5,0.6,,,0.7,0.3,0.3,0.6,0.3,0.1,0.5,0.2,0.5,0.3,0.6,0.4,0.3,0.7,1,0.4,0.6,0.4,,,0.5,0.8,0.5,0.5,0.3,0.3,0.4,0.5,0.4,0.4,0.6,0.4,0.5,0.5,0.5,0.4,0.6,0.6,0.5,0.8,0.3,0.3,0.3,0.4,0.4,0.6,0.2,0.3,0.5,0.6,0.4,0.9,0.7,0.3,,0.6,0.6,0.6,0.8,0.5,0.5,0.7,0.8,0.6,0.5,0.6,0.8,0.7,0.1,0.1,0.3,,0.2,0.4,0.2,0.4,0.4,0.6,0.5,0.6,0.4,0.4,0.5,0.1,0.2,0.8,0.6,0.4,0.2,0.4,0.4,0.4,0.5,0.6,0.6,0.7,0.5,0.7,0.6,0.4,0.4,0.5,0.5,,0.6,0.5,0.9,0.3,0.5,0.1,0.4,0.2,0.3,,0.3,0.5,0.6,0.3,0.7,,0.8,,0.5,0.3,0.5,0.5,0.9,0.5,0.6,0.6,0.5,0.5,0.6,0.8,0.7,0.5,0.3,0.5,0.7,0.5,0.5,0.3,1,0.3,0.7,0.5,,1.1,0.6,0.7,0.3,0.5,0.4,0.6,0.5,0.4,0.6,0.4,0.4,0.5,0.5,0.2,0.3,0.3,0.2,0.6,0.3,0.5,0.4,0.7,0.6,0.5,0.5,0.5,0.5,0.6,0.6,0.6,0.7,0.5,0.5,0.5,0.5,0.4,0.3,1,0.4,0.1,0.5,0.3,0.3,0.4,0.5,0.6,0.4,0.4,0.7,0.3,0.3,0.4,0.3,0.4,0.3,1,0.5,0.6,0.5,0.7,0.8,0.4,0.4,0.5,0.6,0.7,0.5,0.4,0.4,0.3,0.5,0.7,0.3,0.4,0.4,0.4,,0.1,0.4,0.2,,0.4,0.6,0.2,0.4,0.3,0.2,0.4,0.8,0.3,0.7,0.5,0.3,0.2,0.6,0.3,0.4,0.8,0.6,0.6,0.9,0.5,0.4,,0.4,0.4,0.6,0.5,,0.4,0.5,0.3,0.6,,0.7,0.7,0.4,0.8,0.5,0.5,0.4,,0.4,0.5,0.6,0.9,0.6,1,0.6,0.3,0.7,0.7,0.5,0.4,0.3,0.5,,0.6,0.2,0.8,0.3,0.3,0.3,0.4,0.4,0.4,0.4,0.5,0.4,0.3,0.5,0.3,1,0.2,0.3,0.3,,0.4,0.8,0.7,0.4,1.1,1.1,0.5,1.1,0.6,0.1,0.2,0.6,0.7,0.4,0.6,0.8,0.8,1.9,0.3,0.4,0.8,0.9,0.9,0.7,0.7,0.5,1.3,0.9,,0.6,0.2,0.8,0.6,0.4,0.5,0.5,0.4,0.2,0.4,0.1,0.5,0.3,0.4,,1,0.5,0.6,0.4,0.4,0.6,0.5,0.4,,0.3,0.3,0.4,0.2,1.6,1.3,0.3,1.6,0.4,0.5,0.7,0.6,0.6,0.5,0.6,0.3,0.8,,0.4,0.5,0.3,0.3,0.8,0.4,0.4,0.6,0.7,0.5,0.6,0.5,0.4,0.3,0.3,0.4,0.2,0.5,0.3,0.3,0.5,0.3,0.4,0.6,0.6,0.4,0.5,0.1,0.5,0.7
20230729,11,CO_24h,0.7,0.5,0.6,0.6,0.5,0.3,0.4,0.3,0.4,0.4,0.4,0.4,,,0.7,,0.7,0.6,0.8,,0.7,,0.2,0.6,,0.5,0.7,,0.5,0.4,0.4,0.5,0.4,0.4,0.7,,0.6,0.7,,0.9,0.7,0.6,0.2,0.2,,0.2,,0.4,0.5,0.4,0.2,0.3,0.5,0.5,,0.3,0.2,,0.3,0.2,0.6,0.6,0.5,0.6,0.5,0.4,0.5,0.6,,0.5,0.4,0.2,0.1,0.5,0.4,,0.5,0.4,0.5,0.5,0.8,,0.5,0.8,0.8,0.9,0.7,0.6,,0.5,0.7,,,0.5,0.5,0.6,0.4,0.4,0.6,0.5,,0.6,0.5,0.5,0.6,0.4,,0.5,0.5,0.1,0.3,0.5,0.4,,0.1,0.5,0.5,0.3,0.5,0.5,0.4,0.3,0.4,0.3,0.6,0.6,0.4,0.5,0.6,0.5,0.5,0.7,0.4,0.5,0.6,0.5,0.9,0.3,0.3,0.5,0.4,0.3,0.4,0.6,0.4,,0.4,0.4,0.3,0.4,0.2,0.4,0.1,0.5,0.4,0.4,0.2,0.3,0.4,0.3,,0.4,0.4,0.4,0.4,0.5,0.5,0.3,0.3,0.4,0.3,0.3,0.2,,,,0.4,0.2,,0.3,0.2,0.3,,,,0.3,,0.7,0.6,,0.6,0.5,0.4,0.2,0.5,0.6,,,,0.5,0.5,,0.6,0.6,0.5,0.3,0.4,,0.5,0.6,0.4,0.6,0.7,0.3,0.3,0.3,,0.3,,0.5,0.4,,0.5,0.6,,0.4,0.5,0.5,,0.6,0.4,0.5,0.6,0.4,0.4,0.3,,,0.4,0.4,0.4,0.4,0.4,0.4,0.4,,0.4,,,0.4,,0.5,0.4,,0.4,0.4,0.3,0.3,0.4,0.3,,0.4,0.4,0.3,0.4,0.3,0.5,0.4,0.4,0.3,0.4,0.5,0.2,0.3,0.3,0.5,0.4,0.4,0.3,,,0.3,0.2,0.4,0.4,,0.2,2.4,0.5,0.3,0.6,,0.5,0.5,0.9,,0.4,0.4,0.2,0.5,,0.6,0.6,0.5,0.5,0.3,,,0.2,0.4,0.4,0.2,0.4,0.3,0.4,0.4,0.4,0.4,0.4,0.4,0.4,0.4,0.5,0.7,0.6,0.4,0.6,0.5,0.5,0.6,,0.5,0.5,0.3,0.5,0.3,0.3,0.4,0.2,0.5,0.4,0.6,0.4,0.6,0.6,,0.6,0.5,0.6,0.6,0.7,0.6,0.7,0.3,0.8,0.6,0.7,0.9,0.6,0.6,,0.6,0.6,0.8,0.5,0.5,0.5,0.3,0.5,0.5,0.7,0.4,0.7,,0.5,0.6,0.5,0.4,0.5,0.3,0.4,0.5,0.5,0.5,0.4,,,0.9,0.7,0.9,0.6,0.8,0.5,0.8,0.7,0.5,0.5,0.4,0.5,0.8,0.7,0.8,0.8,0.6,0.8,0.8,0.9,,0.4,0.5,0.4,0.4,0.3,,0.9,1.1,0.6,0.5,0.7,0.7,0.7,,,1,0.4,1,0.8,1,,0.3,0.4,0.4,0.6,,,0.5,0.6,0.8,0.6,0.3,0.7,0.4,0.6,0.6,0.5,0.5,,0.7,0.5,0.5,0.4,0.6,0.6,0.2,0.3,0.3,0.3,0.1,0.2,0.6,0.7,0.6,0.5,0.6,0.7,0.6,0.4,,0.7,,0.6,0.6,,0.4,,0.5,0.6,,,,,0.6,,,,0.5,0.5,0.4,0.4,0.2,0.4,0.3,,0.3,,0.4,0.2,0.3,0.4,0.5,0.5,0.5,0.3,0.4,0.5,0.3,0.5,0.4,0.5,,0.7,0.8,0.5,0.8,0.6,0.5,0.5,0.5,0.8,,0.5,0.4,0.4,0.5,0.6,0.7,0.5,0.5,0.4,0.3,0.2,0.1,0.4,0.1,0.5,0.6,0.6,,,0.6,,0.1,0.7,0.1,0.3,0.5,,0.4,0.7,,,0.2,0.3,0.3,0.1,,0.2,0.3,0.2,,0.2,0.3,0.4,0.3,0.2,0.6,0.1,0.1,0.3,0.1,,,,0.3,,,0.5,,0.5,0.3,0.3,0.3,0.1,0.3,0.4,0.2,0.2,0.4,,,,,0.6,,0.5,0.5,0.6,0.6,0.5,0.7,0.7,0.6,,0.7,0.6,0.7,0.7,0.7,0.6,0.7,0.7,0.6,0.9,0.6,0.6,0.6,0.6,0.5,0.6,0.5,0.5,0.6,0.8,,0.6,0.4,0.4,,0.5,0.6,,0.6,0.7,0.7,0.6,0.8,,0.6,0.9,,,0.2,0.2,,0.6,,0.6,0.7,0.7,0.7,0.7,0.7,,0.6,0.7,,1.2,1,,0.9,,1,0.8,0.9,,0.8,0.8,0.4,0.3,0.3,,0.5,0.9,0.8,0.7,1,0.5,0.6,0.6,0.6,0.4,0.6,0.4,0.7,0.3,1,1.9,0.7,0.6,0.6,0.4,0.5,0.4,0.7,0.5,0.5,0.7,0.5,0.6,0.6,0.6,0.6,0.3,0.3,,0.3,0.4,0.4,0.3,0.4,0.3,0.3,0.4,0.4,0.4,0.3,0.4,0.4,0.5,,0.6,0.5,0.4,,0.4,0.5,0.7,0.4,0.6,,0.8,0.6,0.7,,0.9,,0.6,0.5,0.5,0.4,0.6,0.3,0.2,,,,0.3,,0.6,,0.5,,0.7,,0.3,0.6,0.3,0.6,0.6,,0.6,,0.5,0.3,0.5,0.4,0.5,0.4,,0.6,0.7,0.5,0.5,0.5,0.3,,0.6,,,0.3,0.2,0.3,0.2,0.7,0.5,0.6,0.5,0.5,0.6,0.5,0.6,0.7,0.3,0.9,0.9,0.9,1.2,0.6,0.4,0.3,0.5,0.6,0.5,0.5,0.6,0.5,0.6,0.6,0.6,,0.8,0.7,1,2.3,0.5,0.6,0.6,0.6,,,,,0.4,0.4,,0.5,0.4,0.4,0.2,0.3,0.3,0.2,0.6,0.7,0.5,0.3,0.5,0.7,0.5,,0.6,0.9,,0.9,0.4,0.7,,0.6,0.5,,0.7,0.3,0.6,0.5,0.4,0.4,0.4,0.4,0.5,0.5,0.7,0.8,0.6,,0.5,0.6,0.4,0.5,0.5,0.4,0.3,0.2,0.1,,0.3,0.3,0.2,0.2,0.2,,,0.5,,,,,0.3,,,,,,,,,,,,,,,,0.3,,,,,,,,,,,,,,,,,,,,,,,,,,,,,,,,,,,,,,0.3,0.4,0.5,0.5,0.5,0.4,0.4,0.4,0.4,,,,1.1,1,0.9,0.9,,0.9,0.7,0.5,0.5,0.6,0.5,0.7,,0.6,0.6,1,,,1.2,1.2,,0.7,0.6,0.5,,0.5,,0.7,0.6,,,0.5,0.5,,,0.5,0.4,0.6,,,0.4,0.4,0.3,0.3,0.5,0.5,0.5,0.7,0.6,0.5,0.6,0.6,0.4,0.3,0.4,0.7,0.6,0.7,0.6,0.7,0.8,0.8,0.8,0.8,,0.4,0.3,0.6,,0.3,0.1,0.5,0.5,0.4,0.3,0.1,0.2,0.5,0.6,0.6,0.1,,,,0.4,0.2,0.4,0.1,0.4,,0.4,0.4,0.6,0.9,0.4,0.3,0.5,0.5,0.5,0.4,,,0.8,0.5,0.4,0.4,0.4,0.4,,0.2,0.3,0.2,,0.3,0.2,0.3,,0.3,0.2,0.2,0.3,0.2,0.2,0.3,,0.1,0.2,0.3,0.4,0.2,0.4,0.5,0.6,,0.4,0.3,0.4,0.2,0.2,0.3,,0.5,,0.5,,,,0.1,0.2,0.2,0.4,0.5,0.5,,0.4,,0.3,0.3,0.3,0.6,0.7,,0.6,,0.8,0.7,0.9,,,0.5,0.5,0.5,,0.5,0.4,0.3,,,0.7,0.5,0.2,0.3,0.3,0.2,0.4,0.5,0.4,0.4,0.5,0.8,0.5,0.4,1,,0.3,0.4,0.4,0.4,0.4,,1.2,0.6,0.9,0.8,0.6,0.6,0.6,0.7,0.5,,0.7,0.7,0.6,1,1.1,0.9,0.9,1,0.6,0.4,0.7,,0.8,0.5,0.4,,0.6,0.6,0.6,0.5,,0.4,0.3,0.4,,0.5,0.2,0.3,0.4,0.4,,0.3,0.3,0.2,0.3,0.8,0.3,0.4,,0.3,0.2,0.3,0.4,0.5,,0.6,0.5,0.6,0.8,0.4,0.3,0.6,0.5,0.6,0.5,0.5,0.6,,0.5,0.5,0.3,,0.5,0.5,,0.6,0.4,0.5,0.5,,0.5,0.5,0.6,0.7,0.6,0.2,0.6,0.6,0.7,0.9,0.6,0.3,0.3,0.5,0.4,0.1,0.4,0.5,0.6,0.7,0.7,0.7,0.5,0.5,0.4,0.4,0.5,0.7,0.5,0.6,0.6,0.7,0.6,0.9,0.7,0.5,0.5,0.5,0.7,1.2,0.3,0.5,0.6,0.5,0.8,0.7,1.1,0.6,0.5,0.5,0.5,0.7,0.7,0.7,0.7,0.8,0.7,0.5,0.5,0.7,0.6,0.8,0.8,0.6,0.6,0.5,0.8,0.7,,0.5,0.5,0.5,0.3,0.6,,0.3,0.5,0.3,0.2,0.2,0.4,0.4,0.4,0.5,0.6,0.5,0.7,0.8,0.3,0.5,,,,0.4,0.4,,0.4,0.2,0.3,0.2,0.3,0.4,,0.5,0.4,0.5,,,,,0.4,0.4,0.4,0.4,0.3,,,0.5,,0.3,0.3,0.8,0.7,0.8,0.7,0.3,0.5,0.7,0.5,0.6,,,,,0.4,0.3,0.3,0.4,0.3,0.4,0.6,,0.4,0.5,0.4,0.3,0.2,0.7,0.6,0.6,0.7,0.5,0.3,0.5,0.7,0.7,,0.5,0.4,0.4,0.5,0.5,0.4,0.6,0.6,0.8,,0.4,0.3,,0.4,0.5,,0.3,0.3,0.5,,0.3,,0.1,,0.5,0.4,0.5,0.6,0.7,0.5,0.6,0.8,0.7,0.7,0.3,0.5,0.5,0.4,,0.9,0.4,,0.5,0.5,0.3,,0.3,0.5,0.2,0.4,0.4,0.4,,0.4,0.3,0.1,,,,0.2,0.4,0.2,,0.4,0.5,0.5,0.4,0.5,0.4,0.4,,0.5,,,0.3,0.2,0.4,0.3,0.4,0.4,0.3,0.6,0.5,,0.3,0.3,0.4,0.3,0.2,0.3,0.3,0.4,0.4,,,0.5,0.5,,0.4,,0.7,0.3,0.3,0.4,1,0.1,0.6,0.7,0.6,0.6,0.7,0.4,0.6,,0.6,0.6,0.4,0.5,0.4,0.4,0.5,,0.4,,0.1,0.3,0.5,0.4,0.9,0.8,1,0.3,0.2,0.6,0.6,0.4,0.4,0.3,,,0.5,0.4,0.4,0.5,,0.5,0.5,0.5,0.6,,0.3,0.5,,,0.3,0.5,0.3,0.3,0.4,0.2,0.8,0.5,0.3,0.5,0.5,0.6,0.7,0.6,1,,0.5,0.5,,0.6,0.6,0.3,0.3,0.3,0.6,0.3,,0.6,0.6,0.8,0.3,0.3,0.8,0.7,0.9,,0.6,0.3,0.3,0.5,0.2,0.6,0.8,0.2,0.6,0.5,0.5,0.4,,0.3,0.1,0.8,0.4,0.4,0.5,0.5,0.5,0.5,0.2,0.4,0.3,0.6,0.5,0.6,0.4,0.5,0.5,0.6,0.3,0.5,0.2,0.5,0.4,0.5,0.5,,,0.5,0.3,0.4,0.7,0.3,0.1,0.5,0.3,0.3,0.2,0.5,0.4,0.4,0.5,0.9,0.4,0.5,0.3,,1,0.5,0.4,0.5,0.5,0.3,0.4,0.4,0.5,0.4,0.4,0.6,0.4,0.5,0.5,0.5,0.4,0.7,0.6,0.5,0.6,0.5,0.4,0.3,0.4,0.4,0.6,0.2,0.4,0.4,0.6,0.7,0.6,0.6,0.2,0.4,0.6,0.5,0.6,0.8,0.5,0.5,0.5,0.9,0.6,0.6,0.4,0.8,0.5,0.1,0.3,0.4,,0.3,0.4,0.3,0.4,0.6,0.6,0.4,0.5,0.4,0.5,0.4,0.1,0.2,0.7,0.5,0.6,0.3,0.6,0.5,0.4,0.6,0.7,0.7,0.6,0.5,0.8,0.5,0.4,0.5,0.5,0.4,,0.6,0.4,0.8,0.3,0.5,0.2,0.1,0.2,0.2,,0.3,0.6,0.6,0.4,0.7,0.8,0.7,,0.4,0.2,0.5,0.5,0.6,0.5,0.6,0.7,0.5,0.5,0.7,0.7,0.7,0.5,0.3,0.5,0.7,0.5,0.6,0.5,0.9,0.4,0.6,0.3,0.5,0.6,0.6,0.6,0.3,0.5,0.3,0.7,0.5,0.4,0.6,0.4,0.3,0.5,0.4,0.2,0.2,0.3,0.3,0.6,0.2,0.4,0.3,0.6,0.6,0.4,0.5,0.5,0.5,0.7,0.4,0.7,0.8,0.5,0.4,0.5,0.3,0.4,0.4,0.8,0.9,0.3,0.3,0.3,0.3,0.4,0.5,0.6,0.4,0.4,0.6,0.3,0.3,0.5,0.4,0.4,0.3,1.1,0.4,0.6,0.4,0.7,0.7,0.4,0.4,0.5,0.5,0.8,0.5,0.5,0.2,0.4,0.5,0.7,0.3,0.4,0.4,0.3,,0.1,0.4,0.2,,0.3,0.5,0.3,0.4,0.3,0.3,0.4,0.5,0.4,0.6,0.5,0.3,0.2,0.6,0.3,0.4,0.6,0.6,0.6,0.6,0.4,0.4,0.4,0.4,0.4,0.6,0.5,,0.4,0.5,0.3,0.4,0.4,0.7,0.6,0.5,0.8,0.4,0.5,0.4,0.4,0.4,0.5,0.6,0.6,0.6,1,0.8,0.6,0.7,0.7,0.5,0.6,0.7,1.3,0.9,0.8,0.3,0.9,0.2,0.3,0.3,0.4,0.3,0.4,0.4,0.5,0.4,0.4,0.4,0.8,0.5,0.2,0.4,0.3,0.3,0.4,0.7,0.8,0.4,0.7,0.6,0.5,0.7,0.6,0.1,0.2,0.6,0.7,0.4,0.6,0.6,0.9,1.2,0.4,0.4,0.8,0.9,0.7,0.8,0.8,0.4,0.7,0.6,,0.6,0.2,0.5,0.5,0.5,0.5,0.5,0.5,0.2,0.4,0.1,0.4,0.3,0.4,0.3,0.8,0.4,0.5,0.7,0.4,0.6,0.5,0.4,,0.7,0.4,0.5,0.2,1.2,1.3,0.3,1.2,0.4,0.3,0.7,0.4,0.6,0.7,0.5,0.3,0.6,1.1,0.5,0.5,0.3,0.2,1,0.8,0.4,0.5,0.5,0.4,0.6,0.5,0.4,0.3,0.4,0.3,0.2,0.5,0.3,0.3,0.6,0.3,0.4,0.6,0.5,0.4,0.5,0.1,0.6,0.4
20230729,12,AQI,65,35,60,57,,55,56,36,41,50,54,50,,,14,,9,12,18,,9,,12,11,,9,18,,45,53,48,33,37,34,23,,14,15,,18,13,9,13,15,,10,,13,10,10,44,67,51,53,,49,41,,41,40,42,42,38,37,37,36,19,25,,43,14,13,16,15,23,,15,13,12,14,45,,40,51,59,49,54,43,,44,45,,,45,44,53,44,,23,20,,21,18,24,,20,,27,8,8,9,7,18,8,,7,,,25,22,21,25,24,19,20,24,,21,35,30,30,,28,32,34,,41,28,30,50,20,32,24,10,23,,17,23,22,22,,18,44,17,,17,,18,17,32,,15,15,14,14,13,13,14,13,,8,14,27,,,,27,28,,39,22,16,,,,22,,17,22,,17,14,17,17,15,17,,,,19,,,23,20,20,20,18,,19,19,22,24,15,22,22,21,,26,,19,24,,16,17,,17,17,16,,16,28,17,,14,13,12,,,14,12,15,20,22,19,,,13,,,15,,17,16,,26,30,33,19,16,23,,25,18,18,19,17,18,19,16,17,12,20,16,17,28,22,16,15,19,,,21,18,20,18,,22,,26,20,21,,22,28,26,,29,18,20,15,,22,46,22,32,25,,,31,22,27,31,27,24,26,,17,17,23,24,,23,19,16,11,18,14,18,17,13,,13,21,17,26,20,23,23,21,20,60,20,25,,51,,41,34,29,57,52,38,43,30,15,36,20,28,21,15,,18,12,22,19,18,17,24,21,,40,44,38,,26,46,46,20,25,20,23,31,31,42,33,,,24,21,27,23,24,23,19,23,42,38,,,47,43,52,40,33,42,50,40,,30,30,37,29,38,,35,45,39,32,35,33,33,,,39,36,32,38,28,,43,44,47,47,,,60,32,19,30,34,,67,27,34,29,27,,29,,27,29,28,28,29,29,26,30,27,27,21,16,46,20,20,21,18,25,,51,,21,15,,82,,40,40,,,,,37,,,,42,40,53,,178,62,50,,73,30,28,28,31,26,36,34,32,35,40,34,22,27,24,,,,,,,58,46,44,43,46,,15,16,13,10,8,8,12,19,15,19,16,12,11,18,17,19,22,,,12,,19,14,14,19,22,,19,14,,,20,12,13,13,,14,6,20,,20,34,34,24,,9,,19,10,14,,,,17,,,18,,20,16,15,14,27,27,24,12,11,20,,20,,,50,,42,55,43,24,27,23,26,24,,45,40,43,31,51,29,39,30,28,31,24,27,28,23,,,22,21,22,33,,41,43,35,,28,28,,37,47,45,26,29,,50,20,,,,25,,38,,42,41,42,39,27,28,,28,26,,,60,,64,,35,48,46,,44,36,,44,47,,15,18,21,24,15,15,32,21,20,19,19,17,21,15,17,23,12,12,12,16,23,17,16,22,17,16,15,17,17,19,26,25,41,,26,24,24,23,22,23,33,26,45,29,29,20,20,98,,24,27,29,,21,16,19,18,14,,17,16,16,,13,,13,11,13,13,32,15,16,,,,20,,22,,13,,,,16,19,16,50,84,,42,,24,23,,23,23,22,,,22,25,24,23,26,,34,,,30,25,24,21,21,32,38,34,42,16,22,22,19,46,45,33,40,33,35,23,25,25,25,33,27,35,32,33,53,32,,50,32,27,40,21,27,26,28,,,,,29,33,,39,36,46,34,,45,,22,21,22,29,19,30,28,,28,39,,27,31,40,,36,39,,36,20,22,25,25,24,29,,27,52,51,59,55,,,39,68,43,44,39,42,33,33,,36,,55,55,90,,,22,,,,,24,,,,,,,,,,,,,,,,17,,,,,,,,,,,,,,,,,,,,,,,,,,,,,,,,,,,,,,25,,19,21,26,17,35,17,27,,,,25,25,23,25,,23,46,56,44,51,54,40,,40,42,82,,,64,64,,42,,39,,38,,45,39,,,40,28,,,43,44,45,,,27,28,45,48,43,43,43,37,34,33,33,54,13,24,15,37,41,24,23,28,22,,24,34,,26,30,17,,,13,31,14,,27,39,,18,46,14,30,,,35,25,25,25,25,28,36,25,,25,28,37,28,27,26,25,36,,,39,22,25,28,30,27,,21,25,24,,20,22,19,,17,18,15,,14,28,19,,12,16,16,19,,12,13,13,,16,17,17,17,20,,,14,,15,,,,11,11,11,15,12,15,,13,,16,16,20,19,19,,23,,20,24,23,,,17,17,,,39,24,26,,,11,17,26,22,16,32,17,22,30,25,22,16,31,52,23,,15,28,33,40,17,,32,26,40,34,40,31,30,29,29,,23,35,,32,23,23,21,21,22,16,25,,18,,26,,20,17,,16,,14,15,19,,17,21,25,20,21,,15,16,15,15,26,36,28,,19,19,18,24,26,,20,19,18,22,23,27,21,22,20,21,22,22,,21,,22,,23,24,,23,14,,16,,16,13,13,43,24,35,32,,37,35,,28,29,30,32,29,25,29,28,28,29,30,42,36,36,38,35,36,36,35,36,30,,30,29,30,28,36,32,27,30,,30,29,42,57,56,50,34,27,37,28,28,52,45,46,55,44,37,30,42,32,40,34,39,51,44,45,,64,33,32,24,22,,24,28,30,52,32,33,32,30,32,38,55,53,65,11,39,,,,36,30,,28,,45,52,29,53,,20,19,15,,,,,31,41,37,39,40,21,,25,,15,22,25,26,25,32,23,22,24,22,21,,,,,,21,22,21,25,27,28,,25,22,24,28,30,21,19,18,20,23,,20,26,25,,29,29,35,28,23,11,25,21,29,,14,23,,22,18,,23,20,27,,33,,25,,,11,14,27,21,23,44,42,44,42,20,36,32,21,,37,40,,35,33,41,,48,56,26,25,75,76,,25,25,39,37,,,41,42,45,,48,41,37,35,24,42,37,,39,,,33,29,30,29,260,191,79,92,29,,62,44,42,75,,166,314,289,,,,40,32,,26,,31,57,65,78,16,26,24,38,10,11,11,52,41,,37,20,23,20,14,,16,,16,,17,20,62,,21,,71,34,16,30,19,34,14,23,,,25,18,22,11,,41,44,38,22,,15,20,,,22,18,19,22,27,27,22,31,22,19,22,44,26,37,56,,10,15,,54,30,28,28,34,38,29,22,26,,32,28,23,9,9,44,13,55,14,27,22,17,20,24,22,,20,21,39,,44,9,41,19,40,40,31,33,30,17,16,39,36,32,20,23,,16,,23,12,17,30,22,23,23,,,105,28,17,16,19,25,23,27,18,41,22,,21,48,13,19,20,13,,,83,43,44,41,31,60,21,23,16,15,16,8,10,18,24,52,39,46,43,40,49,20,22,14,15,12,20,27,19,31,50,51,67,34,,18,19,15,19,23,30,38,17,26,26,32,24,37,46,13,23,,9,21,17,16,23,13,12,17,16,14,16,33,20,11,13,28,28,27,26,31,26,28,,20,25,40,35,23,31,30,58,,45,27,67,15,12,20,27,12,29,,14,25,26,22,25,,28,,13,45,24,21,26,,22,33,44,51,30,52,38,16,18,14,12,16,13,27,37,24,22,33,,39,18,18,18,15,23,22,15,19,19,14,19,,19,,80,60,40,70,73,54,41,23,18,27,23,20,31,33,44,28,32,22,42,52,12,12,14,18,11,9,,22,20,20,22,18,16,15,19,19,20,32,15,21,20,39,42,20,22,24,26,21,45,44,46,25,29,34,29,15,22,17,15,22,10,12,17,9,27,21,,19,10,11,12,40,38,29,40,26,53,20,20,22,17,17,33,33,29,37,47,30,22,26,26,24,23,25,,14,20,33,22,,34,30,23,26,20,18,17,,15,20,43,46,36,28,22,28,63,35,22,46,8,18,,20,21,10,52,28,38,36,41,44,48,32,81,15,14,13,23,11,23,12,,34,21,26,29,54,42,18,53,28,37,57,87,61,23,23,58,39,22,45,35,22,24,32,22,26,35,48,43,,22,41,13,12,25,30,32,21,14,9,19,24,27,37,,52,36,25,20,16,30,18,20,,27,,30,128,69,58,16,61,50,51,37,37,34,42,21,20,18,,25,17,19,23,10,12,50,37,46,31,,47,23,27,13,36,28,33,28,15,25,20,21,26,30,14,22,19,16,46
20230729,12,PM2.5,46,19,39,37,38,38,30,25,21,35,30,35,,,8,,3,5,12,,2,,4,3,,1,5,,31,37,33,23,14,22,6,,1,10,,12,5,5,7,10,,7,,,2,,18,25,22,27,,34,7,,15,28,16,29,16,11,21,12,13,17,,20,5,9,11,3,16,,4,6,3,7,31,,28,34,41,32,38,28,,14,10,,,11,11,15,12,,11,9,,8,4,9,7,12,,14,,4,3,1,4,,2,4,3,,10,7,10,10,11,8,9,9,9,9,12,10,10,,13,17,16,,14,14,15,17,9,12,4,7,7,,2,10,8,12,,7,,2,,1,17,5,2,22,,8,8,6,9,9,9,1,8,2,2,1,5,,,,11,16,,7,14,11,,,,11,,2,7,,5,5,9,9,,9,,,,6,,,4,10,8,12,9,,12,9,9,7,7,7,9,13,,9,,13,14,,7,7,,8,8,10,,8,7,3,6,6,6,5,,,2,4,4,14,11,9,11,,9,,,10,,3,7,,18,14,15,6,6,5,,7,7,8,8,5,5,11,4,9,7,14,7,8,19,4,6,2,8,2,,,,,1,2,10,10,17,14,12,,15,19,8,,14,12,7,7,,12,12,15,22,17,,,14,12,5,14,15,10,18,,11,6,8,9,6,16,6,5,,12,3,12,10,4,,2,5,5,12,12,16,7,3,9,43,13,9,4,32,,21,22,20,23,25,20,30,21,3,11,9,13,6,5,,1,6,10,8,6,11,8,4,20,21,18,24,,13,31,32,14,17,14,9,10,11,10,8,,,14,13,15,11,8,10,13,16,29,26,31,,26,30,23,28,21,29,27,28,,13,19,16,16,26,,21,31,27,14,24,18,10,,,22,25,21,9,9,,18,27,20,28,,,43,12,7,21,2,,9,7,17,14,7,,20,,8,8,9,8,8,6,9,6,6,6,11,7,32,4,14,9,12,3,,18,,3,10,,6,,14,17,,,,,10,,,,13,15,7,,134,17,9,,35,19,11,17,16,8,18,14,13,24,20,17,10,10,8,,,,,,,17,14,9,12,19,,7,7,5,3,3,5,8,6,6,2,8,7,3,3,7,13,4,,,8,,11,9,9,8,12,,9,8,,,14,1,9,9,,3,2,14,,14,5,5,7,12,5,7,13,5,5,,,,10,,,9,,14,11,10,8,9,15,8,2,5,7,,14,,,26,,21,32,30,6,8,6,8,8,,21,22,30,19,28,19,27,17,5,17,12,14,16,7,9,,7,6,13,20,,18,19,21,,15,15,,12,14,10,4,15,,21,8,,,11,17,,23,,16,22,19,19,2,7,,2,2,,,41,,44,,24,24,20,,27,13,,12,17,,6,7,7,8,7,5,5,6,8,7,6,6,3,6,5,7,4,5,6,9,3,5,2,3,7,10,8,7,10,13,7,2,5,,3,6,7,9,6,4,23,17,31,17,14,10,10,11,,8,8,10,,12,5,6,3,1,,7,4,4,,9,,7,3,5,7,6,,5,,,,13,,5,,2,,,,6,10,5,32,26,,19,,7,7,5,7,11,2,,17,11,7,10,13,14,,14,,,4,10,12,12,12,16,21,20,16,4,5,7,12,32,31,18,20,18,24,4,5,15,17,22,13,12,16,15,21,12,,31,15,13,28,5,6,6,7,,,,,10,9,,8,25,32,19,14,29,22,9,13,15,12,7,8,10,,19,27,,11,13,20,,20,26,,25,4,3,,3,6,8,2,6,36,22,42,34,,5,6,27,10,14,11,8,9,15,,10,,13,14,23,,,7,,,,,9,,,,,,,,,,,,,,,,9,,,,,,,,,,,,,,,,,,,,,,,,,,,,,,,,,,,,,,15,,3,9,7,6,2,2,,,,7,7,2,5,2,,15,32,34,20,27,31,25,,24,27,60,,,46,42,,29,,16,,15,,14,11,,,15,11,,,8,10,23,,,9,19,,18,9,9,10,18,14,12,22,18,5,6,4,9,10,5,8,11,6,,,13,,13,15,6,,,,10,2,17,11,4,8,12,14,4,9,,,4,4,6,12,8,10,11,5,4,7,9,16,9,11,13,12,10,,,9,7,4,4,10,11,,8,6,7,,9,10,4,,11,5,8,,7,11,12,,4,8,2,5,6,4,4,4,,4,5,5,4,5,4,,6,,6,,,,,2,3,10,5,4,,4,,6,4,3,,,,1,23,9,10,16,1,1,1,10,9,15,16,11,18,4,,7,7,18,6,9,6,3,15,16,15,13,11,13,17,13,,8,9,10,5,3,,13,14,19,10,18,15,18,20,14,,11,18,20,18,12,11,12,8,15,8,8,,12,,18,,8,7,,11,,9,10,10,,8,7,17,12,8,,5,4,5,7,8,8,8,,7,6,8,6,7,,7,3,7,7,10,10,9,4,14,10,4,2,,6,,9,,6,3,,14,5,,1,,11,8,8,14,7,13,8,,15,16,,18,5,1,13,10,6,7,6,4,4,13,29,10,10,16,15,22,22,10,22,7,,18,10,12,9,15,18,8,11,,9,15,29,26,29,29,16,17,12,9,15,19,25,26,39,17,19,14,17,16,20,12,20,30,22,24,,46,20,22,8,5,,2,6,5,19,7,12,16,5,12,26,39,34,39,6,3,,,,19,18,,18,7,9,17,13,19,,10,12,7,,,,,4,9,4,3,5,11,,10,,8,13,10,3,11,12,15,10,12,9,6,,,,,5,5,8,10,8,7,12,,17,4,6,12,17,4,12,8,6,8,10,14,12,16,,20,15,24,19,12,5,6,3,5,,9,8,,8,6,,5,6,6,,9,,2,,4,5,3,13,5,16,6,8,9,11,7,16,16,10,,7,7,,4,5,13,,11,25,6,5,27,32,,17,8,9,6,,,24,11,23,,17,6,10,10,4,16,6,,4,,,5,3,1,2,117,124,26,27,11,,24,13,15,38,37,79,74,98,,,,14,14,,7,,3,22,21,26,7,18,2,22,,3,,36,14,,18,6,12,6,6,6,10,,4,,5,12,24,,8,,31,7,6,10,11,21,9,7,,,5,3,7,4,,12,12,13,14,,9,9,,,12,1,5,9,9,6,13,9,12,7,9,16,17,18,39,,5,10,,28,13,12,9,7,26,14,12,10,,14,17,1,6,6,23,9,34,5,6,5,2,14,12,5,,8,9,11,,13,4,15,10,9,17,11,14,12,2,7,19,,20,9,10,12,,,6,3,9,8,14,8,8,,,18,6,3,10,12,1,12,10,12,6,15,14,10,28,7,8,10,,,5,16,13,15,11,7,34,6,10,8,5,8,5,5,5,6,28,22,13,4,18,20,10,10,7,8,5,9,10,9,16,23,32,48,14,11,12,13,6,13,9,8,24,5,17,18,14,15,10,10,2,16,,3,10,6,8,7,6,2,9,4,,8,9,8,7,6,7,12,14,8,16,10,6,28,6,15,28,24,9,13,15,41,,19,10,48,10,7,12,14,,7,,9,17,18,7,12,,13,,3,12,9,14,16,,14,18,27,29,14,21,26,6,5,8,8,9,2,2,22,9,14,18,,15,5,4,8,8,12,6,7,9,10,5,6,,8,5,19,20,16,25,30,21,28,5,11,15,13,8,13,12,30,16,19,9,27,36,2,5,2,12,3,1,,4,10,6,8,8,6,10,9,5,14,15,9,9,7,6,19,7,7,2,18,8,20,16,17,2,9,7,20,5,7,9,,7,5,5,9,1,7,7,,13,7,7,6,8,18,6,7,5,32,6,8,10,2,7,19,10,15,16,26,17,10,17,14,6,13,11,,4,14,10,4,,14,21,7,18,11,8,8,,8,13,13,21,16,19,15,2,22,24,11,32,2,2,8,14,10,4,32,19,19,14,16,22,26,22,19,8,2,8,16,2,16,8,40,14,1,12,10,35,29,12,37,9,5,14,44,26,7,7,41,27,7,10,24,13,6,12,13,18,7,33,23,,9,5,7,5,4,11,7,9,5,2,13,9,9,7,4,24,24,10,,11,13,11,6,,11,5,15,43,42,37,11,39,24,32,24,20,21,16,13,7,12,,5,9,9,9,7,2,31,18,21,18,12,11,7,7,9,21,10,23,6,3,9,6,3,2,15,7,10,5,4,15
20230729,12,PM2.5_24h,21,14,19,20,22,20,13,16,12,24,16,18,,,14,,17,18,16,,17,,9,12,,8,15,,23,29,26,20,19,22,11,,22,25,,35,18,6,11,19,,14,,14,13,11,15,14,12,15,,22,7,,13,18,13,22,15,16,18,15,22,24,,26,12,8,14,18,18,,17,20,22,21,28,,19,27,31,28,28,24,,13,12,,,13,16,14,15,21,14,11,,11,10,11,12,13,,14,6,7,7,6,9,6,6,7,7,9,13,13,13,11,11,10,10,12,13,13,14,9,8,13,12,9,15,,11,8,19,9,6,9,6,5,6,,5,8,6,8,3,4,3,3,4,3,6,7,6,16,,8,9,8,9,8,10,2,6,2,1,1,1,,,,8,10,,8,9,10,,,,12,,7,7,6,5,7,8,7,4,8,,,,7,7,,9,10,10,7,7,,7,5,6,1,5,5,6,10,,8,,8,8,,7,7,,6,8,9,,10,7,8,6,8,7,6,,,6,6,4,12,9,11,13,,6,,,8,,4,7,,12,11,10,6,6,6,,6,6,8,8,6,7,5,4,7,10,11,5,10,12,5,7,6,9,2,,,,,1,2,9,10,9,6,4,,8,8,12,,8,10,4,6,,7,6,11,13,8,,,5,3,3,4,5,5,15,,8,8,9,10,9,24,8,6,5,8,6,12,14,6,,8,8,6,9,7,11,6,6,8,19,6,8,2,19,,18,18,18,10,14,16,15,13,13,14,16,20,12,12,,12,13,11,14,21,17,17,12,13,16,15,15,,12,17,24,18,18,19,15,15,14,16,10,,,16,16,16,18,11,11,16,14,14,14,15,14,33,29,31,30,31,25,33,39,,15,20,16,14,13,,20,24,16,14,20,9,15,,,22,18,19,15,14,,7,9,12,11,,,13,9,6,18,9,10,9,13,17,15,6,,14,12,15,14,18,16,8,7,6,6,8,7,16,12,38,9,16,13,13,7,,17,,8,12,,17,,24,22,,,,,11,,,,18,17,23,29,89,27,17,,31,10,8,8,9,2,8,8,7,7,10,20,7,9,7,12,,24,19,15,18,13,15,13,17,16,,8,8,7,20,14,15,17,7,7,5,8,10,12,11,11,9,7,,,9,,7,6,6,5,14,,13,7,,,10,6,8,5,,3,6,5,,7,4,3,4,7,2,4,3,2,1,,,,5,,,8,,8,6,9,8,3,5,3,4,3,6,,7,,,14,,12,18,17,12,11,13,14,11,,25,29,28,24,30,22,32,31,19,28,8,10,12,13,11,13,11,10,13,18,,16,14,13,,14,14,,12,11,10,14,11,,16,10,,,10,13,,25,,20,18,16,18,12,14,,15,16,,51,32,,45,,23,26,22,,31,27,9,8,8,,9,9,10,12,13,8,8,15,14,10,10,10,16,7,11,15,8,5,19,16,10,12,13,12,11,11,10,9,12,9,12,4,9,,11,10,14,14,6,6,17,10,19,12,8,8,8,8,,9,8,9,,8,8,8,6,6,,7,10,4,,15,,15,10,12,14,12,7,4,,,,8,,8,,8,,11,,10,6,6,15,18,,16,,9,12,7,5,12,11,,12,9,5,7,13,7,,13,,,7,14,11,14,10,14,18,16,13,16,7,14,22,31,27,29,26,28,22,8,8,9,10,13,10,13,14,18,17,14,,7,7,9,14,7,5,5,1,,,,,9,11,,11,11,12,8,10,13,15,7,15,9,12,10,11,11,,17,15,,13,14,16,,13,17,,17,4,3,3,5,5,7,3,5,27,28,23,41,,17,20,42,9,14,12,12,4,11,,20,10,19,18,17,,,8,,,,,4,,,,,,,,,,,,,,,,2,,,,,,,,,,,,,,,,,,,,,,,,,,,,,,,,,,,,,,7,2,4,9,11,8,2,4,2,,,10,11,9,11,8,,18,23,25,16,21,23,21,,29,24,30,,,31,38,,25,25,19,,19,,14,15,,,24,15,,,16,14,23,,,11,11,11,6,15,10,12,18,15,17,22,15,8,11,9,11,10,9,12,12,17,15,8,15,,13,14,10,,5,2,6,8,14,13,7,6,8,11,4,9,,,8,8,10,10,8,11,9,5,4,6,11,17,6,9,10,11,8,,,14,6,7,7,12,14,,11,7,6,,10,10,6,,10,7,6,14,4,7,9,,6,10,7,6,8,4,8,8,,9,4,5,5,6,5,,3,,7,,,,3,3,4,8,4,3,,8,,7,6,6,2,1,,4,34,9,9,9,10,3,4,8,5,11,10,8,12,4,,2,7,9,26,6,4,4,11,11,10,10,8,12,10,13,,9,7,6,7,9,,11,9,10,12,13,16,11,14,9,,11,13,12,8,10,8,9,7,8,7,6,,14,13,16,,7,6,8,12,,10,12,6,,6,7,12,5,6,,6,8,10,7,7,7,6,,7,8,11,4,7,,7,3,8,15,15,11,12,8,16,8,3,2,,8,15,11,,8,6,,9,6,8,6,,11,9,9,17,13,9,14,,11,17,12,17,16,7,17,16,7,12,11,10,7,12,15,13,15,14,13,18,14,25,19,7,13,15,15,14,8,13,14,11,11,9,10,9,25,22,25,23,17,22,24,17,22,19,23,22,24,20,24,23,21,15,18,15,20,25,21,21,,27,25,27,7,7,,4,7,6,9,6,16,14,10,14,22,19,13,21,10,4,,,,19,15,,17,5,4,6,8,6,,8,8,8,,,,,6,5,10,8,5,12,,15,,7,8,6,6,8,9,12,8,7,4,8,,,,,8,6,9,7,16,7,12,,10,6,8,12,15,6,11,6,9,6,14,17,24,18,,24,25,21,24,8,6,9,10,16,,12,8,,9,5,,4,5,5,,14,,2,,2,4,8,9,5,10,18,18,16,43,6,8,7,10,,9,7,,8,6,13,,17,20,6,6,42,43,,4,4,14,13,,,14,11,20,,14,10,14,17,2,18,8,,7,,,5,3,2,2,35,37,19,24,9,,27,11,12,14,16,40,23,29,,,,14,13,,9,,6,26,26,26,8,9,12,13,9,14,12,25,20,,22,10,10,10,7,7,8,,3,,2,8,11,11,7,8,53,9,4,11,12,16,9,8,,,21,7,6,14,,14,13,14,12,,8,5,,,3,5,6,6,9,5,7,3,3,6,12,18,18,12,31,,13,12,,12,11,12,12,16,25,15,7,18,,8,5,3,14,7,22,4,24,4,13,2,5,15,7,4,6,8,8,9,,16,6,13,7,7,11,11,13,13,8,8,13,2,11,10,9,12,12,,5,8,3,13,6,11,9,,,22,6,20,9,7,2,10,9,9,12,12,9,13,21,3,10,14,3,,10,20,10,18,7,5,34,8,7,5,8,9,7,7,6,6,14,19,16,8,16,14,12,8,9,8,4,9,9,7,14,14,17,17,15,21,18,16,17,16,13,16,14,15,13,14,12,18,13,11,8,23,,12,7,6,5,7,5,5,6,10,8,7,7,6,17,15,9,12,11,7,15,15,13,21,13,16,30,24,10,17,13,14,,18,12,21,5,5,9,4,1,3,,3,15,15,2,12,15,16,,8,9,13,13,13,15,13,31,23,20,24,21,21,4,6,8,4,5,6,4,10,4,21,10,18,17,7,3,7,8,10,6,8,9,7,8,3,9,7,6,22,18,22,30,33,26,11,10,8,14,14,16,9,25,15,14,19,14,15,26,6,8,12,26,32,12,3,6,7,6,9,8,7,9,10,10,9,10,13,8,8,7,12,12,12,9,15,16,14,8,18,4,11,13,10,5,2,3,4,6,6,6,12,2,5,7,,10,8,9,2,6,17,16,7,9,15,6,8,8,6,7,11,18,22,18,19,12,5,8,15,11,10,10,,6,13,8,9,15,15,19,7,13,8,8,7,9,7,9,20,18,13,23,20,17,28,28,13,21,21,27,23,26,26,18,17,12,10,19,21,21,15,20,20,9,4,11,13,3,12,10,20,23,10,18,4,18,16,12,20,9,9,20,65,48,9,9,27,28,10,17,13,15,13,11,18,17,7,16,20,,8,5,10,7,6,12,9,3,2,2,12,3,7,7,8,18,21,12,3,11,8,8,7,,5,6,7,23,35,36,11,30,13,16,27,16,22,17,8,6,9,20,7,6,12,6,30,22,14,12,16,12,14,15,7,8,12,21,10,35,8,5,14,10,5,2,14,7,7,3,8,13
20230729,12,PM10,79,29,70,64,,60,62,36,41,46,58,50,,,14,,4,12,16,,3,,9,4,,1,9,,39,55,41,26,37,34,15,,14,15,,14,5,4,13,13,,5,,13,8,9,44,84,51,56,,39,20,,41,32,39,34,28,36,31,20,17,10,,43,5,8,11,9,12,,11,6,10,4,42,,38,52,68,49,50,43,,24,22,,,22,32,55,27,,23,20,,21,18,24,,20,,27,6,5,9,2,18,7,,6,14,,25,22,21,25,24,12,20,24,,17,24,21,30,,24,32,34,40,41,25,28,50,20,32,24,2,23,,17,23,22,22,,14,44,7,,13,41,8,14,18,,15,15,13,14,12,12,14,13,,6,14,27,,,,27,28,,39,22,14,,,,17,,12,22,,7,14,17,17,7,14,,,,19,,,16,14,17,19,17,,18,19,22,24,15,22,22,21,,26,,18,24,,14,17,,14,14,13,,10,28,12,12,12,9,3,,,2,9,9,20,22,19,,,12,,,15,,10,12,,25,30,33,19,16,23,,18,13,18,17,10,15,19,15,17,12,17,9,17,14,22,10,14,19,2,,1,8,7,7,,22,,26,14,9,,3,8,26,,29,17,20,15,,22,46,22,17,19,,,31,22,27,31,27,24,14,,17,17,23,24,,13,19,10,11,14,10,16,13,9,,10,12,11,26,20,13,23,20,10,17,15,25,45,51,,41,34,24,63,53,38,41,28,15,36,20,28,21,11,,7,12,22,17,18,17,24,19,,39,44,38,,19,46,46,9,24,8,23,28,17,42,16,,,21,21,27,3,19,22,11,,36,34,39,,47,40,53,34,29,40,50,32,,27,29,37,25,31,,35,31,24,32,32,16,19,,,39,32,32,38,20,,26,38,36,41,,,50,19,19,22,34,,83,27,34,29,27,,25,85,9,11,11,11,14,11,11,8,18,23,16,11,13,13,19,11,17,18,,52,,8,7,,25,,26,30,,,,,13,,,,23,31,56,55,134,74,50,,96,30,22,24,22,26,36,34,32,33,40,34,7,27,13,,,,,,,66,46,41,34,46,,14,16,13,5,6,1,10,19,10,17,16,12,8,18,17,16,14,,,9,,19,14,14,19,22,,9,14,,,6,7,11,9,,14,6,9,,17,34,34,24,19,9,27,12,9,14,,,,17,,,18,,20,12,5,14,27,27,24,12,7,20,,14,,,50,,42,60,39,9,10,14,11,14,,45,40,43,31,52,29,34,14,14,27,24,27,28,6,,,13,11,22,33,,41,43,35,,26,28,,37,47,45,16,25,,50,11,,,23,22,,8,,31,27,22,30,6,9,,5,4,,,70,,77,,30,48,46,,44,34,,33,27,,15,18,21,24,15,14,14,21,20,14,19,10,21,4,17,16,9,9,7,16,23,17,14,22,8,14,15,16,17,12,20,9,41,,13,5,7,12,8,15,30,23,29,29,25,19,19,146,,24,27,29,,5,9,7,14,4,,7,6,6,,4,,7,5,6,5,32,15,16,,,,20,,22,,4,,,,16,19,16,50,117,,42,,22,10,9,23,15,19,,24,22,20,18,19,22,,18,,,8,20,17,19,7,32,38,32,42,5,21,17,19,34,37,33,40,33,34,12,8,16,17,11,20,26,32,25,56,21,,50,32,27,38,14,20,16,15,,,,,11,25,,12,32,34,30,,45,32,22,21,17,29,7,22,16,,28,36,,16,17,40,,30,39,,31,,6,8,5,16,7,,12,51,51,56,60,,44,29,85,20,28,21,21,10,6,,21,,60,59,129,,,22,,,,,24,,,,,,,,,,,,,,,,17,,,,,,,,,,,,,,,,,,,,,,,,,,,,,,,,,,,,,,25,7,14,12,26,9,35,15,27,,,10,15,25,10,18,,8,46,61,44,52,58,29,,34,42,71,,,62,77,,41,,22,,16,,45,37,,,27,15,,,21,28,45,,,10,15,18,25,18,19,16,37,34,30,33,42,3,24,11,37,41,24,23,28,12,3,24,34,,26,30,9,,,1,31,14,28,16,20,19,14,46,14,22,,,9,8,5,13,6,5,36,11,6,21,13,37,13,16,24,19,14,,,23,10,16,2,20,18,,5,25,24,,19,22,14,,17,18,3,,14,28,19,,11,15,16,19,7,10,9,9,,16,14,9,17,19,12,,14,,2,,,,5,7,6,7,12,15,,7,,15,16,9,9,5,,1,,20,24,17,24,,6,9,,26,39,12,21,9,,7,12,14,22,16,32,1,2,30,25,18,12,31,53,23,,15,28,33,40,14,,32,23,40,26,40,31,30,27,29,,23,35,39,32,23,23,21,21,19,16,25,,4,6,2,,20,17,20,9,,14,15,19,,14,20,18,14,17,,7,11,6,8,26,36,28,,14,10,9,24,26,,18,19,10,16,4,23,17,14,15,21,22,19,,12,,14,,15,5,,22,8,,5,,12,11,8,43,21,34,23,24,30,16,26,21,25,19,32,22,11,13,14,15,12,21,23,36,26,38,9,22,25,18,30,17,,23,22,23,28,36,32,14,18,,30,22,41,63,61,50,34,26,37,27,24,54,45,46,54,44,37,20,42,30,40,34,39,52,44,45,,68,17,22,13,12,,10,22,29,54,25,4,14,15,11,33,60,56,79,11,11,,,,36,28,,23,,45,53,29,55,,20,15,13,,,,,14,9,14,12,17,20,,15,,13,18,25,26,25,32,21,11,24,22,14,,,,,12,12,12,10,18,9,20,,24,22,24,21,18,10,19,7,,20,20,17,14,12,,15,27,28,24,23,4,7,8,29,,14,23,,10,9,,10,14,4,,33,,7,,7,11,4,27,21,22,16,16,14,32,20,36,32,15,,27,35,,5,10,38,,48,61,4,19,100,102,,16,19,13,8,,,41,25,30,,29,12,13,33,9,19,29,,20,,,23,7,2,7,392,331,108,134,20,,73,44,42,100,,281,431,412,,,,40,32,,26,,28,64,79,105,15,23,5,38,3,4,,33,22,,31,20,20,16,6,,16,,13,,17,20,36,,14,,92,25,14,30,19,34,14,14,,,25,5,22,6,,24,29,31,18,,15,11,,,22,14,19,22,27,27,22,31,22,18,13,44,21,37,61,,8,10,,58,27,21,18,34,30,19,22,22,54,32,28,2,4,4,44,12,60,14,7,22,1,17,12,7,,10,12,39,,39,6,41,19,17,34,16,17,14,17,16,25,36,32,14,21,21,13,,23,8,17,9,10,12,14,,,26,28,4,8,19,9,9,27,11,37,17,33,20,48,13,19,6,6,,9,25,32,29,29,25,69,21,23,16,9,16,2,10,18,24,53,29,24,27,34,38,17,22,11,8,12,20,27,19,24,50,51,72,34,22,12,18,13,17,19,29,33,17,19,24,28,20,37,46,,20,,4,16,9,14,16,8,7,17,5,2,2,10,20,6,9,11,13,13,5,12,9,24,20,20,18,27,27,18,11,13,52,,29,11,57,15,12,20,27,12,29,,14,19,17,22,25,,11,,13,45,24,19,25,37,14,17,44,51,26,53,36,8,18,11,11,16,3,27,37,24,22,33,,35,10,7,8,14,23,22,15,15,10,10,19,30,15,17,110,70,40,89,96,57,41,17,17,27,20,19,15,29,40,28,32,17,42,51,12,5,5,18,4,3,17,22,10,11,22,18,8,14,19,19,5,32,5,19,12,39,42,14,6,20,20,21,33,12,24,14,16,16,20,15,22,17,15,22,7,12,17,7,27,9,,17,7,11,8,19,24,3,27,5,56,7,20,22,12,10,22,24,26,37,47,30,13,24,26,17,19,25,,14,12,33,16,39,23,29,23,26,7,13,14,,12,20,26,36,25,18,12,6,75,34,22,37,8,18,14,9,21,5,54,28,38,36,41,44,48,29,112,9,14,11,9,4,4,9,47,17,21,8,29,57,35,18,34,21,16,63,124,72,16,13,60,37,11,45,35,22,11,24,22,19,25,38,40,,22,41,4,12,10,29,21,21,14,7,3,24,27,9,18,54,25,25,7,8,30,18,15,,19,9,30,205,87,65,10,71,50,52,37,37,34,36,21,20,14,,22,17,19,23,10,12,50,37,46,31,29,24,18,27,11,31,25,11,21,7,25,20,7,6,30,14,22,19,16,41
20230729,12,PM10_24h,37,27,37,42,26,38,29,32,25,32,32,33,,,23,,25,34,25,,23,,20,22,,15,13,,43,55,40,35,40,44,35,,42,32,,43,35,14,22,25,,31,,26,19,20,28,37,36,47,,35,23,,35,27,30,42,35,36,40,34,42,35,,49,15,19,21,25,28,,34,26,32,32,35,,31,38,52,43,40,38,,30,29,,,28,32,36,36,30,32,28,,28,19,28,25,23,,27,13,12,16,11,24,14,8,12,18,19,31,29,29,28,30,21,23,29,32,25,24,28,23,39,35,36,34,40,38,26,35,46,24,27,24,17,25,,24,23,22,25,13,11,14,9,12,12,18,11,10,34,,20,22,19,21,20,20,12,12,12,7,10,16,,,,19,20,,29,14,12,,,,18,,16,17,16,12,20,13,14,13,22,,,,19,13,,20,20,25,12,14,,16,11,14,14,10,14,18,15,,19,,16,18,,16,14,,13,12,11,,16,26,13,15,17,14,14,,,13,12,15,20,23,21,29,,11,,,16,,17,15,,21,25,22,21,20,20,,15,13,17,15,15,9,10,11,15,13,14,11,16,16,18,13,13,16,5,,6,10,8,8,,20,32,15,9,3,,10,7,19,,15,16,16,16,,19,19,18,17,8,,,20,12,16,25,13,14,18,19,17,18,20,20,22,29,24,13,16,18,17,17,17,13,,24,13,12,13,13,10,18,17,8,11,15,27,30,31,,38,39,30,29,30,34,23,20,24,34,28,55,25,23,,25,32,25,33,29,26,28,22,28,25,30,22,,24,35,36,25,30,25,24,24,25,26,21,,,33,30,34,36,28,28,28,27,28,26,21,21,50,47,47,41,49,44,49,61,,29,32,30,26,20,,29,29,21,24,25,18,20,,,36,28,33,31,19,,17,18,26,23,,,24,13,22,22,20,15,29,28,26,23,27,,26,56,20,21,25,22,14,16,11,9,17,16,23,20,25,17,23,19,23,16,,38,,18,22,,39,,30,30,,,,,16,,,,24,31,100,93,83,105,94,,110,20,15,25,20,22,19,22,20,20,20,35,17,25,19,27,,32,29,29,30,38,34,34,35,47,,18,16,16,25,21,21,22,15,14,13,18,18,22,21,19,19,21,,,8,,14,9,5,10,20,,16,15,,,13,12,16,11,,9,10,5,,14,22,14,14,10,7,8,6,5,8,,,,10,,,20,,19,15,9,17,14,16,19,7,4,9,,11,,,27,,23,31,32,16,20,24,21,20,,40,39,39,43,51,30,47,40,32,42,18,20,21,27,24,37,20,27,30,29,,29,23,25,,21,21,,23,21,22,21,19,,34,15,,,30,18,,28,,37,33,39,41,21,22,,18,21,,67,61,,65,,34,45,53,,46,45,18,23,20,,18,17,25,26,20,17,25,40,25,21,25,17,30,26,22,27,16,18,32,24,25,21,29,38,18,17,20,24,16,13,30,19,35,,17,9,9,15,15,18,26,15,19,27,18,17,13,20,,15,18,17,,4,16,14,13,13,,13,16,4,,21,,23,16,20,18,19,16,15,,,,20,,20,,26,,13,,16,13,25,28,47,,27,,24,23,22,19,19,23,,17,15,17,11,13,12,,20,,,10,24,22,23,18,30,32,29,26,24,37,22,36,33,44,49,40,55,35,19,19,15,16,18,19,20,26,27,30,22,,24,15,22,23,14,16,15,12,,,,,11,24,,12,20,22,21,17,22,20,19,20,20,23,14,25,20,,29,24,,21,22,26,,21,24,,24,5,9,10,10,10,12,,8,36,32,30,41,,82,69,159,18,28,24,22,26,23,,63,49,59,58,60,,,20,,,,,14,,,,,,,,,,,,,,,,8,,,,,,,,,,,,,,,,,,,,,,,,,,,,,,,,,,,,,,17,12,18,16,21,15,22,17,14,,,16,29,38,27,26,,23,41,58,31,42,50,39,,41,50,46,,,41,55,,34,34,29,,29,,44,36,,,39,24,,,27,33,35,,,17,20,20,19,24,23,17,36,40,37,35,32,18,22,19,31,28,23,31,25,38,41,35,39,,28,25,16,,11,5,23,28,24,17,16,17,17,40,15,25,,,20,15,11,14,9,21,21,11,7,25,13,39,6,14,18,17,12,,,20,8,16,4,22,22,,11,21,19,,18,18,18,,14,17,11,21,15,18,16,,15,15,18,20,16,10,12,13,,12,21,7,14,19,8,,9,,6,,,,7,10,5,9,12,15,,12,,14,16,12,13,17,,19,6,14,12,12,13,,9,11,9,19,16,15,14,7,,8,10,11,36,10,26,4,15,21,18,20,13,27,28,25,,11,17,19,20,20,,22,16,19,21,27,23,21,22,19,,20,25,25,17,19,39,17,17,19,16,19,,14,16,16,,22,17,24,14,,17,16,14,,17,13,16,12,10,,19,18,17,12,17,18,18,,16,13,13,20,27,,24,23,15,30,24,22,19,18,18,20,13,21,,23,21,22,,10,11,,19,14,9,11,,16,14,13,32,22,22,34,22,21,27,24,22,29,21,27,38,20,16,23,19,20,24,22,28,23,27,17,28,21,26,33,17,19,27,30,24,23,26,24,25,18,14,20,20,46,45,49,50,32,35,31,36,38,45,37,38,33,38,43,33,46,26,29,32,37,35,34,35,,42,39,40,19,15,,12,16,18,20,19,14,14,18,22,28,30,24,32,17,21,,,,22,27,,26,,23,20,21,27,,16,16,15,,,,,17,14,15,17,15,32,,23,,10,11,17,15,17,24,16,8,14,16,7,,,,,26,18,10,9,29,16,19,,15,14,17,19,17,12,17,5,30,19,19,22,23,29,,24,31,30,34,17,9,17,16,24,,23,16,,15,8,,6,11,13,,45,,6,,6,8,18,22,22,20,27,23,24,30,12,21,20,19,,27,22,,16,17,45,,65,74,10,19,173,178,,9,8,23,25,,,25,26,40,,27,22,21,30,6,25,20,,17,,,21,8,6,6,125,112,60,82,29,,102,56,54,46,38,98,108,104,,,,51,37,,33,,51,80,94,125,15,18,21,30,21,22,19,47,35,,32,22,18,20,13,15,16,,9,,9,14,24,17,20,20,164,29,13,40,23,26,13,13,,,43,10,13,24,,31,23,27,14,,10,10,,,13,20,24,16,13,13,16,16,11,18,21,36,23,27,53,,22,15,,26,20,18,17,80,32,23,15,28,30,26,15,14,21,12,46,8,37,14,18,14,15,18,10,6,10,10,10,31,,30,15,25,20,16,24,24,22,19,16,29,26,31,24,18,20,24,28,,19,13,11,21,13,17,14,,,30,23,21,12,16,6,19,20,12,44,12,29,15,29,10,19,10,14,,18,31,28,35,28,24,114,23,23,21,24,31,21,20,25,24,26,29,24,38,39,26,20,15,20,13,13,21,21,16,22,29,32,32,32,35,35,24,29,28,29,36,28,30,16,27,24,32,36,29,12,33,,20,11,13,9,17,8,12,12,20,19,24,14,17,19,18,16,14,13,7,18,17,22,32,24,19,26,29,14,30,23,23,,23,15,29,13,10,13,13,9,14,,7,20,15,15,17,21,21,,15,38,26,22,19,25,21,50,37,34,41,37,32,12,14,13,9,11,12,37,19,12,36,26,31,33,15,6,9,18,14,17,21,19,16,19,14,21,18,13,106,100,97,107,115,79,17,17,13,23,27,32,24,42,19,29,28,25,25,45,32,7,18,36,48,21,14,17,11,12,16,16,15,17,21,18,16,17,20,19,14,21,32,25,12,21,22,22,21,13,24,14,19,15,24,13,10,12,20,17,14,13,16,4,17,14,,14,11,14,10,14,27,4,19,12,21,15,22,17,17,13,18,27,38,34,32,20,7,16,34,29,20,21,,24,19,23,19,24,22,29,18,20,8,9,12,21,15,18,44,34,20,36,26,21,63,54,47,44,30,44,41,43,28,19,49,38,39,62,59,56,61,43,51,18,17,19,22,11,14,14,27,23,20,19,17,31,26,22,24,24,44,101,191,166,16,19,41,43,21,42,28,29,23,19,32,31,26,26,40,,14,19,18,25,15,21,21,14,6,8,11,14,25,14,18,21,20,19,20,16,44,12,17,,21,12,19,98,58,54,21,49,32,35,52,32,43,40,25,20,16,27,19,14,26,16,36,36,25,23,35,28,43,36,16,23,18,38,28,44,22,12,26,18,8,8,24,13,10,10,18,36
20230729,12,SO2,3,3,3,3,3,1,2,3,3,3,3,3,,,5,,2,4,5,,4,,4,4,,4,2,,2,3,3,3,2,1,5,,1,5,,2,3,4,1,4,,4,,2,3,3,8,4,6,8,,8,3,,2,5,9,12,7,11,11,5,3,1,,4,4,8,2,3,2,,5,4,3,4,8,,5,7,4,8,7,5,,7,7,,,8,7,7,7,,8,7,,7,7,9,7,7,,8,4,3,8,4,7,5,3,6,,,4,4,4,6,3,5,3,4,7,2,8,5,6,,6,7,5,6,3,5,5,8,4,7,6,3,4,,2,6,7,5,4,3,3,6,4,6,4,6,7,5,,6,7,7,6,8,6,8,9,6,4,5,4,,,,6,8,,5,8,5,,,,6,,3,5,8,5,10,4,8,5,6,,,,6,5,,3,2,4,3,6,,8,6,7,5,6,8,5,3,,5,,7,5,,6,4,,4,5,6,,6,5,5,,2,4,7,,,3,4,4,5,6,5,4,,4,,,2,,8,3,,4,2,3,5,4,4,,2,3,4,5,3,4,5,3,5,5,5,3,5,4,8,8,8,8,1,,4,2,3,3,1,3,3,8,5,8,,5,5,10,,7,5,6,5,,4,7,5,6,6,,,6,8,7,7,6,6,1,3,3,2,1,1,3,2,3,6,8,7,4,5,5,5,,7,6,3,4,4,1,4,2,4,3,1,5,5,4,,4,4,8,8,7,6,5,7,4,5,6,4,4,6,,5,6,5,7,4,6,4,4,6,10,5,6,,4,5,10,5,6,6,10,5,5,3,4,,,9,7,5,3,4,4,5,3,12,12,,,6,4,7,5,5,7,6,5,,7,5,8,7,7,,5,5,4,7,7,5,6,,,6,10,5,5,12,,4,4,4,3,,,6,3,7,10,4,8,5,7,11,11,7,,10,8,8,4,6,6,6,13,8,10,12,10,7,5,3,6,5,6,2,4,,4,,4,7,,13,,9,11,,,,,6,,,,9,12,5,5,16,5,4,,5,10,3,10,11,7,3,4,4,6,6,2,6,4,6,,,,,,,11,23,9,8,14,,4,5,4,1,4,5,4,3,2,5,2,5,2,2,8,8,8,,,4,,4,2,4,3,6,,6,2,,,2,2,1,13,,9,7,7,,8,9,8,9,8,7,3,4,5,7,,,,11,,,6,,4,7,6,8,4,8,7,4,4,4,,6,,,16,,12,17,16,4,4,8,4,7,,16,16,11,12,12,4,7,5,4,6,1,3,3,7,4,6,4,5,4,6,,6,8,9,,5,4,,6,5,2,4,5,,6,4,,,3,6,,4,,7,5,9,9,8,9,,5,8,,10,10,,9,,7,6,7,,8,6,,16,15,,8,7,7,5,3,4,4,5,6,5,6,5,9,4,3,6,5,6,6,13,4,8,3,2,5,5,6,7,4,6,5,3,6,,6,5,5,4,2,4,5,5,3,4,4,4,5,2,,6,9,6,,4,10,8,9,7,,10,9,8,,3,,3,3,5,3,8,5,4,,,,1,,2,,6,,,,1,6,4,4,5,,6,,4,2,4,3,7,6,,5,7,10,5,8,4,,6,,,8,4,6,3,6,9,6,9,4,4,4,2,4,14,9,10,10,12,11,1,2,3,8,7,5,4,6,6,7,5,,18,7,15,7,5,5,7,3,,,,,1,3,,1,2,12,11,11,9,,5,6,2,3,6,6,4,,4,3,,9,2,6,,6,5,,6,7,5,5,9,4,6,5,5,6,10,5,4,,,17,4,22,20,8,9,8,3,,6,,5,4,6,,,5,,,,,3,,,,,,,,,,,,,,,,6,,,,,,,,,,,,,,,,,,,,,,,,,,,,,,,,,,,,,,8,1,1,3,2,2,2,3,1,,,2,8,9,8,8,,6,10,11,4,5,10,6,,7,6,7,,,5,5,,12,10,3,,5,,14,17,,,5,5,,,10,3,16,,,3,2,8,10,11,6,8,2,3,5,5,4,3,6,7,8,8,5,6,12,8,5,2,4,,7,8,5,,7,8,8,6,,4,5,,14,6,19,6,,,6,8,7,8,10,12,7,9,3,8,6,12,4,3,9,4,1,,,20,4,3,1,5,3,,6,5,5,,6,5,6,,4,8,4,7,5,2,4,,4,3,4,8,3,4,4,4,,7,5,6,7,8,6,,5,,5,,,,2,5,7,11,3,3,,3,,4,7,5,6,6,,7,1,7,4,8,11,5,5,6,,1,4,3,7,2,,9,5,4,9,7,4,30,14,16,16,12,6,7,13,6,,2,6,5,3,2,,2,5,6,5,10,7,8,12,1,,4,6,8,1,4,4,5,4,1,6,3,,4,2,6,,6,2,5,4,,4,3,4,,2,8,7,8,5,,6,6,4,8,9,4,3,,4,6,4,4,5,,4,8,7,4,5,5,7,7,6,7,5,4,,8,8,6,,6,6,,15,5,,3,,6,3,6,10,10,16,6,5,9,6,7,3,5,5,5,4,4,4,2,2,5,6,6,5,2,5,11,10,12,15,12,10,8,5,6,4,2,18,18,9,6,,7,6,10,6,7,5,8,7,5,6,5,8,5,7,6,8,7,13,19,7,8,10,9,9,18,14,,29,4,3,6,4,,5,8,6,4,7,6,4,6,8,5,7,6,9,3,11,,,,7,8,,9,10,20,34,20,49,,7,7,6,,,,,6,6,6,7,7,1,,4,,5,9,12,11,9,13,3,5,19,5,8,,,,,5,2,4,4,11,6,2,,9,12,11,14,10,2,8,9,8,10,4,6,6,8,,7,13,6,5,7,9,5,8,16,,9,7,,8,7,,7,8,4,,6,,8,,8,8,1,8,9,10,6,8,7,8,5,5,5,8,,22,26,,9,8,8,,8,6,9,3,6,7,,5,5,8,8,,,3,6,4,,14,10,13,12,11,8,6,,6,,,6,5,5,6,6,4,6,5,5,,8,8,10,5,6,6,2,3,,,,10,6,,5,,4,8,9,9,29,5,4,5,4,4,4,3,10,,6,2,8,1,4,2,2,,3,,6,16,5,,7,,9,8,4,6,8,9,5,3,,,2,4,5,6,,5,15,6,10,,5,4,,,2,3,6,4,8,6,2,5,5,5,5,7,6,8,10,,3,2,,5,4,10,7,5,16,3,6,5,4,3,5,3,2,4,28,3,20,4,2,3,6,4,9,4,,8,9,6,,3,4,9,3,4,7,4,6,6,4,4,8,4,5,7,3,1,4,12,3,5,6,7,8,5,4,,,6,5,5,4,8,7,6,3,3,7,3,10,6,16,6,5,4,3,,4,11,9,16,12,4,7,6,8,6,7,5,6,2,5,6,3,6,8,16,15,12,3,8,7,7,7,7,2,4,5,6,6,9,7,4,5,5,3,6,6,7,7,2,5,6,9,8,2,2,6,8,,6,10,5,4,8,2,3,3,4,3,2,1,8,5,2,7,3,6,8,9,6,9,,5,8,9,8,17,10,13,2,,4,7,4,4,7,9,8,5,7,,2,4,4,4,7,,14,,5,4,6,8,7,5,4,5,13,13,6,10,5,2,1,3,6,4,3,5,9,5,1,3,,20,4,1,5,7,4,3,5,5,6,6,3,5,3,23,6,5,2,6,6,10,6,7,5,8,6,4,5,5,13,3,5,6,6,3,2,5,4,4,4,8,4,3,6,6,2,3,4,2,6,3,3,1,9,8,5,16,7,10,7,9,10,4,5,5,2,6,4,7,13,3,4,10,3,4,6,5,4,2,6,6,,3,2,4,3,9,8,7,21,6,3,4,2,1,7,3,19,4,5,10,3,6,5,6,5,2,2,4,,8,5,7,6,13,6,7,4,6,6,4,1,,3,2,10,12,6,7,13,7,11,1,14,3,3,2,,2,4,26,5,7,8,3,8,8,9,8,9,2,3,5,3,7,10,1,9,6,5,7,7,6,4,3,4,6,10,5,4,4,5,5,9,6,7,26,11,6,10,3,6,7,5,37,25,,7,3,4,3,6,9,3,3,7,7,6,6,1,3,8,3,4,6,5,3,6,2,4,,6,6,1,8,7,7,8,7,3,3,3,3,3,6,9,3,4,,8,6,5,5,4,2,3,3,3,3,,7,5,4,6,5,7,10,6,4,3,4,6,7,8,12,4,7,5,17
20230729,12,SO2_24h,3,3,3,3,3,3,1,3,3,3,3,3,,,5,,2,4,6,,4,,4,5,,3,2,,2,2,2,3,3,2,6,,2,3,,3,3,4,2,5,,5,,2,3,2,8,4,6,9,,5,2,,2,2,8,8,7,10,9,5,2,2,,4,5,7,2,4,2,,5,5,3,4,7,,3,6,7,7,6,4,,6,7,,,8,7,6,7,5,9,21,,6,8,13,11,10,,9,4,4,8,4,7,5,4,6,5,6,4,4,4,5,3,5,4,4,3,3,8,5,6,3,7,7,5,6,3,4,5,8,4,8,6,3,4,,2,6,7,5,4,3,3,6,11,6,4,6,7,5,,6,8,7,6,8,6,6,8,4,4,4,4,,,,6,8,,6,7,4,,,,6,,3,5,7,5,10,5,8,5,6,,,,7,5,,2,4,5,7,6,,7,5,7,4,6,7,4,3,,5,,7,5,,6,4,,4,5,6,,6,4,5,5,2,4,7,,,3,4,4,4,6,5,4,,4,,,2,,6,3,,4,2,3,5,4,4,,2,3,4,4,2,4,4,3,5,4,4,3,5,5,8,8,7,8,2,,4,2,2,3,1,3,3,8,6,7,,5,4,10,,7,5,6,5,,4,7,5,6,5,,,4,6,10,6,5,5,1,1,3,2,1,1,3,2,3,6,8,7,5,6,6,5,,6,6,3,5,4,1,4,2,4,2,2,5,4,5,,5,5,9,7,6,6,6,7,4,5,6,4,4,7,,5,7,5,7,5,7,5,5,7,11,5,6,,7,5,9,6,6,7,11,6,6,4,5,,,9,8,7,4,5,5,6,4,9,16,8,10,5,6,7,5,6,9,6,8,,7,5,8,7,8,,5,5,4,7,7,5,6,,,6,9,5,4,6,,3,3,2,2,,,3,8,5,5,3,6,5,6,6,5,4,,10,8,8,4,6,6,7,12,8,11,12,11,7,5,3,6,6,6,2,5,,4,,4,7,,7,,6,7,,,,,5,,,,13,12,5,5,14,5,5,,6,10,3,10,12,6,4,4,4,6,6,2,6,4,7,15,,13,10,14,7,7,10,9,8,7,,5,6,4,4,4,6,3,3,2,5,2,5,2,2,9,7,8,,,4,,4,2,4,2,6,,6,2,,,2,2,2,11,,9,6,7,,11,9,10,8,6,6,2,3,5,6,,,,10,,,5,,4,8,7,8,5,8,6,4,4,4,,8,,,16,,12,11,12,5,5,9,5,8,,12,10,5,8,8,4,7,7,4,11,1,5,2,7,4,7,4,5,4,7,,6,7,9,,4,4,,7,6,3,6,5,,12,5,,,3,5,,4,,9,9,10,10,8,10,,11,8,,9,8,,8,,9,7,8,,8,7,12,15,16,,8,6,5,5,3,4,3,7,5,7,5,4,6,5,4,6,5,6,6,12,13,11,3,3,5,5,6,6,4,6,5,3,7,,6,5,4,4,2,4,5,5,2,4,2,3,5,2,,6,8,6,,4,11,7,9,8,,11,10,7,,3,,3,4,5,3,8,7,4,,,,1,,2,,6,,3,,2,6,4,3,3,,6,,4,2,4,2,8,5,,10,8,9,6,7,2,,4,,,8,4,6,3,6,7,11,13,6,5,4,2,5,18,19,11,20,24,12,1,2,3,6,6,6,7,9,8,8,5,,9,7,15,7,5,5,6,3,,,,,1,2,,2,1,8,9,8,5,6,4,6,2,2,5,5,4,,4,3,,9,2,5,,6,4,,5,7,5,5,9,4,6,6,4,4,6,5,4,,22,30,4,18,28,8,11,9,2,,6,7,6,5,6,,,4,,,,,3,,,,,,,,,,,,,,,,5,,,,,,,,,,,,,,,,,,,,,,,,,,,,,,,,,,,,,,7,2,1,3,1,2,2,3,2,,,2,9,10,9,8,,8,6,7,6,5,7,11,,8,8,6,,,4,4,,15,13,2,,7,,17,21,,,5,4,,,4,4,15,,,4,3,7,10,10,5,7,3,3,7,7,5,3,6,10,9,9,4,6,11,8,5,3,4,,7,8,5,,7,5,7,5,5,4,6,4,8,6,7,5,,,5,8,7,9,10,13,6,9,6,5,7,15,7,2,2,4,1,,,8,8,4,2,5,3,,6,9,6,,6,5,7,,4,8,6,7,5,2,3,,4,4,4,8,2,3,5,4,,4,6,6,7,9,7,,5,,6,,,,2,6,8,6,3,4,,3,,7,6,5,6,6,,6,1,10,4,7,10,5,4,6,4,2,3,4,5,2,,8,3,4,6,8,6,28,15,16,16,12,12,10,10,8,,4,7,7,6,5,,1,5,5,5,9,8,9,13,1,,3,3,7,3,4,4,5,4,3,8,9,,4,4,6,,6,2,5,4,,4,3,4,,2,8,5,7,4,,6,5,4,7,9,4,4,,4,6,4,6,5,,5,8,8,4,5,5,6,6,6,7,4,4,,7,9,5,,6,7,,10,5,5,2,,6,4,6,10,10,6,20,7,10,12,9,4,8,6,7,8,4,5,3,3,5,6,5,6,3,6,8,8,10,13,11,10,4,8,8,9,2,12,9,9,6,5,6,5,8,6,7,6,7,6,6,8,6,9,6,7,6,8,8,17,28,7,8,11,10,6,14,10,,14,4,3,6,3,,6,7,6,4,6,5,3,6,5,3,2,2,3,3,10,,,,6,8,,8,8,9,11,10,11,,7,7,6,,,,,5,5,6,6,7,2,,4,,4,5,9,11,8,12,2,5,9,5,5,,,,,3,2,4,4,27,5,2,,5,8,7,8,9,2,8,8,5,9,4,6,13,36,,11,15,6,5,7,9,5,8,14,,8,6,,7,7,,6,7,4,,7,,7,,8,8,2,6,9,8,5,7,6,8,5,5,4,8,,110,44,,6,6,7,,7,5,5,3,5,4,,5,5,8,7,,,5,5,4,,11,10,14,10,11,10,5,,5,,,7,5,4,6,6,4,4,5,5,,7,8,9,6,6,8,3,3,,,,7,6,,5,,4,9,8,9,13,2,4,5,5,5,4,3,10,,6,2,8,2,4,2,2,,3,,6,5,3,4,7,8,11,8,4,6,6,8,5,4,,,2,4,5,6,,9,15,6,6,,5,4,,,2,3,6,4,7,6,2,4,5,5,5,6,6,7,8,,4,2,,6,4,8,5,5,16,4,7,16,3,4,6,3,2,5,16,3,24,4,2,3,6,4,8,5,8,7,8,6,,2,4,9,3,3,5,3,6,5,5,4,7,5,4,9,3,1,5,25,3,6,5,7,8,5,4,,,5,4,6,7,7,6,6,3,4,6,2,10,7,16,6,3,4,3,,5,10,6,18,44,5,7,6,7,6,7,5,8,2,5,6,3,6,8,19,12,10,2,7,7,7,6,6,2,4,5,6,6,8,8,5,6,6,4,6,7,7,14,2,7,6,8,7,7,2,6,8,,6,9,5,4,9,2,3,2,5,4,2,1,8,4,2,8,3,6,8,10,4,9,8,7,9,9,8,8,10,12,2,,3,6,6,3,6,10,8,4,6,,1,4,4,4,9,8,9,,6,7,5,8,7,7,5,6,11,33,8,10,5,2,1,3,5,4,4,5,6,4,4,3,15,14,4,2,5,6,4,6,5,5,6,6,2,5,2,8,4,7,1,6,6,7,6,8,5,8,6,5,5,6,9,3,6,7,7,1,2,5,4,5,6,8,4,3,6,6,2,3,4,3,6,3,4,3,10,8,4,19,7,11,7,9,8,5,3,2,2,6,4,6,7,3,3,9,3,4,7,6,5,2,5,7,,4,2,4,3,10,5,7,10,5,3,4,3,2,7,3,14,4,16,9,4,5,5,5,5,2,3,3,,8,5,7,8,6,6,7,5,4,5,4,1,6,4,2,13,10,6,7,14,6,9,1,2,1,3,3,3,3,4,6,6,7,9,4,8,8,10,7,8,2,4,5,3,8,12,2,7,6,5,8,7,5,4,3,2,6,9,5,6,6,4,7,6,9,7,23,10,7,10,4,8,9,7,17,13,,6,3,4,2,6,6,2,4,6,7,5,7,2,3,8,3,4,6,6,3,7,2,4,,5,6,1,9,6,7,8,5,3,2,3,3,3,8,9,4,4,15,11,9,6,4,4,3,3,3,3,3,9,7,4,3,8,6,4,9,5,4,4,6,6,7,8,11,4,8,6,11
20230729,12,NO2,2,7,22,23,18,20,22,4,13,18,18,13,,,10,,12,12,21,,9,,24,9,,4,9,,14,11,11,9,13,14,19,,5,8,,7,5,10,6,14,,9,,3,2,8,9,12,12,13,,14,7,,14,15,8,19,10,13,11,4,8,11,,6,8,9,15,2,6,,10,9,11,18,13,,5,16,19,12,17,10,,10,11,,,6,8,12,12,,17,13,,11,9,9,14,12,,8,16,12,10,7,9,11,13,9,17,,11,8,4,5,6,4,2,7,4,6,6,5,5,,7,10,14,13,11,4,8,10,11,14,9,10,2,,11,10,9,13,4,7,3,2,4,3,9,4,2,4,,2,2,4,2,2,4,10,12,9,9,8,3,,,,5,5,,6,3,4,,,,8,,6,10,6,7,11,4,6,6,7,,,,1,,,9,5,8,8,5,,4,5,8,6,4,6,2,3,,4,,4,7,,6,9,,10,10,11,,10,8,7,12,4,7,10,,,1,14,6,10,5,5,,,7,,,10,,1,8,,6,5,10,8,2,5,,10,7,11,10,9,6,5,4,11,15,6,8,7,11,8,8,5,10,1,,6,13,7,8,11,6,,11,11,8,,4,9,5,,12,16,26,24,,19,28,31,18,2,,,6,10,4,8,6,7,17,11,11,15,11,10,15,16,15,15,19,19,16,14,12,18,,17,12,9,9,16,6,7,9,4,5,7,3,20,14,,18,15,18,30,23,24,19,16,25,25,20,22,17,17,,12,9,16,37,16,28,6,4,4,12,12,22,,6,16,12,11,14,9,4,6,8,9,6,,,15,13,16,15,14,16,16,18,12,11,16,,19,20,35,15,10,19,30,20,,9,16,16,12,9,,11,16,8,14,23,7,10,,,13,24,5,11,22,,4,18,23,13,,,13,2,18,28,23,13,10,16,23,21,13,,14,16,7,13,11,12,5,12,12,13,14,10,15,14,16,6,14,12,10,6,,21,,13,14,,21,,20,28,,,,,7,,,,14,13,36,42,27,39,33,,21,6,4,9,8,3,4,8,8,6,8,2,5,5,4,,,,,,,21,18,10,8,19,,10,10,9,7,9,6,11,9,12,5,5,5,2,8,11,12,6,,,5,,5,2,2,1,1,,3,9,,,3,3,2,19,,13,9,9,,8,9,6,8,6,1,,2,2,4,,,,2,,,3,,2,5,3,4,12,2,3,4,4,8,,3,,,8,,4,10,8,10,11,11,15,7,,7,12,14,11,8,9,7,6,6,4,9,5,7,6,4,4,10,11,12,15,,19,11,9,,10,10,,7,5,11,3,3,,11,6,,,,8,,7,,12,6,8,18,10,11,,6,6,,,18,,17,,17,18,16,,16,11,19,12,7,,9,10,12,10,10,8,2,6,10,6,11,3,10,5,10,27,8,6,7,2,2,4,5,7,4,6,4,4,6,5,5,8,9,,4,6,7,5,5,6,7,16,6,9,6,8,8,6,,3,6,7,,2,12,8,10,2,,14,5,2,,9,,10,14,14,11,5,2,4,,,,2,,6,,8,,,,12,10,7,18,20,,8,,15,18,13,18,5,10,,5,6,4,10,8,2,,3,,,1,3,5,8,5,4,6,7,7,5,6,9,10,9,8,10,9,6,10,5,7,4,9,7,1,12,14,10,18,8,,34,18,35,28,14,7,3,2,,,,,1,3,,2,6,12,10,12,11,13,16,12,14,16,12,9,6,,13,18,,5,5,10,,10,7,,12,2,6,10,12,10,9,8,7,8,9,8,9,,9,11,7,8,7,9,8,8,5,,4,5,11,10,5,,,21,,,,,5,,,,,,,,,,,,,,,,5,,,,,,,,,,,,,,,,,,,,,,,,,,,,,,,,,,,,,,7,4,4,5,3,3,3,3,2,,,6,15,19,18,15,,15,12,22,12,8,18,12,,12,14,14,,,14,16,,16,,4,,6,,11,14,,,12,6,,,5,4,14,,,7,4,3,4,12,6,6,8,8,9,4,5,7,5,7,15,10,12,10,14,4,4,7,10,,10,14,4,,7,4,11,10,6,5,8,,15,17,8,10,,,2,10,8,11,5,5,3,7,5,9,10,2,3,8,7,11,3,,,9,8,5,2,7,5,,3,7,4,,2,5,2,,4,4,5,4,1,4,2,,8,3,4,8,3,5,5,6,,9,2,2,5,5,5,,4,,6,,,,2,5,3,12,2,3,,3,,13,21,9,10,7,,7,6,9,14,11,10,,2,5,2,3,5,2,4,8,,18,4,8,11,3,6,4,6,7,7,6,5,6,10,10,,2,4,5,6,1,,6,2,7,6,10,9,10,9,34,,9,14,10,2,2,3,3,4,4,3,2,,13,11,10,,8,6,9,10,,8,7,6,,4,1,1,3,3,,7,2,4,4,4,6,4,,4,1,5,4,2,,10,8,4,2,1,2,12,11,11,12,6,3,,6,7,7,,1,3,,4,4,,3,,4,4,3,3,6,5,4,4,6,5,5,3,4,4,5,2,4,4,4,1,2,42,2,7,6,9,4,5,9,7,9,2,6,3,1,3,3,16,12,9,4,,10,9,10,3,16,7,16,9,15,11,10,36,21,15,32,16,8,8,14,8,8,21,9,15,10,15,,10,5,7,8,6,,3,4,12,17,10,6,7,7,11,15,8,12,15,5,16,,,,7,10,,9,10,21,28,23,32,,8,8,7,,,,,14,6,9,11,6,6,,9,,10,7,15,11,14,12,10,12,18,16,13,,,,,,11,5,5,10,7,13,,5,14,12,6,9,7,17,22,12,9,12,9,6,7,,4,6,7,9,11,13,6,8,7,,8,6,,10,9,,7,9,10,,6,,9,,3,5,7,12,8,11,6,6,6,7,2,7,5,7,,17,15,,5,6,10,,8,8,10,14,12,9,,8,5,4,8,,,20,8,13,,7,10,4,7,14,4,9,,2,,,7,10,4,3,30,39,26,21,8,,10,7,9,7,,2,10,12,,,,21,18,,12,,12,13,17,18,21,10,10,13,4,10,7,10,11,,9,4,9,8,12,,11,,7,,2,9,14,,15,,11,8,2,7,8,9,6,7,,,8,3,8,10,,11,13,14,3,,4,5,,,8,5,9,2,8,6,1,6,4,5,4,37,11,14,15,,11,8,,21,12,7,8,7,14,6,2,4,18,15,7,4,13,6,22,2,14,1,3,8,12,8,4,7,,8,6,9,,1,8,44,3,6,24,1,2,2,6,5,27,2,10,10,10,,8,8,2,6,2,8,13,6,7,,,11,5,7,10,5,7,5,9,6,7,10,,6,23,14,4,9,5,,2,16,13,11,13,11,10,9,10,9,6,9,5,8,11,7,5,8,9,12,10,12,6,2,2,6,2,1,8,8,9,22,33,30,12,24,12,17,11,22,12,4,6,14,5,30,14,14,5,5,12,14,,13,6,5,3,5,2,1,6,10,9,4,4,4,8,4,4,7,6,10,9,6,4,8,14,10,15,12,13,11,14,11,,7,6,12,3,21,8,4,3,2,,2,3,6,9,10,,7,,9,12,6,9,2,4,4,10,7,9,8,22,6,4,2,11,14,9,5,10,10,2,6,3,,16,3,6,8,6,5,6,10,1,4,2,3,2,5,2,5,40,19,40,21,9,15,7,5,9,46,14,5,8,12,15,14,10,10,25,7,8,6,10,6,10,2,7,8,7,6,6,5,6,6,12,8,6,9,5,2,11,8,9,3,9,13,6,6,6,9,12,6,4,13,13,3,5,5,2,10,2,12,7,4,9,,9,5,4,1,10,12,5,14,2,18,9,13,8,8,5,6,8,7,8,10,13,2,4,8,4,4,5,,9,3,19,1,,16,11,22,19,10,6,8,,5,4,10,12,10,14,14,2,19,14,11,20,2,11,,5,11,5,10,14,12,12,7,7,6,16,16,10,6,5,19,9,10,2,,12,9,10,3,10,7,25,12,8,1,12,10,8,4,6,31,16,20,12,6,42,7,15,14,15,4,21,13,,1,2,8,9,8,6,1,8,8,16,14,7,7,4,7,8,7,37,4,3,12,17,7,,6,,3,5,20,19,4,13,5,17,4,6,17,11,9,6,22,,11,5,3,10,6,6,4,7,17,6,12,8,6,2,8,8,17,11,8,11,6,1,4,12,16,3,2,2,14,15
20230729,12,NO2_24h,29,6,20,25,28,30,30,17,13,18,34,18,,,13,,18,18,20,,18,,22,11,,8,17,,11,14,16,8,14,14,14,,16,19,,20,15,10,15,21,,20,,4,3,8,11,14,13,14,,17,7,,13,13,9,28,21,22,26,9,18,22,,17,19,16,22,8,12,,6,7,9,13,23,,7,22,20,23,17,27,,21,27,,,25,26,29,25,15,26,17,,16,12,13,15,15,,11,14,12,9,9,10,11,13,10,12,12,18,14,10,11,12,7,2,12,10,13,10,12,8,9,14,18,21,18,19,7,12,18,8,6,8,8,2,,8,13,6,11,6,11,6,5,7,7,12,9,6,4,,2,3,6,2,2,6,8,9,3,7,6,5,,,,7,7,,8,6,8,,,,14,,11,18,8,10,15,11,11,9,15,,,,8,7,,18,18,15,8,6,,5,7,8,5,4,5,2,3,,5,,5,7,,14,11,,11,13,14,,12,7,16,13,5,7,6,,,2,6,4,9,6,3,8,,13,,,9,,2,10,,3,4,6,6,2,3,,15,17,11,10,10,9,5,4,15,11,7,9,8,13,7,15,8,11,2,,6,6,5,4,11,5,,12,14,12,,7,8,6,,14,19,24,22,,22,24,25,23,4,,,7,9,12,9,7,10,12,6,10,12,6,8,7,8,13,16,21,18,18,18,20,17,,18,13,9,7,14,10,12,12,7,12,8,3,52,17,,25,27,19,20,28,22,20,12,12,15,13,18,17,19,,10,7,10,24,13,14,7,7,10,14,17,13,,12,24,24,12,9,8,6,10,11,12,8,,,16,13,18,18,13,10,12,17,21,24,18,19,26,25,49,21,27,18,32,40,,15,19,16,13,6,,24,40,21,21,33,19,16,,,41,36,33,21,28,,10,25,26,22,,,18,4,13,27,14,15,13,21,18,19,16,,15,16,13,19,14,16,11,17,19,11,16,14,19,12,22,11,15,14,9,9,,21,,15,17,,25,,22,28,,,,,10,,,,15,21,18,24,25,21,8,,12,12,8,13,15,9,8,14,9,8,10,13,5,14,6,30,,22,30,24,23,23,16,18,20,29,,11,10,12,6,3,7,4,10,14,7,3,8,3,10,5,7,4,,,10,,6,2,4,3,6,,8,10,,,9,10,8,20,,11,13,10,,14,11,10,9,7,3,2,2,2,7,,,,5,,,9,,6,6,5,5,13,2,3,7,6,6,,5,,,10,,6,9,11,9,9,10,11,6,,14,19,18,15,20,14,11,11,11,15,11,12,12,7,6,5,16,11,11,13,,12,10,8,,8,9,,8,6,12,6,6,,20,11,,,4,12,,24,,24,22,18,25,7,10,,4,4,,19,22,,22,,13,14,12,,12,10,22,18,10,,7,8,8,12,13,7,3,20,16,10,15,5,16,12,14,20,9,8,15,10,5,9,12,14,8,9,11,7,8,2,12,11,11,,8,10,12,9,8,9,9,18,8,9,7,12,10,9,,6,8,9,,4,12,15,12,5,,15,12,2,,7,,8,9,12,8,5,2,3,,,,5,,7,,9,,4,,10,7,9,14,18,,7,,20,20,13,13,9,14,,8,14,8,12,10,4,,6,,,2,8,12,8,4,6,14,13,14,9,4,5,8,10,21,19,19,21,13,8,7,6,16,13,10,14,18,18,19,16,,12,14,22,29,14,12,6,9,,,,,3,8,,7,4,13,10,13,15,9,14,10,16,15,12,16,12,,13,14,,11,6,18,,14,18,,17,5,6,18,13,10,11,9,10,15,18,15,12,,15,18,18,8,12,14,12,3,4,,6,3,16,9,4,,,24,,,,,6,,,,,,,,,,,,,,,,5,,,,,,,,,,,,,,,,,,,,,,,,,,,,,,,,,,,,,,9,6,7,8,4,5,4,6,2,,,4,14,16,15,13,,14,18,17,19,15,24,20,,16,19,14,,,15,19,,20,25,25,,22,,11,14,,,14,12,,,9,7,18,,,11,9,5,9,13,7,6,12,11,10,8,7,5,7,9,14,15,19,17,19,10,10,15,13,,14,14,6,,4,4,8,11,10,7,9,7,14,17,10,14,,,6,13,10,16,8,11,5,8,4,13,12,2,8,8,8,11,4,,,11,13,8,2,12,10,,5,7,9,,8,8,12,,9,9,10,10,7,6,3,,7,8,7,13,9,6,10,9,,9,4,4,4,16,12,,8,,10,,,,2,7,6,5,4,5,,6,,14,15,15,3,3,,3,3,9,12,9,7,,4,7,3,6,9,7,5,6,,5,4,6,9,7,6,4,7,10,7,10,6,10,12,9,,3,4,3,5,6,,6,4,8,8,9,7,9,12,21,,8,13,7,3,4,3,3,5,7,7,4,,14,10,9,,8,5,10,7,,7,5,8,,5,4,3,6,5,,8,2,7,4,7,9,5,,8,4,6,10,7,,14,14,5,6,5,5,11,10,9,10,10,7,,7,8,9,,3,4,,6,4,4,6,,3,4,5,10,12,8,8,11,9,12,10,5,6,7,8,8,5,6,6,3,4,26,9,15,12,18,5,9,9,11,13,2,8,5,5,8,4,13,10,10,5,3,7,9,30,10,22,21,16,9,10,13,13,20,14,13,12,11,8,10,16,14,13,15,14,9,14,16,,10,8,11,7,10,,6,5,14,12,15,10,10,11,15,12,18,19,13,5,26,,,,11,13,,12,16,22,22,25,24,,11,8,8,,,,,9,7,8,9,9,15,,10,,14,6,10,10,11,14,4,10,13,14,7,,,,,11,8,5,5,16,17,15,,5,8,7,9,11,6,13,15,15,12,10,11,18,18,,9,9,12,13,11,11,10,11,11,,11,9,,9,10,,7,8,12,,8,,9,,4,5,10,12,14,10,18,13,13,12,2,7,5,8,,12,13,,10,11,15,,8,9,18,18,16,16,,5,4,12,21,,,18,16,31,,11,10,12,11,7,6,15,,7,,,11,9,5,7,20,18,22,24,9,,11,9,10,8,7,12,14,14,,,,16,13,,23,,11,9,8,23,15,3,6,17,8,17,12,10,15,,29,8,14,16,5,11,11,,11,,4,10,18,10,23,20,14,12,7,15,14,10,6,10,,,20,2,13,14,,19,15,18,4,,6,10,,,11,11,13,2,10,8,5,7,6,13,7,37,17,15,23,,15,7,,17,12,9,8,6,22,11,4,9,12,18,6,4,17,5,31,3,18,7,6,13,19,13,6,8,7,7,8,11,,4,9,37,4,8,26,3,4,5,5,4,26,6,10,14,15,16,10,19,6,11,2,21,10,13,16,,,15,6,10,15,6,4,6,14,10,13,8,8,15,21,5,6,6,6,,5,23,17,12,18,14,21,8,6,6,7,10,6,7,9,6,12,24,20,12,22,19,12,5,4,8,3,1,12,6,10,18,34,23,17,22,15,10,18,24,10,11,15,11,8,17,14,13,9,4,18,15,,17,7,12,5,13,3,3,4,12,9,6,5,7,8,5,8,12,9,18,14,17,7,17,15,12,18,22,10,26,21,15,,13,10,14,5,22,12,6,5,4,,2,8,11,13,15,15,14,,13,29,8,11,5,7,4,18,8,11,10,13,13,6,6,16,8,7,6,10,9,2,11,6,38,24,5,6,11,7,6,15,14,7,11,3,2,2,5,2,6,19,8,22,10,6,21,6,7,5,17,10,13,11,7,13,14,8,9,14,10,9,15,11,21,20,3,8,9,9,10,11,7,4,6,11,9,7,12,8,6,13,9,13,6,20,18,11,12,20,12,15,13,7,14,11,5,7,9,9,11,5,12,6,3,12,,10,9,9,5,12,21,8,12,4,16,3,7,5,3,4,13,12,12,12,6,11,4,7,13,12,4,5,,8,5,18,4,9,15,22,22,14,12,11,15,3,7,3,24,15,12,10,16,3,34,14,16,16,14,20,21,20,9,4,10,16,17,25,19,21,17,22,25,9,6,16,8,10,8,4,20,17,10,14,7,12,12,14,11,14,2,15,9,10,10,12,19,13,16,11,4,22,7,15,14,19,15,24,30,,4,3,6,7,16,10,7,8,10,22,15,9,12,8,12,18,12,18,13,7,16,15,18,,10,7,3,10,16,19,5,15,13,20,16,9,30,24,10,11,22,24,25,7,4,7,22,17,11,5,19,15,32,27,5,2,8,11,16,14,11,5,11,9,5,8,14,7,4,6,14,12
20230729,12,O3,41,110,41,45,,79,85,88,97,86,76,85,,,34,,27,33,21,,28,,19,34,,27,55,,54,58,60,53,46,71,71,,25,18,,18,16,26,31,25,,31,,26,32,30,43,70,62,69,,76,130,,129,120,134,108,119,116,117,113,52,45,,49,43,39,36,47,46,,45,39,36,44,118,,118,109,93,115,100,106,,140,141,,,144,138,139,138,,45,44,,44,50,56,50,63,,73,23,24,17,22,24,25,23,21,22,,61,66,64,64,69,58,51,49,55,65,111,94,70,,89,97,92,90,95,88,94,97,19,18,22,25,25,,25,23,19,24,45,55,62,52,53,54,47,55,53,40,,42,45,43,44,39,41,28,28,31,23,31,34,,,,41,43,,51,44,46,,,,69,,52,45,35,54,42,44,45,47,52,,,,60,55,,72,64,62,62,56,,59,43,38,29,40,44,40,44,,45,,45,43,,50,48,,54,54,51,,49,52,54,52,44,41,37,,,43,38,48,48,57,56,41,,41,,,46,,52,51,,48,41,38,17,26,18,,78,57,52,59,54,56,55,51,40,35,53,49,47,46,42,49,46,43,,,67,57,64,57,,28,,56,63,66,,59,58,57,,66,16,19,20,,30,23,20,24,22,,,25,32,25,33,37,32,22,25,28,28,18,23,19,16,33,50,31,40,44,46,53,40,,41,67,52,67,47,70,66,65,64,70,64,69,112,115,,78,83,78,128,107,63,89,68,10,27,30,41,39,47,,56,37,33,18,36,42,43,67,118,125,116,87,,82,122,133,59,64,39,53,98,97,95,103,,,74,61,76,71,76,73,52,52,134,115,121,,88,86,90,96,105,105,77,86,,94,93,104,92,70,,99,110,97,101,82,105,105,,,114,78,102,109,89,,136,138,148,149,,,165,100,45,51,38,60,72,62,46,57,62,,62,74,85,91,87,89,90,90,82,93,85,86,66,51,56,64,41,66,38,79,,43,,65,45,,185,,126,127,,,,,117,,,,134,127,46,43,47,39,48,,56,89,88,87,98,78,83,75,77,84,85,92,69,75,74,,,,,,,120,131,140,137,120,,46,38,40,30,24,25,22,52,46,58,26,38,35,31,54,55,70,,,35,,23,27,29,24,59,,58,43,,,30,36,35,27,,32,19,23,,34,41,38,39,,23,29,29,30,19,,,,38,,,40,,42,27,36,26,26,29,34,29,35,25,,29,,,120,,118,117,127,74,86,71,82,76,,104,93,97,95,98,92,112,95,88,98,75,79,78,73,77,71,68,65,70,71,,53,124,102,,88,89,,77,79,81,82,92,,126,64,,,43,33,,120,,133,130,132,123,84,87,,88,83,,89,98,,92,,111,99,118,,113,114,140,140,148,,44,37,44,42,41,46,101,56,55,60,50,54,48,46,26,14,38,37,37,50,35,48,51,54,54,49,48,52,51,39,81,79,77,,82,75,75,71,70,72,91,81,85,83,91,64,64,66,,60,58,62,,65,49,60,57,43,,54,49,51,,34,,38,35,41,40,34,22,32,,,,40,,30,,41,,,,30,31,26,58,58,,65,,76,71,,71,73,68,,69,70,77,74,72,82,,106,,,94,79,75,66,66,88,117,106,103,51,70,70,48,117,105,98,112,96,107,73,78,77,78,103,84,112,93,103,86,100,,27,50,29,44,66,86,83,88,,,,,92,104,,124,86,96,108,92,86,110,55,51,55,51,60,95,89,,49,42,,86,97,102,,114,119,,115,61,70,78,77,74,90,85,84,103,114,118,109,,123,123,130,136,138,122,132,104,105,,113,96,113,112,123,,,25,,,,,36,,,,,,,,,,,,,,,,29,,,,,,,,,,,,,,,,,,,,,,,,,,,,,,,,,,,,,,70,67,59,65,76,54,55,54,56,,,,78,72,72,77,,72,98,105,108,112,100,127,,125,124,96,,,92,87,,83,76,123,,121,,130,123,,,125,87,,,135,139,121,,,85,85,144,153,135,135,137,74,65,105,76,163,41,40,45,40,54,52,48,47,68,71,74,66,,60,56,54,,39,40,29,37,91,86,123,104,22,22,25,94,,,110,80,80,79,80,89,85,79,,77,89,85,88,84,82,77,115,,,122,70,77,88,94,84,,66,54,58,,62,59,58,,40,45,48,44,30,46,52,,38,49,47,45,,38,39,40,,44,52,52,46,62,71,,43,,47,,,,35,34,34,24,38,38,,40,,50,45,62,60,60,,73,,63,61,62,,,53,53,52,,77,74,72,,,34,52,39,42,45,42,54,68,71,66,70,40,40,47,39,,39,77,76,71,52,,85,83,90,106,56,48,51,54,50,,61,58,,65,58,50,49,48,33,41,40,,35,28,29,,29,30,27,24,,25,24,49,,53,65,69,64,65,,46,51,45,47,46,43,43,,59,58,57,62,69,,63,59,55,70,72,86,67,68,64,61,68,68,,67,68,68,,72,75,,73,42,,50,,36,40,40,82,74,111,101,108,117,111,116,88,92,96,83,92,80,90,87,89,91,93,113,108,114,110,112,113,114,110,115,93,95,94,90,93,69,84,83,85,93,,80,92,109,104,98,97,80,86,77,88,87,59,91,99,92,90,90,96,96,100,111,105,115,51,68,67,,135,103,93,74,68,,74,87,93,116,100,103,101,94,101,79,122,132,112,16,123,,,,93,95,,87,85,73,72,74,65,,58,58,45,,,,,98,131,116,122,126,65,,77,,45,68,75,71,62,71,72,70,63,62,66,,,,,56,66,69,67,80,86,87,,70,47,48,89,94,67,58,55,62,71,49,52,83,80,,80,91,79,79,37,33,80,66,52,,44,42,,69,56,,71,64,85,,84,,80,,34,33,42,39,49,52,140,134,138,134,61,86,78,67,,116,128,,109,105,131,,142,141,81,78,128,124,,74,78,123,116,,,128,133,143,,152,129,116,111,74,133,118,,122,,,104,90,95,91,77,58,121,109,92,,58,117,109,106,98,116,96,97,,,,88,68,,76,,97,72,75,35,44,35,74,92,31,33,34,54,129,,118,60,71,63,42,59,44,,50,,35,40,169,,67,,126,108,51,52,48,100,39,72,,,47,55,44,35,,130,139,120,68,,46,62,,,26,57,56,38,42,50,30,25,33,58,70,66,81,96,109,,29,27,,128,94,88,87,86,113,91,36,83,64,56,62,71,25,27,119,33,126,34,86,30,53,61,75,68,,62,67,81,,138,27,62,52,127,127,98,105,96,33,35,122,56,61,63,72,48,50,124,52,38,36,93,70,73,73,,,210,60,52,50,45,78,72,69,44,130,35,41,66,83,38,37,62,41,,56,186,137,139,130,99,124,21,28,20,47,25,24,25,19,21,115,122,146,137,127,155,63,43,42,46,33,42,74,54,98,90,81,61,88,44,53,22,47,60,73,95,121,49,81,49,101,74,82,112,40,38,,26,65,52,50,71,40,37,38,49,42,49,105,51,33,39,87,87,85,81,99,83,88,92,42,79,100,96,71,97,96,148,,142,84,119,29,23,38,39,30,33,,31,55,56,45,68,,88,,34,131,67,65,82,109,68,105,127,131,95,96,95,51,56,42,26,32,41,60,44,36,70,93,,123,57,55,56,45,50,54,47,58,58,44,32,35,59,41,98,46,77,35,31,92,107,72,56,75,19,61,97,103,138,46,67,70,118,55,25,38,43,38,33,26,57,39,64,61,46,37,49,28,39,30,30,30,47,66,64,52,99,62,68,74,56,67,142,139,145,77,92,107,30,19,27,41,39,39,32,36,26,28,29,67,,36,29,33,37,126,120,92,126,81,63,61,33,47,52,54,105,105,91,104,124,46,70,82,75,74,73,76,,31,61,84,68,65,106,74,67,58,61,56,53,,45,52,137,145,114,86,65,87,127,65,47,76,23,16,15,20,30,32,71,69,67,41,45,74,77,49,50,46,31,41,28,35,30,33,59,106,42,82,25,93,77,50,103,87,116,66,94,97,72,72,94,105,68,129,110,19,75,100,68,69,110,142,135,,66,53,39,38,80,94,101,27,27,26,23,36,43,117,104,113,115,59,62,50,53,32,61,,86,67,29,115,81,87,29,87,71,68,54,80,43,134,52,35,20,,79,40,36,63,22,19,106,93,60,83,151,148,72,61,32,115,88,104,87,46,64,61,66,83,95,33,27,38,45,146
20230729,12,O3_24h,116,110,125,122,119,124,91,125,116,86,114,96,,,194,,172,187,174,,202,,141,186,,144,240,,154,156,150,158,149,165,162,,179,188,,190,188,67,65,75,,91,,139,150,145,137,139,127,139,,156,141,,134,138,147,120,126,136,125,113,155,146,,153,197,177,170,158,152,,162,163,165,170,120,,122,122,130,125,123,116,,148,156,,,180,163,139,154,37,92,81,,96,73,86,82,83,,93,79,66,62,65,73,78,76,67,73,39,97,101,101,105,107,93,106,97,97,102,120,94,103,66,95,101,92,98,99,103,96,97,33,34,33,39,32,,38,38,34,32,49,55,62,52,53,54,51,55,58,40,,42,45,43,44,39,41,36,36,38,32,39,50,,,,58,62,,69,65,64,,,,69,,52,45,35,54,42,44,45,48,52,,,,60,55,,72,64,62,62,56,,59,43,38,38,40,44,40,44,,45,,58,58,,50,48,,54,54,51,,49,52,54,52,44,44,42,,,52,42,48,51,61,58,47,,41,,,46,,52,51,,48,44,42,32,34,32,,78,72,52,59,55,56,58,56,58,54,64,65,62,64,59,61,60,65,,,68,64,70,69,,49,38,63,71,67,,68,63,57,,66,113,128,112,,108,134,125,138,28,,,42,52,32,52,50,48,128,127,145,129,121,117,125,106,134,98,122,111,120,98,127,114,,105,158,88,115,88,108,96,109,93,103,126,103,112,144,,122,134,154,128,125,109,120,111,114,121,131,115,100,105,,146,140,95,121,168,166,164,167,120,125,116,124,,111,122,133,158,166,148,161,154,142,127,153,,,129,128,152,102,99,105,103,126,134,115,121,50,164,163,156,144,141,186,169,171,,94,95,104,92,86,,99,110,97,101,82,105,105,,,114,78,102,109,89,,146,138,148,149,,,165,135,72,92,76,87,96,87,92,89,85,,78,85,85,91,87,89,134,131,130,141,120,131,86,86,85,80,70,88,84,82,,84,,83,74,,185,,165,164,,,,,150,,,,170,175,101,104,113,100,95,,113,119,129,124,127,128,98,93,91,95,99,137,78,118,95,98,,109,93,105,90,158,176,171,167,166,,65,64,68,71,56,54,59,58,56,68,58,75,66,63,75,77,81,,,81,,52,58,58,49,144,,137,112,,,118,130,127,118,,82,77,102,,77,67,75,60,65,37,50,46,47,36,,,,68,,,75,,81,91,88,100,37,46,48,43,52,44,,89,,,120,,118,117,127,143,159,146,152,157,,110,93,97,95,105,101,138,113,109,112,75,79,78,196,198,174,72,65,75,127,,90,124,102,,88,102,,82,83,83,94,92,,126,80,,,93,90,,144,,164,157,154,154,132,132,,129,134,,142,130,,123,,170,156,172,,163,163,140,140,148,,95,84,89,87,80,86,120,117,118,106,114,106,105,80,71,70,73,69,67,80,63,82,84,88,114,116,110,117,115,110,91,97,94,,98,99,90,89,91,94,125,96,110,94,91,64,64,66,,60,58,62,,65,79,76,80,66,,77,73,76,,110,,118,113,126,122,131,140,148,,,,100,,102,,122,,85,,101,101,103,96,98,,99,,111,111,117,82,102,100,,136,122,124,121,124,125,,108,,,114,82,79,76,77,88,117,106,103,155,135,142,164,117,105,107,112,106,107,74,79,94,91,120,102,112,95,103,96,100,,92,94,106,124,66,86,83,88,,,,,110,113,,124,86,96,108,92,104,110,73,78,78,75,80,95,89,,84,80,,100,97,102,,114,119,,115,67,83,88,88,88,114,92,96,103,228,118,109,,149,149,147,163,176,139,148,125,128,,113,123,122,119,126,,,95,,,,,47,,,,,,,,,,,,,,,,44,,,,,,,,,,,,,,,,,,,,,,,,,,,,,,,,,,,,,,90,101,99,101,104,93,91,91,92,,,,112,106,104,108,,113,133,151,133,138,142,147,,138,130,121,,,116,110,,126,121,127,,127,,170,173,,,125,108,,,151,154,155,,,110,120,144,153,172,170,165,119,110,121,150,174,94,84,96,86,89,92,89,86,135,134,135,128,,101,101,112,,42,40,37,42,129,112,136,112,58,60,58,94,,,110,88,87,92,89,92,88,83,110,89,102,85,91,104,92,94,145,,,122,100,105,126,110,101,,89,56,59,,62,59,68,,72,73,83,79,59,61,67,,54,58,60,48,64,51,76,82,,70,52,52,47,62,71,,91,,91,,,,60,61,64,58,76,80,,64,,50,46,62,80,79,,73,,63,61,62,,,53,53,55,,77,74,72,,,58,52,42,42,45,42,68,68,78,70,74,52,58,63,58,,60,77,76,71,64,,85,83,90,106,66,64,61,64,50,,71,62,67,65,61,50,49,51,53,64,58,,130,133,141,,111,121,115,115,,120,119,102,,103,102,106,99,101,,103,107,108,105,83,76,78,,100,99,96,70,73,,92,74,76,96,110,114,106,105,109,104,88,83,,114,112,111,,96,96,,85,79,59,103,,91,97,90,98,91,111,103,108,117,111,116,93,92,96,87,92,94,103,100,102,101,93,113,108,114,110,112,113,114,110,115,93,95,94,90,93,76,87,83,85,93,25,80,92,109,104,98,97,116,164,137,139,148,155,127,184,161,150,111,128,131,123,133,105,115,87,84,97,,142,143,160,89,82,,90,87,93,116,103,103,101,94,101,132,135,141,136,16,144,,,,101,101,,97,85,73,73,74,72,,117,108,103,,,,,98,131,116,122,126,83,,100,,84,74,95,100,85,104,80,79,81,73,83,,,,,74,84,78,79,93,91,87,,91,70,75,89,94,101,98,99,62,71,51,52,89,86,,80,91,79,80,40,46,80,84,52,,82,71,,79,93,,100,96,107,,105,,106,,54,54,76,81,85,83,140,134,138,135,62,86,78,80,,166,170,,120,130,150,,149,151,104,108,150,150,,89,88,151,146,,,152,160,143,,152,151,124,123,101,145,147,,142,,,142,120,125,116,132,127,179,163,125,,112,117,109,160,153,160,153,152,,,,121,108,,114,,108,128,136,97,99,60,120,127,176,200,199,160,145,,126,116,71,63,48,59,44,,96,,63,111,169,44,76,30,147,128,74,76,88,100,39,72,,,149,55,44,203,,183,162,185,88,,60,62,,,39,57,56,38,59,68,41,35,48,58,115,66,81,96,140,,176,110,,128,96,88,87,132,146,113,99,83,98,71,62,71,169,125,152,46,126,76,110,78,84,146,75,88,60,88,83,102,,141,72,62,109,127,136,100,109,108,153,108,141,92,63,112,72,83,130,150,83,75,64,93,78,77,74,,,243,66,164,79,54,100,100,69,97,153,108,55,66,130,60,108,64,71,,115,186,167,187,180,120,144,30,46,33,47,38,36,44,33,39,115,147,157,178,153,155,63,68,42,46,42,42,74,54,115,108,108,126,147,152,145,116,112,120,173,149,121,111,81,103,101,127,82,144,166,162,,199,65,75,60,71,81,64,66,123,125,103,106,93,123,120,99,100,95,81,99,83,93,92,54,79,100,96,81,103,110,148,,157,84,142,52,91,64,97,48,59,,56,138,138,79,81,54,88,,71,144,107,102,87,109,123,172,127,131,142,130,113,51,56,42,35,32,64,68,69,62,126,106,100,152,57,55,56,45,50,54,47,58,58,44,36,48,59,41,120,113,115,109,99,131,107,170,66,100,117,198,142,124,138,180,133,158,118,163,124,130,145,148,165,162,65,53,64,62,87,85,49,129,122,139,127,119,117,101,102,82,102,92,72,74,62,103,142,139,152,77,112,131,144,123,55,96,82,72,96,93,98,50,49,133,,106,125,130,107,146,130,119,128,87,83,65,57,70,72,54,105,138,133,117,152,72,80,86,84,85,73,76,,41,89,107,114,118,122,74,83,83,61,56,53,50,45,52,155,163,142,137,137,132,158,167,156,170,164,190,177,168,162,134,153,150,136,159,160,162,186,170,166,118,120,101,111,104,130,103,95,106,42,99,42,93,81,91,103,89,132,116,118,114,90,88,118,164,104,153,110,90,177,152,132,127,110,157,160,,66,59,117,116,84,94,111,46,41,126,125,86,91,136,133,113,115,101,90,104,53,33,61,,101,92,44,159,107,137,126,113,71,101,135,120,129,158,52,78,108,110,94,64,120,65,192,186,106,112,93,99,157,164,107,66,132,119,88,113,87,47,109,67,97,106,95,102,54,64,63,160
20230729,12,O3_8h,27,68,33,29,20,44,46,44,59,52,31,55,,,26,,23,26,23,,20,,13,25,,20,40,,66,72,59,66,66,74,92,,18,11,,11,9,23,20,20,,21,,34,40,39,36,46,42,54,,54,68,,76,74,68,38,40,44,34,33,30,25,,29,19,21,22,31,34,,57,56,53,59,82,,67,86,89,84,87,60,,89,95,,,85,88,76,89,,20,24,,19,25,29,24,32,,41,25,28,20,23,28,29,26,24,26,,34,35,38,37,40,37,39,29,33,37,77,60,53,,62,65,61,61,62,57,69,64,15,17,17,20,17,,23,16,15,18,24,34,37,30,33,33,30,32,33,27,,28,30,29,30,25,26,20,19,22,17,21,21,,,,22,21,,30,25,27,,,,29,,34,35,22,35,28,26,29,30,29,,,,36,30,,34,32,34,28,24,,25,21,15,18,19,22,24,27,,30,,23,20,,25,25,,31,29,30,,26,32,28,29,31,29,34,,,39,32,36,38,43,46,32,,32,,,34,,36,33,,43,37,36,14,18,15,,44,40,36,40,36,45,51,41,24,22,32,31,26,25,26,25,27,28,,,60,54,60,57,,31,33,41,46,34,,42,47,35,,44,9,10,12,,12,14,13,14,16,,,17,22,14,24,24,24,22,26,26,27,24,22,22,19,36,33,20,31,32,33,36,34,,31,45,46,53,39,58,49,52,50,54,59,49,36,60,,54,51,69,58,42,40,26,36,50,53,57,55,65,70,,69,58,51,65,57,58,61,65,69,64,59,53,,66,38,41,67,70,58,66,74,75,67,82,,,60,61,71,64,68,66,65,62,42,44,47,,71,65,74,62,70,67,65,51,,56,48,46,52,64,,28,47,38,42,16,52,45,,,43,29,28,44,25,,54,41,58,57,,,65,65,17,29,28,30,28,28,29,36,20,,49,80,49,55,53,55,68,56,53,62,76,68,42,40,34,50,31,53,28,62,,28,,54,26,,84,,69,66,,,,,85,,,,84,66,65,62,58,64,66,,53,54,66,49,56,39,43,41,42,40,50,74,27,43,60,,,,,,,100,119,76,69,72,,34,30,33,31,28,27,27,32,31,41,29,37,36,32,55,51,60,,,23,,18,20,19,15,36,,37,25,,,18,25,21,26,,21,11,17,,23,28,26,25,31,12,24,20,20,10,,,,20,,,20,,23,20,29,19,18,22,34,17,20,15,,21,,,41,,44,39,43,76,87,74,86,86,,63,55,58,62,56,60,75,68,63,62,32,35,34,73,75,70,58,55,58,54,,44,56,48,,44,46,,68,71,66,63,41,,42,32,,,23,15,,49,,75,70,62,62,90,95,,98,93,,59,62,,59,,111,96,118,,113,105,116,108,123,,34,32,35,26,28,35,82,24,25,30,21,25,21,30,14,10,32,25,15,32,31,34,35,38,38,33,31,37,34,27,70,72,68,,74,82,78,76,74,77,81,66,77,73,74,36,36,38,,34,31,34,,41,36,42,43,39,,34,33,49,,39,,44,42,48,46,37,27,37,,,,19,,17,,41,,,,30,31,33,39,37,,45,,30,30,24,35,54,53,,48,41,52,45,47,53,,63,,,73,34,32,31,47,48,48,46,56,52,81,73,60,55,43,44,44,45,52,55,50,47,50,60,42,46,35,39,33,41,,50,47,37,16,22,39,39,45,,,,,59,63,,62,44,42,49,46,43,43,31,30,20,19,29,42,40,,35,32,,72,76,70,,83,77,,85,55,51,53,60,59,67,63,62,52,64,69,54,,98,96,79,91,93,80,81,112,114,,92,94,109,107,119,,,15,,,,,25,,,,,,,,,,,,,,,,22,,,,,,,,,,,,,,,,,,,,,,,,,,,,,,,,,,,,,,36,34,28,32,38,29,28,29,31,,,,72,66,66,70,,66,53,56,58,53,45,115,,114,105,64,,,59,52,,42,43,60,,62,,108,101,,,78,56,,,96,105,72,,,68,65,119,121,107,112,120,47,41,68,51,77,30,24,30,24,30,28,26,25,41,43,45,43,,33,29,36,,32,27,16,16,63,60,88,85,11,12,10,68,,,83,47,50,49,44,75,71,69,86,42,45,54,80,87,81,81,119,,,88,53,62,72,69,65,,43,21,20,,27,23,27,,23,22,26,22,11,27,29,,24,27,25,29,29,23,23,26,,28,34,42,37,31,37,,22,,25,,,,29,30,26,25,24,24,,23,,30,27,47,60,62,,54,,21,21,19,,,32,28,28,,30,31,32,,,39,45,35,32,36,37,24,32,29,30,32,21,22,24,23,,34,46,44,52,43,,28,38,41,40,32,32,33,34,15,,23,22,22,42,47,40,39,41,24,31,28,,39,26,29,,25,27,23,19,,19,19,26,,30,29,34,30,31,,41,46,43,45,28,21,34,,29,28,29,40,44,,45,37,47,40,38,42,50,52,51,50,45,44,,52,53,51,,45,44,,36,36,,45,,30,33,27,35,33,63,62,63,61,66,66,44,57,58,45,49,49,60,59,59,62,44,49,57,46,44,47,50,55,46,50,53,39,51,43,38,47,55,48,56,60,,25,28,24,20,32,22,57,56,63,73,74,57,70,73,73,72,51,64,65,46,47,56,47,15,29,29,,55,75,72,52,50,,40,37,38,44,46,55,57,55,55,31,49,55,46,7,38,,,,59,59,,52,29,23,25,25,22,,33,34,28,,,,,42,69,64,53,66,24,,28,,14,36,34,48,44,34,40,47,54,49,54,,,,,17,15,61,54,30,30,41,,42,25,25,54,53,57,59,52,30,30,25,23,35,34,,60,59,45,40,16,8,64,56,16,,15,12,,60,36,,50,48,70,,61,,74,,20,18,14,16,24,16,103,106,111,111,33,31,32,32,,111,98,,50,50,73,,119,106,66,68,92,79,,81,84,66,51,,,106,73,54,,92,96,86,59,51,131,80,,83,,,76,81,88,81,71,57,94,91,70,,66,79,76,86,91,82,86,87,,,,62,61,,38,,77,70,78,55,50,40,81,56,25,24,29,72,117,,62,38,28,36,37,39,33,,24,,18,21,58,,28,,93,60,27,25,22,56,28,33,,,25,51,28,30,,83,86,69,45,,25,25,,,18,32,34,25,22,25,18,21,20,32,55,36,43,32,61,,25,21,,50,63,46,44,92,70,61,25,60,43,20,44,55,25,27,54,26,89,22,52,20,17,38,32,46,,42,42,57,,74,28,24,31,76,52,68,60,61,39,20,58,39,26,41,28,27,49,94,27,23,19,48,61,25,26,,,107,32,34,36,25,72,56,28,26,81,32,23,37,54,41,17,59,25,,40,83,78,84,84,57,63,17,21,17,30,20,21,26,15,19,64,70,84,112,59,122,35,24,28,31,20,26,30,29,51,50,34,30,70,49,53,47,64,74,67,70,49,68,38,32,48,58,61,65,25,27,,20,39,28,27,37,25,23,23,47,42,24,47,25,42,44,50,46,50,68,42,41,44,39,14,41,47,32,49,58,47,44,,73,36,48,22,20,26,31,19,17,,23,35,34,23,48,,47,,27,44,43,45,49,57,72,70,52,45,72,74,42,34,36,27,29,27,44,38,19,20,44,62,,63,37,35,36,32,25,29,31,37,38,29,21,23,25,25,100,74,87,68,60,69,44,78,35,62,53,69,63,72,52,70,51,70,52,86,16,33,29,48,23,22,27,25,42,39,22,21,30,24,27,31,28,27,43,32,28,33,84,33,52,26,23,38,86,68,80,38,45,57,15,14,18,26,19,17,26,30,21,20,22,43,,20,17,21,19,84,74,82,79,64,37,53,29,48,48,49,41,66,65,56,51,22,62,42,32,44,43,40,,25,43,42,55,60,38,40,59,50,36,28,35,,33,44,58,63,89,88,54,106,49,72,49,86,11,11,6,9,43,52,59,50,40,48,40,50,52,42,36,34,30,18,37,39,37,22,42,43,22,44,16,56,39,38,58,46,122,72,101,103,23,36,86,106,63,108,40,42,80,63,59,60,41,64,58,,38,24,44,44,66,43,61,19,19,19,21,28,19,78,80,82,88,26,39,37,28,27,33,,65,43,22,91,54,63,34,57,40,45,40,47,34,69,20,16,7,,62,33,32,44,10,13,52,60,48,52,83,82,61,33,38,72,62,58,66,37,31,24,40,65,33,23,19,20,31,81
20230729,12,O3_8h_24h,59,68,60,41,56,44,46,44,59,52,31,55,,,52,,41,42,47,,44,,27,35,,35,51,,104,96,98,103,99,108,116,,47,32,,23,27,44,40,20,,21,,56,62,61,85,84,86,95,,98,68,,76,74,68,38,40,44,34,33,66,46,,54,27,34,31,75,72,,79,82,74,82,82,,67,86,89,84,89,60,,89,95,,,85,88,76,89,39,20,24,,19,25,29,24,32,,41,48,34,26,28,31,33,27,27,28,38,45,50,48,51,51,54,78,47,46,51,79,60,74,60,63,68,64,64,63,64,69,65,16,20,18,22,19,,23,16,18,20,24,34,37,30,33,33,30,32,33,27,,28,30,29,30,25,26,20,19,22,17,21,24,,,,22,21,,30,25,27,,,,29,,34,35,22,35,28,26,29,30,29,,,,36,30,,34,32,34,28,24,,25,21,15,20,19,22,24,27,,32,,26,22,,25,25,,31,29,30,,26,32,28,29,31,29,34,,,39,32,36,48,56,53,43,,32,,,34,,36,33,,45,42,41,15,18,16,,44,40,36,40,36,45,54,51,24,22,32,31,26,25,26,25,27,28,,,60,57,60,57,,46,33,43,46,39,,46,50,35,,49,13,11,18,,12,16,16,14,21,,,25,27,18,29,29,30,52,54,56,59,54,42,54,48,57,38,32,37,35,33,36,36,,31,45,46,53,39,58,49,52,50,54,59,49,65,60,,54,51,69,58,60,40,58,62,90,98,85,96,72,87,,87,72,57,90,108,98,88,81,69,64,59,53,,66,38,41,81,86,80,80,74,75,67,82,,,85,80,92,102,99,105,98,87,42,44,47,54,71,65,74,62,70,67,65,51,,56,48,51,52,86,,28,47,38,42,16,52,45,,,43,29,28,44,25,,54,44,58,57,,,65,84,23,34,28,30,28,33,36,39,20,,50,85,49,55,53,55,80,74,78,70,90,78,48,52,37,50,44,59,52,62,,36,,54,45,,84,,78,77,,,,,85,,,,84,66,85,92,85,84,74,,74,54,66,49,56,39,43,41,42,40,50,98,27,43,60,103,,109,95,102,89,100,119,88,78,72,,36,31,33,66,53,53,59,40,41,50,52,39,51,43,64,63,70,,,23,,29,22,22,16,51,,47,38,,,18,25,21,26,,26,11,21,,23,30,28,25,32,20,34,29,26,21,,,,20,,,20,,23,24,29,22,22,27,34,26,33,26,,24,,,44,,44,39,43,107,122,121,148,120,,63,56,58,62,56,60,75,68,63,62,32,35,34,81,84,76,58,55,58,54,,44,56,48,,44,46,,79,71,68,69,41,,42,32,,,23,15,,49,,75,70,67,67,118,119,,116,116,,59,62,,59,,119,112,123,,119,114,116,108,123,,34,32,37,28,33,35,82,24,27,30,21,25,21,30,14,10,32,30,15,33,53,45,35,39,63,59,52,59,58,58,70,75,68,,79,83,78,76,74,77,81,66,77,73,74,36,36,38,,34,31,34,,41,36,42,43,39,,34,33,57,,86,,91,89,96,91,53,49,59,,,,40,,40,,84,,91,,49,52,46,57,69,,71,,33,51,36,58,71,67,,48,41,52,45,49,53,,72,,,73,34,32,31,63,48,48,46,56,53,104,83,74,55,43,44,44,45,52,55,50,47,52,60,57,46,35,39,33,41,,60,58,43,43,22,39,39,45,,,,,73,63,,62,44,42,49,46,43,43,31,34,23,19,29,42,40,,65,63,,74,76,70,,83,77,,85,61,54,53,63,60,67,64,63,52,64,69,57,,110,116,110,91,93,80,81,124,128,,92,114,109,107,119,,,15,,,,,30,,,,,,,,,,,,,,,,30,,,,,,,,,,,,,,,,,,,,,,,,,,,,,,,,,,,,,,36,44,39,45,47,41,39,43,40,,,,78,76,74,75,,67,53,68,79,73,45,119,,114,109,84,,,78,63,,42,43,60,,62,,112,112,,,80,61,,,96,108,72,,,83,80,119,121,130,134,137,47,41,68,51,77,34,24,30,27,30,28,26,25,85,87,90,76,,34,37,59,,32,27,16,16,78,69,100,100,11,12,10,68,,,83,47,57,49,44,77,71,72,86,42,45,54,80,87,81,81,119,,,88,75,80,97,69,65,,58,21,20,,27,23,27,,23,22,26,22,11,27,29,,24,27,25,29,30,23,24,26,,28,44,42,37,31,37,,24,,25,,,,29,30,26,25,27,27,,23,,30,27,47,64,64,,63,,21,21,19,,,32,28,35,,30,31,32,,,55,45,35,33,36,37,24,37,29,34,32,28,27,29,29,,38,46,44,52,43,,28,38,41,40,32,32,33,34,15,,23,31,36,52,48,44,44,47,33,38,33,,45,43,48,,44,46,42,42,,41,40,52,,51,40,45,38,41,,52,60,47,54,28,21,34,,45,43,44,40,44,,45,37,57,40,38,42,70,68,63,66,45,44,,81,82,75,,45,44,,36,36,65,47,,46,49,39,35,33,63,62,63,72,66,66,44,67,67,66,66,75,84,84,84,80,44,49,57,46,44,47,50,55,46,50,53,39,51,43,38,59,78,73,68,78,33,25,28,24,20,32,22,65,56,81,73,74,61,81,115,105,102,54,64,65,46,47,56,54,15,29,29,,55,82,78,52,50,,40,44,40,44,46,62,65,61,61,54,49,55,59,7,38,,,,59,59,,52,29,23,25,25,22,,33,34,41,,,,,64,80,83,72,82,27,,28,,18,36,34,48,44,34,40,47,56,49,60,,,,,17,19,63,66,30,30,41,,48,39,34,73,77,72,64,70,30,30,25,23,35,34,,60,59,45,40,19,8,66,68,16,,28,12,,72,41,,62,56,70,,61,,74,,31,26,24,17,24,16,103,106,111,111,46,31,32,36,,111,98,,50,58,100,,139,136,69,72,111,85,,83,85,66,65,,,106,73,54,,92,99,86,59,65,134,80,,83,,,76,81,92,85,103,103,110,105,83,,91,112,108,118,123,88,120,122,,,,100,94,,38,,107,73,83,82,55,53,111,56,46,43,44,102,125,,62,70,28,36,37,39,33,,26,,22,36,58,50,28,33,105,73,27,25,22,56,28,33,,,47,53,28,50,,83,87,79,45,,28,25,,,18,32,34,25,22,25,20,22,24,32,81,36,43,37,61,,49,44,,50,63,46,46,100,95,82,29,60,74,27,46,62,38,44,54,30,89,22,55,20,17,46,32,46,58,42,42,66,,74,48,24,57,76,57,68,74,64,58,44,58,39,35,41,28,70,94,104,27,23,27,48,69,25,26,,,107,32,78,36,28,83,68,28,33,100,53,24,37,66,47,39,59,26,,57,90,80,94,84,57,104,18,21,18,30,21,21,27,18,20,64,70,84,117,59,122,35,24,28,31,20,26,30,29,58,65,72,57,70,62,70,88,78,92,101,70,49,95,38,32,50,87,66,65,36,32,,42,39,28,27,37,31,23,23,84,85,52,55,39,88,91,50,46,50,68,42,41,44,39,14,45,47,32,51,58,47,44,,73,40,48,24,20,26,31,25,17,,26,48,38,24,48,57,47,,40,44,69,58,49,63,86,70,52,45,72,103,42,34,36,27,30,30,46,38,19,24,93,62,95,63,37,35,36,32,25,29,31,37,38,29,21,25,25,25,100,92,91,90,83,72,54,104,51,62,74,112,63,72,52,97,54,77,58,99,43,54,55,64,37,34,27,25,42,39,23,22,30,52,51,49,43,44,86,44,32,33,84,33,52,26,23,43,86,68,80,38,48,57,38,19,23,26,19,17,28,30,22,26,28,55,,36,17,21,19,84,74,82,79,70,60,59,54,65,61,49,41,66,65,56,51,22,66,50,32,44,43,40,,26,43,56,84,63,38,40,59,50,36,28,35,49,33,47,58,63,89,112,116,132,49,103,84,94,29,32,29,17,70,77,121,93,54,54,53,50,52,77,51,59,53,29,82,53,44,46,69,46,22,44,20,56,45,77,67,50,132,94,115,106,23,36,86,110,66,114,40,67,116,63,83,86,41,67,58,,38,24,94,92,66,53,61,24,25,19,21,28,19,78,80,82,88,41,39,47,28,27,33,,68,50,22,120,72,63,52,72,40,45,45,50,42,69,20,16,7,110,62,35,52,50,15,38,52,60,48,52,83,83,83,33,60,73,62,58,66,37,48,24,52,65,33,23,23,20,33,81
20230729,12,CO,0.9,0.6,0.9,0.8,0.8,0.5,0.5,0.6,0.6,0.5,0.7,0.6,,,0.7,,0.5,0.5,0.8,,0.5,,0.2,0.4,,0.4,0.5,,0.5,0.4,0.4,0.5,0.4,0.3,0.7,,0.8,1.2,,1.2,1.3,0.2,0.3,0.2,,0.2,,0.3,0.4,0.3,0.2,0.4,0.5,0.5,,0.3,0.3,,0.4,0.3,0.6,0.6,0.6,0.6,0.6,0.6,0.3,0.3,,0.3,0.3,0.1,,0.3,0.3,,0.5,0.4,0.6,0.5,0.7,,0.5,0.9,0.6,0.7,0.7,0.6,,0.4,0.6,,,0.5,0.5,0.6,0.3,,0.9,0.9,,0.6,0.8,0.9,0.8,0.7,,0.7,0.6,0.1,0.3,0.5,0.4,,0.1,0.6,0.5,,0.5,0.5,0.4,0.3,0.4,0.2,0.5,0.3,,0.4,0.7,0.6,0.5,,0.5,0.6,0.6,0.6,0.8,0.5,0.3,0.5,0.4,0.4,0.5,0.7,0.4,,0.4,0.4,0.3,0.5,,0.4,0.1,0.5,0.4,0.5,,0.3,0.4,0.4,,0.5,0.4,0.4,0.4,0.5,0.5,0.4,0.4,0.4,0.4,0.4,0.2,,,,0.4,0.3,,0.3,0.2,0.3,,,,0.2,,0.7,0.6,,0.6,0.5,0.4,0.3,0.5,0.5,,,,0.4,,,0.7,0.3,0.4,0.4,0.4,,0.5,0.6,0.5,0.6,0.7,0.3,0.4,0.3,,0.3,,0.5,0.4,,0.5,0.6,,0.4,0.5,0.6,,0.7,0.4,0.5,0.4,0.5,0.4,0.4,,,0.5,0.5,0.4,0.4,0.4,0.5,0.4,,0.4,,,0.5,,0.5,0.4,,0.5,0.4,0.4,0.4,0.4,0.3,,0.4,0.4,0.4,0.4,0.4,0.4,0.4,0.4,0.3,0.5,0.5,0.2,0.3,0.3,0.5,0.4,0.4,0.3,,,0.3,0.3,0.5,0.5,,0.2,,0.5,0.4,0.7,,0.6,0.7,0.5,,0.5,0.5,0.3,0.7,,0.7,0.7,0.7,0.6,0.3,,,0.3,0.4,0.4,0.2,0.5,0.3,0.4,0.5,0.4,0.4,0.5,0.4,0.5,0.4,0.6,0.6,0.5,0.5,0.5,0.5,0.4,0.5,,0.6,0.6,0.3,0.5,0.4,0.3,0.4,0.4,0.6,0.4,0.7,0.5,,0.7,,0.6,0.5,0.7,0.8,0.9,0.7,0.9,0.4,0.9,0.7,0.8,1,0.6,0.7,,0.5,0.6,1,0.6,0.5,0.5,0.3,0.5,0.5,0.7,0.4,0.8,,0.6,0.8,0.6,0.5,0.5,0.3,0.4,0.5,0.4,0.6,0.4,,,0.9,0.6,1,0.6,0.8,0.6,0.8,0.7,0.7,0.6,0.5,,0.8,0.7,0.8,0.8,0.6,0.8,0.7,0.8,,0.4,0.5,0.3,0.4,0.4,,0.8,0.9,0.6,0.5,0.6,0.7,0.7,,,0.8,0.4,0.8,0.7,1,,0.4,0.4,0.4,0.6,,,0.6,0.6,0.9,0.6,0.3,0.7,0.3,0.6,0.8,0.5,0.5,,0.7,0.2,0.5,0.3,0.5,0.4,0.2,0.2,0.2,0.2,0.1,0.2,0.8,0.7,0.5,0.4,0.6,0.6,0.6,0.4,,0.7,,0.6,0.6,,0.7,,0.8,0.9,,,,,0.5,,,,0.4,0.4,0.4,0.4,0.3,0.6,0.4,,0.3,,0.5,0.2,0.2,0.5,0.5,0.5,0.5,0.3,0.4,0.4,0.4,0.5,0.4,,,,,,,0.6,0.5,0.4,0.5,0.8,,0.5,0.4,0.4,0.5,0.6,0.6,0.5,0.5,0.4,0.3,0.2,0.1,0.4,,1.4,0.6,0.6,,,0.5,,0.1,0.7,0.2,0.3,0.5,,0.3,0.7,,,0.2,0.3,0.3,0.1,,0.3,0.1,0.3,,0.2,0.3,0.3,0.3,0.2,0.6,,0.1,0.3,0.2,,,,0.2,,,0.5,,0.5,0.3,0.3,0.4,0.2,0.4,0.4,0.2,0.2,0.4,,,,,0.7,,0.6,1.1,0.8,0.6,0.5,0.7,0.8,0.5,,0.7,0.5,0.7,0.7,0.7,0.6,0.6,0.6,0.5,1.3,0.6,0.5,0.6,0.7,0.5,0.6,0.7,0.6,0.7,0.8,,0.6,0.5,0.5,,0.6,0.6,,0.6,0.7,0.8,0.6,0.9,,0.7,1.1,,,0.3,0.3,,0.5,,0.5,0.5,0.5,0.5,0.8,0.8,,0.6,0.7,,0.9,1,,0.9,,0.9,0.8,0.9,,0.8,0.8,0.4,0.4,0.4,,0.7,1.2,1.1,0.7,0.9,0.6,0.7,0.2,0.7,0.4,0.8,0.4,0.4,0.2,0.7,2.3,0.6,0.6,0.3,0.4,0.5,0.4,0.4,0.5,0.4,0.6,0.4,0.5,0.6,0.6,0.4,0.2,0.2,,0.3,0.4,0.5,0.3,0.4,0.3,0.3,0.5,0.5,0.5,0.4,0.5,0.4,0.5,,0.6,0.6,0.5,,0.4,0.5,0.6,0.4,0.5,,0.8,0.5,0.7,,1.3,,1.3,1.1,0.9,0.7,0.6,0.3,0.2,,,,0.3,,0.6,,0.4,,,,0.4,0.7,0.3,1.1,0.9,,0.9,,0.4,0.3,0.4,0.4,0.6,0.4,,,0.6,0.5,0.5,0.4,0.6,,0.7,,,0.4,0.2,0.3,0.1,0.7,0.5,0.5,0.5,0.5,0.5,0.5,0.7,0.6,0.3,0.6,0.7,0.6,0.8,0.6,0.4,0.4,0.5,0.5,0.4,0.5,0.6,0.6,0.6,0.6,0.5,,2.8,0.6,1.4,2.6,0.4,0.6,0.5,0.5,,,,,0.5,0.5,,0.5,0.4,0.4,0.3,0.4,0.3,0.3,0.7,0.8,0.5,0.4,0.6,0.6,0.5,,0.7,1.1,,0.9,0.4,0.8,,0.7,0.5,,0.7,0.3,0.6,0.5,0.4,0.5,0.4,0.4,0.5,1,1,1.1,1.1,,0.4,0.7,0.4,0.6,0.3,0.4,0.3,0.2,0.2,,0.3,0.2,0.3,0.2,0.3,,,0.6,,,,,0.4,,,,,,,,,,,,,,,,0.3,,,,,,,,,,,,,,,,,,,,,,,,,,,,,,,,,,,,,,0.4,0.4,0.5,0.4,0.5,0.4,0.4,0.4,0.4,,,,1.4,1.3,1.2,1.3,,1.3,0.7,0.7,0.6,0.7,0.5,0.7,,0.7,0.7,1.4,,,1.7,1.2,,0.7,0.6,0.5,,0.5,,0.7,0.5,,,0.5,0.4,,,0.5,0.4,0.8,,,0.3,0.3,0.3,0.3,0.5,0.5,0.5,0.8,0.5,0.9,0.5,0.6,0.3,0.3,0.3,0.9,0.5,0.5,0.5,0.7,0.7,0.7,0.7,0.7,,0.4,0.3,0.5,,0.3,0.1,0.5,0.5,0.4,0.3,,0.2,0.5,0.5,0.5,0.1,,,,0.5,0.2,0.4,0.2,0.2,,0.2,0.5,0.2,0.4,0.5,0.4,0.5,0.5,0.5,0.4,,,0.8,0.6,0.5,0.4,0.3,0.3,,0.2,0.2,0.2,,0.3,0.2,0.3,,0.3,0.2,0.1,0.2,0.2,0.2,0.3,,0.2,0.1,0.2,0.5,0.2,0.4,0.4,0.5,,0.4,0.3,0.4,0.2,0.1,,,0.5,,0.4,,,,0.1,0.2,0.3,0.4,0.6,0.5,,0.4,,0.3,0.3,0.4,0.8,0.8,,0.7,,0.7,0.6,0.9,,,0.5,0.5,0.5,,0.5,0.4,0.4,,,0.9,0.5,0.3,0.4,0.3,0.2,0.4,0.6,0.3,0.5,0.5,0.8,0.5,0.5,0.9,,0.4,0.5,0.5,0.3,0.3,,1.2,0.6,0.9,0.8,0.8,0.6,0.7,0.7,0.9,,0.8,0.9,0.8,0.3,1.1,1,0.9,1,0.6,0.4,0.7,,0.4,0.5,0.4,,0.6,0.7,0.6,0.6,,0.5,0.3,0.5,,0.6,0.1,0.3,0.5,0.5,,0.4,0.3,0.2,0.4,0.8,0.3,0.4,,0.2,0.2,0.3,0.4,0.4,,0.6,0.4,0.6,0.7,0.3,0.2,0.7,0.5,0.6,0.6,0.7,0.8,,0.5,0.8,0.3,,0.6,0.6,,1,0.4,,0.5,,0.6,0.6,0.7,0.7,0.6,0.2,0.5,0.5,0.6,0.6,0.5,0.3,0.2,0.3,0.3,,0.4,0.5,0.5,0.6,0.6,0.8,0.5,0.4,0.4,0.3,0.6,0.6,0.6,0.5,0.5,0.6,0.6,0.4,0.6,0.4,0.5,0.8,1,0.8,0.3,,0.6,0.6,0.9,0.7,1.1,0.7,0.7,0.6,0.8,0.7,0.6,0.6,0.8,0.8,0.9,0.6,0.7,0.7,0.6,0.7,0.8,0.6,0.6,0.6,0.8,0.7,,0.8,0.5,0.5,0.3,0.6,,0.3,0.5,0.3,0.3,0.3,0.4,0.4,0.4,0.5,0.8,0.6,0.8,1,0.3,0.4,,,,0.4,0.4,,0.5,0.2,1.1,1.7,1,2.3,,0.5,0.4,0.6,,,,,0.5,0.4,0.4,0.5,0.4,,,0.5,,0.3,0.4,0.8,0.7,0.8,0.3,0.4,0.6,1.9,0.5,0.8,,,,,0.5,0.3,0.3,0.5,0.3,0.3,0.6,,0.4,0.6,0.6,0.3,0.3,0.7,0.6,0.7,0.6,0.4,,0.5,0.6,0.6,,0.4,0.4,0.4,0.4,0.6,0.5,0.6,0.7,0.8,,0.4,0.3,,0.3,0.5,,0.3,0.3,0.4,,0.1,,0.1,,,0.4,0.4,1,0.7,0.7,0.5,0.7,0.6,0.6,0.3,0.5,0.7,0.4,,0.7,0.3,,0.4,0.5,0.4,,0.4,0.5,0.4,0.5,0.5,0.4,,0.5,0.4,0.1,,,,0.3,0.4,0.3,,0.6,0.5,0.2,0.4,0.5,0.4,0.5,,0.5,,,0.3,0.4,0.4,0.4,0.4,0.7,0.3,0.7,0.5,,0.3,0.3,0.4,0.3,0.3,0.2,0.3,0.4,,,,0.5,0.6,,0.4,,0.6,0.4,0.5,0.5,1.6,0.2,0.6,0.9,0.4,0.3,0.5,0.3,0.6,,0.6,0.5,0.4,0.3,0.4,0.4,0.5,,0.3,,0.1,0.4,0.6,,0.7,,0.4,0.2,0.1,0.7,0.7,0.4,0.4,0.4,,,0.3,0.4,0.4,0.4,,0.4,0.5,0.5,0.9,,0.4,0.4,,,0.3,0.5,0.3,0.4,0.4,0.2,0.8,0.5,0.3,0.4,0.5,0.7,0.6,0.6,1.1,,0.5,0.5,,0.7,0.6,0.3,0.3,0.4,0.7,0.1,,0.5,1,0.8,0.4,0.3,0.9,0.7,0.7,,0.9,0.2,0.3,0.5,0.2,0.5,0.9,0.2,,0.5,0.5,0.3,,0.3,0.1,0.9,0.4,0.5,0.5,0.5,0.5,0.5,0.1,0.4,0.4,0.2,0.8,0.4,0.4,0.6,0.3,0.6,0.2,0.4,0.2,0.4,0.5,0.5,0.4,,,0.6,0.3,0.3,0.6,0.4,0.1,0.5,0.2,0.3,0.3,0.6,0.4,0.3,0.7,1.2,0.4,0.6,0.4,,,0.3,0.7,0.6,0.5,0.3,0.3,0.4,0.5,0.4,0.4,0.6,0.4,0.5,0.5,0.5,0.5,0.6,0.6,0.4,0.9,0.4,0.3,0.3,0.4,0.4,0.6,0.2,0.2,0.5,0.6,0.5,0.8,0.7,0.3,,0.6,0.6,0.6,0.9,0.6,0.5,0.7,0.8,0.6,0.6,0.6,0.8,0.5,0.1,0.1,0.3,,0.1,0.4,0.2,0.4,0.4,0.6,0.4,0.6,0.4,0.3,0.6,0.1,0.2,0.8,0.9,0.4,0.2,0.4,0.4,0.3,0.5,0.5,0.6,0.7,0.5,0.7,0.5,0.6,0.4,0.4,0.5,,0.6,0.4,0.8,0.3,0.5,0.2,0.4,0.2,0.4,,0.3,0.6,0.6,0.3,0.7,,1.1,,0.4,0.2,0.5,0.5,0.8,0.5,0.6,0.6,0.5,0.6,0.7,0.9,0.7,0.5,0.3,0.5,0.8,0.5,0.5,0.4,1.1,0.4,0.6,0.5,,1,0.6,0.7,0.3,0.5,0.4,0.6,0.5,0.4,0.6,0.4,0.4,0.5,0.4,,0.3,0.4,0.2,0.7,0.4,0.6,0.4,0.7,0.7,0.5,0.5,0.5,0.5,0.6,0.6,0.6,0.7,0.5,0.5,0.5,0.1,0.4,0.2,0.6,0.4,0.1,0.3,0.3,0.3,0.4,0.4,0.6,0.4,0.4,0.7,0.3,0.3,0.4,0.3,0.4,0.3,0.7,0.4,0.6,0.5,0.6,0.8,0.5,0.4,0.5,0.6,0.7,0.4,0.5,0.3,0.5,0.5,0.8,0.4,0.4,0.5,0.3,,0.1,0.4,0.2,,0.4,0.5,0.3,0.3,0.2,0.3,0.4,0.7,0.3,0.9,0.5,0.3,0.1,0.6,0.3,0.4,0.7,0.5,0.6,0.9,0.5,0.4,0.5,0.4,0.4,0.6,0.5,,0.4,0.5,0.2,0.4,0.6,0.7,0.6,0.5,0.9,0.4,0.5,0.4,,0.4,0.5,0.5,1.1,0.6,1.1,0.6,0.3,0.7,0.7,0.4,0.5,0.4,0.7,0.7,0.5,0.2,0.9,0.3,0.3,0.3,0.3,0.3,0.3,0.3,0.4,0.4,0.3,0.4,0.3,1.4,0.2,0.3,0.3,0.7,0.3,0.7,0.7,0.5,1,1,0.5,1,0.6,0.1,0.2,0.6,0.7,0.4,0.6,0.8,0.8,1.6,0.3,0.4,0.8,0.9,0.8,0.8,0.8,0.5,0.9,0.5,,0.6,0.3,0.9,1,0.4,0.5,0.4,0.4,0.2,0.4,0.1,0.5,0.3,0.4,,0.9,0.5,0.5,0.5,0.4,0.6,0.5,0.4,,0.3,0.3,0.4,0.2,1.6,1.4,0.3,1.5,0.6,0.6,0.7,0.5,0.6,0.5,0.6,0.3,0.7,,0.4,0.5,0.3,0.4,0.8,1.1,0.4,0.6,0.7,0.5,0.6,0.5,0.4,0.3,0.3,0.4,0.2,0.5,0.3,0.3,0.5,0.3,0.4,0.6,0.6,0.4,0.5,0.1,0.5,0.5
20230729,12,CO_24h,0.7,0.5,0.6,0.6,0.5,0.3,0.4,0.3,0.4,0.4,0.4,0.4,,,0.7,,0.6,0.6,0.8,,0.7,,0.2,0.6,,0.5,0.7,,0.5,0.4,0.4,0.5,0.4,0.4,0.7,,0.6,0.7,,0.9,0.7,0.6,0.2,0.2,,0.2,,0.4,0.5,0.4,0.2,0.3,0.5,0.5,,0.3,0.2,,0.3,0.2,0.6,0.6,0.5,0.6,0.5,0.4,0.4,0.6,,0.5,0.3,0.2,0.1,0.5,0.4,,0.5,0.4,0.5,0.5,0.8,,0.5,0.8,0.7,0.9,0.7,0.6,,0.5,0.7,,,0.5,0.5,0.6,0.4,0.4,0.6,0.5,,0.6,0.5,0.6,0.6,0.4,,0.5,0.5,0.1,0.3,0.5,0.4,,0.1,0.5,0.5,0.3,0.5,0.5,0.4,0.3,0.4,0.3,0.6,0.6,0.4,0.5,0.6,0.5,0.5,0.7,0.4,0.5,0.6,0.5,0.9,0.3,0.3,0.5,0.4,0.3,0.4,0.6,0.4,,0.4,0.4,0.3,0.4,0.2,0.4,0.1,0.5,0.4,0.4,0.2,0.3,0.4,0.3,,0.4,0.4,0.4,0.4,0.5,0.5,0.3,0.3,0.4,0.3,0.3,0.2,,,,0.4,0.2,,0.3,0.2,0.3,,,,0.3,,0.7,0.6,,0.6,0.5,0.4,0.2,0.5,0.6,,,,0.5,0.5,,0.6,0.6,0.5,0.3,0.4,,0.5,0.6,0.4,0.6,0.7,0.3,0.3,0.3,,0.3,,0.5,0.4,,0.5,0.6,,0.4,0.5,0.5,,0.6,0.4,0.5,0.6,0.4,0.4,0.3,,,0.4,0.4,0.4,0.4,0.4,0.4,0.4,,0.4,,,0.4,,0.5,0.4,,0.4,0.4,0.3,0.3,0.4,0.3,,0.4,0.4,0.4,0.4,0.3,0.5,0.4,0.4,0.3,0.4,0.5,0.2,0.3,0.3,0.5,0.4,0.4,0.3,,,0.2,0.2,0.4,0.4,,0.2,2.4,0.5,0.3,0.6,,0.5,0.5,0.8,,0.4,0.4,0.2,0.6,,0.6,0.6,0.5,0.5,0.3,,,0.2,0.4,0.4,0.2,0.4,0.3,0.4,0.4,0.4,0.4,0.4,0.4,0.4,0.4,0.5,0.7,0.5,0.4,0.6,0.5,0.5,0.6,,0.5,0.5,0.3,0.5,0.3,0.3,0.4,0.3,0.5,0.4,0.6,0.4,0.6,0.6,,0.6,0.5,0.6,0.6,0.8,0.6,0.7,0.3,0.8,0.6,0.7,0.9,0.6,0.6,,0.6,0.6,0.8,0.5,0.5,0.5,0.4,0.5,0.5,0.7,0.4,0.7,,0.6,0.6,0.5,0.4,0.5,0.3,0.4,0.5,0.5,0.5,0.4,,,0.9,0.7,0.9,0.6,0.8,0.6,0.8,0.7,0.5,0.5,0.4,0.5,0.8,0.7,0.8,0.8,0.6,0.8,0.8,0.9,,0.4,0.5,0.4,0.4,0.3,,0.9,1.1,0.6,0.5,0.7,0.7,0.7,,,1,0.4,1,0.8,1,,0.3,0.4,0.4,0.6,,,0.5,0.6,0.8,0.6,0.3,0.7,0.4,0.6,0.6,0.5,0.5,,0.7,0.3,0.5,0.4,0.6,0.6,0.2,0.3,0.3,0.3,0.1,0.2,0.6,0.7,0.6,0.5,0.6,0.7,0.6,0.4,,0.7,,0.6,0.6,,0.5,,0.5,0.6,,,,,0.6,,,,0.5,0.4,0.4,0.4,0.2,0.4,0.3,,0.3,,0.4,0.2,0.3,0.4,0.5,0.5,0.5,0.3,0.4,0.5,0.3,0.5,0.4,0.5,,0.7,0.9,0.5,0.8,0.6,0.5,0.5,0.5,0.8,,0.5,0.4,0.4,0.5,0.6,0.7,0.5,0.5,0.4,0.3,0.2,0.1,0.4,0.1,0.5,0.6,0.6,,,0.5,,0.1,0.7,0.2,0.3,0.5,,0.3,0.7,,,0.2,0.3,0.3,0.1,,0.2,0.3,0.2,,0.2,0.3,0.4,0.3,0.2,0.6,0.1,0.1,0.3,0.1,,,,0.3,,,0.5,,0.5,0.3,0.3,0.3,0.2,0.3,0.4,0.2,0.2,0.4,,,,,0.6,,0.5,0.5,0.6,0.6,0.5,0.7,0.7,0.6,,0.7,0.6,0.7,0.7,0.7,0.6,0.6,0.7,0.6,0.9,0.6,0.6,0.6,0.6,0.5,0.6,0.6,0.5,0.6,0.8,,0.6,0.4,0.4,,0.5,0.6,,0.6,0.7,0.7,0.6,0.8,,0.6,0.9,,,0.2,0.2,,0.6,,0.6,0.7,0.7,0.7,0.7,0.7,,0.6,0.8,,1.2,1,,0.9,,1,0.8,0.9,,0.8,0.8,0.4,0.3,0.3,,0.5,0.9,0.8,0.7,1,0.5,0.6,0.6,0.6,0.4,0.6,0.4,0.7,0.3,0.9,2,0.7,0.6,0.6,0.4,0.5,0.4,0.7,0.5,0.5,0.7,0.5,0.6,0.6,0.6,0.6,0.3,0.3,,0.3,0.4,0.4,0.3,0.4,0.3,0.3,0.4,0.4,0.4,0.3,0.4,0.4,0.5,,0.6,0.5,0.4,,0.4,0.5,0.7,0.4,0.6,,0.8,0.6,0.7,,0.9,,0.6,0.5,0.5,0.4,0.6,0.3,0.2,,,,0.3,,0.6,,0.5,,0.7,,0.3,0.6,0.3,0.6,0.6,,0.7,,0.5,0.3,0.5,0.4,0.5,0.4,,0.6,0.7,0.5,0.5,0.5,0.4,,0.6,,,0.3,0.2,0.3,0.2,0.7,0.5,0.6,0.5,0.5,0.6,0.5,0.6,0.7,0.3,0.9,0.9,0.9,1.2,0.6,0.4,0.3,0.5,0.6,0.5,0.5,0.6,0.5,0.6,0.6,0.6,,0.9,0.7,1,2.3,0.5,0.6,0.6,0.6,,,,,0.4,0.4,,0.5,0.4,0.4,0.2,0.3,0.3,0.2,0.6,0.7,0.5,0.3,0.5,0.7,0.5,,0.6,0.9,,0.9,0.4,0.7,,0.6,0.5,,0.7,0.3,0.6,0.5,0.4,0.4,0.4,0.4,0.5,0.6,0.7,0.8,0.7,,0.5,0.7,0.4,0.5,0.5,0.4,0.3,0.2,0.1,,0.3,0.3,0.2,0.2,0.2,,,0.5,,,,,0.3,,,,,,,,,,,,,,,,0.3,,,,,,,,,,,,,,,,,,,,,,,,,,,,,,,,,,,,,,0.3,0.4,0.5,0.5,0.5,0.4,0.4,0.4,0.4,,,,1.1,1.1,0.9,1,,0.9,0.7,0.6,0.5,0.6,0.5,0.7,,0.6,0.6,1.1,,,1.3,1.2,,0.7,0.6,0.5,,0.5,,0.7,0.6,,,0.5,0.5,,,0.5,0.4,0.6,,,0.4,0.3,0.3,0.3,0.5,0.5,0.5,0.7,0.6,0.5,0.6,0.6,0.3,0.3,0.4,0.7,0.6,0.7,0.6,0.7,0.8,0.8,0.8,0.8,,0.4,0.3,0.6,,0.3,0.1,0.5,0.5,0.4,0.3,0.1,0.2,0.5,0.6,0.6,0.1,,,,0.4,0.2,0.4,0.1,0.4,,0.3,0.4,0.6,0.9,0.4,0.3,0.5,0.5,0.5,0.4,,,0.8,0.5,0.4,0.4,0.4,0.4,,0.2,0.3,0.2,,0.3,0.2,0.3,,0.3,0.2,0.2,0.3,0.2,0.2,0.3,,0.1,0.2,0.3,0.4,0.2,0.4,0.5,0.6,,0.4,0.3,0.4,0.2,0.2,0.3,,0.5,,0.5,,,,0.1,0.2,0.2,0.4,0.5,0.5,,0.4,,0.3,0.3,0.3,0.6,0.7,,0.6,,0.8,0.7,0.9,,,0.5,0.5,0.5,,0.5,0.4,0.3,,,0.7,0.5,0.2,0.4,0.3,0.2,0.4,0.5,0.4,0.4,0.5,0.8,0.5,0.5,1,,0.3,0.4,0.4,0.3,0.4,,1.2,0.6,0.9,0.8,0.6,0.6,0.6,0.7,0.6,,0.7,0.7,0.6,0.9,1.1,0.9,0.9,1,0.6,0.4,0.7,,0.8,0.5,0.4,,0.6,0.6,0.6,0.5,,0.4,0.3,0.4,,0.5,0.2,0.3,0.4,0.4,,0.3,0.3,0.2,0.3,0.8,0.3,0.4,,0.3,0.2,0.3,0.4,0.5,,0.6,0.5,0.6,0.8,0.4,0.3,0.6,0.5,0.6,0.5,0.6,0.6,,0.5,0.5,0.3,,0.5,0.5,,0.6,0.4,0.5,0.5,,0.5,0.6,0.6,0.7,0.6,0.2,0.6,0.6,0.7,0.9,0.6,0.3,0.3,0.5,0.4,0.1,0.4,0.5,0.6,0.7,0.7,0.7,0.5,0.5,0.4,0.4,0.5,0.7,0.5,0.6,0.6,0.7,0.6,0.9,0.6,0.5,0.5,0.6,0.8,1.2,0.3,0.5,0.6,0.5,0.8,0.7,1.1,0.6,0.5,0.5,0.5,0.7,0.7,0.7,0.7,0.8,0.7,0.5,0.5,0.7,0.6,0.7,0.8,0.6,0.6,0.5,0.8,0.7,,0.5,0.5,0.5,0.3,0.6,,0.3,0.5,0.3,0.2,0.2,0.4,0.4,0.4,0.5,0.6,0.5,0.7,0.8,0.3,0.5,,,,0.4,0.4,,0.4,0.2,0.3,0.3,0.3,0.5,,0.5,0.4,0.5,,,,,0.4,0.4,0.4,0.4,0.3,,,0.5,,0.3,0.3,0.8,0.7,0.8,0.7,0.3,0.5,0.8,0.5,0.6,,,,,0.4,0.3,0.3,0.4,0.3,0.4,0.6,,0.4,0.5,0.4,0.3,0.3,0.7,0.6,0.6,0.7,0.5,0.3,0.5,0.7,0.7,,0.5,0.5,0.4,0.5,0.5,0.4,0.6,0.6,0.8,,0.4,0.3,,0.3,0.5,,0.3,0.3,0.5,,0.3,,0.1,,0.5,0.4,0.5,0.6,0.6,0.5,0.6,0.8,0.7,0.7,0.3,0.5,0.6,0.4,,0.9,0.3,,0.4,0.5,0.3,,0.3,0.5,0.2,0.4,0.4,0.4,,0.4,0.3,0.1,,,,0.2,0.4,0.2,,0.4,0.5,0.5,0.4,0.5,0.4,0.4,,0.5,,,0.3,0.2,0.4,0.3,0.4,0.4,0.3,0.6,0.5,,0.3,0.3,0.4,0.3,0.2,0.3,0.3,0.4,,,,0.5,0.5,,0.4,,0.6,0.3,0.3,0.4,1,0.1,0.6,0.7,0.6,0.6,0.6,0.4,0.6,,0.6,0.6,0.4,0.5,0.4,0.4,0.5,,0.4,,0.1,0.3,0.5,0.4,0.9,0.8,1,0.3,0.2,0.6,0.6,0.4,0.4,0.3,,,0.5,0.4,0.4,0.5,,0.5,0.5,0.5,0.6,,0.3,0.5,,,0.3,0.5,0.3,0.3,0.4,0.2,0.8,0.5,0.3,0.5,0.5,0.6,0.7,0.6,1,,0.5,0.5,,0.6,0.6,0.3,0.3,0.3,0.6,0.3,,0.6,0.6,0.8,0.3,0.3,0.8,0.7,0.9,,0.7,0.3,0.3,0.5,0.2,0.5,0.8,0.2,0.6,0.5,0.5,0.4,,0.3,0.1,0.8,0.4,0.4,0.5,0.5,0.5,0.5,0.2,0.4,0.3,0.6,0.5,0.6,0.4,0.5,0.5,0.6,0.3,0.5,0.2,0.5,0.4,0.5,0.5,,,0.5,0.3,0.4,0.6,0.3,0.1,0.5,0.3,0.3,0.3,0.5,0.3,0.4,0.5,0.9,0.4,0.6,0.3,,1,0.5,0.4,0.5,0.5,0.3,0.4,0.4,0.5,0.4,0.4,0.6,0.4,0.5,0.5,0.5,0.4,0.7,0.6,0.5,0.6,0.5,0.4,0.3,0.4,0.4,0.6,0.2,0.4,0.4,0.6,0.7,0.6,0.6,0.2,0.4,0.6,0.5,0.6,0.8,0.5,0.5,0.6,0.9,0.6,0.6,0.5,0.8,0.5,0.1,0.3,0.4,,0.3,0.4,0.3,0.4,0.6,0.6,0.4,0.5,0.4,0.5,0.4,0.1,0.2,0.7,0.6,0.6,0.3,0.6,0.5,0.4,0.6,0.7,0.7,0.6,0.5,0.8,0.5,0.4,0.5,0.5,0.4,,0.6,0.4,0.8,0.3,0.5,0.2,0.1,0.2,0.2,,0.3,0.6,0.6,0.4,0.7,0.8,0.7,,0.4,0.2,0.5,0.5,0.6,0.5,0.6,0.7,0.5,0.5,0.7,0.7,0.7,0.5,0.3,0.5,0.7,0.5,0.6,0.5,0.9,0.3,0.6,0.3,0.5,0.6,0.6,0.7,0.3,0.5,0.3,0.7,0.5,0.4,0.6,0.4,0.3,0.5,0.4,0.2,0.2,0.3,0.3,0.6,0.2,0.4,0.3,0.6,0.6,0.5,0.5,0.5,0.5,0.7,0.4,0.7,0.8,0.5,0.4,0.5,0.3,0.4,0.4,0.8,0.9,0.3,0.3,0.3,0.3,0.4,0.5,0.6,0.4,0.4,0.6,0.3,0.3,0.5,0.4,0.4,0.3,1.1,0.4,0.6,0.4,0.7,0.7,0.4,0.4,0.5,0.5,0.8,0.5,0.5,0.2,0.4,0.5,0.7,0.3,0.4,0.4,0.3,,0.1,0.4,0.2,,0.3,0.5,0.3,0.4,0.3,0.3,0.4,0.5,0.4,0.6,0.5,0.3,0.2,0.6,0.3,0.4,0.7,0.6,0.6,0.6,0.4,0.4,0.4,0.4,0.4,0.6,0.5,,0.4,0.5,0.3,0.4,0.4,0.7,0.6,0.5,0.8,0.4,0.5,0.4,0.4,0.4,0.5,0.6,0.7,0.6,1,0.8,0.5,0.7,0.7,0.5,0.6,0.7,1.2,0.9,0.8,0.3,0.9,0.2,0.3,0.3,0.4,0.3,0.4,0.4,0.5,0.4,0.4,0.4,0.8,0.5,0.2,0.3,0.3,0.3,0.4,0.7,0.8,0.4,0.7,0.6,0.5,0.7,0.6,0.1,0.2,0.6,0.7,0.4,0.6,0.6,0.9,1.2,0.4,0.4,0.8,0.9,0.7,0.8,0.8,0.4,0.7,0.6,,0.6,0.2,0.6,0.5,0.5,0.5,0.5,0.5,0.2,0.4,0.1,0.4,0.3,0.4,0.3,0.8,0.4,0.5,0.7,0.4,0.6,0.5,0.4,,0.7,0.3,0.5,0.2,1.2,1.3,0.3,1.2,0.4,0.4,0.7,0.4,0.6,0.7,0.5,0.3,0.6,1.1,0.5,0.5,0.3,0.2,1,0.8,0.4,0.5,0.5,0.4,0.6,0.5,0.4,0.3,0.4,0.3,0.2,0.5,0.3,0.3,0.6,0.3,0.4,0.6,0.5,0.4,0.5,0.1,0.6,0.4
20230729,13,AQI,63,40,61,41,,50,56,36,37,49,51,32,,,12,,12,14,12,,13,,10,15,,12,19,,39,53,52,29,30,35,22,,10,12,,29,7,15,16,13,,15,,17,12,12,59,30,50,25,,52,44,,46,43,45,37,39,35,39,37,26,22,,26,19,18,17,33,19,,16,15,17,16,49,,38,55,60,50,54,46,,46,48,,,47,46,45,46,32,24,21,,29,19,33,34,25,,,10,9,9,8,17,10,,8,,,27,23,22,23,24,20,,24,,24,38,36,25,,37,40,47,,53,42,33,51,13,19,11,10,10,,8,19,10,15,,19,21,18,,19,,19,19,30,,17,18,18,18,15,16,10,11,15,9,12,27,,,,19,25,,37,25,18,,,,20,,18,18,18,19,18,17,17,19,18,,,,20,,,20,20,20,21,19,,20,16,15,16,20,19,22,19,,25,,18,23,,17,19,,20,20,19,,20,27,19,,12,10,13,,,14,12,11,19,23,20,,,15,,,19,,19,18,,22,28,28,19,16,21,,,20,24,26,23,19,26,18,19,19,25,19,22,22,29,19,19,19,,,18,17,20,17,,10,,25,25,23,,23,25,23,,25,19,17,22,,24,17,25,15,28,,,31,27,31,27,27,17,13,,15,15,17,12,,22,13,20,18,21,20,22,19,17,,41,21,21,27,22,28,25,26,28,78,27,26,48,52,,43,34,32,67,56,45,48,35,20,37,29,29,26,18,,17,15,24,23,18,20,23,23,34,37,49,38,,30,53,50,25,39,23,20,42,33,43,35,,,32,26,27,23,28,34,19,20,48,40,48,,53,52,43,42,42,48,57,45,,34,33,,34,30,,37,46,37,37,42,40,42,,,46,38,41,41,36,,50,59,53,52,,,99,33,29,27,29,26,29,36,31,29,29,,32,,29,29,30,26,35,33,30,33,31,32,24,18,57,23,22,24,29,27,,,,23,22,,84,,64,53,,,,,37,,,,48,44,62,,180,63,55,,73,45,40,34,47,34,40,24,30,48,36,31,24,24,24,,,,,,,53,49,45,45,42,,14,11,12,10,8,8,,23,18,17,11,14,14,13,18,19,22,,,13,,29,17,13,14,22,,21,17,,,29,25,26,13,,13,10,22,,24,32,22,24,25,14,,16,14,12,,,,14,,,15,,22,12,13,10,22,27,29,10,15,20,,28,,,46,,40,53,41,20,23,22,24,25,,35,33,43,32,48,33,42,33,30,34,34,23,32,22,,,25,,25,43,,34,58,42,,27,29,,24,25,26,24,41,,59,24,,,,29,,38,,42,40,41,39,25,,,25,25,,73,67,,62,,33,39,35,,35,35,,46,48,,16,18,18,24,15,16,31,20,26,21,23,22,21,15,17,23,15,13,12,24,19,18,27,20,19,19,17,19,18,19,25,25,27,,25,23,23,21,20,22,36,25,40,34,31,20,21,43,,30,29,29,,20,19,21,21,14,,20,18,19,,15,,16,11,14,13,34,15,16,,,,15,,,,14,,15,,16,16,20,52,,,44,,27,31,,28,26,25,,29,22,25,23,23,26,,34,,,29,25,24,22,29,32,36,33,34,20,25,33,41,52,42,40,62,38,54,24,25,27,29,37,31,40,34,37,44,36,,60,35,25,54,24,29,28,28,,,,,30,35,,44,38,33,37,32,42,37,25,25,26,26,25,34,30,,45,46,,28,30,37,,38,40,,38,21,24,27,27,,25,,30,62,51,53,52,,41,41,62,45,44,40,42,35,35,,37,31,55,67,144,,,15,,,,,36,,,,,,,,,,,,,,,,13,,,,,,,,,,,,,,,,,,,,,,,,,,,,,,,,,,,,,,22,24,18,22,25,20,,20,,,,,26,40,24,26,,23,38,41,47,49,51,39,,42,44,64,,,67,62,,39,,37,,37,,44,45,,,41,28,,,45,45,45,,,29,26,44,46,43,44,43,30,26,35,30,97,22,23,16,35,26,22,24,22,22,,23,23,,28,30,17,,17,11,41,17,,30,33,,16,53,12,,,,32,26,26,26,24,29,36,25,,27,30,32,29,30,29,27,39,,,37,23,26,30,32,30,,19,19,19,,20,19,19,,16,18,17,18,11,22,21,,13,16,15,15,,18,14,13,,13,16,16,16,23,,,14,,15,,,,13,13,13,11,17,17,,14,,15,15,20,21,20,23,21,,30,42,25,,,19,20,20,,32,24,22,,,16,21,25,27,18,20,19,28,32,31,28,12,25,47,25,,16,20,26,41,28,,29,26,31,33,34,29,33,28,30,,21,34,38,43,27,27,24,25,15,15,14,,20,,10,,14,11,22,20,,17,16,26,,21,21,28,22,22,,16,17,16,17,19,15,16,,20,20,20,24,25,,26,21,17,22,23,27,25,25,26,26,27,24,,21,,22,,20,20,,27,17,,19,,14,12,14,52,25,34,34,,43,39,,30,30,29,30,29,25,29,28,29,29,32,35,35,36,34,37,39,35,35,39,29,33,35,31,30,28,29,27,26,30,,26,26,45,,57,47,48,33,34,29,30,69,53,36,58,51,40,34,50,35,41,38,36,51,36,42,,64,38,41,25,24,,25,30,33,40,32,35,34,32,35,31,37,40,36,9,50,,,,32,32,,30,,31,32,36,36,,29,26,25,,,,,35,42,42,40,44,26,,31,,19,29,34,28,28,28,27,25,21,,24,,,,,28,,22,22,32,32,31,,28,25,29,29,30,23,22,21,25,24,18,25,28,29,,29,29,40,33,27,17,27,,28,,14,25,,25,24,,29,27,30,,31,,27,,13,14,20,21,22,22,50,43,45,42,21,33,30,23,,44,47,,36,34,47,,46,46,27,25,70,68,,23,25,42,40,,,49,50,52,,49,44,39,37,25,43,41,,39,,,,31,32,30,288,200,73,79,27,,59,39,37,78,,116,199,196,,,,37,33,,28,,33,55,57,76,24,12,22,46,15,16,14,49,39,,36,22,21,20,12,21,18,,15,,12,22,78,,25,,69,36,19,42,20,32,16,27,,,21,18,22,15,,43,53,43,28,,18,18,,,29,20,20,18,19,19,24,31,17,21,21,44,33,38,57,,14,20,,62,29,30,32,32,44,27,30,33,,30,24,19,10,10,45,15,51,13,27,22,25,26,25,27,,25,25,28,,47,10,39,,45,46,33,34,32,16,24,45,28,34,27,21,28,17,,18,14,14,28,24,26,26,,,100,35,30,16,20,26,25,22,25,48,25,,24,54,15,14,22,15,,,65,55,50,46,33,54,12,22,12,15,12,12,18,11,20,44,35,50,47,45,50,20,21,16,18,12,20,22,20,32,52,54,65,35,,19,25,30,29,31,32,39,18,22,31,44,30,37,44,19,25,,10,22,20,21,25,19,15,15,,15,23,,18,12,12,30,30,28,25,29,30,28,35,25,25,40,34,30,37,32,62,,49,30,41,22,13,22,28,12,24,,14,22,23,17,28,,32,,12,48,25,21,25,64,25,32,42,43,32,71,39,19,19,16,11,13,14,23,31,17,18,31,,44,20,18,20,18,20,17,18,21,20,17,,,19,17,80,54,59,63,79,51,50,21,24,35,19,25,33,34,65,25,34,29,56,52,10,16,18,13,13,14,21,24,21,19,14,12,16,13,15,12,12,10,15,23,21,23,36,25,24,26,39,26,48,45,55,29,33,40,29,15,22,17,21,15,11,12,,12,22,26,,26,25,19,14,41,38,30,42,28,46,12,18,18,18,20,34,35,33,41,62,34,22,,26,24,23,23,,14,19,36,22,93,35,32,25,36,23,21,19,,18,19,45,48,38,26,22,27,57,22,19,52,12,18,,20,19,25,55,25,,23,14,28,26,29,38,18,11,15,24,14,10,18,,35,19,27,39,52,43,29,53,30,37,63,95,64,25,25,58,33,23,44,39,23,23,34,30,28,30,54,47,,21,35,14,12,25,30,33,20,17,14,23,19,17,39,35,41,37,32,22,20,29,17,20,,28,20,31,110,69,57,19,62,50,18,16,37,24,41,28,29,22,,25,17,20,27,9,8,40,35,45,30,,48,30,24,18,39,26,36,27,12,25,19,27,30,39,19,18,13,14,46
20230729,13,PM2.5,45,25,42,23,46,35,32,25,21,34,33,21,,,5,,5,5,8,,4,,,6,,1,4,,27,37,36,20,15,24,8,,4,8,,20,2,5,11,8,,10,,7,7,,23,21,21,,,36,16,,26,22,26,15,26,17,23,7,17,15,,18,4,7,11,23,10,,6,10,8,11,34,,26,39,43,33,38,23,,10,10,,,8,9,14,10,22,11,9,,8,4,13,15,14,,,,6,4,3,4,2,4,4,4,,11,7,10,9,10,7,,8,9,8,14,11,12,,13,18,18,,15,16,20,20,3,11,5,6,7,,3,9,4,9,5,7,,2,,1,7,2,7,21,,6,6,5,6,6,5,1,6,4,4,1,7,,,,7,14,,7,17,12,,,,8,,5,7,12,5,5,9,9,,10,,,,6,9,,4,10,8,9,7,,10,10,8,7,7,8,9,13,,10,,12,13,,8,7,,8,8,10,,8,6,4,6,7,7,4,,,3,4,4,13,8,8,10,,8,,,10,,5,8,,14,12,14,6,5,6,,7,10,9,8,5,5,12,4,12,12,17,7,14,12,6,9,7,8,2,,,4,2,4,15,4,6,17,17,14,,6,17,9,,16,10,2,15,,12,10,17,10,19,,,14,12,7,12,15,10,5,,10,6,10,8,7,15,6,5,5,10,5,7,10,9,,22,7,1,12,12,19,7,4,19,57,13,13,4,36,,25,21,22,24,29,25,33,24,7,13,20,15,12,11,,7,9,11,11,9,13,10,6,19,19,18,17,,12,37,32,14,27,16,11,10,13,14,9,,,22,18,15,15,9,12,13,14,33,27,33,,28,36,30,29,22,32,34,31,,12,16,18,13,15,,19,32,22,22,22,15,14,,,23,24,12,15,16,,16,19,15,8,,,13,13,7,16,10,9,9,14,12,12,7,,22,,11,10,12,18,12,7,9,5,7,6,10,6,40,6,13,9,20,4,,15,,4,13,,7,,14,17,,,,,8,,,,15,16,8,,136,31,10,,27,17,14,17,21,13,26,10,14,33,20,14,10,10,4,,,,,,,12,19,7,12,12,,6,5,4,3,3,4,8,6,6,2,6,7,3,2,7,13,3,,,9,,12,9,9,9,14,,14,9,,,20,17,18,9,,7,7,14,,9,5,2,5,17,5,9,11,5,5,,,,9,,,7,,12,8,9,7,10,18,7,,10,12,,19,,,17,,28,28,24,8,9,6,10,9,,19,19,23,15,27,18,29,14,9,19,10,13,12,9,10,,6,5,12,21,,16,27,27,,12,8,,12,13,10,10,18,,23,8,,,7,11,,16,,17,14,8,13,,2,,2,9,,53,30,,44,,21,14,21,,19,14,7,10,17,,6,7,7,7,6,5,5,6,8,9,7,8,1,5,5,12,5,5,5,9,2,12,2,3,7,10,8,7,10,13,8,5,3,,4,5,7,7,6,4,21,11,28,21,9,7,10,7,,7,7,9,,12,4,11,3,2,,7,4,8,,10,,5,3,6,9,7,2,7,,,,9,,,,3,,5,,6,11,12,31,29,,24,,7,5,7,9,6,17,,20,14,8,13,12,14,,14,,,9,8,9,10,20,19,18,19,13,5,2,19,15,36,25,19,21,13,27,5,4,14,15,25,11,11,12,13,18,13,,43,21,16,38,5,5,5,5,,,,,14,10,,9,26,20,21,17,29,25,16,9,13,14,8,8,11,,18,32,,10,13,19,,20,23,,20,4,3,,3,,17,3,7,39,20,37,34,,7,14,22,9,14,9,6,1,13,,8,12,6,18,15,,,10,,,,,9,,,,,,,,,,,,,,,,9,,,,,,,,,,,,,,,,,,,,,,,,,,,,,,,,,,,,,,14,7,7,9,11,7,2,,,,,9,7,9,14,2,,14,26,26,21,20,25,16,,29,24,46,,,48,40,,27,,14,,15,,10,8,,,14,15,,,7,9,20,,,20,15,5,12,16,9,11,8,5,9,20,16,5,7,4,10,9,7,8,10,6,,,13,,10,18,4,,6,3,2,2,17,13,3,,9,10,3,,,,7,9,6,10,8,12,16,5,25,5,8,14,11,11,20,14,11,,,12,5,5,12,11,11,,7,4,7,,6,10,3,,10,11,7,10,1,12,10,,3,8,1,3,4,12,2,2,,3,2,8,5,5,4,,2,,5,,,,,1,6,7,4,2,,3,,4,4,3,4,,1,4,21,10,10,17,5,4,2,10,8,15,16,8,12,4,,9,3,17,15,11,8,2,19,18,21,11,7,11,14,17,,2,5,6,15,8,,14,17,20,9,18,13,17,17,14,,13,16,20,20,13,10,11,9,10,8,8,,14,,3,,5,5,8,14,,11,11,5,,7,9,19,9,7,,5,7,6,8,8,8,8,,6,5,7,6,10,,5,3,2,9,6,5,7,4,12,10,8,,,6,,8,,6,2,,15,6,,3,,9,6,6,17,8,13,9,,17,16,,16,6,,10,9,4,6,6,7,6,16,11,8,23,15,14,25,18,11,23,6,15,11,8,12,5,11,15,1,8,,13,15,31,34,30,28,15,18,15,9,14,16,36,25,31,22,18,16,21,17,19,13,16,28,20,19,,46,20,23,8,7,,,9,12,14,5,15,18,4,12,10,11,15,7,5,3,,,,19,17,,18,5,9,5,12,9,,9,12,8,,,,,8,7,9,1,9,9,,9,,4,10,9,7,10,12,18,8,8,,7,,,,,8,5,8,10,9,5,14,,19,14,4,10,18,8,6,1,17,7,10,17,10,15,,20,20,28,23,13,5,8,2,8,,6,,,9,4,,9,5,4,,10,,4,,4,4,1,9,3,15,7,10,11,13,8,16,14,11,,6,5,,5,5,12,,8,30,6,5,30,29,,13,9,6,6,,,23,7,18,,15,7,8,9,4,10,5,,4,,,6,2,1,1,117,127,32,34,9,,16,11,15,34,40,62,71,82,,,,13,13,,9,,2,22,14,28,8,7,2,26,,4,,34,17,,16,9,11,6,7,7,10,,7,,2,12,25,,8,,39,6,6,13,11,19,9,6,,,6,2,8,3,,7,15,13,19,,10,5,,,7,3,2,12,13,8,15,7,9,7,8,21,18,20,34,,3,14,,34,6,13,13,7,22,15,14,15,,15,12,,6,3,23,10,34,9,6,5,6,18,5,5,,8,10,7,,27,5,20,7,14,12,12,14,12,4,3,7,,22,9,8,12,1,,6,2,5,18,8,7,9,,,15,6,21,7,13,2,1,9,17,8,17,12,9,27,7,4,15,,,4,17,15,9,11,7,22,8,6,6,5,5,3,7,4,6,22,17,16,5,14,20,10,10,5,6,7,12,9,12,18,29,37,47,16,10,12,17,21,20,19,10,22,5,13,17,17,20,9,5,1,17,,4,10,6,1,7,6,3,3,5,,6,9,6,8,6,7,15,10,8,15,13,2,24,11,14,28,20,8,16,12,36,,17,9,14,11,9,12,19,5,5,,7,12,16,2,13,,12,,3,13,14,14,13,46,13,22,20,22,11,34,27,7,6,8,7,7,2,8,12,9,12,18,,18,2,1,12,6,12,5,6,8,11,4,6,,7,7,22,17,16,30,28,18,30,5,15,21,13,11,13,17,32,12,16,7,36,32,2,5,4,3,2,1,6,4,10,5,7,7,5,9,4,4,8,3,10,11,12,8,18,7,6,16,27,11,17,16,15,2,9,11,10,5,12,9,9,7,5,5,5,4,7,7,,18,17,13,8,4,16,5,6,5,29,6,6,10,2,11,17,12,14,23,44,20,9,,13,7,12,11,,4,8,11,4,69,12,22,9,25,9,7,7,,7,10,13,17,14,8,1,5,24,14,4,27,8,4,3,14,13,17,30,7,,10,9,19,7,20,23,8,2,6,14,5,3,11,50,14,13,10,7,36,30,13,37,8,4,9,46,24,6,5,41,23,14,13,20,12,7,12,20,18,7,20,17,,9,7,7,7,1,10,7,12,7,2,16,7,8,7,8,24,18,10,,9,12,9,8,,10,6,15,38,50,40,13,44,24,9,10,21,15,12,13,7,15,,5,8,14,13,4,2,26,20,22,20,11,10,6,7,12,15,3,17,9,3,7,7,2,,13,12,12,5,5,13
20230729,13,PM2.5_24h,22,15,20,20,23,21,14,17,13,25,17,18,,,14,,16,17,16,,16,,8,11,,8,14,,24,29,27,20,19,22,11,,20,24,,33,17,6,11,18,,13,,14,12,10,16,14,13,15,,23,8,,14,18,14,22,15,16,18,14,22,24,,26,11,7,14,18,18,,17,20,21,21,29,,20,28,32,28,29,25,,13,12,,,12,16,13,15,20,14,11,,11,10,11,12,13,,14,5,6,6,6,8,5,5,6,6,8,13,13,13,11,11,10,10,12,13,13,15,9,8,13,13,10,15,,11,8,19,10,6,9,6,5,6,,5,8,6,8,3,4,2,3,4,2,6,6,6,17,,8,8,8,9,8,9,2,6,2,1,,1,,,,8,10,,8,9,10,,,,12,,7,7,7,5,7,9,7,4,8,,,,7,7,,9,10,10,7,7,,7,5,6,2,5,5,6,11,,8,,8,8,,7,7,,6,8,9,,10,7,8,6,8,6,6,,,6,6,4,11,9,11,13,,6,,,8,,4,7,,12,10,10,6,6,6,,6,6,8,8,6,6,5,4,7,10,12,5,10,12,5,7,6,9,2,,,1,1,2,8,9,8,9,7,4,,8,9,12,,9,10,4,6,,7,6,11,12,9,,,5,3,3,5,6,5,14,,8,8,9,10,9,24,8,6,5,9,6,12,13,6,,8,8,6,9,7,11,6,6,8,21,7,8,2,20,,19,18,19,11,15,17,16,14,13,15,16,20,12,12,,12,14,11,14,22,17,17,12,14,16,15,16,,12,18,24,18,18,19,15,15,14,17,10,,,17,16,16,18,11,11,16,14,15,15,16,14,33,29,31,30,31,25,32,38,,15,19,16,14,13,,20,24,17,15,20,9,15,,,22,19,19,15,14,,8,9,12,11,,,14,10,5,18,8,10,8,12,16,15,6,,14,,14,13,17,15,8,7,6,6,8,7,16,12,39,9,17,13,14,7,,18,,8,12,,17,,23,21,,,,,10,,,,18,17,23,29,93,28,17,,31,10,8,9,10,2,8,8,7,8,10,19,7,9,7,12,,25,20,15,18,13,16,12,17,16,,8,8,7,19,14,15,16,7,7,5,8,10,12,10,10,9,7,,,8,,7,6,6,5,13,,13,7,,,10,6,8,5,,3,7,5,,7,4,3,5,8,2,4,4,2,1,,,,5,,,8,,8,6,9,8,4,6,3,3,4,5,,8,,,14,,13,19,18,12,11,13,15,11,,25,28,28,24,30,22,32,30,19,28,8,10,12,12,11,13,11,10,13,18,,16,15,13,,14,14,,12,12,10,14,11,,16,10,,,10,13,,24,,20,18,16,19,11,14,,15,15,,51,32,,45,,23,25,22,,30,26,9,8,8,,9,9,10,11,13,8,8,15,13,10,10,10,15,7,10,15,8,5,18,16,10,12,12,12,11,11,10,9,12,9,11,4,9,,11,10,13,14,6,6,18,10,20,12,8,8,8,8,,9,8,9,,8,8,9,6,5,,6,9,4,,14,,14,10,11,14,11,7,5,,,,8,,8,,8,,11,,10,6,6,16,18,,16,,9,12,7,5,12,11,,13,9,5,7,13,7,,13,,,7,14,11,13,11,15,19,16,13,15,7,14,22,31,27,29,26,27,22,8,8,9,10,13,10,13,14,18,17,14,,9,8,9,15,7,5,5,1,,,,,9,11,,11,12,12,9,10,14,16,7,15,9,12,10,11,11,,17,16,,13,14,16,,13,17,,17,4,3,3,5,5,7,3,5,28,28,24,43,,17,20,42,9,14,12,12,4,11,,20,10,18,18,17,,,8,,,,,5,,,,,,,,,,,,,,,,2,,,,,,,,,,,,,,,,,,,,,,,,,,,,,,,,,,,,,,7,2,4,9,11,8,2,4,2,,,10,11,9,11,8,,18,23,25,17,22,23,22,,30,24,31,,,32,39,,25,25,19,,19,,14,15,,,24,15,,,16,14,23,,,12,12,12,7,15,10,12,18,14,16,22,16,8,11,9,11,10,9,11,12,17,15,7,15,,13,14,10,,5,2,6,8,14,13,7,6,8,11,4,9,,,8,8,10,10,8,11,8,5,5,5,11,17,7,9,10,11,8,,,14,6,7,7,13,15,,11,7,6,,10,10,6,,10,7,6,13,4,8,9,,6,10,7,6,8,5,8,8,,8,4,5,5,6,5,,3,,7,,,,3,3,4,8,4,3,,7,,7,6,6,2,1,1,4,34,9,9,10,10,3,4,8,5,12,11,8,12,3,,2,7,9,26,7,4,4,12,11,10,11,9,13,10,13,,9,7,6,6,9,,11,9,11,12,13,16,11,14,10,,11,13,12,8,10,8,9,7,7,7,6,,14,12,15,,7,6,8,12,,10,11,6,,6,7,12,5,6,,6,7,10,7,7,7,6,,7,8,11,4,8,,7,3,8,15,15,11,11,8,15,8,3,2,,7,14,11,,7,5,,10,6,8,6,,11,9,9,16,13,9,14,,12,17,12,17,15,6,17,16,7,12,11,10,7,13,15,12,15,14,13,19,14,25,20,7,13,15,15,14,8,14,14,11,11,8,10,9,25,21,25,23,17,21,22,16,20,18,23,22,24,19,24,22,20,15,18,15,19,25,21,21,,28,25,26,7,7,,4,7,6,9,6,16,15,9,14,22,19,14,21,10,4,,,,20,16,,18,5,4,6,8,7,,8,8,8,,,,,6,5,10,8,5,11,,15,,7,8,6,6,8,9,12,8,7,4,8,,,,,8,6,8,7,16,7,12,,10,6,7,12,15,6,11,6,10,6,13,17,24,18,,25,26,22,24,8,6,9,9,15,,11,8,,9,5,,4,5,5,,14,,3,,2,4,8,9,5,10,18,18,16,43,6,9,7,9,,9,6,,8,6,14,,17,20,6,6,42,43,,5,4,14,13,,,15,11,21,,15,10,14,17,2,17,8,,7,,,5,3,2,2,39,42,20,25,9,,26,10,12,15,18,40,25,32,,,,14,12,,9,,6,26,26,27,8,10,11,13,8,13,11,25,20,,22,10,10,10,7,7,8,,3,,2,8,12,11,7,9,54,9,5,11,12,17,8,8,,,21,7,6,13,,13,13,13,12,,8,5,,,4,5,6,7,9,5,7,4,3,6,12,18,18,12,32,,12,12,,14,11,12,12,16,25,16,7,18,,8,5,3,14,7,22,4,25,4,13,2,5,15,7,4,6,8,8,10,,16,6,13,7,8,11,11,12,12,8,7,13,2,12,10,9,12,11,,5,8,3,13,6,11,9,,,22,6,19,9,8,2,10,9,9,12,12,9,12,21,3,10,15,3,,10,19,10,18,7,5,35,8,7,5,8,9,7,7,6,6,14,20,16,8,16,15,12,8,9,8,4,9,9,7,15,15,18,18,15,21,18,16,17,16,12,16,15,15,13,14,12,18,13,10,7,23,,11,7,7,5,7,5,5,6,10,8,6,8,6,17,15,9,12,11,7,15,15,11,22,13,16,30,24,10,17,13,15,,18,12,21,5,5,10,5,1,3,,3,14,15,2,12,15,16,,8,10,13,13,13,16,13,31,23,20,22,21,22,4,6,8,4,5,6,4,10,4,21,11,18,17,7,3,8,8,10,6,8,9,7,7,4,9,7,6,22,18,22,30,33,26,12,10,8,15,14,16,10,25,16,14,19,14,17,27,6,7,12,25,31,9,4,6,7,6,9,8,7,9,10,10,9,9,13,8,8,7,12,12,12,10,15,16,14,8,18,4,11,13,10,4,2,4,4,6,5,6,12,2,5,7,,11,8,9,2,6,17,15,7,9,15,6,8,8,5,7,12,17,22,18,20,12,5,8,15,10,10,10,,6,13,8,8,18,15,19,7,14,8,8,7,9,7,9,20,18,13,22,19,16,28,28,12,22,19,25,21,26,26,19,17,12,10,19,21,21,15,20,20,8,4,10,13,3,11,10,22,23,10,18,4,19,17,13,21,9,9,20,64,44,9,9,28,28,11,17,14,15,13,11,18,18,7,16,20,,8,5,9,6,6,12,9,3,2,2,12,3,7,7,7,18,21,12,3,10,8,8,7,,5,7,7,24,37,36,10,31,13,16,27,17,22,17,8,6,10,20,7,6,12,6,28,20,14,12,17,13,13,14,7,7,11,21,9,35,8,5,14,10,5,2,14,7,7,3,8,13
20230729,13,PM10,61,40,71,41,,45,61,34,37,45,52,32,,,10,,6,11,8,,6,,2,8,,1,5,,38,42,23,23,30,31,12,,10,7,,10,4,15,11,13,,12,,17,8,5,67,19,50,,,37,32,,46,39,35,37,26,34,33,27,26,16,,23,5,9,11,14,15,,13,8,17,4,43,,35,56,70,50,49,46,,17,19,,,16,14,34,24,28,24,21,,29,19,33,34,25,,,7,6,9,5,17,7,,6,14,,27,23,20,19,24,13,,24,30,17,26,36,24,,37,40,47,61,55,42,33,51,13,19,11,,9,,8,19,10,15,,9,12,9,,12,48,11,12,23,,11,11,11,10,7,8,10,10,15,8,12,27,,,,19,25,,37,14,14,,,,17,,12,11,16,7,12,9,12,7,15,,,,19,14,,15,12,15,14,15,,16,12,14,14,20,19,22,19,,25,,18,23,,15,16,,15,14,14,,11,27,14,10,11,10,3,,,6,8,10,19,23,20,91,,12,,,17,,13,13,,22,28,28,19,16,21,,18,15,17,15,9,19,26,18,19,19,24,14,22,22,29,17,16,17,7,,2,6,11,15,,10,42,22,12,12,,9,12,21,,22,19,17,17,,24,17,17,10,24,,,31,27,31,27,27,17,13,16,9,15,17,3,,6,13,15,18,13,12,16,10,11,,41,8,12,18,22,15,22,21,8,14,11,26,48,52,,43,34,29,64,61,45,44,31,20,37,25,29,26,18,,13,15,24,23,18,18,23,19,9,27,49,38,,17,48,38,23,25,13,7,42,19,43,18,,,30,26,27,15,28,34,16,5,38,32,46,,55,47,35,31,42,48,64,32,,25,32,38,24,30,,32,33,18,35,30,20,23,,,46,27,30,33,22,,25,32,33,29,,,36,19,29,17,29,17,24,36,31,19,29,,29,88,16,12,14,26,18,8,8,12,18,15,16,18,18,14,22,16,27,12,,,,10,22,,28,,22,31,,,,,8,,,,30,32,74,,50,76,59,,96,45,24,34,47,34,40,19,30,38,36,31,7,14,20,,,,,,,56,44,36,24,41,,12,11,12,5,5,1,11,23,18,12,9,7,7,3,11,13,10,,,9,,29,17,12,14,12,,14,16,,,22,12,22,9,,13,7,22,,24,32,22,24,19,14,22,12,14,12,,,,14,,,13,,22,7,,9,22,27,29,9,7,20,,19,,,46,,37,55,25,6,7,9,6,2,,32,30,43,26,48,26,41,19,24,22,34,15,32,,,,10,,14,43,,34,57,42,,9,8,,18,18,23,18,41,,67,9,,,16,29,,18,,26,18,24,34,6,6,,6,2,,68,84,,68,,26,39,33,,33,16,25,28,26,,14,18,18,24,13,14,15,18,26,21,23,22,21,3,17,23,15,8,8,24,19,11,27,20,6,13,14,15,15,11,25,10,27,,18,5,8,12,6,10,36,20,20,34,31,5,13,43,,30,29,29,,9,12,7,12,3,,5,6,7,,5,,16,7,7,4,34,15,16,,,,12,,2,,4,,3,,12,14,20,54,,,44,,19,11,3,14,15,17,,22,18,20,18,20,26,,17,,,9,11,12,21,16,26,34,20,34,9,23,18,41,36,26,36,74,36,57,13,10,16,14,11,21,22,20,20,44,23,,64,35,25,48,10,20,19,17,,,,,10,25,,15,22,32,30,23,37,31,22,20,12,26,10,25,12,,45,46,,15,12,34,,28,32,,37,3,,25,8,13,20,,4,73,51,48,54,,41,32,73,27,27,17,18,6,6,,23,19,59,83,238,,,7,,,,,36,,,,,,,,,,,,,,,,9,,,,,,,,,,,,,,,,,,,,,,,,,,,,,,,,,,,,,,17,6,11,17,25,9,,8,,,,12,26,40,9,11,,6,38,41,47,49,52,27,,34,44,67,,,61,73,,39,,26,,18,,42,30,,,17,16,,,24,26,39,,,17,11,4,21,18,18,11,30,26,20,29,35,22,23,16,35,26,22,24,22,10,,9,20,,28,30,9,,17,9,41,17,29,21,14,,16,56,12,,,,16,10,5,21,10,17,36,11,6,17,10,31,14,17,27,20,15,,,26,8,14,2,22,19,,9,18,17,,19,19,14,,15,18,10,18,11,22,15,,8,9,11,15,8,5,4,7,,8,15,9,10,19,9,,5,,1,,,,2,6,8,11,12,9,,5,,10,8,12,4,13,4,6,1,30,42,24,11,,5,,20,18,32,23,21,10,,16,9,18,27,18,20,2,28,32,31,15,10,25,47,20,,16,15,26,41,28,,29,22,31,32,34,29,33,28,30,,21,34,38,43,27,27,24,25,15,15,14,,4,2,1,,14,11,22,16,,17,16,26,,14,15,20,17,10,,8,11,6,8,19,12,3,,15,11,11,24,25,,13,18,10,12,6,14,12,19,15,25,17,19,,5,,5,,15,5,,26,2,,5,,14,9,10,54,19,31,27,34,39,14,33,27,30,16,30,22,24,9,15,9,13,24,20,28,25,34,12,23,20,19,29,16,20,17,22,24,28,29,26,8,18,,24,20,37,52,64,47,48,21,34,22,30,88,56,34,66,51,40,24,50,34,26,38,31,52,36,42,,75,8,41,24,15,,9,17,26,34,18,9,10,21,10,8,17,19,16,9,13,,,,28,28,,30,,31,24,36,33,,19,15,16,,,,,13,15,13,14,11,18,,11,,2,14,27,24,23,28,21,6,16,22,5,,,,,17,,14,11,16,10,20,,22,25,29,20,29,9,14,10,25,21,15,18,15,29,,18,27,22,28,27,5,8,,28,,13,25,,13,15,,13,11,4,,31,,9,,7,6,9,18,5,20,15,14,18,17,13,32,30,23,,18,28,,4,12,39,,36,31,4,20,90,85,,18,21,11,6,,,36,14,25,,26,14,9,32,11,17,10,,21,,,,8,,2,411,350,95,108,17,,67,36,36,105,,182,347,341,,,,34,33,,28,,28,59,64,101,24,8,3,44,2,5,,36,27,,30,22,18,14,6,6,16,,6,,12,22,32,,19,,88,18,12,42,20,28,13,12,,,21,8,22,6,,22,32,32,20,,10,10,,,29,14,20,17,12,17,24,31,17,19,17,44,24,33,63,,5,14,,60,11,21,19,17,30,20,30,33,56,30,23,8,6,5,40,9,51,9,6,22,11,14,14,8,,11,14,28,,47,9,35,,19,24,22,19,17,16,24,22,28,34,13,21,28,8,,15,13,14,17,13,12,15,,,29,35,15,5,20,7,8,22,17,35,17,28,17,58,13,7,8,6,,6,29,34,27,33,20,58,12,22,12,12,10,5,8,11,20,44,28,17,35,26,31,15,21,10,7,12,20,17,20,26,54,58,68,35,19,19,24,29,24,22,22,37,12,9,31,32,29,37,44,2,21,,5,11,4,21,15,8,7,7,,6,23,12,16,8,6,15,8,11,8,14,12,18,22,19,18,30,26,12,28,9,43,,24,13,19,22,12,22,27,12,24,,14,17,19,12,28,,12,,4,24,19,14,19,31,23,29,42,36,17,92,38,10,19,12,10,13,10,18,31,17,17,30,,36,11,9,13,14,20,15,14,16,11,8,24,28,14,17,109,57,68,76,108,51,44,18,22,35,19,25,12,29,43,25,34,14,61,53,10,4,9,5,3,2,15,24,13,9,7,12,14,13,3,10,9,2,9,18,13,14,36,12,6,26,15,26,23,18,21,3,15,21,29,15,22,17,21,14,5,7,9,5,22,7,,20,13,16,12,15,17,2,23,21,46,9,18,18,11,13,17,22,22,41,59,34,12,,22,12,17,19,,13,13,19,14,31,17,31,21,35,9,14,12,,12,19,28,33,27,21,10,5,63,19,19,53,7,18,6,13,16,5,60,7,19,23,14,25,26,27,38,14,1,7,24,3,4,14,48,18,18,7,39,46,23,29,41,19,9,75,140,78,14,9,60,31,9,41,39,23,12,31,30,26,23,28,34,,13,35,3,9,13,26,20,20,17,14,17,19,14,5,15,25,32,17,7,8,29,17,19,,16,14,31,170,85,63,4,71,50,18,16,37,24,16,28,29,19,,17,17,19,27,2,4,40,35,45,30,24,22,23,24,9,30,26,8,21,7,22,13,2,7,26,19,17,12,14,44
20230729,13,PM10_24h,38,28,39,43,25,40,31,33,26,33,33,34,,,22,,24,32,24,,22,,17,21,,14,13,,43,54,39,35,40,43,35,,38,33,,41,33,13,21,24,,30,,25,19,20,30,37,37,46,,36,23,,35,28,31,42,35,36,41,35,42,35,,48,13,18,20,25,28,,34,26,32,31,36,,32,39,53,44,41,39,,29,28,,,27,31,36,35,29,31,28,,27,19,28,25,23,,27,12,11,15,10,24,13,7,11,18,17,32,29,28,27,30,21,23,29,33,25,24,28,24,39,35,36,34,41,39,27,35,46,23,26,23,16,24,,23,23,22,25,13,11,13,9,12,12,19,10,10,34,,19,22,18,21,20,19,12,12,12,7,10,16,,,,19,20,,30,14,13,,,,18,,16,17,16,11,19,13,14,13,22,,,,19,13,,20,20,24,12,14,,17,11,14,14,11,14,18,15,,20,,16,19,,16,14,,13,12,11,,16,26,12,14,17,14,13,,,12,12,14,20,23,21,31,,11,,,16,,17,15,,21,25,22,22,20,20,,15,13,17,15,14,9,11,11,15,13,14,11,16,16,18,13,13,16,5,,6,10,8,9,,20,37,15,10,4,,10,7,19,,15,16,15,15,,18,18,18,17,8,,,21,13,17,25,14,14,18,18,16,18,20,20,22,28,24,13,16,18,17,17,17,13,,25,13,12,13,14,10,19,17,7,12,15,27,31,32,,39,39,30,31,31,35,24,21,24,34,28,54,25,23,,24,32,25,33,28,26,28,22,27,25,31,23,,24,36,37,25,30,24,23,24,25,25,21,,,34,30,34,36,29,29,27,27,29,27,22,21,49,48,45,40,49,44,48,60,,29,32,31,26,20,,30,30,22,24,26,19,20,,,37,28,34,32,19,,18,19,27,23,,,25,14,22,21,20,15,28,28,26,22,27,,26,82,20,20,24,21,15,15,11,9,17,16,24,20,25,17,23,19,23,16,,39,,18,22,,38,,30,29,,,,,15,,,,24,31,102,95,84,105,93,,111,21,15,24,21,23,20,22,20,21,21,34,17,25,19,27,,33,29,29,30,40,35,34,34,47,,18,16,16,23,20,20,22,15,14,13,17,18,21,20,18,18,20,,,8,,16,9,6,10,19,,16,15,,,13,12,16,11,,9,10,6,,15,22,15,15,11,7,8,6,5,8,,,,10,,,20,,19,14,8,16,15,17,20,7,4,9,,11,,,28,,23,32,32,16,19,23,21,20,,41,38,40,42,52,30,47,39,31,41,19,20,22,27,25,38,20,28,30,30,,29,25,26,,21,21,,24,21,22,22,20,,35,16,,,29,19,,28,,36,33,38,42,20,22,,18,20,,64,63,,65,,34,44,52,,46,44,19,23,20,,17,16,24,26,20,17,24,39,25,21,25,18,29,26,22,28,16,17,31,24,23,21,28,37,18,17,20,24,17,13,30,19,35,,18,9,9,16,15,18,26,16,19,28,19,17,13,22,,15,18,18,,4,16,13,13,13,,12,15,4,,20,,23,15,19,17,18,16,15,,,,20,,20,,25,,13,,16,12,25,28,48,,27,,24,22,21,19,18,22,,17,15,17,11,13,13,,19,,,10,24,22,23,18,30,33,29,27,23,35,22,36,33,44,49,42,55,35,19,19,15,16,18,19,20,26,27,31,23,,26,16,22,23,14,16,15,12,,,,,11,24,,12,20,22,21,17,23,20,18,20,19,23,14,24,20,,30,25,,21,21,25,,21,24,,25,5,9,11,10,10,12,,9,39,34,32,42,,82,69,158,19,27,23,23,24,22,,64,46,57,58,67,,,20,,,,,15,,,,,,,,,,,,,,,,8,,,,,,,,,,,,,,,,,,,,,,,,,,,,,,,,,,,,,,17,12,17,16,21,14,22,17,13,,,16,29,38,26,25,,22,42,59,32,43,51,39,,42,51,48,,,42,56,,34,35,30,,29,,44,35,,,38,24,,,28,33,36,,,17,20,19,19,24,22,16,35,39,36,35,32,18,22,19,31,28,23,30,25,38,41,34,39,,27,25,16,,11,6,24,28,23,17,16,17,16,41,15,24,,,20,15,11,14,9,20,20,11,7,25,13,39,7,14,18,17,11,,,20,8,16,4,22,23,,11,21,19,,18,18,17,,14,17,11,21,15,18,16,,14,15,18,20,15,10,11,12,,12,20,7,14,18,8,,8,,5,,,,7,10,5,9,12,15,,11,,14,15,12,12,16,8,18,5,14,12,13,13,,9,11,9,19,17,16,14,7,,7,10,12,37,11,25,4,15,21,18,20,13,27,29,25,,11,17,19,24,20,,22,16,20,22,27,24,22,23,20,,20,25,25,18,19,39,17,18,19,16,18,,13,14,14,,21,17,24,14,,16,16,15,,17,13,16,12,10,,18,17,16,11,17,18,17,,16,12,13,21,28,,24,23,15,30,24,22,18,19,17,20,13,21,,22,21,21,,10,10,,19,14,9,11,,16,13,13,32,21,22,32,23,22,27,24,21,29,21,27,38,20,16,23,18,20,24,22,28,23,27,17,28,21,27,33,17,20,26,30,24,23,27,24,25,18,13,21,20,47,46,51,50,32,35,30,35,36,47,38,37,34,37,42,32,46,26,28,32,36,36,34,36,,43,38,40,19,16,,12,16,18,20,19,14,14,18,22,28,31,25,32,17,21,,,,23,27,,27,,23,20,22,28,,16,16,16,,,,,17,15,15,17,15,31,,23,,10,11,18,15,17,24,16,8,14,16,7,,,,,25,18,10,9,30,16,19,,16,14,17,19,18,12,16,4,30,19,19,22,24,29,,24,32,30,34,18,9,17,16,24,,23,16,,15,8,,7,11,13,,45,,6,,6,8,18,22,21,21,27,24,24,30,12,22,21,19,,26,21,,15,17,46,,66,74,10,19,174,178,,10,8,22,24,,,26,26,40,,27,22,21,30,7,24,19,,17,,,21,8,6,6,139,123,62,84,29,,101,54,53,49,38,103,120,116,,,,48,35,,33,,48,80,95,125,15,18,20,30,19,20,18,46,36,,33,23,18,20,13,14,16,,9,,9,14,25,17,21,21,165,29,13,40,23,26,13,13,,,42,10,14,22,,30,23,27,14,,10,10,,,14,20,23,16,13,13,17,17,11,18,20,36,23,28,54,,21,15,,28,20,19,17,79,33,23,16,29,30,26,15,14,20,11,46,7,38,14,17,15,16,17,11,6,10,10,10,32,,31,15,25,20,16,24,23,22,19,15,29,26,31,24,17,20,24,27,,19,13,11,20,13,17,14,,,30,23,20,12,16,6,18,21,12,45,12,29,15,31,9,18,10,13,,18,31,28,35,28,25,114,22,23,20,24,30,20,19,24,24,27,29,24,37,39,26,19,15,19,12,13,21,22,17,22,31,34,34,33,35,34,24,29,28,29,35,28,30,16,27,25,32,37,30,10,33,,19,11,12,10,17,8,12,12,19,18,24,14,17,19,17,16,14,13,7,18,17,22,32,25,19,26,30,14,30,22,24,,23,15,29,13,10,13,14,9,14,,7,19,15,15,18,21,21,,14,38,25,21,19,26,20,49,37,35,39,39,32,12,15,13,9,11,12,37,20,13,36,26,32,33,15,7,9,18,15,17,20,19,15,18,15,22,18,13,109,100,95,107,116,80,19,17,14,24,27,31,24,42,20,29,28,24,27,46,30,7,17,35,46,17,14,17,11,12,16,16,15,17,19,17,16,16,19,16,14,20,33,24,12,22,22,22,21,13,24,14,19,16,23,13,11,13,20,17,13,13,16,4,17,13,,15,10,14,10,14,27,4,20,13,22,15,22,18,17,14,18,26,37,34,33,20,7,16,34,28,20,21,,23,19,22,18,24,22,29,19,20,8,9,12,21,15,18,45,34,20,34,24,20,64,53,46,45,27,42,37,41,28,19,50,37,39,62,57,55,60,42,52,17,16,18,22,10,13,13,28,24,21,19,18,32,26,22,25,24,41,100,189,162,16,19,42,43,21,42,29,29,23,20,33,32,26,27,40,,14,20,16,24,15,21,21,14,6,8,11,14,25,14,18,21,20,19,20,15,43,13,17,,21,12,20,104,60,54,19,51,33,35,52,33,43,39,25,20,16,27,19,14,25,16,33,33,25,24,36,28,43,35,16,23,17,38,28,43,22,12,26,18,7,8,24,13,10,10,18,36
20230729,13,SO2,3,3,3,3,3,3,2,3,3,3,3,3,,,5,,2,4,4,,4,,3,3,,3,2,,2,3,3,3,2,1,5,,2,2,,1,2,4,2,4,,4,,2,3,3,9,4,6,9,,6,3,,3,2,9,9,8,11,9,6,3,3,,3,4,6,2,3,2,,5,4,3,4,6,,4,6,5,7,6,4,,6,6,,,8,7,6,7,6,7,8,,6,7,10,7,6,,,4,4,8,4,7,5,4,6,6,,3,4,4,6,3,5,,4,5,3,6,5,6,,6,7,5,6,3,4,6,8,4,7,6,3,4,,2,5,6,5,4,3,3,5,4,6,3,6,8,5,,6,7,7,7,8,5,7,8,6,5,5,4,,,,6,8,,6,7,4,,,,6,,3,4,9,5,10,4,8,5,6,,,,6,5,,3,2,6,3,6,,7,6,7,5,6,8,5,3,,5,,7,5,,6,3,,4,5,6,,6,4,5,,2,4,7,,,3,4,4,5,6,5,4,,4,,,2,,8,2,,4,2,3,5,4,5,,3,3,4,6,3,5,4,3,5,4,4,3,5,5,8,8,7,8,2,,4,2,3,3,1,3,2,8,6,8,,5,5,10,,8,5,6,5,,4,7,5,6,6,,,6,8,7,7,6,5,1,1,3,2,1,1,3,2,2,6,8,7,4,6,5,5,,6,6,2,4,4,1,4,2,4,3,1,5,5,4,,4,4,8,7,7,6,5,7,4,5,6,4,4,7,,5,6,5,7,4,6,4,5,5,9,5,6,,4,4,8,5,6,6,10,5,6,3,4,,,9,7,5,4,4,5,6,3,9,12,10,,5,5,6,5,5,7,6,5,,6,5,8,7,8,,5,5,4,6,7,5,6,,,6,8,5,4,11,,3,4,2,3,,,6,2,9,8,5,9,5,5,10,7,5,,13,8,8,3,6,8,6,12,8,10,9,10,8,5,3,6,6,7,2,5,,4,,4,6,,15,,6,9,,,,,4,,,,10,12,5,5,16,5,4,,5,10,3,10,16,6,4,3,4,8,8,1,6,3,7,,,,,,,9,18,9,7,10,,4,5,4,2,4,6,3,3,2,5,1,5,2,2,8,7,8,,,4,,4,2,4,1,6,,6,2,,,2,2,2,10,,8,5,6,,8,9,8,9,8,8,3,4,6,8,,,,10,,,5,,5,7,6,8,5,8,7,3,4,4,,13,,,20,,15,16,13,4,4,8,4,7,,16,10,10,9,8,4,7,5,4,5,1,4,3,8,4,6,4,5,4,6,,6,6,9,,4,4,,6,5,2,4,4,,5,4,,,4,6,,4,,6,4,8,8,7,,,5,7,,10,10,,9,,7,6,7,,8,6,12,14,15,,7,7,7,4,2,4,4,4,5,7,6,9,8,4,3,6,5,6,6,11,4,9,3,2,5,5,6,6,4,5,5,3,7,,5,5,5,4,2,4,6,6,3,4,3,4,6,2,,7,9,6,,4,8,8,9,8,,9,10,8,,3,,3,3,5,3,8,5,4,,,,1,,2,,6,,2,,3,6,4,4,4,,6,,4,2,4,2,7,5,,4,6,8,5,7,2,,5,,,7,4,6,3,6,10,6,8,6,4,3,2,4,13,8,8,9,13,9,2,2,3,7,7,5,4,6,6,9,4,,20,8,14,6,5,5,7,3,,,,,1,1,,1,3,10,10,8,8,5,5,6,2,2,5,4,4,,4,3,,8,2,6,,6,5,,6,7,5,5,9,4,6,5,4,6,10,5,4,,10,24,4,19,33,8,7,8,3,,6,7,6,4,5,,,4,,,,,3,,,,,,,,,,,,,,,,6,,,,,,,,,,,,,,,,,,,,,,,,,,,,,,,,,,,,,,7,1,1,3,1,2,2,3,1,,,2,9,11,8,8,,8,6,8,3,5,8,6,,7,6,6,,,4,4,,11,10,3,,5,,14,16,,,5,5,,,4,4,14,,,2,2,7,10,11,6,8,3,3,5,5,5,3,5,7,8,8,5,6,11,9,5,2,4,,7,7,5,,7,4,7,6,,4,6,,11,7,24,,,,5,8,6,9,10,11,6,10,6,6,4,11,4,3,4,4,1,,,15,4,2,1,5,3,,6,4,4,,6,5,6,,4,8,4,7,5,2,4,,4,3,4,9,3,4,4,3,,5,5,6,7,8,7,,4,,5,,,,2,5,7,16,3,4,,3,,8,8,7,6,5,8,6,1,7,4,9,10,5,4,6,3,1,4,3,4,2,,8,5,4,9,7,4,28,12,13,13,12,6,6,11,6,,3,1,3,2,2,,1,5,4,5,3,7,8,14,1,,4,3,8,3,3,4,4,4,1,5,4,,5,2,6,,6,2,4,4,,4,3,4,,1,8,7,8,5,,6,6,4,8,9,4,3,,6,5,4,4,5,,3,9,8,5,5,5,6,6,6,7,4,4,,8,8,5,,6,7,,9,5,,1,,6,3,6,9,10,7,6,6,14,8,10,4,5,5,5,5,4,4,2,2,5,6,5,6,3,5,8,9,9,14,11,9,7,5,5,7,3,18,17,8,6,,8,6,7,6,7,5,10,7,5,6,5,8,9,8,7,8,8,13,38,8,8,10,8,8,11,8,,25,4,3,7,3,,4,8,7,4,6,6,4,6,9,3,4,2,6,3,11,,,,7,9,,10,12,22,18,23,18,,7,8,7,,,,,6,6,6,7,8,1,,4,,5,7,13,13,9,13,4,5,4,5,5,,,,,3,2,4,4,7,5,2,,4,8,7,6,9,2,7,9,5,10,4,5,5,8,,9,7,5,4,6,9,5,8,27,,9,6,,8,8,,7,8,3,,7,,7,,8,8,1,6,7,10,6,7,7,8,5,5,5,8,,16,16,,8,7,8,,7,6,9,3,5,7,,4,5,7,8,,,13,6,4,,12,11,9,11,11,8,5,,5,,,6,5,5,6,6,4,6,5,5,,7,8,10,5,6,6,3,3,5,,,8,6,,5,,4,9,8,8,28,1,4,5,4,4,4,3,10,,5,2,8,1,5,2,2,,3,,6,9,4,,6,,5,7,5,6,6,9,5,3,,,2,4,5,6,,11,18,6,8,,5,4,,,1,3,5,4,7,6,2,4,5,5,5,6,6,7,10,,3,2,,5,2,10,8,4,17,3,8,6,3,4,5,3,2,4,17,4,14,4,2,2,6,4,9,4,,6,9,6,,4,4,7,2,4,6,4,6,6,4,4,6,4,4,7,3,1,3,10,3,5,6,6,8,5,4,,,6,5,4,3,8,7,7,4,4,6,3,,6,12,6,5,4,3,,4,10,11,10,10,4,6,6,7,6,7,5,6,2,5,5,3,5,7,17,14,11,2,8,6,8,7,7,2,4,4,5,6,10,7,4,6,6,3,6,9,6,6,2,5,6,8,6,1,1,6,8,,6,9,5,4,8,2,3,2,4,3,2,3,8,4,1,7,3,6,8,9,6,8,7,7,8,8,7,12,10,13,2,,4,6,3,5,6,9,8,6,6,,2,4,4,4,8,,10,,5,7,6,7,6,6,4,4,10,12,7,12,5,2,1,4,5,5,6,5,8,4,3,3,,20,4,1,5,7,5,2,5,5,6,6,4,5,2,5,6,5,1,6,8,11,6,7,5,8,6,5,5,4,11,3,4,6,6,3,2,5,3,4,4,8,4,3,6,6,2,2,3,1,6,3,4,1,9,8,5,14,7,10,8,9,10,4,4,4,1,6,4,6,11,4,4,9,3,4,6,5,,2,6,6,,3,2,4,4,9,7,7,14,6,3,4,1,3,7,3,14,3,6,11,3,12,5,4,5,2,2,4,,8,4,7,5,7,6,6,4,5,5,4,1,,3,3,9,12,6,7,10,6,10,3,4,1,2,2,3,2,4,18,5,7,9,3,8,7,9,8,8,2,3,5,3,8,9,1,9,6,5,6,7,7,5,3,4,6,9,4,4,4,5,5,8,6,7,28,10,6,10,3,7,7,4,16,14,,7,4,4,3,6,9,3,3,7,6,5,6,1,3,7,3,4,6,5,3,6,2,4,,5,7,1,7,7,7,9,6,3,3,3,3,3,6,11,3,4,,9,4,4,5,2,2,3,3,3,3,,6,6,4,7,6,6,11,6,4,3,3,6,7,25,12,4,8,5,13
20230729,13,SO2_24h,3,3,3,3,3,3,1,3,3,3,3,3,,,5,,2,4,5,,4,,4,4,,3,2,,2,2,2,3,3,2,6,,2,3,,3,3,4,2,5,,5,,2,3,2,8,4,6,9,,5,2,,2,2,8,8,7,10,9,5,2,2,,4,5,7,2,4,2,,5,5,3,4,7,,3,7,7,7,6,4,,6,6,,,8,7,6,7,5,9,21,,6,8,13,11,10,,9,4,4,8,4,7,5,4,6,5,6,4,4,4,5,3,5,4,4,3,3,8,5,6,3,7,7,5,6,3,4,5,8,4,8,6,3,4,,2,6,7,5,4,3,3,6,11,6,4,6,7,5,,6,8,7,6,8,6,6,8,4,4,4,4,,,,6,8,,6,7,4,,,,6,,3,5,7,5,10,5,8,5,6,,,,7,5,,2,4,5,7,6,,7,5,7,4,6,7,4,3,,5,,7,5,,6,4,,4,5,6,,6,4,5,5,2,4,7,,,3,4,4,4,6,5,4,,4,,,2,,7,3,,4,2,3,5,4,4,,2,3,4,4,2,4,4,3,5,4,4,3,5,5,8,8,7,8,2,,4,2,2,3,1,3,2,8,6,7,,5,4,10,,7,5,6,4,,4,7,5,6,5,,,5,6,10,6,5,5,1,1,3,2,1,1,3,2,3,6,8,7,5,6,6,5,,6,6,3,5,4,1,4,2,4,3,2,5,4,4,,5,5,9,7,6,6,6,7,4,5,6,4,4,7,,5,7,5,7,5,7,5,5,7,11,5,6,,7,5,9,6,6,7,11,6,6,4,5,,,9,8,7,4,5,5,6,4,9,16,8,10,5,6,7,5,6,9,6,8,,7,5,8,7,8,,5,5,4,7,7,5,6,,,6,9,5,4,7,,3,3,2,2,,,3,8,5,5,4,6,5,6,6,5,4,,10,9,8,4,6,6,7,12,8,11,11,10,7,5,3,6,6,6,2,5,,4,,4,7,,7,,6,7,,,,,5,,,,13,12,5,5,14,5,5,,6,10,3,10,13,6,4,4,4,6,6,2,6,4,7,16,,14,10,14,8,7,10,9,8,7,,5,6,4,4,4,6,3,3,2,5,2,5,2,2,9,7,8,,,4,,4,2,4,2,6,,6,2,,,2,2,2,11,,9,6,7,,11,9,10,8,6,7,3,3,5,6,,,,10,,,5,,4,8,7,8,5,8,6,4,4,4,,8,,,16,,12,12,12,5,4,8,5,8,,13,10,6,8,8,4,7,7,4,11,1,5,2,7,4,7,4,5,4,6,,6,7,9,,4,4,,7,6,3,6,5,,12,5,,,3,5,,4,,9,9,10,10,8,10,,11,8,,9,8,,8,,9,7,8,,8,7,12,15,16,,7,6,5,5,3,4,3,7,5,7,5,4,6,5,4,6,5,6,6,12,13,11,3,3,5,5,6,6,4,6,5,3,7,,6,5,4,4,2,4,5,5,3,4,2,3,5,2,,6,8,6,,4,10,7,9,8,,11,10,7,,3,,3,4,5,3,8,6,4,,,,1,,2,,6,,3,,2,6,4,3,4,,6,,4,2,4,2,8,5,,9,8,9,6,7,2,,4,,,8,4,6,3,6,7,11,13,6,5,4,2,5,19,19,11,20,24,12,1,2,3,6,6,6,7,9,8,8,5,,9,7,15,7,5,5,6,3,,,,,1,2,,2,1,8,9,8,5,6,4,6,2,2,5,5,4,,4,3,,9,2,5,,6,4,,5,7,5,5,9,4,6,6,4,4,6,5,4,,21,31,4,18,27,8,11,9,2,,6,7,6,5,6,,,4,,,,,3,,,,,,,,,,,,,,,,5,,,,,,,,,,,,,,,,,,,,,,,,,,,,,,,,,,,,,,7,2,1,3,1,2,2,3,2,,,2,9,10,9,8,,8,6,7,6,5,7,11,,8,8,6,,,4,4,,15,14,2,,7,,16,21,,,5,4,,,4,4,15,,,3,3,7,10,10,5,7,3,3,7,7,5,3,6,10,8,9,4,6,11,8,5,2,4,,7,8,5,,7,5,7,5,5,4,6,4,8,6,8,5,,,5,8,7,9,10,13,6,9,6,5,7,15,7,2,3,4,1,,,9,8,4,2,5,3,,6,9,6,,6,5,7,,4,8,6,7,5,2,3,,4,4,4,8,2,3,5,4,,5,5,6,7,9,7,,5,,6,,,,2,6,8,7,3,4,,3,,7,6,6,6,6,8,6,1,10,4,7,10,5,4,6,4,2,3,4,5,2,,8,3,4,6,8,6,28,15,16,16,13,11,10,10,8,,4,6,7,4,5,,1,5,5,5,8,8,9,13,1,,3,3,7,3,4,4,5,4,3,8,9,,4,4,6,,6,2,5,4,,4,3,4,,2,8,5,7,4,,6,5,4,7,9,4,4,,4,6,4,6,5,,5,8,8,4,5,5,6,6,6,7,4,4,,7,9,5,,6,7,,10,5,5,2,,6,4,6,10,10,6,19,8,10,12,9,4,8,6,7,8,4,5,3,3,5,6,5,6,3,6,8,8,10,13,11,10,5,8,8,9,2,13,9,9,6,5,6,5,8,6,7,6,6,7,6,8,6,9,6,7,6,8,8,17,29,7,8,11,10,6,14,10,,15,4,3,6,3,,6,7,6,4,6,5,3,6,5,3,3,2,3,3,10,,,,6,8,,9,8,9,11,10,11,,7,7,6,,,,,5,5,6,6,7,2,,4,,4,5,9,11,8,12,2,5,9,5,5,,,,,3,2,4,4,27,5,2,,5,8,7,8,9,2,8,8,5,9,4,6,13,36,,11,15,6,5,7,9,5,8,15,,8,6,,7,7,,6,7,4,,7,,7,,8,8,2,6,9,8,5,7,7,8,5,5,5,8,,107,42,,6,6,7,,7,5,5,3,5,4,,5,5,8,7,,,6,5,4,,11,10,14,10,11,10,5,,5,,,7,5,4,6,6,4,4,5,5,,7,8,9,6,6,7,3,3,5,,,7,6,,5,,4,9,9,9,14,2,4,5,5,5,4,3,10,,6,2,8,2,4,2,2,,3,,6,6,3,4,7,8,11,8,4,6,6,8,5,4,,,2,4,5,6,,9,16,6,6,,5,4,,,2,3,6,4,7,6,2,4,5,5,5,6,6,7,8,,4,2,,6,4,8,5,5,16,4,7,16,3,4,6,3,2,5,16,3,23,4,2,3,6,4,8,5,8,7,8,6,,2,4,9,3,3,5,3,6,6,5,4,7,4,4,9,3,1,5,24,3,6,5,7,8,5,4,,,5,4,6,7,8,6,6,3,4,6,2,10,7,16,6,3,4,3,,5,10,6,18,44,5,7,6,7,6,7,5,7,2,5,6,3,6,8,19,12,10,2,7,7,7,6,6,2,4,5,6,6,8,8,5,6,6,4,6,7,7,14,2,7,6,8,7,7,2,6,8,,6,9,5,4,9,2,3,2,5,4,2,1,8,4,2,8,3,6,8,10,5,9,8,7,9,9,8,8,11,12,2,,3,6,6,3,6,10,8,4,6,,1,4,4,4,9,8,9,,6,7,5,8,7,7,5,5,11,33,8,10,5,2,1,3,5,4,4,5,6,4,4,3,16,14,4,2,5,6,4,5,5,5,6,6,2,5,2,8,4,7,1,6,6,7,6,8,5,8,6,5,5,6,9,3,6,7,7,1,2,5,4,5,5,8,4,3,6,6,2,3,4,2,6,3,4,3,10,8,4,19,7,11,7,9,8,5,3,2,2,6,4,6,7,3,3,9,3,4,7,6,5,2,5,6,,4,2,4,3,10,5,7,10,5,3,4,3,2,7,3,15,4,16,10,3,5,5,5,5,2,3,3,,8,5,7,8,6,6,7,5,4,5,4,1,6,4,2,12,9,5,7,14,6,9,2,2,1,3,2,3,3,4,7,6,7,9,4,8,8,10,7,8,2,4,5,3,8,12,2,7,6,6,8,7,5,4,3,2,6,9,5,6,6,4,7,6,9,7,23,10,7,10,4,8,9,7,17,13,,6,3,4,2,6,6,2,4,6,7,5,7,2,3,8,3,4,6,6,3,7,2,4,,5,7,1,9,6,7,8,5,3,2,3,3,3,8,9,4,4,15,11,8,6,4,4,3,3,3,3,3,9,7,4,3,8,5,5,9,5,4,4,6,6,7,9,11,4,8,6,10
20230729,13,NO2,19,13,19,22,37,14,22,3,11,15,18,16,,,10,,12,13,14,,7,,20,8,,2,9,,10,9,9,6,10,12,11,,6,4,,1,2,8,6,12,,8,,5,2,8,7,12,10,8,,13,9,,12,11,6,10,7,7,9,4,9,13,,6,6,8,9,2,4,,8,11,13,17,12,,5,14,16,13,15,9,,7,13,,,5,8,11,12,5,18,17,,12,9,14,20,13,,,12,11,9,8,11,9,11,6,12,,9,8,4,5,7,4,,6,,5,7,5,5,,7,11,13,11,11,4,7,8,9,12,8,11,1,,10,14,8,15,3,8,3,2,3,4,10,4,2,3,,2,2,4,2,2,2,11,12,9,10,8,2,,,,5,4,,5,2,6,,,,8,,7,10,5,7,11,6,6,6,7,,,,1,4,,10,4,7,6,5,,4,5,7,6,4,5,1,3,,4,,4,7,,5,5,,11,6,10,,6,9,7,8,4,9,8,,,2,9,12,10,8,6,,,6,,,10,,1,8,,5,4,8,8,4,5,,9,8,9,8,9,4,4,3,7,12,4,6,7,10,5,6,3,7,1,,13,16,8,10,7,5,,9,10,5,,3,8,5,,12,23,29,22,,18,26,30,14,2,,,6,6,3,6,6,7,12,6,9,13,8,7,9,11,13,15,15,14,13,11,14,20,,14,10,7,5,8,7,5,9,5,5,4,3,18,14,,14,13,28,26,18,20,15,15,24,17,20,21,34,22,,8,2,26,28,19,18,6,4,2,9,15,22,,5,14,9,11,12,9,4,6,8,8,6,,,16,19,26,16,14,15,16,18,9,8,13,,14,16,27,12,7,18,22,22,,7,16,14,9,7,,8,24,6,6,19,6,12,,,22,16,7,10,29,,3,9,20,9,,,11,3,16,20,17,13,6,13,15,15,7,,15,12,8,12,8,14,2,9,9,8,8,6,15,17,19,6,12,11,9,5,,17,,13,16,,18,,16,24,,,,,7,,,,14,13,32,39,39,28,22,,16,7,6,9,19,3,4,7,5,5,7,2,4,4,4,,,,,,,16,12,8,6,16,,9,7,8,7,7,11,,8,11,6,1,4,2,4,8,12,6,,,6,,4,2,2,2,1,,3,10,,,2,4,3,22,,16,10,10,,8,8,6,6,6,2,,2,2,3,,,,2,,,2,,1,5,3,3,11,2,2,4,5,9,,4,,,6,,3,8,5,9,14,10,16,7,,4,10,11,11,7,6,6,6,5,3,6,5,7,7,5,4,7,10,6,12,,12,12,9,,6,7,,7,8,10,3,5,,10,5,,,,6,,7,,9,5,6,13,7,,,8,5,,21,20,,19,,17,17,16,,15,10,,11,6,,6,8,9,9,8,7,2,6,7,9,10,7,9,4,9,22,8,6,6,3,2,4,6,8,4,6,5,4,5,4,4,5,5,,3,7,7,5,4,6,7,20,6,9,7,9,10,6,,3,6,7,,2,7,9,8,1,,14,6,2,,8,,11,12,14,12,4,2,5,,,,1,,4,,9,,1,,7,5,6,14,21,,9,,15,12,27,15,4,9,,4,6,3,8,7,2,,2,,,1,2,5,4,5,4,5,5,10,4,4,13,7,6,8,10,10,8,10,4,4,4,6,6,6,8,7,6,13,7,,37,21,37,28,13,6,3,2,,,,,1,3,,2,5,9,9,10,9,10,12,9,9,12,9,8,4,,13,17,,5,3,8,,9,8,,11,2,6,12,11,8,8,7,7,8,9,6,8,,8,10,5,6,6,8,8,6,7,,12,4,6,6,4,,,14,,,,,5,,,,,,,,,,,,,,,,3,,,,,,,,,,,,,,,,,,,,,,,,,,,,,,,,,,,,,,6,4,4,8,3,2,2,3,2,,,2,17,18,18,14,,16,6,16,10,5,11,11,,12,15,12,,,14,12,,15,16,4,,6,,10,8,,,10,6,,,5,3,10,,,6,4,3,4,11,6,6,7,7,8,3,4,6,5,7,15,8,10,10,13,3,4,6,5,,8,7,3,,4,2,5,7,6,4,7,6,7,10,6,,,,2,7,7,8,6,6,5,8,,8,6,2,2,5,5,9,2,,,6,7,4,2,8,6,,4,3,2,,1,6,2,,3,4,6,4,1,5,2,,8,4,3,10,4,4,5,6,,10,1,1,3,5,5,,4,,7,,,,2,4,3,12,2,3,,3,,9,17,7,9,4,6,5,10,6,11,11,4,,1,4,1,3,6,4,4,9,,13,4,5,10,2,4,3,4,5,5,4,5,5,12,8,,2,1,2,4,1,,4,3,6,5,4,5,7,10,35,,7,12,8,3,1,3,3,3,5,6,2,,16,11,9,,10,5,12,8,,6,4,4,,3,1,1,3,3,,6,2,4,4,4,6,3,,5,2,4,2,2,,8,5,5,2,1,2,10,8,8,7,3,1,,7,8,7,,4,5,,2,5,,2,,3,3,3,2,5,2,4,5,8,6,4,3,3,4,3,2,4,3,3,1,2,48,1,7,6,8,4,6,7,7,8,2,5,3,1,3,3,13,12,8,2,,6,6,9,,13,6,18,10,18,10,8,22,24,11,14,13,9,6,16,8,6,9,7,8,8,10,,9,4,6,7,4,,3,3,12,12,6,7,7,6,10,7,6,7,7,5,14,,,,6,8,,8,13,20,15,22,16,,4,7,7,,,,,8,5,10,8,5,10,,8,,8,4,9,8,9,8,7,6,8,6,4,,,,,7,4,5,5,6,5,16,,2,8,8,6,8,4,13,16,10,8,10,11,5,7,,5,6,5,7,10,12,6,9,8,,5,4,,10,7,,5,7,7,,5,,6,,2,4,5,6,5,8,6,6,5,6,2,6,4,11,,9,9,,6,5,9,,6,6,10,15,11,8,,8,5,3,5,,,15,6,8,,6,8,4,6,8,4,8,,17,,,,6,4,3,25,28,8,8,8,,11,6,9,5,,1,7,10,,,,16,13,,12,,10,10,6,26,28,8,8,8,2,7,7,8,11,,8,4,9,7,12,11,10,,7,,2,10,10,,11,,9,5,2,9,8,5,5,6,,,9,4,5,9,,15,13,10,1,,5,6,,,8,5,8,2,6,5,2,6,4,5,6,25,10,12,21,,7,7,,17,7,5,5,6,11,6,3,6,12,13,6,6,13,6,14,1,10,1,3,8,8,7,3,5,,5,6,5,,3,7,34,2,5,10,2,2,2,6,3,10,2,11,8,9,15,8,6,2,5,2,13,14,6,7,,,7,5,6,8,5,4,4,9,6,6,7,,5,20,10,3,8,4,,3,10,13,9,13,8,8,9,8,12,5,9,4,8,12,8,3,9,7,11,7,14,5,3,2,7,3,1,8,8,8,19,29,29,14,24,21,20,29,25,14,5,6,15,4,22,13,13,3,2,6,15,,13,7,5,3,4,1,1,2,11,8,3,2,2,9,6,4,7,6,10,5,7,3,7,9,10,16,8,9,13,19,8,,4,6,6,2,24,7,4,2,2,,1,3,6,8,8,,5,,9,7,6,9,2,5,4,7,4,7,7,30,6,4,2,10,8,7,5,7,8,2,7,3,,14,3,6,8,5,5,7,10,1,4,2,,2,4,1,10,33,30,29,22,9,15,10,4,10,32,16,4,6,9,15,8,6,10,20,4,9,7,5,5,5,1,7,8,7,6,7,4,6,3,9,9,7,12,6,2,8,6,7,3,9,10,6,5,6,7,9,7,6,10,18,2,5,4,1,9,4,12,5,3,7,,10,5,5,2,9,11,5,11,2,15,16,12,3,6,4,5,6,6,8,10,8,2,4,7,4,3,3,,8,5,17,3,6,13,13,21,12,7,4,7,,5,4,9,12,10,14,15,1,17,7,9,21,1,9,,4,8,5,5,8,11,9,4,3,1,11,10,7,6,4,15,8,11,1,,9,7,7,2,7,5,20,8,8,1,18,8,5,3,5,25,15,19,11,3,28,7,18,17,21,4,14,10,,1,2,8,8,9,4,1,4,7,16,18,6,4,4,6,7,7,17,3,2,10,10,10,,6,5,4,3,17,22,4,12,3,10,3,11,12,9,8,5,22,,11,6,4,8,3,4,3,5,14,3,11,8,6,2,12,7,18,10,6,11,5,1,3,8,11,2,1,2,10,22
20230729,13,NO2_24h,29,6,20,25,29,30,30,17,13,18,34,18,,,13,,18,18,20,,18,,23,11,,8,17,,11,14,16,8,14,14,14,,15,19,,19,15,10,15,21,,20,,4,3,8,11,14,13,14,,17,7,,13,13,9,27,21,22,26,9,18,22,,17,19,16,22,8,12,,6,7,9,13,23,,7,22,20,23,17,27,,21,27,,,25,26,28,25,15,26,17,,16,12,13,16,15,,11,14,12,9,9,10,11,13,10,12,12,18,13,10,11,12,7,2,12,10,12,10,12,8,9,14,18,20,18,19,7,11,18,8,7,8,8,2,,8,13,6,12,6,11,6,5,6,7,12,8,6,4,,2,3,6,2,2,6,8,9,3,7,6,5,,,,7,7,,8,6,8,,,,14,,11,17,7,10,15,11,10,9,14,,,,8,7,,18,17,15,8,6,,5,7,8,5,4,5,2,3,,5,,5,7,,13,11,,11,12,13,,11,7,16,13,5,7,6,,,2,6,5,9,6,3,8,,13,,,9,,2,9,,4,4,6,6,2,3,,15,17,11,10,10,9,5,4,14,12,7,9,8,13,7,15,7,11,2,,6,7,6,4,9,5,,12,14,12,,7,8,6,,14,19,25,22,,22,25,26,23,4,,,7,9,12,9,7,9,13,6,10,12,7,8,7,8,13,16,21,18,19,18,20,18,,19,13,9,7,14,10,12,12,7,12,9,3,48,17,,25,27,19,21,28,22,20,13,13,15,14,18,18,19,,10,7,11,24,14,14,7,7,10,15,17,13,,11,25,24,12,9,8,6,9,11,12,8,,,16,13,18,18,13,11,13,17,21,24,18,20,26,25,49,21,27,18,32,40,,15,19,17,13,6,,24,40,21,20,34,19,15,,,41,35,33,20,27,,10,25,27,22,,,19,4,13,27,14,16,13,21,18,19,16,,15,15,13,19,14,16,11,17,19,10,16,14,19,12,22,11,15,14,10,9,,21,,15,17,,25,,22,28,,,,,10,,,,15,21,19,24,26,22,9,,12,12,8,13,15,9,8,15,9,8,10,12,5,14,5,31,,22,31,25,23,22,16,17,20,30,,11,10,12,6,3,7,4,10,14,7,3,8,3,10,5,7,4,,,10,,6,2,4,3,6,,7,11,,,9,10,8,20,,11,14,10,,14,11,9,9,7,3,2,2,2,7,,,,5,,,9,,6,6,5,5,13,2,3,7,7,6,,5,,,10,,6,9,11,9,10,10,11,6,,14,19,18,15,20,14,11,11,11,15,11,12,12,7,6,5,16,11,11,13,,12,11,8,,8,9,,8,6,12,6,6,,20,11,,,4,12,,23,,23,22,18,25,7,10,,4,4,,19,22,,23,,13,14,12,,13,10,22,18,10,,7,8,8,12,13,7,3,20,16,10,15,5,16,12,15,21,9,8,15,10,5,9,12,14,8,9,11,7,8,2,12,11,11,,8,10,11,9,8,9,9,17,8,10,7,12,10,9,,6,8,9,,4,12,15,12,5,,15,12,2,,7,,8,10,12,9,5,2,3,,,,5,,7,,9,,4,,10,7,9,14,18,,8,,20,20,14,13,9,14,,8,14,8,12,10,4,,6,,,2,8,11,8,4,6,14,13,14,9,4,5,8,10,21,19,19,21,13,8,7,6,16,13,10,14,18,18,19,16,,13,14,23,29,15,12,6,9,,,,,3,8,,7,4,13,10,13,15,9,14,10,16,16,12,16,12,,12,14,,11,6,18,,14,18,,17,5,6,17,13,10,11,9,10,15,18,14,12,,15,18,18,8,11,14,12,3,5,,7,3,16,9,4,,,24,,,,,6,,,,,,,,,,,,,,,,5,,,,,,,,,,,,,,,,,,,,,,,,,,,,,,,,,,,,,,9,6,7,8,4,5,4,5,2,,,4,14,16,16,13,,14,18,17,19,15,24,18,,15,19,14,,,16,19,,20,25,25,,22,,11,14,,,14,12,,,9,7,18,,,11,8,5,9,13,7,6,12,11,10,8,7,5,7,9,14,15,19,17,19,10,10,15,13,,14,14,6,,4,4,8,11,9,7,9,7,14,17,10,14,,,6,13,10,16,8,12,5,8,4,12,12,2,7,8,8,11,4,,,11,13,8,2,12,10,,5,7,9,,8,8,12,,9,9,10,10,7,6,3,,7,8,7,13,9,6,10,9,,9,4,3,4,16,12,,8,,10,,,,2,7,6,5,4,5,,6,,14,15,14,4,3,4,3,3,9,12,9,6,,4,7,3,6,9,7,5,6,,6,4,6,9,7,6,3,7,10,7,10,6,10,12,9,,3,4,3,5,5,,7,4,8,8,9,7,9,12,22,,8,13,7,3,3,3,3,5,7,7,4,,14,10,8,,9,5,10,8,,7,5,7,,5,4,3,6,5,,8,2,6,4,7,9,5,,8,4,6,10,7,,14,14,5,6,5,5,11,10,9,10,10,7,,7,8,9,,4,5,,6,4,4,6,,3,4,5,9,11,8,8,11,9,12,10,5,6,7,8,8,5,6,6,3,4,28,9,15,12,18,5,9,9,11,13,2,8,5,4,8,4,13,10,10,5,3,7,9,30,11,22,21,16,9,11,13,13,21,15,13,12,11,9,10,16,14,13,15,14,10,14,16,,10,8,11,7,10,,6,5,14,12,15,11,10,11,15,12,18,19,13,5,26,,,,11,13,,12,16,23,22,26,24,,11,8,8,,,,,9,7,9,9,9,14,,10,,14,6,10,10,11,14,4,10,14,14,7,,,,,11,8,5,5,16,17,15,,5,8,7,10,11,6,13,15,15,12,10,11,18,18,,9,10,12,13,12,12,10,11,10,,11,9,,9,10,,7,8,12,,8,,9,,4,5,10,12,13,10,18,13,13,12,2,7,5,8,,12,13,,10,11,15,,8,9,18,18,16,16,,5,4,12,21,,,18,16,31,,11,9,12,11,7,6,15,,7,,,11,9,5,7,20,18,22,24,9,,11,9,10,8,7,12,14,14,,,,17,13,,23,,10,10,9,24,15,3,7,17,8,17,12,10,15,,29,8,14,16,5,11,11,,11,,4,10,18,11,22,20,15,12,7,15,14,10,6,10,,,20,2,13,13,,19,16,17,4,,6,10,,,11,11,13,2,10,8,5,7,6,12,7,36,17,15,23,,15,7,,18,12,9,8,6,22,11,4,9,12,19,7,4,17,5,31,3,18,7,6,13,19,13,6,8,7,7,8,11,,4,9,37,4,8,26,3,4,5,5,4,26,6,10,14,15,16,10,19,6,11,2,21,10,12,16,,,15,6,10,14,6,4,6,14,10,13,8,8,15,21,6,6,7,6,,5,23,17,12,18,14,21,8,7,7,7,10,6,7,10,6,12,24,20,11,22,19,12,5,4,8,3,1,12,6,10,18,35,24,18,22,15,10,18,25,10,11,15,11,8,18,15,14,9,4,18,15,,17,7,12,5,13,3,3,4,12,9,6,5,7,9,5,8,12,9,18,13,16,7,17,15,12,19,22,10,26,21,16,,13,10,14,5,23,12,6,5,4,,2,8,11,13,15,15,13,,13,29,8,11,5,7,4,18,8,12,10,14,13,6,6,15,8,7,6,10,9,2,11,6,39,24,5,6,11,7,6,15,14,7,10,3,2,2,5,2,7,19,9,23,10,7,21,7,7,5,18,10,13,11,7,14,14,8,9,14,10,9,15,11,21,20,3,8,9,9,10,11,7,4,6,11,9,7,12,8,6,13,9,13,6,20,18,11,12,20,12,15,13,8,14,12,5,7,9,9,11,5,13,6,3,12,,11,9,9,5,11,21,8,12,4,16,4,7,6,4,5,13,12,12,12,7,11,4,7,13,11,4,5,,8,5,18,4,9,15,22,22,14,12,10,15,3,7,3,24,15,12,10,16,2,34,14,16,16,13,20,21,20,9,4,10,16,17,25,19,20,17,22,25,9,6,16,9,10,8,4,20,17,10,13,7,12,12,14,11,14,2,15,9,10,10,12,19,14,17,11,5,22,7,16,14,19,15,23,30,,4,3,6,7,16,10,7,8,10,22,16,9,12,8,12,17,12,18,13,7,15,15,18,,10,7,3,10,16,20,5,15,12,19,16,9,30,24,9,11,22,25,24,8,4,7,22,17,11,5,18,15,32,27,5,2,8,11,16,14,11,5,11,8,4,8,14,7,4,6,14,13
20230729,13,O3,43,109,40,43,,70,82,90,102,102,82,66,,,37,,38,42,36,,41,,19,47,,37,60,,61,58,66,56,45,75,68,,26,23,,25,22,45,26,28,,35,,31,38,36,64,81,77,80,,88,138,,133,136,143,104,123,112,122,117,57,45,,55,59,56,52,61,60,,49,43,39,48,111,,96,112,100,106,99,104,,147,152,,,148,146,144,147,47,50,45,,48,51,54,43,57,,,29,27,20,23,25,32,28,25,27,,68,69,68,72,73,62,,55,59,74,119,97,77,,101,108,102,104,102,86,96,106,24,24,25,30,22,,25,16,21,20,49,58,65,56,57,58,51,59,58,49,,53,57,56,55,48,50,32,33,35,27,36,41,,,,47,51,,58,48,48,,,,62,,57,55,44,60,56,54,53,59,57,,,,64,59,,63,63,63,65,60,,62,49,45,51,47,49,43,46,,48,,53,55,,54,60,,61,61,58,,62,56,59,60,38,31,41,,,44,37,34,50,53,53,37,,47,,,58,,60,57,,48,46,40,18,26,23,,,63,74,81,73,60,59,54,56,46,60,59,55,56,50,60,60,59,,,56,52,61,52,,30,,68,77,72,,72,73,73,,79,14,29,34,,48,34,30,25,23,,,28,39,28,38,40,36,34,37,36,34,32,32,33,28,39,61,57,66,62,70,60,52,,51,66,65,85,62,85,80,83,80,79,85,81,136,151,,116,100,72,173,141,102,128,99,25,39,30,42,23,40,,53,45,24,32,56,63,50,72,107,118,118,75,,93,160,160,77,86,55,61,101,104,92,110,,,94,76,74,73,82,89,54,52,141,127,138,,130,126,133,126,122,144,111,117,,108,105,122,108,86,,118,130,118,116,133,127,132,,,131,120,130,130,113,,157,167,162,161,,,199,104,75,85,59,81,90,88,84,90,92,,71,88,90,92,96,79,109,104,96,104,99,100,74,54,55,73,50,76,53,86,,57,,73,55,,187,,171,162,,,,,118,,,,153,139,26,37,42,25,55,,43,80,126,78,74,76,95,74,82,96,89,77,76,75,75,,,,,,,140,154,144,144,134,,42,34,37,30,25,23,16,48,45,54,33,43,42,40,56,56,68,,,36,,37,35,39,31,68,,66,54,,,50,54,53,27,,30,20,27,,53,54,50,54,55,27,31,32,31,21,,,,39,,,47,,50,30,37,29,30,33,38,29,35,26,,46,,,124,,124,142,131,64,73,70,76,77,,109,105,108,101,101,103,119,103,94,106,66,72,70,70,70,68,80,73,79,90,,87,166,130,,84,92,,74,77,81,76,95,,100,75,,,52,49,,120,,132,126,131,124,80,82,,78,78,,83,93,,88,,104,96,110,,109,109,147,145,151,,49,47,54,50,48,50,97,61,65,62,60,59,55,48,26,18,40,40,38,44,42,44,47,50,60,58,52,60,55,47,80,80,79,,80,72,71,65,64,69,97,78,94,88,95,61,67,62,,60,57,61,,63,58,67,66,43,,64,56,58,,36,,37,35,43,41,40,23,31,,,,47,,41,,42,,48,,50,49,42,68,70,,68,,85,99,,89,81,80,,71,70,78,72,72,82,,108,,,92,79,75,68,64,102,113,105,81,61,79,105,77,127,132,128,138,120,126,76,78,86,90,118,98,127,108,117,110,115,,36,51,32,59,74,91,88,89,,,,,96,111,,140,91,103,118,101,90,117,78,79,81,78,80,106,95,,65,56,,87,95,118,,120,126,,119,66,75,85,86,83,79,93,93,114,129,137,128,,131,131,137,144,140,125,132,110,109,,117,99,129,122,130,,,33,,,,,39,,,,,,,,,,,,,,,,34,,,,,,,,,,,,,,,,,,,,,,,,,,,,,,,,,,,,,,68,76,57,68,70,62,60,62,56,,,,82,77,76,83,,72,114,119,117,122,117,124,,120,116,108,,,96,87,,89,84,118,,117,,138,143,,,130,89,,,141,144,144,,,81,82,139,146,136,138,135,82,76,111,94,197,44,44,48,44,66,66,60,60,69,71,73,72,,70,71,54,,35,33,32,40,98,94,104,101,30,33,31,,,,101,81,82,81,75,90,85,78,104,86,94,100,90,94,89,86,124,,,118,73,81,94,100,93,,59,59,59,,61,60,58,,50,55,54,52,34,50,65,,40,49,47,45,,42,43,40,,39,51,51,50,71,79,,44,,46,,,,41,40,39,32,54,54,,43,,46,48,61,65,62,73,66,,72,72,76,,,59,62,60,,82,74,70,,,41,66,51,53,53,52,60,89,89,86,88,38,40,48,45,,37,61,66,62,62,,84,83,92,104,60,62,66,58,54,,60,62,70,66,54,48,47,49,31,39,38,,30,28,32,,28,34,25,36,,38,38,60,,65,67,74,70,70,,50,53,51,52,52,48,50,,63,63,62,68,69,,83,66,52,70,71,86,78,78,81,82,84,74,,65,72,70,,61,62,,86,54,,59,,41,36,43,87,79,108,106,123,135,123,126,93,90,91,84,92,80,92,89,92,92,102,112,110,114,106,117,122,112,112,122,91,104,109,97,95,73,87,85,82,94,,81,83,121,127,122,111,83,103,82,92,93,87,119,115,114,118,117,106,107,110,129,111,115,77,86,84,,146,121,109,80,74,,80,96,103,126,101,109,106,100,110,98,116,125,114,19,159,,,,102,101,,96,109,93,102,96,114,,92,82,77,,,,,109,133,132,126,140,81,,97,,59,92,108,89,88,88,86,78,65,72,75,,,,,88,99,70,69,102,102,97,,82,52,50,90,96,72,68,67,74,76,56,54,89,86,,82,83,91,94,53,53,84,65,57,,44,41,,79,74,,91,84,94,,92,,84,,41,42,61,66,68,66,157,136,141,134,65,103,86,54,,140,150,,115,106,150,,146,147,84,78,138,134,,71,77,133,127,,,155,158,161,,155,139,124,116,79,135,129,,123,,,108,98,100,96,78,72,128,127,84,,50,124,116,112,104,120,108,106,109,,,117,91,,83,,104,92,101,17,42,37,69,145,46,50,42,55,122,,115,64,65,63,38,66,55,,46,,36,56,182,,77,,131,113,60,54,50,102,51,86,,,48,56,52,46,,135,162,137,80,,56,56,,,29,62,61,40,47,58,32,30,39,65,65,120,105,119,98,,43,34,,169,90,95,100,101,138,84,55,80,74,55,74,59,32,31,142,35,133,37,84,32,80,69,77,85,,77,79,87,,140,30,124,64,142,147,103,108,102,36,43,144,65,66,84,65,59,52,133,56,44,36,87,75,82,81,,,200,69,62,50,54,81,80,62,57,152,55,46,74,84,48,43,69,45,,56,172,164,158,146,105,133,23,34,21,48,36,37,56,22,20,103,112,159,149,142,160,63,55,49,56,35,45,70,57,101,115,137,95,94,48,49,17,29,55,99,100,123,56,69,78,140,94,76,110,60,49,,30,68,62,58,78,59,45,46,47,45,59,,55,33,38,95,95,89,78,92,96,88,92,80,79,124,107,94,118,100,169,,155,94,129,33,26,49,50,33,35,,39,68,64,52,80,,102,,36,153,77,67,80,122,78,102,110,137,100,121,112,58,60,51,35,35,44,73,57,37,57,99,,138,62,57,63,57,63,54,57,65,64,53,34,40,60,45,89,43,55,30,33,93,159,66,76,105,31,76,103,108,172,55,82,90,157,53,30,49,55,40,40,42,66,47,65,60,44,37,51,28,45,37,31,29,47,71,67,72,101,77,74,83,88,76,153,144,164,92,103,128,32,21,36,46,47,45,34,37,28,37,34,81,,45,45,51,43,129,121,96,134,88,86,38,37,52,56,62,106,110,104,106,146,68,70,94,83,75,71,71,,43,60,113,70,78,110,74,79,74,73,67,59,,56,50,142,153,119,83,68,84,130,68,52,73,23,19,23,24,36,36,75,77,43,50,44,64,68,63,62,56,34,46,30,44,32,57,59,112,50,84,27,119,106,63,129,93,116,63,101,106,79,77,99,96,73,138,115,23,72,106,81,88,95,163,148,,66,62,43,38,80,96,105,35,32,28,23,56,52,124,111,131,118,102,69,61,64,48,61,,88,63,31,119,87,78,34,96,82,47,43,76,49,131,65,44,33,,78,43,35,78,26,23,96,96,45,89,163,152,95,71,31,124,80,115,84,38,77,59,86,95,122,51,37,39,39,147
20230729,13,O3_24h,116,110,125,122,119,124,91,125,116,102,114,96,,,182,,171,185,171,,188,,135,186,,144,240,,154,156,144,158,149,165,162,,179,188,,190,188,67,58,69,,91,,139,150,145,137,139,127,139,,156,141,,134,138,147,120,126,136,125,117,155,146,,153,158,147,154,158,152,,162,163,165,170,120,,122,122,130,125,123,116,,148,156,,,180,163,144,154,89,92,81,,96,73,86,82,82,,91,79,66,62,65,73,78,76,67,73,39,97,101,101,105,107,93,69,97,97,102,120,97,103,67,101,108,102,104,102,103,96,106,33,34,33,39,30,,38,37,32,32,49,58,65,56,57,58,51,59,58,49,,53,57,56,55,48,50,36,36,38,32,39,41,,,,54,61,,69,59,61,,,,69,,57,55,44,60,56,54,53,59,57,,,,64,59,,72,64,63,65,60,,62,49,45,51,47,49,43,46,,48,,58,58,,54,60,,61,61,58,,62,56,59,60,44,44,42,,,52,42,48,51,61,58,47,,47,,,58,,60,57,,48,46,42,32,34,32,,78,72,74,81,73,60,59,56,58,54,64,65,62,64,59,61,60,65,,,68,64,70,69,,49,38,68,77,72,,72,73,73,,79,113,112,112,,106,129,119,138,28,,,38,52,32,52,50,48,128,127,145,129,121,117,125,106,134,98,121,98,120,95,127,103,,95,158,88,115,88,108,96,107,93,103,120,103,136,151,,122,134,154,173,141,109,128,111,114,121,131,115,100,105,,146,140,95,121,168,166,164,167,120,125,118,124,,111,160,160,158,166,148,161,154,142,127,153,,,129,128,152,102,99,105,103,126,141,127,138,49,164,163,156,140,141,186,136,163,,108,105,122,108,86,,118,130,118,116,133,127,132,,,131,120,130,130,113,,157,167,162,161,,,199,135,75,92,76,87,96,88,92,90,92,,78,88,90,92,96,89,134,131,130,141,120,131,86,86,85,80,70,88,84,86,,84,,83,74,,187,,171,164,,,,,150,,,,170,174,101,102,113,100,95,,113,119,129,115,127,123,98,93,91,96,99,137,78,118,95,96,,107,91,103,90,158,176,171,167,166,,65,64,68,71,56,54,59,58,56,68,58,68,64,61,75,77,81,,,81,,52,58,40,49,144,,137,112,,,107,111,111,118,,82,77,102,,77,67,75,54,65,36,50,45,46,34,,,,68,,,75,,81,91,88,100,37,46,48,36,50,41,,89,,,124,,124,142,131,143,159,146,152,157,,110,105,108,101,105,103,138,111,108,109,75,79,78,196,198,174,80,73,79,127,,87,166,130,,88,102,,82,83,83,94,95,,126,80,,,93,90,,144,,162,157,154,154,121,127,,123,129,,142,130,,123,,170,156,172,,163,163,147,145,151,,95,84,89,87,80,86,120,117,118,106,114,106,105,78,71,70,72,69,67,79,63,77,80,84,114,116,110,117,115,110,91,96,94,,98,99,90,89,91,94,125,96,110,94,95,64,67,66,,60,58,62,,65,79,76,80,66,,77,73,76,,110,,118,113,119,114,131,140,148,,,,100,,102,,122,,117,,101,101,103,96,98,,99,,111,111,117,89,98,100,,136,122,124,121,124,125,,108,,,114,82,79,76,77,102,117,106,103,155,135,142,164,127,132,128,138,120,126,76,79,94,91,118,98,127,108,117,110,115,,92,94,106,124,74,91,88,89,,,,,110,113,,140,91,103,118,101,104,117,78,79,81,78,80,106,95,,84,80,,100,97,118,,120,126,,119,67,83,88,88,88,114,93,96,114,228,137,128,,149,149,147,163,176,139,148,125,128,,117,123,129,122,130,,,95,,,,,47,,,,,,,,,,,,,,,,44,,,,,,,,,,,,,,,,,,,,,,,,,,,,,,,,,,,,,,90,101,99,101,104,93,91,91,92,,,,112,106,104,108,,99,133,151,133,138,142,147,,138,130,121,,,113,109,,126,121,127,,127,,170,173,,,130,108,,,151,154,155,,,110,120,144,153,172,170,163,115,106,117,150,197,94,84,96,86,88,91,84,84,134,134,135,128,,101,101,112,,42,40,37,42,129,112,136,112,49,49,52,67,,,110,86,87,84,89,92,88,79,110,89,102,100,91,102,92,94,145,,,122,100,105,126,100,93,,89,59,59,,62,60,68,,72,73,83,79,59,59,65,,54,58,60,48,64,51,76,82,,70,52,52,50,71,79,,91,,91,,,,60,61,64,58,76,80,,64,,50,48,62,80,79,73,73,,72,72,76,,,59,62,60,,82,74,72,,,58,66,51,53,53,52,68,89,89,86,88,52,58,58,58,,60,77,76,71,64,,85,83,92,106,66,64,66,64,54,,71,62,70,66,61,50,49,51,53,63,58,,130,133,141,,111,121,115,115,,120,119,102,,103,102,106,99,101,,103,107,108,105,83,76,78,,100,99,96,70,73,,89,74,76,96,110,114,106,105,109,104,84,81,,114,112,111,,92,90,,86,79,57,103,,91,97,90,98,91,111,106,123,135,123,126,93,92,96,87,92,94,103,100,102,101,102,113,110,114,110,117,122,114,112,122,93,104,109,97,95,76,87,85,85,94,23,81,92,121,127,122,111,108,164,137,132,142,155,127,174,155,133,117,128,131,123,133,111,115,77,86,88,,146,143,160,89,82,,90,96,103,126,103,109,106,100,110,132,135,141,136,19,159,,,,102,101,,97,109,93,102,96,114,,117,108,103,,,,,109,133,132,126,140,83,,100,,84,92,108,100,88,104,86,79,81,73,83,,,,,88,99,76,76,102,102,97,,91,63,75,90,96,101,98,99,74,76,56,54,89,86,,82,91,91,94,53,53,84,84,57,,82,71,,79,93,,100,96,107,,105,,106,,54,54,70,76,85,78,157,136,141,135,65,103,86,80,,165,160,,120,130,150,,149,151,104,108,150,150,,89,88,151,146,,,155,160,161,,155,151,124,120,101,145,147,,142,,,142,120,125,116,132,127,159,155,122,,112,124,116,160,153,160,153,152,109,,,121,108,,114,,108,128,136,97,99,60,117,145,176,190,199,160,145,,126,116,71,63,48,66,55,,96,,63,111,182,43,77,29,147,128,74,76,88,102,51,86,,,149,56,52,201,,163,162,170,88,,60,62,,,36,62,61,40,56,67,39,35,41,65,115,120,105,119,140,,166,110,,169,96,95,100,132,146,113,99,83,98,71,74,71,161,125,152,44,133,74,110,72,84,146,77,88,59,88,83,102,,141,70,124,109,142,147,103,109,108,153,108,144,92,66,98,72,83,130,150,83,75,64,93,78,82,81,,,243,69,164,79,54,99,98,69,97,153,108,55,74,130,60,108,69,71,,115,186,167,187,180,120,144,30,46,33,48,37,37,56,33,39,115,147,159,178,153,160,63,68,49,56,41,45,74,57,115,115,137,126,147,152,145,116,112,120,173,149,123,111,81,103,140,127,82,144,139,162,,199,68,75,58,78,81,64,66,123,125,103,106,93,123,116,99,100,95,81,99,96,93,92,80,79,124,107,94,118,110,169,,157,94,142,52,91,61,97,43,58,,56,138,138,79,81,53,102,,71,153,107,102,87,122,123,172,127,137,142,130,113,58,60,51,35,35,64,73,69,62,126,106,97,152,62,57,63,57,63,54,57,65,64,53,35,45,60,45,118,113,115,109,99,131,159,170,76,105,117,198,142,119,172,180,133,158,157,163,124,130,145,148,165,162,66,53,65,62,87,85,51,129,122,139,127,119,117,101,102,82,102,92,74,83,88,103,153,144,164,92,112,131,144,123,55,96,82,72,96,93,98,47,49,133,,106,116,124,102,146,130,119,134,88,86,65,57,70,72,62,106,138,133,117,152,68,80,94,83,85,73,76,,43,89,113,114,118,122,74,83,83,73,67,59,50,56,52,155,163,142,128,134,132,158,167,156,170,152,190,177,168,162,134,153,150,136,159,160,162,186,170,166,118,120,101,111,104,130,103,95,112,50,99,36,119,106,91,129,93,132,116,118,114,90,88,118,164,104,153,115,90,177,152,132,127,110,163,160,,66,62,116,116,84,96,111,46,41,126,125,86,91,136,133,131,118,102,79,104,64,48,61,,101,92,43,159,107,137,126,113,82,101,135,118,129,158,65,78,97,109,94,64,120,78,192,186,106,112,93,99,163,164,107,71,132,124,88,115,87,47,109,67,97,106,122,102,54,62,63,160
20230729,13,O3_8h,32,75,36,33,24,50,53,52,68,64,41,58,,,26,,24,28,24,,22,,14,29,,22,44,,65,69,61,63,62,73,87,,20,13,,14,12,26,20,22,,25,,33,39,38,38,50,44,56,,58,80,,86,86,81,50,54,56,49,48,34,28,,33,25,27,26,35,37,,54,52,48,55,88,,74,89,89,88,87,70,,99,105,,,97,98,89,99,24,26,28,,24,30,34,28,38,,44,26,28,21,23,28,29,26,23,26,,39,41,43,43,46,41,,33,40,43,83,67,57,,68,71,68,68,69,62,73,72,16,18,18,22,18,,23,16,16,18,29,38,43,35,37,38,35,37,38,30,,32,35,33,34,29,30,22,21,24,18,23,24,,,,25,26,,34,28,30,,,,36,,38,37,26,40,32,31,33,35,34,,,,42,35,,40,39,40,35,29,,31,25,20,22,23,26,28,30,,33,,27,25,,30,30,,36,34,34,,32,36,34,35,32,29,35,,,40,33,36,38,43,46,31,,35,,,37,,40,37,,43,38,36,14,20,16,,46,45,41,45,42,46,51,41,30,25,36,36,31,30,30,31,32,33,,,61,55,60,57,,31,33,44,50,39,,46,50,40,,49,10,13,16,,18,18,16,16,16,,,18,24,16,25,26,26,22,26,26,27,24,22,23,19,36,37,24,34,36,39,39,36,,34,49,50,57,45,61,56,55,54,59,62,53,52,72,,64,62,72,74,57,50,40,46,43,47,51,50,58,63,,65,55,50,58,53,56,57,63,76,74,69,58,,73,57,60,66,69,54,63,80,80,72,87,,,63,62,70,64,69,68,62,61,58,58,62,,77,72,80,70,76,82,71,65,,66,58,59,62,65,,42,62,52,54,32,64,58,,,59,42,43,57,38,,72,61,77,71,,,82,70,25,36,33,38,38,37,35,43,30,,52,82,56,61,60,59,76,60,57,68,78,72,48,42,39,54,33,57,31,65,,33,,57,30,,100,,84,79,,,,,91,,,,95,80,57,55,53,56,64,,50,60,75,55,62,46,53,49,52,50,58,76,36,53,62,,,,,,,108,125,90,84,86,,36,31,34,30,27,25,24,34,34,44,30,38,36,33,54,50,60,,,25,,21,22,21,18,40,,40,30,,,22,29,25,27,,23,13,18,,27,32,29,29,36,13,25,21,21,11,,,,23,,,24,,28,21,30,21,19,23,36,19,22,16,,24,,,54,,56,55,58,73,84,73,83,82,,72,63,65,67,64,67,82,76,69,73,40,43,42,71,73,68,62,59,63,59,,51,70,60,,51,54,,67,72,67,63,50,,54,40,,,29,20,,62,,87,81,76,76,91,96,,98,94,,64,68,,64,,111,97,118,,113,106,122,113,128,,37,34,38,31,31,37,86,32,32,37,28,32,28,33,17,12,33,27,19,34,33,36,37,40,41,36,33,39,37,30,72,73,70,,75,82,78,75,74,77,84,69,80,76,79,41,42,43,,39,36,39,,45,38,46,46,39,,40,36,50,,37,,41,39,46,43,37,26,36,,,,23,,20,,40,,45,,30,32,33,42,41,,48,,38,40,23,42,57,56,,52,46,56,50,52,57,,72,,,76,42,40,38,52,58,61,57,61,53,77,76,60,66,57,57,59,57,63,58,55,54,55,67,49,58,47,52,45,52,,47,47,35,24,31,47,48,52,,,,,68,72,,76,50,51,60,55,52,58,37,36,28,28,38,52,49,,37,34,,73,80,77,,88,87,,92,55,54,57,63,62,68,67,65,64,74,82,65,,103,100,87,100,101,87,89,111,112,,97,93,115,112,123,,,18,,,,,27,,,,,,,,,,,,,,,,24,,,,,,,,,,,,,,,,,,,,,,,,,,,,,,,,,,,,,,43,40,33,38,43,34,33,34,35,,,,72,66,65,69,,64,67,69,69,64,59,118,,116,111,71,,,65,58,,51,48,70,,72,,112,106,,,86,62,,,103,111,83,,,72,69,122,126,110,115,123,53,47,75,58,97,31,27,33,28,36,36,33,32,46,48,51,46,,40,37,40,,34,29,19,21,69,65,90,89,14,16,14,,,,88,54,58,56,48,79,75,72,93,50,54,64,82,88,82,81,120,,,96,58,64,77,75,70,,48,27,27,,33,29,32,,28,28,31,27,15,30,34,,26,30,28,34,28,26,26,28,,30,35,43,41,40,45,,26,,29,,,,31,32,28,27,28,29,,26,,33,30,50,61,62,73,54,,30,28,28,,,36,34,34,,40,39,39,,,38,50,37,35,39,39,30,40,38,39,40,24,25,28,26,,33,48,47,46,45,,37,46,49,51,37,36,38,38,22,,29,30,30,46,48,41,40,42,25,32,30,,37,26,29,,24,26,22,20,,21,21,31,,35,35,39,36,37,,43,48,44,46,32,25,38,,34,33,34,46,51,,54,44,48,46,45,49,54,55,55,54,51,49,,53,54,53,,48,47,,44,38,,46,,30,32,28,44,41,72,71,74,74,78,78,54,63,66,53,58,53,64,62,63,66,55,63,67,58,57,60,63,74,58,63,60,52,61,53,49,52,61,54,61,66,,34,38,39,36,46,36,60,62,64,76,77,60,77,78,78,78,62,73,74,57,60,65,59,24,38,37,,70,79,77,58,54,,49,46,48,56,57,63,65,62,64,39,61,68,57,9,56,,,,67,66,,61,42,34,37,38,35,,41,40,35,,,,,51,79,74,64,76,32,,39,,20,44,44,54,51,40,48,54,54,52,58,,,,,28,27,63,57,42,42,49,,48,29,28,59,59,59,61,53,37,38,31,29,45,42,,68,67,53,49,22,14,66,58,22,,20,16,,62,41,,56,52,74,,65,,75,,23,22,22,24,30,24,112,113,118,117,39,42,40,36,,117,109,,61,59,87,,122,111,69,68,96,90,,79,82,77,65,,,118,86,73,,102,102,90,68,55,131,89,,91,,,80,83,90,83,70,56,97,94,70,,61,83,79,87,90,90,88,87,109,,,66,62,,45,,80,72,79,48,48,39,82,69,27,26,30,68,118,,73,41,35,42,37,45,36,,28,,21,32,77,,37,,96,69,32,30,27,65,32,42,,,29,52,32,31,,92,97,82,51,,30,31,,,19,38,38,27,26,30,20,22,23,38,56,47,53,43,68,,26,22,,66,66,54,54,92,80,66,28,67,48,26,47,57,25,26,69,27,97,25,59,22,26,43,40,52,,48,47,61,,86,27,38,35,85,66,75,70,70,38,23,70,46,32,48,36,33,48,100,32,26,21,54,62,35,36,,,125,37,37,38,29,73,58,35,31,94,34,27,47,60,41,21,60,28,,43,98,89,96,94,64,78,18,23,17,33,22,24,31,16,19,72,80,98,117,73,128,41,28,31,35,23,30,37,33,58,59,50,40,76,48,53,41,58,70,69,77,63,65,44,41,61,62,61,74,30,31,,21,44,34,31,44,30,26,26,46,42,28,49,30,39,42,60,57,58,70,52,50,52,50,23,49,59,44,56,69,57,64,,86,45,61,23,21,29,34,21,20,,25,39,38,28,54,,55,,28,62,47,48,54,69,71,74,64,62,78,80,54,38,43,31,30,27,44,43,25,23,47,70,,78,42,39,41,36,31,34,36,42,43,33,23,25,31,29,98,68,82,60,55,72,62,75,40,68,48,69,72,79,70,66,55,71,67,82,19,35,32,47,27,24,33,28,48,43,26,24,34,24,29,31,27,26,44,37,34,40,87,39,56,35,32,45,93,82,94,47,54,66,19,15,20,29,23,22,28,32,23,22,24,48,,25,21,25,23,92,83,84,89,67,42,51,31,47,47,51,53,75,72,65,66,28,64,49,40,50,49,46,,28,47,50,56,62,50,46,64,53,41,34,40,,37,44,75,81,95,88,57,104,64,70,49,84,14,13,10,12,40,51,57,53,42,47,42,53,56,46,42,37,30,23,34,39,36,26,44,56,26,53,18,65,48,40,69,54,120,68,100,104,32,45,88,105,62,112,53,38,79,72,61,62,52,78,72,,44,30,42,42,70,51,70,21,20,22,22,31,24,86,85,88,95,36,47,40,34,30,38,,69,50,23,96,59,67,33,63,46,46,42,52,39,81,27,21,11,,65,34,31,49,14,14,61,68,49,61,100,96,64,39,37,80,65,68,70,37,40,30,46,71,46,27,21,23,33,90
20230729,13,O3_8h_24h,59,75,60,41,56,50,53,52,68,64,41,58,,,52,,41,42,47,,44,,27,35,,35,51,,104,96,98,103,99,108,116,,47,32,,23,27,44,40,22,,25,,56,62,61,85,84,86,95,,98,80,,86,86,81,50,54,56,49,48,66,46,,54,27,34,31,75,72,,79,82,74,82,88,,74,89,89,88,89,70,,99,105,,,97,98,89,99,24,26,28,,24,30,34,28,38,,44,48,34,26,28,31,33,27,27,28,38,45,50,48,51,51,54,68,47,46,51,83,67,74,61,68,71,68,68,69,64,73,72,16,20,18,22,19,,23,16,18,20,29,38,43,35,37,38,35,37,38,30,,32,35,33,34,29,30,22,21,24,18,23,24,,,,25,26,,34,28,30,,,,36,,38,37,26,40,32,31,33,35,34,,,,42,35,,40,39,40,35,29,,31,25,20,22,23,26,28,30,,33,,27,25,,30,30,,36,34,34,,32,36,34,35,32,29,35,,,40,33,36,48,56,53,43,,35,,,37,,40,37,,45,42,41,15,20,16,,46,45,41,45,42,46,54,51,30,25,36,36,31,30,30,31,32,33,,,61,57,60,57,,46,33,44,50,39,,46,50,40,,49,13,13,18,,18,18,16,16,21,,,25,27,18,29,29,30,52,54,56,59,54,42,54,48,57,38,32,37,36,39,39,36,,34,49,50,57,45,61,56,55,54,59,62,53,65,72,,64,62,72,74,60,50,58,62,90,98,85,96,72,87,,87,72,57,90,108,98,88,81,76,74,69,58,,73,57,60,81,86,80,80,80,80,72,87,,,85,80,92,102,99,105,98,87,58,58,62,54,77,72,80,70,76,82,71,65,,66,58,59,62,86,,42,62,52,54,32,64,58,,,59,42,43,57,38,,72,61,77,71,,,82,84,25,36,33,38,38,37,36,43,30,,52,85,56,61,60,59,80,74,78,70,90,78,48,52,39,54,44,59,52,65,,36,,57,45,,100,,84,79,,,,,91,,,,95,80,85,92,85,84,74,,74,60,75,55,62,46,53,49,52,50,58,98,36,53,62,103,,109,94,102,89,108,125,90,84,86,,36,31,34,66,53,53,59,40,41,50,52,39,51,43,64,63,70,,,25,,29,22,22,18,51,,47,38,,,22,29,25,27,,26,13,21,,27,32,29,29,36,20,34,29,26,21,,,,23,,,24,,28,24,30,22,22,27,36,26,33,26,,24,,,54,,56,55,58,107,122,121,148,120,,72,63,65,67,64,67,82,76,69,73,40,43,42,81,84,76,62,59,63,59,,51,70,60,,51,54,,79,72,68,69,50,,54,40,,,29,20,,62,,87,81,76,76,118,119,,116,116,,64,68,,64,,119,112,123,,119,114,122,113,128,,37,34,38,31,33,37,86,32,32,37,28,32,28,33,17,12,33,30,19,34,53,45,37,40,63,59,52,59,58,58,72,75,70,,79,83,78,76,74,77,84,69,80,76,79,41,42,43,,39,36,39,,45,38,46,46,39,,40,36,57,,86,,91,89,96,91,53,49,59,,,,40,,40,,84,,90,,49,52,46,57,69,,71,,38,51,36,58,71,67,,52,46,56,50,52,57,,72,,,76,42,40,38,63,58,61,57,61,53,104,83,74,66,57,57,59,57,63,58,55,54,55,67,57,58,47,52,45,52,,60,58,43,43,31,47,48,52,,,,,73,72,,76,50,51,60,55,52,58,37,36,28,28,38,52,49,,65,63,,74,80,77,,88,87,,92,61,54,57,63,62,68,67,65,64,74,82,65,,110,116,110,100,101,87,89,124,128,,97,114,115,112,123,,,18,,,,,30,,,,,,,,,,,,,,,,30,,,,,,,,,,,,,,,,,,,,,,,,,,,,,,,,,,,,,,43,44,39,45,47,41,39,43,40,,,,78,76,74,75,,67,67,69,79,73,59,119,,116,111,84,,,78,63,,51,48,70,,72,,112,112,,,86,62,,,103,111,83,,,83,80,122,126,130,134,137,53,47,75,58,97,34,27,33,28,36,36,33,32,85,87,90,76,,40,37,59,,34,29,19,21,78,69,100,100,14,16,14,64,,,88,54,58,56,48,79,75,72,93,50,54,64,82,88,82,81,120,,,96,75,80,97,75,70,,58,27,27,,33,29,32,,28,28,31,27,15,30,34,,26,30,28,34,30,26,26,28,,30,44,43,41,40,45,,26,,29,,,,31,32,28,27,28,29,,26,,33,30,50,64,64,73,63,,30,28,28,,,36,34,35,,40,39,39,,,55,50,37,35,39,39,30,40,38,39,40,28,27,29,29,,38,48,47,52,45,,37,46,49,51,37,36,38,38,22,,29,31,36,52,48,44,44,47,33,38,33,,45,43,48,,44,46,42,42,,41,40,52,,51,40,45,38,41,,52,60,47,54,32,25,38,,45,43,44,46,51,,54,44,57,46,45,49,70,68,63,66,51,49,,81,82,75,,48,47,,44,38,65,47,,46,49,39,44,41,72,71,74,74,78,78,54,67,67,66,66,75,84,84,84,80,55,63,67,58,57,60,63,74,58,63,60,52,61,53,49,59,78,73,68,78,33,34,38,39,36,46,36,65,62,81,76,77,61,81,115,105,102,62,73,74,57,60,65,59,24,38,37,,70,82,78,58,54,,49,46,48,56,57,63,65,62,64,54,61,68,59,9,56,,,,67,66,,61,42,34,37,38,35,,41,40,41,,,,,64,80,83,72,82,32,,39,,20,44,44,54,51,40,48,54,56,52,60,,,,,28,27,63,66,42,42,49,,48,39,34,73,77,72,64,70,37,38,31,29,45,42,,68,67,53,49,22,14,66,68,22,,28,16,,72,41,,62,56,74,,65,,75,,31,26,24,24,30,24,112,113,118,117,46,42,40,36,,117,109,,61,59,100,,139,136,69,72,111,90,,83,85,77,65,,,118,86,73,,102,102,90,68,65,134,89,,91,,,80,83,92,85,103,103,110,105,83,,91,112,108,118,123,90,120,122,109,,,100,94,,45,,107,73,83,82,55,53,111,69,46,43,44,102,125,,73,70,35,42,37,45,36,,28,,22,36,77,50,37,33,105,73,32,30,27,65,32,42,,,47,53,32,50,,92,97,82,51,,30,31,,,19,38,38,27,26,30,20,22,24,38,81,47,53,43,68,,49,44,,66,66,54,54,100,95,82,29,67,74,27,47,62,38,44,69,30,97,25,59,22,26,46,40,52,59,48,47,66,,86,48,38,57,85,66,75,74,70,58,44,70,46,35,48,36,70,94,104,32,26,27,54,69,35,36,,,125,37,78,38,29,83,68,35,33,100,53,27,47,66,47,39,60,28,,57,98,89,96,94,64,104,18,23,18,33,22,24,31,18,20,72,80,98,117,73,128,41,28,31,35,23,30,37,33,58,65,72,57,76,62,70,88,78,92,101,77,63,95,44,41,61,87,66,74,36,32,,42,44,34,31,44,31,26,26,84,85,52,55,39,88,91,60,57,58,70,52,50,52,50,23,49,59,44,56,69,57,64,,86,45,61,24,21,29,34,25,20,,26,48,38,28,54,57,55,,40,62,69,58,54,69,86,74,64,62,78,103,54,38,43,31,30,30,46,43,25,24,93,70,95,78,42,39,41,36,31,34,36,42,43,33,23,25,31,29,100,92,91,90,83,72,62,104,51,68,74,112,72,79,70,97,55,77,67,99,43,54,55,64,37,34,33,28,48,43,26,24,34,52,51,49,43,44,86,44,34,40,87,39,56,35,32,45,93,82,94,47,54,66,38,19,23,29,23,22,28,32,23,26,28,55,,36,21,25,23,92,83,84,89,70,60,59,54,65,61,51,53,75,72,65,66,28,66,50,40,50,49,46,,28,47,56,84,63,50,46,64,53,41,34,40,49,37,47,75,81,95,112,116,132,64,103,84,94,29,32,29,17,70,77,121,93,54,54,53,53,56,77,51,59,53,29,82,53,44,46,69,56,26,53,20,65,48,77,69,54,132,94,115,106,32,45,88,110,66,114,53,67,116,72,83,86,52,78,72,,44,30,94,92,70,53,70,24,25,22,22,31,24,86,85,88,95,41,47,47,34,30,38,,69,50,23,120,72,67,52,72,46,46,45,52,42,81,27,21,11,110,65,35,52,50,15,38,61,68,49,61,100,96,83,39,60,80,65,68,70,37,48,30,52,71,46,27,23,23,33,90
20230729,13,CO,0.9,0.6,0.9,0.8,0.9,0.4,0.6,0.6,0.6,0.6,0.6,0.6,,,0.6,,0.5,0.5,0.7,,0.8,,0.1,0.4,,0.4,0.5,,0.5,0.3,0.4,0.5,0.4,0.3,0.6,,0.6,0.5,,0.5,0.5,0.2,0.3,0.2,,0.2,,0.3,0.4,0.3,0.2,0.4,0.5,0.4,,0.3,0.3,,0.4,0.2,0.6,0.6,0.5,0.5,0.6,0.6,0.3,0.4,,0.4,0.2,0.1,,0.3,0.3,,0.5,0.5,0.7,0.5,0.6,,0.5,0.7,0.6,0.6,0.7,0.6,,0.4,0.6,,,0.4,0.5,0.5,0.3,0.4,0.9,1,,0.7,0.9,1,1.1,0.8,,,0.5,0.1,0.3,0.5,0.4,,0.1,0.5,,,0.5,0.4,0.4,0.3,0.4,0.2,,0.3,,0.4,0.6,0.6,0.5,,0.5,0.7,0.6,0.6,0.8,0.5,0.3,0.5,0.4,0.4,0.5,0.7,0.4,,0.4,0.4,0.3,0.5,0.3,0.4,0.1,0.5,0.4,0.5,,0.3,0.4,0.4,,0.5,0.4,0.4,0.5,0.5,0.5,0.4,0.4,0.4,0.4,0.3,0.2,,,,0.4,0.3,,0.3,0.2,0.3,,,,0.2,,0.7,0.6,0.4,0.6,0.5,0.4,0.2,0.5,0.6,,,,0.4,,,0.6,0.4,0.4,0.3,0.4,,0.5,0.6,0.5,0.6,0.7,0.3,0.4,0.3,,0.3,,0.5,0.5,,0.5,0.6,,0.4,0.5,0.6,,0.6,0.4,0.5,0.4,0.5,0.4,0.4,,,0.4,0.5,0.4,0.4,0.4,0.5,0.4,,0.4,,,0.5,,0.5,0.4,,0.5,0.4,0.4,0.4,0.4,0.3,,0.4,0.4,0.4,0.4,0.4,0.4,0.4,0.4,0.3,0.4,0.5,0.2,0.3,0.3,0.5,0.4,0.4,0.3,,,0.3,0.3,0.5,0.5,,0.2,0.4,0.6,0.4,0.7,,0.6,0.7,0.4,,0.5,0.6,0.3,0.7,,0.6,0.7,0.6,0.5,0.3,,,0.3,0.4,0.4,0.2,0.4,0.3,0.4,0.5,0.4,0.4,0.5,0.4,0.5,0.4,0.6,0.6,0.5,0.5,0.5,0.5,0.4,0.5,,0.6,0.6,0.3,0.5,0.4,0.4,0.4,0.4,0.6,0.4,0.7,0.5,0.7,0.7,,0.7,0.5,0.7,0.8,0.8,0.7,0.9,0.4,1,0.7,0.9,1,0.7,0.7,,0.5,0.6,0.9,0.6,0.6,0.5,0.3,0.5,0.5,0.7,0.4,0.8,,0.6,0.7,0.6,0.5,0.6,0.3,0.4,0.5,0.4,0.5,0.4,,,0.9,0.7,1,0.7,0.8,0.6,0.9,0.7,0.5,0.6,0.5,,0.8,0.7,0.8,0.8,0.6,0.8,0.7,0.8,,0.4,0.5,,0.4,0.3,,0.8,0.9,0.5,0.5,0.6,0.6,0.7,,,0.8,0.4,0.8,0.7,1,,0.4,0.4,0.4,0.6,,,0.5,0.6,0.7,0.6,0.3,0.7,0.2,0.6,1.1,0.5,0.4,,0.7,0.1,0.5,0.3,0.5,0.6,0.2,0.2,0.2,0.2,0.1,0.2,1,0.7,0.6,0.4,0.6,0.6,0.6,0.4,,0.6,,0.6,0.7,,0.5,,0.5,0.8,,,,,0.6,,,,0.4,0.5,0.5,0.4,0.3,0.6,0.4,,0.4,,0.5,0.2,0.7,0.4,0.5,0.5,0.5,0.3,0.4,0.5,0.3,0.5,0.4,,,,,,,0.6,0.5,0.4,0.4,0.8,,0.5,0.4,0.4,0.5,0.5,0.6,0.6,0.5,0.4,0.3,0.2,0.1,0.4,,0.6,0.6,0.6,,,0.6,,0.1,0.7,0.1,0.4,0.5,,0.3,0.7,,,0.2,0.3,0.3,0.1,,0.3,0.3,0.3,,0.2,0.3,0.3,0.3,0.2,0.6,0.1,0.2,0.3,0.1,,,,0.2,,,0.4,,0.5,0.3,0.3,0.4,0.2,0.4,0.4,0.2,0.2,0.4,,,,,0.6,,0.6,1.1,0.6,0.7,0.8,0.7,0.8,0.5,,0.6,0.5,0.7,0.7,0.7,0.6,0.6,0.6,0.5,1.1,0.5,0.5,0.6,0.8,0.5,0.6,0.6,0.6,0.6,0.8,,0.6,0.5,0.5,,0.6,0.6,,0.6,0.7,0.7,0.6,0.9,,0.6,1,,,0.2,0.2,,0.5,,0.5,0.5,0.5,0.5,0.7,0.7,,0.7,0.7,,0.9,1.1,,1,,0.9,0.8,0.9,,0.9,0.8,0.5,0.4,0.4,,0.7,1.1,1,0.6,0.9,0.6,0.7,0.2,0.6,0.6,0.8,0.6,0.4,0.2,0.7,2,0.6,0.6,0.3,0.4,0.5,0.4,0.3,0.5,0.4,0.6,0.4,0.5,0.6,0.7,0.4,0.2,0.2,,0.2,0.4,0.4,0.3,0.4,0.3,0.3,0.5,0.4,0.5,0.4,0.4,0.4,0.5,,0.6,0.6,0.5,,0.4,0.5,0.6,0.5,0.5,,0.8,0.5,0.5,,1.2,,1.2,1,0.8,0.8,0.6,0.3,0.2,,,,0.3,,,,0.4,,0.5,,0.4,0.6,0.3,1.1,1.1,,1,,0.4,0.3,0.4,0.4,0.5,0.4,,0.5,0.6,0.5,0.5,0.5,0.7,,0.6,,,0.4,0.2,0.3,0.1,0.7,0.5,0.4,0.5,0.5,0.5,0.5,0.7,0.6,0.3,0.6,0.6,0.6,0.8,0.6,0.4,0.4,0.5,0.5,0.4,0.5,0.6,0.5,0.5,0.6,0.5,,3.6,0.8,1.9,2.8,0.4,0.6,0.5,0.5,,,,,0.5,0.4,,0.5,0.4,0.4,0.3,0.3,0.3,0.2,0.6,0.7,0.5,0.3,0.5,0.5,0.4,,0.7,1.1,,0.9,0.4,0.7,,0.7,0.5,,0.7,0.3,0.6,0.5,0.4,0.5,0.5,0.4,0.5,0.9,1,1,1,,0.4,0.7,0.4,0.5,0.4,0.3,0.3,0.2,0.1,,0.3,0.2,0.2,0.2,0.2,,,0.4,,,,,0.4,,,,,,,,,,,,,,,,0.3,,,,,,,,,,,,,,,,,,,,,,,,,,,,,,,,,,,,,,0.3,0.4,0.5,0.5,0.5,0.4,0.4,0.5,0.4,,,,2,1.9,1.6,1.3,,1.6,0.7,0.7,0.5,0.7,0.5,0.6,,0.6,0.7,1.3,,,1.6,1.2,,0.7,0.6,0.5,,0.5,,0.7,0.5,,,0.5,0.4,,,0.5,0.4,0.8,,,0.3,0.3,0.3,0.3,0.5,0.5,0.5,0.7,0.5,0.8,0.5,0.5,0.3,0.2,0.3,0.8,0.5,0.5,0.4,0.6,0.6,0.7,0.6,0.7,,0.4,0.2,0.5,,0.4,0.1,0.4,0.5,0.4,0.4,,0.2,0.4,0.5,0.5,,,,,0.4,0.2,0.4,0.1,0.3,,0.4,0.5,0.2,0.4,0.2,0.4,0.5,0.5,0.5,0.5,,,0.8,0.6,0.5,0.4,0.4,0.3,,0.2,0.2,0.2,,0.3,0.2,0.3,,0.3,0.2,0.1,0.2,0.2,0.3,0.3,,0.2,0.1,0.2,0.6,0.3,0.5,0.4,0.5,,0.3,0.3,0.4,0.2,0.1,,,0.5,,0.4,,,,0.1,0.3,0.3,0.4,0.6,0.5,,0.4,,0.2,0.2,0.4,0.8,0.8,0.5,0.7,,0.6,0.6,1.3,,,0.5,0.5,0.5,,0.5,0.4,0.3,,,0.7,0.5,0.2,0.4,0.3,0.2,0.4,0.7,0.3,0.5,0.4,0.9,0.5,0.7,0.9,,0.3,0.4,0.4,0.4,0.4,,1.2,0.6,0.8,1,0.6,0.6,0.7,0.7,0.7,,0.8,1,0.8,0.3,1.1,1,0.9,1,0.6,0.4,0.7,,0.7,0.5,0.4,,0.6,0.6,0.6,0.6,,0.5,0.3,0.4,,0.6,0.1,0.3,0.5,0.4,,0.4,0.3,0.2,0.4,0.8,0.3,0.4,,0.3,0.2,0.3,0.3,0.4,,0.5,0.4,0.6,0.7,0.3,0.2,0.6,0.6,0.6,0.6,0.7,0.8,,0.5,0.5,0.3,,0.6,0.6,,0.7,0.4,,0.5,,0.6,0.6,0.6,0.6,0.6,0.2,0.5,0.5,0.9,0.6,0.5,0.3,0.2,0.3,0.3,,0.4,0.5,0.5,0.6,0.6,0.8,0.5,0.5,0.4,0.3,0.5,0.6,0.5,0.6,0.5,0.5,0.6,0.5,0.5,0.4,0.5,0.7,1,0.8,0.3,,0.4,0.6,0.8,0.7,1,0.7,0.6,0.6,0.9,0.7,0.7,0.6,1.2,0.7,0.7,0.7,0.7,0.7,0.6,0.7,0.8,0.6,0.6,0.5,0.7,0.6,,0.8,0.5,0.5,0.3,0.5,,0.2,0.5,0.3,0.3,0.2,0.4,0.4,0.4,0.5,0.6,0.4,0.6,0.7,0.3,0.5,,,,0.4,0.4,,0.5,0.2,1,0.7,1.1,0.8,,0.5,0.4,0.6,,,,,0.4,0.4,0.4,0.4,0.4,,,0.5,,0.2,0.3,0.7,0.6,0.8,0.4,0.3,0.6,0.6,0.5,0.6,,,,,0.4,0.2,0.3,0.5,0.3,0.3,0.6,,0.3,0.5,0.5,0.3,0.3,0.7,0.6,0.6,0.6,0.4,0.5,0.6,0.6,0.6,,0.4,0.4,0.4,0.3,0.5,0.5,0.6,0.7,0.8,,0.4,0.3,,0.4,0.5,,0.3,0.3,0.4,,0.1,,0.1,,0.4,0.4,0.4,0.7,0.5,0.7,0.6,0.7,0.6,0.7,0.3,0.5,0.6,0.5,,0.7,0.3,,0.4,0.5,0.4,,0.4,0.5,0.4,0.5,0.4,0.7,,0.5,0.4,0.1,,,,0.2,0.4,0.2,,0.4,0.4,0.2,0.4,0.5,0.4,0.4,,0.5,,,0.3,0.4,0.5,0.4,0.5,0.6,0.3,0.4,0.5,,0.3,0.3,0.4,0.3,0.3,0.2,0.3,0.4,0.8,,,0.5,0.5,,0.4,,0.5,0.4,0.3,0.5,2.2,0.3,0.6,0.9,0.4,0.3,0.5,0.3,0.6,,0.6,0.5,0.4,0.3,0.4,0.4,0.5,,0.3,,0.1,0.3,0.5,,0.7,,0.2,0.2,0.1,0.8,0.8,0.3,0.4,0.3,,,0.3,0.4,0.4,0.4,,0.5,0.5,0.5,0.8,,0.4,0.4,,,0.3,0.5,0.3,0.4,0.4,0.2,0.8,0.5,0.3,0.4,0.4,0.6,0.6,0.6,1.1,,0.4,0.6,,0.7,0.6,0.3,0.2,0.4,0.7,0.1,,0.5,0.9,0.9,0.4,0.3,1,0.7,0.5,,0.7,0.2,0.3,0.5,0.2,0.5,0.9,0.1,,0.5,0.6,0.3,,0.4,0.1,0.8,0.4,0.5,0.4,0.5,0.4,0.5,0.1,0.4,0.3,0.1,0.8,0.4,0.4,0.6,0.3,0.5,0.2,0.4,0.2,0.4,0.5,0.4,0.4,,,0.6,0.3,0.3,0.6,0.4,0.1,0.5,0.3,0.3,0.3,0.6,0.6,0.2,0.6,1,0.4,0.6,0.4,,,0.5,0.8,0.5,0.4,0.2,0.2,0.4,0.5,0.4,0.4,0.6,0.4,0.5,0.5,0.5,0.5,0.6,0.6,0.5,0.7,0.4,0.3,0.3,0.4,0.4,0.6,0.2,0.2,0.6,0.6,0.5,0.7,0.7,0.3,,0.6,0.7,0.7,0.9,0.7,0.5,0.7,0.9,0.6,0.6,0.6,0.8,0.5,0.1,0.1,0.4,,0.1,0.4,0.3,0.4,0.4,0.6,0.4,0.5,0.4,0.3,0.6,,0.1,0.8,0.9,0.4,0.2,0.4,0.4,0.3,0.5,0.7,0.5,0.6,0.5,0.7,0.6,0.5,0.4,0.5,0.5,,0.5,0.4,0.5,0.3,0.5,0.2,0.4,0.2,0.4,,0.3,0.6,0.6,0.3,0.7,,0.7,,0.4,0.3,0.6,0.5,0.6,0.6,0.6,0.7,0.5,0.5,0.7,1.2,0.7,0.5,0.3,0.5,0.7,0.5,0.6,0.5,1.1,0.4,0.6,0.5,,0.7,0.6,0.7,0.3,0.5,0.4,0.6,0.5,0.4,0.6,0.4,0.4,0.5,0.4,0.2,0.4,0.5,0.3,0.7,0.5,0.6,0.4,0.7,0.7,0.5,0.5,0.6,0.5,0.6,0.6,0.6,0.7,0.5,0.5,0.4,0.1,0.4,0.2,0.4,0.4,0.1,0.4,0.3,0.3,0.4,0.4,0.6,0.4,0.5,0.6,0.3,0.2,0.4,0.3,0.4,0.2,0.5,0.4,0.6,0.4,0.6,0.7,0.4,0.4,0.5,0.6,0.7,0.4,0.5,0.2,0.5,0.5,0.8,0.3,0.4,0.4,0.4,,0.1,0.4,0.2,,0.4,0.6,0.3,0.4,0.2,0.2,0.4,0.6,0.3,0.9,0.5,0.4,0.2,0.6,0.3,0.4,0.7,0.5,0.6,1,0.5,0.5,0.3,0.4,0.4,0.6,0.5,,0.5,0.4,0.2,0.3,0.5,0.6,0.6,0.5,0.8,0.4,0.5,0.4,,0.4,0.5,0.5,1.1,0.6,1,0.6,0.5,0.7,0.7,0.4,0.6,1,0.8,0.4,0.9,0.2,0.8,0.3,0.2,0.2,0.3,0.2,0.3,0.3,0.4,0.4,0.4,0.5,0.3,1.7,0.2,0.1,0.3,0.7,0.3,0.7,0.7,0.5,1,0.9,0.5,0.9,0.5,0.1,0.2,0.6,0.7,0.4,0.5,0.7,0.9,2,0.3,0.4,0.8,0.9,0.8,0.8,0.8,0.5,0.6,0.4,,0.6,0.3,0.8,0.9,0.4,0.4,0.5,0.4,0.2,0.3,0.1,0.5,0.3,0.4,0.3,0.9,0.4,0.5,0.5,0.4,0.6,0.5,0.4,,0.3,0.3,0.4,0.2,1.5,1.5,0.3,1.4,0.6,0.4,0.5,0.6,0.6,0.5,0.5,0.2,0.7,,0.4,0.5,0.3,0.4,0.5,0.7,0.4,0.7,0.7,0.5,0.6,0.4,0.4,0.3,0.3,0.3,0.2,0.4,0.3,0.4,0.5,0.3,0.4,0.6,0.6,0.4,0.6,0.1,0.6,0.4
20230729,13,CO_24h,0.7,0.5,0.6,0.6,0.6,0.3,0.4,0.4,0.4,0.4,0.4,0.4,,,0.7,,0.6,0.6,0.8,,0.7,,0.2,0.6,,0.5,0.7,,0.5,0.4,0.4,0.5,0.4,0.4,0.7,,0.6,0.7,,0.8,0.7,0.6,0.2,0.2,,0.2,,0.4,0.4,0.4,0.2,0.3,0.5,0.5,,0.3,0.3,,0.3,0.2,0.6,0.6,0.5,0.5,0.5,0.4,0.4,0.6,,0.5,0.3,0.2,0.1,0.5,0.4,,0.5,0.4,0.5,0.5,0.8,,0.5,0.8,0.7,0.8,0.7,0.6,,0.5,0.7,,,0.5,0.5,0.6,0.4,0.4,0.6,0.5,,0.6,0.6,0.6,0.6,0.4,,0.5,0.5,0.1,0.3,0.5,0.4,,0.1,0.5,0.5,0.3,0.5,0.5,0.4,0.3,0.4,0.3,0.6,0.5,0.4,0.5,0.6,0.6,0.5,0.7,0.4,0.5,0.6,0.5,0.9,0.4,0.3,0.5,0.4,0.3,0.4,0.6,0.4,,0.4,0.4,0.3,0.4,0.2,0.4,0.1,0.5,0.4,0.5,0.2,0.3,0.4,0.3,,0.4,0.4,0.4,0.4,0.5,0.5,0.3,0.3,0.4,0.3,0.3,0.2,,,,0.4,0.2,,0.3,0.2,0.3,,,,0.3,,0.7,0.6,,0.6,0.5,0.4,0.2,0.5,0.6,,,,0.5,0.5,,0.6,0.6,0.5,0.3,0.4,,0.5,0.6,0.4,0.6,0.7,0.3,0.3,0.3,,0.3,,0.5,0.4,,0.5,0.6,,0.4,0.5,0.5,,0.6,0.4,0.5,0.6,0.4,0.4,0.3,,,0.4,0.4,0.4,0.4,0.4,0.4,0.4,,0.4,,,0.4,,0.5,0.4,,0.4,0.4,0.3,0.3,0.4,0.3,,0.4,0.4,0.4,0.4,0.3,0.5,0.4,0.4,0.3,0.4,0.5,0.2,0.3,0.3,0.5,0.4,0.4,0.3,,,0.2,0.2,0.4,0.4,,0.2,1.7,0.5,0.3,0.6,,0.5,0.6,0.8,,0.4,0.4,0.2,0.6,,0.6,0.6,0.5,0.5,0.3,,,0.2,0.4,0.4,0.2,0.4,0.3,0.4,0.4,0.4,0.4,0.5,0.4,0.4,0.4,0.5,0.7,0.5,0.4,0.6,0.5,0.5,0.6,,0.5,0.5,0.3,0.5,0.4,0.3,0.4,0.3,0.5,0.4,0.6,0.4,0.6,0.6,,0.6,0.5,0.6,0.6,0.8,0.6,0.7,0.3,0.8,0.6,0.7,0.9,0.6,0.6,,0.6,0.6,0.9,0.5,0.5,0.5,0.4,0.5,0.5,0.7,0.4,0.7,,0.6,0.6,0.5,0.4,0.5,0.3,0.4,0.5,0.5,0.5,0.4,,,0.9,0.7,0.9,0.6,0.8,0.6,0.8,0.7,0.5,0.5,0.4,0.5,0.8,0.7,0.8,0.8,0.6,0.8,0.8,0.9,,0.4,0.5,0.4,0.4,0.3,,0.9,1.1,0.6,0.5,0.7,0.7,0.7,,,1,0.4,1,0.8,1,,0.3,0.4,0.4,0.6,,,0.5,0.6,0.8,0.6,0.3,0.7,0.4,0.6,0.6,0.5,0.5,,0.7,0.2,0.5,0.4,0.6,0.6,0.2,0.3,0.3,0.3,0.1,0.2,0.7,0.7,0.6,0.5,0.6,0.7,0.6,0.4,,0.7,,0.6,0.6,,0.5,,0.5,0.6,,,,,0.6,,,,0.5,0.4,0.4,0.4,0.2,0.5,0.3,,0.3,,0.4,0.2,0.3,0.4,0.5,0.5,0.5,0.3,0.4,0.4,0.3,0.5,0.4,0.5,,0.7,0.9,0.5,0.8,0.6,0.5,0.5,0.5,0.8,,0.5,0.4,0.4,0.5,0.6,0.7,0.5,0.5,0.4,0.3,0.2,0.1,0.4,0.1,0.5,0.6,0.6,,,0.5,,0.1,0.7,0.2,0.3,0.5,,0.3,0.7,,,0.2,0.3,0.3,0.1,,0.2,0.3,0.2,,0.2,0.3,0.4,0.3,0.2,0.6,0.1,0.1,0.3,0.1,,,,0.3,,,0.5,,0.5,0.3,0.3,0.4,0.2,0.3,0.4,0.2,0.2,0.4,,,,,0.6,,0.6,0.5,0.6,0.6,0.5,0.7,0.7,0.6,,0.7,0.6,0.7,0.7,0.7,0.6,0.6,0.7,0.6,1,0.6,0.6,0.6,0.7,0.5,0.6,0.6,0.5,0.7,0.8,,0.6,0.4,0.4,,0.5,0.6,,0.6,0.7,0.7,0.6,0.8,,0.6,0.9,,,0.2,0.2,,0.6,,0.6,0.6,0.7,0.7,0.7,0.8,,0.6,0.8,,1.2,1,,0.9,,1,0.8,0.9,,0.8,0.8,0.4,0.3,0.3,,0.5,0.9,0.8,0.7,1,0.5,0.6,0.6,0.6,0.4,0.6,0.4,0.7,0.3,0.9,2,0.6,0.6,0.6,0.4,0.5,0.4,0.7,0.5,0.5,0.7,0.5,0.6,0.6,0.6,0.6,0.3,0.3,,0.3,0.4,0.5,0.3,0.4,0.3,0.3,0.4,0.4,0.4,0.3,0.4,0.4,0.5,,0.6,0.5,0.4,,0.4,0.5,0.7,0.4,0.6,,0.8,0.6,0.6,,0.9,,0.7,0.6,0.5,0.4,0.6,0.3,0.2,,,,0.3,,0.6,,0.5,,0.7,,0.3,0.6,0.3,0.7,0.6,,0.7,,0.5,0.3,0.5,0.4,0.5,0.4,,0.6,0.7,0.5,0.5,0.5,0.4,,0.6,,,0.3,0.2,0.3,0.2,0.7,0.5,0.6,0.5,0.5,0.5,0.5,0.6,0.7,0.3,0.9,0.9,0.9,1.3,0.6,0.4,0.3,0.5,0.6,0.5,0.5,0.6,0.5,0.6,0.6,0.6,,1,0.7,1.1,2.2,0.5,0.6,0.6,0.6,,,,,0.4,0.4,,0.5,0.4,0.4,0.2,0.3,0.3,0.2,0.6,0.7,0.5,0.3,0.5,0.7,0.5,,0.6,0.9,,0.9,0.4,0.7,,0.6,0.5,,0.7,0.3,0.6,0.5,0.4,0.5,0.4,0.4,0.5,0.6,0.7,0.8,0.7,,0.5,0.7,0.4,0.5,0.5,0.4,0.3,0.2,0.1,,0.3,0.3,0.3,0.2,0.2,,,0.5,,,,,0.3,,,,,,,,,,,,,,,,0.3,,,,,,,,,,,,,,,,,,,,,,,,,,,,,,,,,,,,,,0.3,0.4,0.5,0.5,0.5,0.4,0.4,0.4,0.4,,,,1.2,1.1,0.9,1,,1,0.7,0.6,0.5,0.7,0.5,0.7,,0.6,0.6,1.1,,,1.3,1.3,,0.7,0.6,0.5,,0.5,,0.7,0.6,,,0.5,0.5,,,0.5,0.4,0.6,,,0.4,0.3,0.3,0.3,0.5,0.5,0.5,0.7,0.6,0.5,0.6,0.6,0.3,0.3,0.3,0.7,0.6,0.7,0.6,0.7,0.8,0.8,0.8,0.8,,0.4,0.3,0.6,,0.3,0.1,0.6,0.5,0.4,0.3,,0.2,0.5,0.6,0.6,0.1,,,,0.4,0.2,0.4,0.1,0.4,,0.3,0.4,0.6,0.8,0.4,0.4,0.5,0.5,0.5,0.4,,,0.8,0.5,0.4,0.4,0.4,0.4,,0.2,0.3,0.2,,0.3,0.2,0.3,,0.3,0.2,0.2,0.3,0.2,0.2,0.3,,0.1,0.2,0.3,0.4,0.2,0.4,0.5,0.6,,0.4,0.3,0.4,0.2,0.2,0.3,,0.5,,0.5,,,,0.1,0.2,0.2,0.4,0.5,0.5,,0.4,,0.3,0.3,0.3,0.6,0.7,0.5,0.6,,0.8,0.7,0.9,,,0.5,0.5,0.5,,0.5,0.4,0.3,,,0.7,0.5,0.2,0.4,0.3,0.2,0.4,0.5,0.5,0.4,0.5,0.8,0.5,0.5,1,,0.3,0.4,0.4,0.3,0.4,,1.2,0.6,0.9,0.9,0.6,0.6,0.6,0.7,0.6,,0.7,0.7,0.6,0.9,1.1,0.9,0.9,1,0.6,0.4,0.7,,0.8,0.5,0.4,,0.6,0.6,0.6,0.5,,0.4,0.3,0.4,,0.5,0.2,0.3,0.4,0.4,,0.3,0.3,0.2,0.3,0.8,0.3,0.4,,0.3,0.2,0.3,0.4,0.5,,0.6,0.5,0.6,0.8,0.4,0.3,0.6,0.5,0.6,0.5,0.6,0.6,,0.5,0.5,0.3,,0.5,0.5,,0.6,0.4,0.5,0.5,,0.5,0.6,0.6,0.7,0.6,0.2,0.6,0.6,0.7,0.9,0.6,0.3,0.3,0.5,0.3,0.1,0.4,0.5,0.6,0.6,0.7,0.7,0.5,0.5,0.4,0.4,0.5,0.7,0.5,0.6,0.6,0.7,0.6,0.9,0.6,0.5,0.5,0.6,0.8,1.2,0.3,0.5,0.6,0.6,0.9,0.7,1.1,0.6,0.6,0.5,0.5,0.7,0.7,0.7,0.8,0.8,0.7,0.5,0.5,0.7,0.6,0.7,0.8,0.6,0.6,0.5,0.8,0.7,,0.5,0.5,0.5,0.3,0.6,,0.3,0.5,0.3,0.2,0.2,0.4,0.4,0.4,0.5,0.6,0.5,0.7,0.8,0.3,0.5,,,,0.4,0.4,,0.4,0.2,0.4,0.3,0.4,0.5,,0.5,0.4,0.6,,,,,0.4,0.4,0.4,0.4,0.3,,,0.5,,0.3,0.3,0.8,0.7,0.8,0.7,0.3,0.5,0.8,0.5,0.6,,,,,0.4,0.3,0.3,0.4,0.3,0.4,0.6,,0.4,0.5,0.4,0.3,0.3,0.7,0.6,0.6,0.7,0.5,0.3,0.5,0.7,0.7,,0.5,0.4,0.4,0.5,0.5,0.4,0.6,0.6,0.8,,0.4,0.3,,0.3,0.5,,0.3,0.3,0.5,,0.3,,0.1,,0.5,0.4,0.5,0.6,0.6,0.5,0.6,0.8,0.7,0.7,0.3,0.5,0.6,0.4,,0.9,0.3,,0.4,0.5,0.3,,0.4,0.5,0.2,0.4,0.4,0.4,,0.4,0.3,0.1,,,,0.2,0.4,0.2,,0.4,0.5,0.5,0.4,0.5,0.4,0.4,,0.5,,,0.3,0.2,0.4,0.3,0.4,0.4,0.3,0.6,0.5,,0.3,0.3,0.4,0.3,0.2,0.3,0.3,0.4,0.8,,,0.5,0.5,,0.4,,0.6,0.3,0.3,0.4,1.1,0.1,0.6,0.8,0.5,0.5,0.6,0.4,0.6,,0.6,0.6,0.4,0.5,0.4,0.4,0.5,,0.4,,0.1,0.3,0.5,0.4,0.9,0.8,1,0.3,0.2,0.6,0.6,0.4,0.4,0.3,,,0.5,0.4,0.4,0.5,,0.5,0.5,0.5,0.6,,0.3,0.5,,,0.3,0.5,0.3,0.3,0.4,0.2,0.8,0.5,0.3,0.5,0.5,0.6,0.7,0.6,1,,0.5,0.5,,0.6,0.6,0.3,0.3,0.3,0.6,0.3,,0.6,0.6,0.8,0.3,0.3,0.8,0.7,0.9,,0.7,0.3,0.3,0.5,0.2,0.5,0.8,0.2,0.6,0.5,0.5,0.3,,0.3,0.1,0.8,0.4,0.4,0.5,0.5,0.5,0.5,0.1,0.4,0.4,0.6,0.5,0.6,0.4,0.5,0.5,0.6,0.3,0.5,0.2,0.5,0.4,0.5,0.5,,,0.5,0.3,0.4,0.6,0.3,0.1,0.5,0.3,0.3,0.3,0.5,0.4,0.4,0.6,0.9,0.4,0.6,0.3,,1,0.5,0.5,0.5,0.5,0.3,0.4,0.4,0.5,0.4,0.4,0.6,0.4,0.5,0.5,0.5,0.4,0.7,0.6,0.5,0.6,0.4,0.4,0.3,0.4,0.4,0.6,0.2,0.3,0.4,0.6,0.7,0.6,0.6,0.2,0.4,0.6,0.6,0.6,0.8,0.5,0.5,0.6,0.9,0.6,0.6,0.5,0.8,0.5,0.1,0.2,0.4,,0.3,0.4,0.3,0.4,0.6,0.6,0.4,0.5,0.5,0.5,0.4,0.1,0.2,0.7,0.6,0.6,0.3,0.6,0.5,0.3,0.6,0.7,0.7,0.6,0.5,0.8,0.5,0.5,0.5,0.5,0.4,,0.6,0.4,0.8,0.3,0.5,0.2,0.1,0.2,0.2,,0.3,0.6,0.6,0.4,0.7,0.9,0.7,,0.4,0.2,0.5,0.5,0.6,0.5,0.6,0.7,0.5,0.5,0.7,0.7,0.7,0.5,0.3,0.5,0.7,0.5,0.6,0.4,0.9,0.3,0.6,0.4,0.6,0.6,0.6,0.7,0.3,0.5,0.3,0.7,0.5,0.4,0.6,0.4,0.3,0.5,0.4,0.2,0.2,0.3,0.3,0.6,0.3,0.5,0.3,0.6,0.6,0.5,0.5,0.5,0.5,0.7,0.4,0.7,0.8,0.5,0.4,0.5,0.3,0.4,0.4,0.8,0.9,0.3,0.3,0.3,0.3,0.4,0.5,0.6,0.4,0.4,0.6,0.3,0.3,0.5,0.4,0.4,0.3,1.1,0.4,0.6,0.4,0.7,0.7,0.4,0.4,0.5,0.5,0.8,0.5,0.5,0.2,0.4,0.5,0.7,0.3,0.4,0.4,0.3,,0.1,0.4,0.2,,0.3,0.5,0.3,0.3,0.3,0.3,0.4,0.5,0.4,0.6,0.5,0.3,0.2,0.6,0.3,0.4,0.7,0.6,0.6,0.6,0.4,0.4,0.4,0.4,0.4,0.6,0.5,,0.4,0.5,0.3,0.4,0.4,0.7,0.6,0.5,0.8,0.4,0.5,0.4,0.4,0.4,0.5,0.6,0.7,0.6,1,0.8,0.5,0.7,0.7,0.5,0.6,0.7,1.2,0.9,0.8,0.3,0.9,0.2,0.3,0.3,0.4,0.3,0.4,0.4,0.5,0.4,0.4,0.4,0.8,0.6,0.2,0.3,0.3,0.4,0.4,0.7,0.8,0.4,0.7,0.6,0.5,0.7,0.6,0.1,0.2,0.6,0.7,0.4,0.6,0.6,0.9,1.3,0.4,0.4,0.8,0.9,0.7,0.8,0.8,0.5,0.7,0.6,,0.6,0.2,0.6,0.5,0.5,0.5,0.5,0.5,0.2,0.4,0.1,0.4,0.3,0.4,0.3,0.8,0.4,0.5,0.7,0.4,0.6,0.5,0.4,,0.7,0.3,0.5,0.2,1.3,1.3,0.3,1.3,0.4,0.4,0.7,0.4,0.6,0.7,0.6,0.3,0.6,1.1,0.5,0.5,0.3,0.2,0.9,0.8,0.4,0.5,0.5,0.4,0.6,0.5,0.4,0.3,0.3,0.3,0.2,0.5,0.3,0.3,0.6,0.3,0.4,0.6,0.5,0.4,0.5,0.1,0.6,0.4
20230729,14,AQI,,38,31,29,,48,53,40,34,40,21,49,,,17,,15,19,15,,19,,9,14,,11,25,,32,36,49,21,23,35,20,,11,12,,12,9,22,14,18,,17,,14,16,13,16,20,33,52,,46,47,,62,47,50,28,35,33,35,32,29,35,,43,21,20,19,22,22,,16,14,13,19,46,,31,51,62,42,50,39,,46,47,,,47,45,45,46,33,24,24,,22,21,40,44,32,,32,11,12,12,10,16,12,10,10,14,,30,23,22,24,24,20,,22,,25,37,41,26,,49,44,49,,49,38,44,51,12,19,10,13,18,,12,15,10,15,,20,22,19,,20,34,20,21,29,,19,20,20,19,18,18,11,11,12,9,12,24,,,,27,22,,34,30,21,,,,24,,20,25,16,20,22,18,18,20,19,,,,21,21,,24,23,24,20,20,,21,19,24,27,24,22,22,22,,25,,20,22,,19,,,20,20,22,,21,33,20,17,12,10,11,,,12,10,10,19,23,26,,,15,,,22,,20,19,,23,24,24,19,15,21,,23,20,22,24,23,24,27,21,18,25,20,19,20,25,24,19,20,20,,,20,20,21,19,,11,,23,22,15,,18,25,16,,27,25,17,18,,17,20,22,22,22,,,28,31,29,34,27,27,15,,16,12,13,14,,19,15,25,22,29,27,29,17,24,,51,19,25,30,27,34,32,32,30,72,35,28,54,50,,37,44,32,102,56,53,46,45,18,31,46,28,20,26,,17,20,24,26,22,26,22,25,39,33,37,30,,34,77,85,28,38,23,21,31,32,40,34,,,35,30,25,28,28,30,20,18,50,42,51,,54,55,63,40,37,63,54,53,,32,34,,34,30,,37,48,37,48,50,42,45,,,47,45,47,42,47,,69,88,58,63,,,102,36,27,36,28,32,30,34,42,36,32,,26,,29,27,43,29,,37,33,37,33,33,30,25,62,25,20,29,40,29,,24,,25,23,,94,,80,82,,,,,40,,,,65,48,62,62,162,52,42,,56,,29,31,32,50,33,27,26,38,29,29,24,30,24,,,,,,,48,53,48,47,49,,13,11,13,11,9,8,9,15,15,17,11,14,17,19,20,20,22,,,12,,34,19,15,29,22,,22,18,,,28,25,29,18,,11,13,28,,27,29,22,17,22,12,,20,12,19,,,,19,,,22,,24,13,15,12,22,24,31,10,15,22,,25,,,41,,43,52,37,18,23,22,24,25,,37,36,37,35,35,33,41,36,34,34,20,21,20,22,20,,30,27,30,28,,33,102,52,,31,31,,28,28,29,28,37,,,25,,,21,25,,36,,40,39,40,38,25,,,21,21,,77,64,,65,,32,29,35,,30,30,,46,48,,18,17,21,25,18,18,32,20,34,22,20,22,19,17,20,18,14,14,13,16,18,15,20,16,20,19,17,19,18,16,25,25,24,,25,22,21,19,19,21,33,31,32,36,31,20,22,21,,21,20,21,,21,19,21,22,19,,23,22,22,,13,,14,13,15,15,15,16,11,,,,19,,,,15,,16,,20,18,23,33,97,,43,,30,31,,34,27,27,,28,24,25,23,23,27,,33,,,31,25,25,21,23,34,35,32,30,22,34,34,43,50,48,65,58,47,51,20,25,30,31,46,32,40,35,37,35,38,,63,24,35,35,24,29,29,30,,,,,35,43,,44,38,35,39,34,32,38,28,30,30,32,29,32,32,,48,48,,27,30,43,,38,38,,37,21,25,29,31,27,28,,30,58,51,53,56,,43,44,57,45,48,39,40,37,36,,40,35,39,68,77,,,15,,,,,24,,,,,,,,,,,,,,,,12,,,,,,,,,,,,,,,,,,,,,,,,,,,,,,,,,,,,,,23,22,20,20,21,20,20,20,,,,,25,23,23,25,,22,37,41,38,40,51,39,,38,37,78,,,73,56,,38,54,31,,32,,44,46,,,43,27,,,45,47,46,,,26,25,43,45,41,40,41,33,36,36,36,45,15,20,16,35,28,29,29,27,25,,37,21,,30,28,19,,15,10,21,18,,29,33,,12,58,12,27,,,31,24,24,24,23,29,,24,34,30,33,32,29,30,32,28,39,,,35,25,27,32,31,28,,22,21,21,,21,21,20,,20,19,19,22,12,19,22,,13,15,16,20,16,19,14,,,15,17,16,20,22,24,,16,,16,,,,14,14,14,13,20,20,,14,,14,16,19,23,20,21,20,,35,42,26,,,21,22,21,,28,25,24,,,16,23,17,42,16,17,19,31,32,35,30,13,24,41,22,,17,18,45,65,29,,28,29,32,34,27,29,31,31,29,,24,31,37,39,26,25,21,17,16,13,12,,13,,11,,18,12,15,15,,17,17,,,20,21,23,21,22,,18,19,18,19,,,20,,24,24,23,21,25,,20,20,19,23,23,27,25,25,28,26,35,25,,21,82,23,,19,20,,28,21,,25,,14,13,,55,25,34,38,,42,39,,27,28,28,27,30,32,31,30,30,30,31,36,36,36,34,35,37,37,35,38,29,33,37,32,30,25,29,28,25,30,,22,25,46,46,59,55,30,36,41,30,30,50,65,59,57,54,40,36,54,40,42,38,37,35,35,34,,69,39,36,41,24,,25,30,,38,33,37,36,33,35,31,36,39,37,13,43,,,,33,32,,30,,42,43,44,35,,40,35,33,,,,,36,45,45,41,44,30,,34,,22,35,41,34,32,33,33,24,23,,25,,,,,33,36,22,23,33,33,29,,26,16,23,29,30,24,22,23,39,25,26,23,27,25,,48,35,42,34,25,23,28,21,29,,16,16,,26,24,,33,30,33,,31,,27,,14,14,23,28,25,28,50,44,46,44,23,35,30,18,,47,47,,37,36,50,,46,47,28,30,57,60,,23,24,44,42,,,60,57,52,,49,46,40,38,28,43,40,,42,,,,31,,30,305,260,93,81,26,,54,40,37,79,,113,160,153,69,,,43,32,,29,,34,48,43,74,32,12,21,45,15,19,20,36,39,,32,21,22,23,12,21,20,,16,,17,20,85,,28,,65,36,20,43,22,32,20,29,,,25,17,22,20,,59,74,48,33,,20,21,,,24,21,21,18,22,22,25,24,17,20,19,48,39,42,57,,15,16,,78,32,32,32,36,46,26,28,49,,18,25,17,13,11,45,17,44,12,26,14,26,23,32,34,,31,30,30,,49,18,65,22,45,40,29,33,31,14,22,41,22,33,32,20,39,18,,21,14,19,29,25,27,29,,,110,27,29,21,19,26,26,23,17,50,23,,23,40,17,14,22,15,,,93,79,64,50,35,54,10,22,13,15,14,13,15,13,19,30,38,58,46,46,50,24,21,18,19,10,22,21,20,40,49,70,72,,,22,29,27,32,30,34,40,22,21,33,69,33,35,44,20,20,,15,22,20,22,24,21,15,15,17,16,28,,21,12,14,32,32,30,24,25,30,28,28,28,25,43,45,29,36,37,78,,50,29,40,28,24,24,31,17,22,,17,22,23,22,26,,35,,11,57,23,23,27,46,26,31,35,40,33,58,39,19,20,17,16,16,14,32,31,17,14,31,,45,21,21,22,19,23,19,19,21,21,19,12,24,20,17,34,52,51,54,67,50,46,23,26,42,25,34,32,36,80,23,28,32,65,48,12,17,,13,13,15,22,18,22,21,15,13,17,10,16,13,11,,,22,21,26,34,28,23,35,26,26,50,46,58,31,37,42,27,10,27,19,23,18,14,15,,12,24,25,,15,23,22,18,40,37,31,42,31,49,14,12,17,19,18,31,35,37,34,75,35,22,27,28,26,25,25,,15,22,41,22,39,35,27,30,31,24,26,20,,20,20,42,48,39,26,22,24,56,23,26,25,18,12,10,11,33,15,44,29,,33,34,33,46,29,28,20,10,16,19,19,11,,,33,22,28,36,49,43,30,58,29,36,65,71,71,27,,52,25,23,45,37,30,25,40,28,36,24,57,48,,23,32,15,15,26,31,36,22,22,11,28,27,20,40,35,47,36,39,21,25,30,20,20,,26,22,30,105,67,60,13,61,40,19,17,44,17,40,29,28,22,,27,17,15,28,19,11,30,33,51,30,,47,39,27,12,41,30,38,25,11,30,21,26,34,35,22,22,14,13,52
20230729,14,PM2.5,30,18,20,15,9,33,30,28,22,28,13,34,,,4,,6,6,10,,4,,1,3,,1,5,,22,25,34,14,14,24,6,,3,6,,8,2,5,8,7,,7,,7,5,1,11,14,12,17,,32,14,,44,31,33,14,24,18,18,8,18,24,,21,5,5,7,2,11,,11,9,4,13,32,,19,35,44,28,35,25,,9,8,,,9,10,9,10,23,11,9,,8,4,17,21,17,,15,3,8,8,6,7,6,5,7,6,,13,9,9,9,10,6,,7,8,8,14,11,14,,13,14,17,,15,16,24,19,7,11,2,4,4,,4,4,3,5,,5,,2,,3,5,7,5,20,,6,6,5,7,7,6,1,6,5,3,,7,,,,13,9,,7,21,9,,,,10,,5,5,7,5,2,9,9,2,8,,,,10,7,,6,10,9,12,9,,10,10,8,5,7,8,14,15,,11,,12,12,,8,7,,8,9,11,,9,9,4,7,8,7,4,,,3,5,4,13,7,10,10,,9,,,10,,6,8,,15,11,13,6,5,6,,8,10,5,7,4,5,12,4,9,17,14,7,14,17,6,12,5,7,2,,,1,1,1,12,4,5,14,14,9,,6,17,10,,18,17,5,12,,9,12,15,15,12,,,19,9,7,12,12,12,5,,10,5,8,6,6,13,6,7,5,12,5,9,10,7,,5,7,7,13,17,15,7,3,17,52,12,13,4,31,,20,22,22,24,32,29,32,30,5,14,32,13,8,18,,11,12,10,15,13,13,8,7,19,17,17,17,,15,39,34,13,26,16,12,10,13,18,12,,,22,18,13,15,10,12,14,12,35,28,34,,29,34,30,27,22,32,25,33,,10,13,15,12,16,,18,30,12,20,19,15,10,,,19,28,18,16,23,,29,18,27,14,,,14,14,9,13,14,14,9,17,29,12,7,,17,,12,18,30,18,7,7,9,5,10,5,15,8,44,6,14,10,28,6,,16,,5,15,,16,,13,16,,,,,16,,,,19,18,15,33,123,33,18,,30,9,12,16,18,35,23,10,11,26,14,14,11,10,2,,,,,,,14,14,12,12,19,,5,4,4,3,2,4,6,6,6,2,7,2,3,2,6,8,8,,,8,,13,10,9,8,14,,12,6,,,19,17,14,12,,4,9,19,,12,5,2,7,15,7,10,14,6,7,,,,8,,,12,,9,4,10,7,11,16,11,7,10,15,,17,,,14,,22,24,19,5,8,5,8,10,,14,18,17,14,22,16,22,19,7,17,7,7,7,9,9,,5,4,12,17,,16,30,35,,12,5,,10,9,10,7,17,,17,8,,,6,17,,15,,16,10,5,19,,,,9,9,,56,39,,38,,22,14,16,,14,9,6,9,17,,7,6,7,9,9,6,5,6,6,12,6,9,,5,9,8,4,5,6,8,,7,1,3,6,10,7,7,10,11,15,2,2,,3,6,10,6,6,4,21,8,19,18,6,11,10,8,,7,8,10,,3,5,11,4,10,,8,4,6,,8,,5,4,5,7,6,4,5,,,,9,,,,3,,6,,12,8,9,23,29,,30,,7,5,5,7,3,13,,19,12,7,6,14,9,,14,,,10,6,5,11,5,16,17,18,11,11,2,7,12,35,24,28,24,30,26,5,5,11,16,32,9,10,11,11,14,12,,45,12,24,24,4,7,7,5,,,,,11,11,,9,20,24,21,16,22,26,15,13,14,17,10,8,14,,19,33,,10,14,21,,18,19,,17,4,3,2,4,2,19,3,16,34,32,37,36,,6,18,22,8,19,8,5,4,7,,8,6,13,,16,,,5,,,,,9,,,,,,,,,,,,,,,,7,,,,,,,,,,,,,,,,,,,,,,,,,,,,,,,,,,,,,,16,4,4,9,10,10,,5,,,,11,5,12,,,,14,22,19,20,21,25,10,,22,20,57,,,53,26,,26,38,15,,15,,8,13,,,16,14,,,8,8,14,,,11,15,,9,11,9,12,,5,7,19,16,5,6,4,9,10,7,10,10,5,,,12,,8,17,6,,6,,4,4,17,14,5,7,7,11,2,10,,,8,6,5,8,7,14,16,6,15,5,6,17,12,10,22,18,14,,,8,4,4,12,10,8,,6,2,6,,7,10,2,,11,8,1,11,7,11,11,,3,7,1,4,8,6,2,1,,2,8,6,5,5,1,,1,,6,,,,,1,3,6,4,2,,2,,4,4,3,3,4,4,3,22,9,11,12,3,2,1,10,9,15,13,7,12,4,,7,4,8,29,11,8,3,21,22,21,12,6,10,13,15,,3,10,7,5,7,,17,18,22,14,14,16,15,15,17,,16,16,22,20,12,9,10,10,2,5,3,,9,,5,,,,6,9,,5,7,5,,7,9,16,7,9,,3,6,7,8,10,9,14,,8,6,6,2,8,,5,1,8,8,12,5,11,4,12,8,6,5,,5,60,8,,13,3,,15,4,,2,,7,6,,20,5,14,11,,17,10,,15,3,3,10,9,4,6,4,4,5,17,17,13,22,16,13,25,17,12,23,8,14,13,8,18,3,8,13,3,8,,11,11,32,32,34,30,17,19,22,9,13,17,46,40,40,29,17,18,23,17,17,15,21,24,20,20,,46,20,22,7,8,,,12,,9,4,10,11,5,11,9,7,8,6,9,3,,,,17,16,,18,4,7,14,18,9,,9,11,8,,,,,7,12,8,6,7,6,,10,,7,10,10,8,9,10,23,7,9,,11,,,,,5,7,8,9,7,8,14,,9,1,4,10,14,6,6,5,27,6,18,16,7,11,,33,24,29,19,15,5,10,6,11,,7,1,,11,1,,8,4,,,8,,5,,3,2,2,10,4,12,7,10,10,12,10,16,12,9,,6,4,,5,5,12,,8,26,5,5,26,27,,11,9,7,5,,,16,5,16,,13,5,7,13,4,7,5,,4,,,5,2,1,1,134,147,28,26,8,,14,9,16,38,,56,51,63,38,,,10,12,,6,,,12,18,26,11,4,5,22,,3,,25,7,,15,10,11,8,8,7,9,,6,,5,12,22,,7,,34,5,6,12,12,20,9,6,,,6,1,10,4,,10,16,16,23,,11,5,,,12,3,2,12,15,8,15,7,7,5,8,25,16,17,36,,7,9,,33,6,15,14,5,22,13,17,23,,9,9,,6,,14,10,30,5,6,5,2,12,2,5,,8,9,4,,30,4,20,5,9,7,11,14,13,3,5,5,,23,8,9,13,8,,9,1,7,19,5,7,10,,,18,10,20,8,12,2,,11,7,7,16,9,10,22,7,6,15,,,7,17,12,11,9,7,17,6,4,,6,5,5,6,4,2,17,22,12,8,13,17,10,6,4,7,5,15,10,9,20,27,37,52,16,12,15,16,17,22,16,8,21,9,9,14,25,16,12,9,2,14,,2,10,7,4,8,4,1,2,4,2,6,7,4,8,4,7,10,9,8,12,15,4,19,8,14,18,26,9,15,22,12,,14,8,8,11,12,12,14,5,7,,9,14,16,,8,,11,,,15,14,11,13,28,9,17,17,19,11,31,27,8,4,8,9,7,3,6,19,7,4,19,,15,7,,7,6,13,5,7,9,10,4,3,13,7,7,14,14,16,24,28,9,28,8,16,20,17,14,15,19,31,14,11,9,34,33,3,10,5,4,3,1,6,6,8,5,9,8,5,7,5,4,3,2,7,11,12,9,16,6,4,5,18,9,17,12,15,2,11,10,15,7,9,9,12,10,7,4,5,7,12,5,,7,16,12,12,3,13,5,6,5,27,6,4,5,,12,7,14,12,23,55,21,7,5,15,7,14,14,,4,11,9,5,27,10,18,12,21,10,8,8,,8,11,9,19,15,12,8,4,26,,7,9,12,7,2,3,23,5,8,8,,8,12,14,12,12,3,7,3,11,9,3,2,,48,13,11,8,10,34,30,15,41,7,2,17,49,21,6,5,36,17,7,12,17,17,6,19,18,20,6,10,15,,10,7,6,7,3,13,8,12,7,5,19,12,8,4,8,26,17,9,,11,13,10,9,,6,4,15,42,48,42,5,40,22,13,7,29,10,10,8,7,15,,4,5,9,12,13,2,20,21,27,21,9,8,5,7,8,10,7,13,10,3,11,6,3,,9,14,11,9,3,12
20230729,14,PM2.5_24h,23,15,21,20,23,22,15,18,13,26,17,19,,,13,,14,15,15,,15,,7,10,,6,14,,25,29,28,20,19,23,11,,18,23,,31,15,6,11,17,,13,,14,12,10,16,15,13,15,,23,8,,15,19,16,21,16,16,18,14,23,24,,26,10,6,12,18,18,,18,20,21,22,29,,20,28,32,28,30,25,,12,11,,,12,15,13,14,20,13,11,,11,9,12,13,13,,14,4,6,6,5,7,5,4,6,5,7,13,13,13,11,11,10,10,12,13,13,14,10,9,13,13,10,15,,12,8,19,10,6,9,6,5,6,,5,7,5,8,3,4,2,3,4,2,6,6,6,18,,8,8,7,9,8,9,2,6,2,1,,2,,,,8,10,,8,10,10,,,,12,,6,6,7,5,7,9,7,4,8,,,,7,7,,8,10,10,7,7,,8,5,6,2,5,6,6,11,,9,,8,9,,7,7,,6,8,9,,10,7,8,6,8,6,6,,,6,6,4,11,8,10,12,,7,,,9,,4,7,,12,10,10,5,6,6,,6,6,8,8,6,6,5,4,7,10,11,5,10,12,5,7,6,9,2,,,1,1,2,10,9,8,10,7,5,,8,9,12,,9,10,4,7,,7,6,11,12,9,,,6,3,3,5,6,6,14,,8,7,9,9,9,24,8,6,5,9,6,12,13,6,,8,8,6,9,7,11,6,6,9,23,7,8,2,21,,19,19,19,12,16,18,17,14,12,15,17,20,12,13,,12,14,11,14,22,17,17,11,14,16,15,16,,12,18,26,19,19,20,15,15,14,17,11,,,18,17,17,19,11,12,16,14,16,16,17,15,32,30,31,30,30,25,32,38,,15,20,17,14,13,,21,25,17,15,21,10,15,,,23,19,20,16,14,,9,10,13,11,,,14,10,5,17,8,10,8,12,17,14,6,,14,,14,13,18,15,8,7,6,6,8,7,16,12,40,9,17,13,15,7,,18,,8,12,,17,,22,20,,,,,11,,,,18,16,24,30,96,28,18,,32,10,8,9,10,4,9,8,7,9,10,19,7,9,6,12,,26,21,16,19,13,16,12,17,16,,8,8,7,18,13,14,16,7,7,5,8,10,11,10,10,10,7,,,8,,7,6,6,5,13,,13,7,,,11,7,8,5,,3,7,6,,7,4,3,5,8,3,4,4,2,1,,,,5,,,8,,8,6,9,8,4,7,3,3,4,6,,8,,,14,,14,20,18,12,11,13,15,12,,24,28,28,23,30,21,31,30,18,28,8,10,11,12,10,14,11,10,13,18,,16,16,15,,14,14,,12,12,10,14,11,,16,10,,,10,13,,24,,20,18,16,19,11,14,,14,15,,51,33,,45,,23,25,22,,30,26,9,8,9,,9,9,10,11,13,8,7,15,13,9,10,10,13,7,10,15,8,5,18,15,10,12,12,11,11,11,10,10,12,9,12,4,9,,11,10,14,14,6,6,18,10,20,13,8,8,8,8,,8,8,9,,8,7,9,6,5,,6,9,4,,14,,13,9,11,14,11,6,5,,,,8,,7,,8,,10,,10,6,6,16,18,,17,,9,11,7,5,12,11,,13,10,6,7,13,8,,13,,,7,13,11,13,10,15,19,17,13,15,7,13,22,31,27,29,26,27,23,8,8,9,10,13,10,13,14,17,17,14,,11,8,10,15,6,5,5,1,,,,,9,11,,11,12,12,10,10,14,16,8,15,9,12,10,10,11,,18,17,,12,14,16,,14,17,,17,4,3,2,5,5,7,3,5,28,29,26,44,,17,21,42,9,14,11,12,4,10,,19,10,18,17,17,,,8,,,,,5,,,,,,,,,,,,,,,,2,,,,,,,,,,,,,,,,,,,,,,,,,,,,,,,,,,,,,,7,2,4,9,11,8,2,4,1,,,11,11,9,11,8,,18,23,26,17,22,24,22,,30,25,33,,,34,39,,25,26,19,,19,,14,15,,,22,16,,,16,14,23,,,12,12,11,7,15,9,12,17,14,16,22,16,8,11,9,11,10,8,11,12,17,15,7,15,,13,14,10,,5,2,6,8,14,13,7,6,8,12,4,9,,,8,8,9,9,8,11,8,5,6,5,11,17,7,9,10,10,8,,,14,6,7,7,13,15,,10,6,6,,10,9,6,,10,7,6,13,4,8,9,,6,10,6,5,8,5,7,7,,8,4,5,5,6,5,,3,,7,,,,3,2,4,8,4,3,,7,,7,6,6,2,1,3,4,34,9,9,10,9,3,4,8,5,12,11,8,12,3,,3,7,10,27,7,4,4,12,12,11,11,9,13,10,13,,8,7,6,6,9,,12,9,11,12,14,16,12,14,11,,11,14,13,9,10,8,9,7,7,7,6,,14,11,13,,6,6,8,12,,10,11,6,,6,7,13,5,6,,6,7,10,7,7,7,7,,7,8,11,4,8,,7,3,8,15,14,10,11,7,15,8,3,2,,7,17,10,,8,5,,10,6,8,6,,11,9,9,17,13,9,14,,13,17,12,16,15,5,17,16,7,12,11,10,7,13,15,13,15,15,13,20,14,25,20,7,13,14,14,14,8,14,14,10,11,7,10,9,25,22,25,23,17,20,20,15,19,18,24,22,24,20,23,22,20,15,18,15,20,25,21,20,,29,25,26,7,7,,4,7,6,9,6,16,15,9,14,23,20,14,21,10,4,,,,20,16,,18,5,4,7,8,7,,8,8,8,,,,,6,6,10,8,5,11,,15,,8,8,6,6,8,10,12,8,8,4,8,,,,,8,6,8,7,16,7,12,,10,6,7,12,15,6,11,6,11,6,13,17,23,19,,26,26,22,24,8,6,9,9,15,,11,8,,9,5,,5,5,5,,14,,3,,2,4,7,9,5,10,18,18,16,43,6,9,8,9,,9,6,,8,6,14,,17,21,6,6,42,43,,5,4,13,12,,,15,11,21,,15,9,14,18,2,16,8,,7,,,5,3,2,2,43,47,20,25,9,,26,9,12,16,18,39,26,34,38,,,14,12,,8,,5,26,26,27,8,10,11,14,6,12,10,25,20,,22,10,10,10,7,7,8,,4,,2,8,13,11,7,9,54,9,5,11,12,17,8,8,,,21,6,6,12,,13,13,13,13,,8,5,,,4,5,5,7,9,5,8,4,3,6,12,19,18,13,33,,12,12,,15,11,12,12,16,25,16,8,19,,8,5,3,13,6,22,5,25,4,13,2,4,15,7,4,6,7,8,10,,17,6,14,7,8,11,10,12,12,7,7,13,2,13,10,9,12,10,,5,7,3,13,6,11,9,,,21,6,20,8,8,2,10,9,9,12,12,9,12,22,3,10,15,3,,10,19,10,18,8,5,35,8,6,5,8,8,7,7,5,6,14,20,16,8,16,15,12,8,8,8,4,10,9,7,15,16,19,20,16,21,19,17,18,17,12,16,16,15,13,15,13,19,14,10,6,23,,10,7,7,5,7,5,5,6,9,8,6,8,6,16,14,9,12,11,7,15,15,11,22,13,16,30,24,10,18,13,16,,18,12,21,5,5,10,5,1,3,,4,14,15,2,11,15,16,,8,10,13,12,13,17,13,31,23,21,21,21,22,4,6,8,5,5,6,4,11,4,21,12,18,17,7,2,7,8,10,6,8,9,7,7,4,9,7,6,23,19,22,30,34,26,13,10,8,15,14,16,10,25,17,15,19,14,18,28,6,7,12,25,30,7,4,6,7,6,9,8,7,9,10,9,9,9,13,8,8,8,12,12,12,10,14,15,15,8,18,4,11,13,10,4,3,4,4,6,6,5,11,2,5,6,,10,9,9,3,6,16,14,7,9,16,6,8,8,5,8,12,17,22,19,22,12,5,8,16,10,10,10,,5,13,8,8,18,15,19,7,14,8,8,7,9,7,9,20,18,13,22,19,16,29,27,12,22,18,24,19,24,26,19,17,11,11,19,21,21,15,20,20,8,4,10,13,3,11,10,23,22,11,17,4,20,18,13,22,9,8,20,63,42,9,9,29,28,11,17,14,15,13,12,19,18,7,16,20,,8,5,9,6,6,12,9,4,2,2,12,3,7,7,7,18,21,12,3,10,8,8,7,,5,7,8,25,38,37,9,32,14,16,27,17,22,17,8,6,10,21,7,7,12,7,26,18,15,13,17,14,12,13,7,7,11,20,9,34,8,4,14,10,5,2,14,7,7,3,7,13
20230729,14,PM10,37,30,31,29,15,41,56,38,34,37,18,47,,,7,,9,11,11,,5,,2,4,,2,4,,26,36,13,21,23,19,9,,2,12,,4,4,10,14,18,,15,,14,16,6,6,18,33,54,,25,25,,55,46,50,24,22,33,22,18,29,9,,43,7,6,12,17,15,,11,6,4,3,39,,30,51,70,42,47,39,,17,9,,,17,12,24,22,27,24,24,,22,21,40,44,32,,32,9,7,10,8,16,7,,7,14,,30,20,22,24,21,12,,22,22,18,26,41,21,,49,44,49,51,49,38,44,52,11,19,8,2,18,,8,15,10,15,,12,9,7,14,14,34,8,14,18,,11,10,10,11,8,9,6,6,7,4,8,24,,,,27,22,,34,9,9,,,,24,,17,25,12,7,22,14,14,17,14,,,,17,11,,17,14,16,14,17,,16,17,24,27,24,22,22,19,,25,,19,22,,17,18,,16,15,16,,12,33,15,12,12,8,8,,,4,8,10,19,23,26,83,,13,,,15,,13,13,,23,24,24,19,15,21,,19,12,12,15,8,24,27,12,9,14,17,12,19,14,24,17,15,17,5,,1,8,9,11,,11,26,23,12,7,,13,16,16,,25,14,17,10,,17,20,15,20,22,,,24,31,29,34,27,27,15,9,10,9,10,14,,18,9,17,22,18,15,19,9,6,,52,2,11,19,21,17,21,32,9,13,11,26,37,46,,36,41,31,59,62,55,42,38,18,31,27,28,16,24,,16,20,24,26,18,18,18,18,17,22,37,30,,34,53,43,22,22,20,15,26,10,40,18,,,29,26,25,23,27,30,18,15,41,31,51,,58,59,75,36,35,51,57,55,,23,31,41,25,27,,25,27,20,30,25,14,22,,,31,34,24,23,37,,34,34,43,23,,,39,20,24,17,19,17,24,31,27,27,19,,26,92,15,27,36,29,,8,8,9,11,10,24,23,18,15,16,9,39,19,,24,,12,19,,28,,23,30,,,,,8,,,,33,30,74,73,43,54,42,,61,,17,5,20,7,28,19,20,28,22,29,6,14,14,,,,,,,46,46,46,36,41,,11,10,11,4,5,1,9,15,6,10,8,9,17,19,8,5,12,,,12,,34,19,14,29,17,,22,9,,,18,22,29,9,,8,12,12,,27,29,22,14,14,12,19,14,12,19,,,,19,,,22,,24,7,7,12,22,24,31,9,10,20,,22,,,36,,35,53,34,11,7,18,10,9,,18,27,29,21,22,20,31,29,17,17,6,5,,,6,,2,8,11,28,,33,54,54,,10,10,,2,11,4,14,37,,,9,,,19,20,,27,,23,25,20,32,5,,,8,6,,67,77,,80,,25,29,35,,25,21,17,25,16,,15,17,21,25,18,14,14,15,34,19,19,22,17,6,20,17,2,14,8,11,18,11,20,12,2,12,13,14,14,11,19,7,22,,15,4,11,16,8,21,27,22,14,36,28,10,17,19,,12,20,19,,10,7,6,12,3,,6,4,8,,6,,11,,7,6,15,16,8,,,,19,,,,4,,3,,9,12,23,32,143,,40,,14,9,9,22,9,15,,15,15,16,10,13,13,,16,,,10,8,7,19,23,19,30,24,22,17,34,34,43,40,28,44,66,47,52,8,15,15,14,18,23,19,17,17,33,20,,73,24,32,27,11,21,16,15,,,,,11,27,,16,38,35,20,22,30,25,23,25,22,23,7,32,11,,48,43,,5,17,42,,29,35,,37,3,8,11,11,17,22,,16,66,51,46,62,,41,28,63,12,27,16,14,5,9,,30,8,32,85,104,,,15,,,,,24,,,,,,,,,,,,,,,,12,,,,,,,,,,,,,,,,,,,,,,,,,,,,,,,,,,,,,,16,15,13,16,20,20,19,19,19,,,14,16,23,15,12,,5,37,35,36,38,51,9,,17,25,65,,,62,61,,37,2,23,,16,,29,29,,,20,14,,,26,26,37,,,16,13,14,16,16,28,13,33,36,22,36,45,9,20,11,35,28,29,29,27,25,36,37,16,,30,28,7,,15,,21,18,28,19,8,15,5,66,4,22,,,22,11,9,24,8,25,36,11,5,14,7,29,12,19,25,21,18,,,19,6,23,2,19,15,,5,21,20,,14,19,14,,20,14,2,22,12,19,22,,8,4,8,20,7,19,4,,,3,12,12,20,16,10,,7,,4,,,,7,10,2,9,17,17,,5,,11,12,9,7,8,16,7,3,35,42,26,17,,7,4,7,31,28,24,23,10,,11,8,9,31,13,9,5,31,30,35,16,7,24,41,19,,17,18,45,79,29,,25,23,25,34,27,29,31,31,29,,24,31,37,39,26,25,21,17,16,12,12,,7,5,1,,18,8,15,15,,15,17,,,19,10,19,7,7,,8,10,4,6,,,3,,14,11,9,21,25,,16,16,12,16,5,6,17,18,15,18,20,18,,13,16,12,,6,11,,22,7,,10,,12,8,,60,16,20,28,32,41,24,29,23,24,12,22,19,32,9,10,13,9,20,19,30,25,30,13,20,20,19,30,11,18,11,30,19,24,25,24,10,11,,21,20,40,42,68,59,27,34,41,12,15,50,80,68,51,58,39,26,57,22,24,35,23,35,35,33,,88,26,36,41,14,,10,17,24,27,15,10,7,16,15,7,11,5,14,10,15,,,,28,29,,26,,35,41,44,29,,18,12,15,,,,,14,14,10,12,14,13,,7,,15,13,28,21,20,24,15,10,4,,7,,,,,21,12,14,11,16,15,18,,14,15,23,13,14,10,12,8,26,23,13,19,25,19,,13,29,27,34,22,5,11,10,29,,12,9,,17,12,,12,9,,,30,,5,,6,6,12,16,19,17,18,19,17,16,18,29,25,14,,14,33,,9,12,33,,28,35,10,17,63,70,,20,18,13,5,,,30,10,16,,31,9,6,27,9,10,15,,20,,,24,7,,8,424,392,135,111,13,,57,36,30,107,,175,270,256,88,,,27,28,,18,,26,48,43,97,32,4,6,38,2,3,1,22,14,,25,20,18,15,7,6,15,,6,,17,16,26,,14,,80,17,14,43,22,30,14,11,,,25,10,22,7,,19,24,33,13,,9,12,,,24,12,20,17,15,14,25,24,17,19,15,45,20,32,64,,10,14,,54,15,19,20,19,25,18,28,49,23,14,13,6,6,4,26,17,39,12,6,14,4,14,32,10,,12,14,10,,49,18,31,22,19,14,21,17,17,14,22,25,22,33,14,18,39,14,,8,5,19,29,17,11,15,,,25,27,7,12,19,6,11,17,6,36,17,25,12,40,13,12,8,5,,8,26,34,33,32,13,58,10,22,13,14,12,7,11,13,19,30,26,20,18,30,33,16,20,9,8,9,21,15,16,29,49,57,70,37,27,21,29,27,26,19,28,33,12,9,30,38,25,35,44,5,18,,2,13,6,22,11,7,4,5,5,2,28,13,10,3,7,11,10,14,5,12,13,18,17,15,18,28,24,12,17,11,25,,24,10,12,28,24,24,31,17,22,,17,19,16,22,18,,16,,10,27,18,15,16,33,20,29,35,22,16,66,30,11,19,13,11,12,9,32,31,17,4,30,,32,6,9,13,18,17,11,14,17,11,8,2,24,19,17,26,54,52,58,83,50,8,6,23,32,24,27,13,36,40,7,23,17,62,39,12,4,14,6,4,2,17,17,16,11,14,12,9,5,7,2,7,,,15,15,10,33,8,6,35,21,19,21,12,20,19,17,21,27,7,27,19,23,18,5,15,12,9,24,5,,9,19,22,12,11,15,2,21,6,49,9,6,4,8,16,12,28,21,31,75,35,9,24,28,25,22,13,,14,22,12,17,25,14,25,20,31,12,14,13,,12,20,26,32,25,16,15,8,62,17,26,25,3,12,4,11,14,3,44,25,13,33,34,33,46,19,19,1,8,14,12,3,4,8,41,20,22,6,36,49,33,30,54,22,9,80,92,92,14,9,51,25,14,31,21,30,3,31,24,33,22,17,29,,3,32,2,7,14,23,19,22,22,9,15,27,17,4,23,38,27,20,6,10,30,20,17,,14,17,30,159,81,70,5,72,40,18,10,44,17,15,29,28,17,,27,17,15,20,10,11,30,33,51,29,27,14,19,27,12,35,30,13,21,7,30,13,7,8,16,22,22,12,12,53
20230729,14,PM10_24h,39,29,39,44,24,40,33,34,27,33,33,35,,,21,,22,30,24,,20,,15,19,,12,13,,43,54,38,35,39,42,34,,35,32,,38,31,13,21,24,,29,,24,19,20,30,37,38,46,,36,23,,37,29,32,42,35,36,41,35,42,35,,49,12,16,18,26,28,,34,25,31,31,36,,32,40,54,44,42,40,,29,27,,,26,31,36,35,29,31,28,,27,20,29,26,24,,27,11,10,14,9,23,12,5,10,17,16,31,28,28,27,29,21,23,29,33,24,23,29,24,39,35,36,35,41,39,27,35,47,22,26,22,15,24,,22,23,21,24,13,11,13,9,12,12,20,10,11,33,,19,21,18,20,19,19,12,12,12,7,10,17,,,,19,20,,30,14,13,,,,18,,16,17,15,11,19,12,14,13,21,,,,19,13,,19,20,24,13,14,,17,12,15,15,12,15,19,16,,20,,16,19,,16,15,,14,12,12,,16,26,12,14,17,14,12,,,12,11,14,20,22,21,32,,11,,,16,,16,15,,21,24,22,22,20,21,,15,13,16,15,14,10,11,11,14,13,14,11,16,16,18,13,13,15,5,,6,10,8,9,,20,33,15,10,4,,11,7,19,,16,16,15,15,,18,18,17,16,9,,,21,14,17,26,15,15,17,17,16,17,20,18,22,27,22,13,16,18,17,17,17,12,,26,12,12,14,15,10,19,17,7,12,15,26,32,34,,40,40,30,33,32,36,25,22,24,35,29,53,24,23,,24,32,25,33,28,25,27,22,27,26,31,24,,24,38,38,25,31,24,23,23,25,25,21,,,34,31,35,36,29,30,27,27,30,28,24,21,50,49,48,40,48,44,48,60,,29,33,31,26,21,,31,30,22,25,27,19,20,,,38,29,34,33,20,,19,20,28,24,,,27,14,22,21,20,15,28,28,26,22,26,,26,85,20,20,24,21,15,14,11,9,17,16,25,20,25,18,23,19,24,17,,40,,18,22,,38,,29,29,,,,,15,,,,24,31,102,96,84,105,93,,110,21,16,24,21,22,20,22,20,21,21,34,16,25,18,28,,34,30,30,31,41,36,34,34,48,,17,16,15,22,19,18,21,15,14,13,16,17,20,20,18,18,19,,,8,,17,10,6,12,18,,15,14,,,13,11,16,10,,9,10,6,,16,22,15,15,11,8,9,7,6,9,,,,10,,,20,,19,14,8,16,16,18,21,7,5,9,,11,,,29,,24,33,33,16,19,23,20,20,,40,39,40,41,51,30,47,38,30,40,19,20,21,26,24,39,19,27,30,30,,29,27,27,,21,21,,23,21,22,22,20,,35,16,,,29,18,,29,,37,33,38,42,19,22,,17,19,,62,64,,67,,34,44,53,,45,43,19,24,19,,17,16,24,26,20,17,24,38,25,21,25,18,28,25,22,28,15,17,30,22,22,20,28,35,18,17,20,24,17,13,30,19,35,,18,9,9,16,14,17,26,16,19,28,20,16,13,22,,14,18,17,,5,16,13,12,12,,12,15,5,,19,,21,14,18,16,16,16,15,,,,20,,20,,24,,12,,16,12,25,30,53,,28,,23,22,20,19,18,22,,17,15,17,11,13,13,,19,,,10,23,22,23,18,31,34,29,27,23,35,22,35,34,44,49,43,55,36,18,19,15,16,19,19,20,26,27,31,23,,28,17,23,24,15,17,15,12,,,,,11,24,,13,21,23,21,17,23,21,18,20,19,24,14,25,20,,30,26,,20,21,26,,22,24,,25,5,9,11,10,10,12,,9,41,35,33,44,,82,69,155,18,27,23,22,23,20,,64,43,55,58,69,,,21,,,,,16,,,,,,,,,,,,,,,,9,,,,,,,,,,,,,,,,,,,,,,,,,,,,,,,,,,,,,,17,12,17,16,21,15,23,17,13,,,16,28,39,26,25,,22,43,60,33,44,52,38,,41,50,49,,,44,57,,34,34,30,,29,,43,35,,,38,24,,,28,33,36,,,18,20,19,19,23,22,16,35,39,35,34,33,16,21,18,30,28,23,29,24,38,42,34,39,,27,25,15,,12,6,24,28,24,17,17,17,16,41,15,24,,,20,15,10,14,9,20,20,10,6,25,13,39,7,14,18,17,11,,,19,8,17,4,22,23,,11,21,19,,18,18,17,,15,17,11,21,15,18,16,,14,15,17,20,15,10,11,12,,12,20,8,14,18,8,,8,,5,,,,7,10,5,9,12,15,,11,,14,15,11,12,15,16,18,5,15,14,14,14,,8,10,9,20,17,16,15,7,,8,10,12,38,11,25,4,16,22,19,20,13,27,30,25,,12,17,20,27,20,,22,16,20,22,27,24,23,23,20,,20,26,26,20,20,40,17,18,19,16,18,,13,13,12,,21,16,24,14,,16,15,15,,17,12,16,12,9,,17,16,15,10,17,18,16,,16,12,12,22,28,,23,23,15,30,24,21,18,18,17,19,14,21,,21,20,20,,9,10,,19,13,9,11,,16,13,13,33,21,22,32,23,23,27,25,21,29,21,26,38,21,16,23,18,20,24,22,28,23,27,17,29,22,27,34,17,20,26,30,24,23,27,24,24,18,13,21,20,47,47,52,51,30,34,29,34,35,47,39,38,34,38,42,32,47,26,28,32,35,35,34,35,,45,38,40,21,16,,12,16,18,21,19,14,14,19,21,28,31,25,33,16,21,,,,23,28,,28,,24,22,23,28,,16,16,16,,,,,17,15,15,17,15,29,,22,,11,12,18,16,17,25,16,9,14,16,7,,,,,25,18,10,9,30,16,18,,16,14,17,20,19,12,16,4,31,20,19,22,24,29,,24,32,30,34,18,9,16,15,24,,23,16,,15,8,,7,11,13,,45,,6,,6,8,18,22,21,21,27,24,24,30,12,23,22,18,,25,20,,15,17,46,,66,75,10,19,169,172,,10,9,22,23,,,26,26,40,,27,22,20,31,7,24,19,,17,,,22,8,6,6,154,137,66,88,28,,100,51,50,53,39,109,129,125,88,,,43,32,,31,,44,81,96,124,16,18,19,31,16,18,16,46,35,,34,22,18,20,13,14,16,,8,,9,14,25,17,21,22,164,29,13,41,23,27,13,13,,,42,10,15,20,,30,24,27,14,,10,10,,,15,19,23,17,14,13,17,17,12,18,19,37,23,28,55,,20,15,,30,20,19,18,78,33,24,16,30,31,25,15,13,18,11,45,8,38,13,17,15,16,16,12,6,10,10,10,31,,32,15,26,20,16,25,23,22,19,14,29,26,32,24,17,20,25,26,,18,12,11,20,13,17,14,,,29,23,20,11,16,6,18,20,12,45,12,29,15,33,9,18,10,13,,18,30,28,35,29,25,113,21,23,20,23,28,19,19,23,23,27,29,24,36,39,26,19,15,19,12,13,22,21,17,23,32,35,36,33,36,34,25,30,28,28,35,29,29,16,28,26,32,38,31,9,33,,17,11,12,10,16,8,11,11,18,17,24,15,16,19,16,16,14,13,7,18,17,22,31,24,19,26,30,14,30,22,25,,23,15,29,14,10,14,14,9,14,,8,18,14,15,18,21,21,,14,38,25,21,19,26,19,49,37,35,37,40,32,12,16,13,9,10,12,37,20,13,35,27,33,34,14,7,9,18,15,17,20,18,15,17,15,23,18,14,108,100,94,107,115,80,19,16,14,25,27,31,23,42,21,29,28,24,29,46,29,7,17,34,45,14,14,17,11,12,16,15,15,17,18,15,15,16,20,16,14,20,33,24,12,23,21,23,22,13,24,14,19,16,23,12,12,12,20,17,13,12,16,4,18,12,,14,11,14,10,14,27,4,20,13,23,14,22,18,17,14,18,26,37,34,35,20,7,16,34,27,21,21,,23,19,22,17,24,22,28,19,20,8,9,12,21,15,18,45,34,20,33,23,19,65,52,45,45,25,40,34,38,28,19,51,36,38,61,57,54,59,42,52,16,15,18,22,10,13,13,30,24,21,19,19,33,27,23,27,24,38,98,187,160,16,19,43,43,22,42,30,29,22,20,33,32,26,27,40,,14,20,15,23,15,22,21,14,7,8,11,15,25,14,18,22,20,19,20,15,42,13,17,,22,13,21,109,62,55,19,53,33,34,52,34,43,39,26,20,16,28,18,14,25,16,31,31,26,24,37,29,42,35,16,23,17,38,27,42,21,12,25,18,8,8,24,13,11,10,18,36
20230729,14,SO2,,3,3,3,3,3,1,3,3,3,3,3,,,5,,2,4,5,,4,,4,4,,3,2,,2,1,3,3,2,1,5,,3,2,,3,2,4,2,4,,4,,2,3,3,9,4,7,9,,5,3,,3,5,10,8,7,10,9,5,3,1,,4,4,7,1,4,2,,5,4,2,4,5,,3,4,4,6,3,4,,6,6,,,8,7,6,6,7,7,8,,7,6,9,8,6,,8,4,4,8,4,7,5,4,6,5,,4,4,4,5,3,5,,4,4,2,6,5,6,,6,6,4,6,3,5,5,8,4,7,6,5,4,,2,5,7,5,4,3,3,5,4,6,3,6,7,5,,6,8,8,6,8,5,7,8,5,5,5,4,,,,6,8,,6,7,4,,,,6,,3,5,8,5,10,4,8,5,6,,,,6,4,,3,2,8,3,6,,7,6,7,5,6,8,4,3,,4,,7,5,,6,3,,4,6,6,,6,4,5,5,2,4,7,,,3,4,4,5,6,5,4,,4,,,2,,8,2,,4,2,3,5,3,4,,2,4,4,7,3,4,5,3,5,4,4,3,5,5,8,8,7,8,1,,4,2,3,3,1,3,,8,6,7,,5,5,10,,7,5,6,4,,4,7,5,7,6,,,6,8,7,7,6,5,1,3,3,2,1,1,3,2,3,5,8,7,5,6,5,5,,6,6,3,4,4,1,4,2,4,1,2,5,4,3,,4,6,8,7,6,6,5,8,4,5,6,4,4,7,,5,6,5,7,4,7,4,5,5,8,5,6,,5,6,8,5,6,6,10,5,6,3,4,,,9,7,6,3,4,4,5,3,8,12,10,,4,4,6,5,5,7,5,4,,6,5,8,7,8,,5,5,4,7,6,5,6,,,6,8,5,5,9,,3,4,2,2,,,5,1,6,6,4,7,4,6,7,5,5,,12,8,7,3,7,7,7,13,8,9,9,10,8,5,3,6,5,6,2,4,,4,,4,6,,24,,5,8,,,,,5,,,,11,14,5,6,16,4,4,,5,10,3,10,12,6,3,3,4,5,6,1,6,4,6,,,,,,,7,12,9,8,9,,4,5,4,2,4,6,3,2,2,5,1,5,2,2,9,7,8,,,4,,4,2,4,2,6,,6,2,,,2,1,1,10,,8,7,6,,8,9,9,9,7,5,3,4,6,8,,,,11,,,5,,5,7,7,8,4,8,7,3,5,4,,16,,,14,,16,19,12,4,4,8,3,7,,10,9,7,8,8,4,7,7,4,6,1,5,3,8,4,6,4,5,4,6,,6,5,7,,4,4,,6,5,2,3,4,,4,5,,,4,7,,4,,6,4,9,8,7,10,,5,7,,10,10,,9,,7,6,7,,8,6,12,14,15,,8,6,6,5,3,4,4,4,5,8,6,10,6,4,3,6,5,6,6,8,4,14,3,1,5,4,6,6,4,6,5,3,6,,5,5,4,4,2,4,6,5,3,4,2,4,5,2,,7,9,6,,4,9,6,9,8,,9,11,7,,3,,3,4,4,3,8,6,4,,,,1,,,,6,,3,,3,6,4,3,3,,5,,4,2,4,2,7,5,,4,6,7,6,7,1,,4,,,8,4,6,3,6,5,6,8,6,4,3,2,3,9,8,9,9,17,7,2,2,3,5,7,6,4,11,11,8,4,,26,7,19,6,4,5,7,3,,,,,1,3,,1,2,10,9,8,7,5,8,7,3,3,5,5,4,,4,3,,8,2,6,,6,4,,6,7,5,5,9,4,6,6,6,6,10,5,4,,6,11,4,18,62,7,6,8,2,,8,6,5,4,5,,,4,,,,,2,,,,,,,,,,,,,,,,5,,,,,,,,,,,,,,,,,,,,,,,,,,,,,,,,,,,,,,7,3,1,3,1,2,2,4,1,,,2,10,12,9,8,,8,6,7,3,5,7,6,,7,6,5,,,4,3,,10,9,3,,5,,10,16,,,5,5,,,5,8,12,,,2,2,7,10,10,7,6,2,3,4,5,3,3,5,7,8,8,4,6,9,9,5,2,3,,7,8,6,,7,6,6,5,6,4,6,,9,7,12,6,,,6,8,6,10,10,12,7,10,3,5,4,8,3,4,3,4,1,,,10,4,2,1,5,3,,6,4,4,,6,6,6,,4,8,4,7,5,2,5,,4,4,4,7,2,3,4,3,,3,5,6,7,8,6,,4,,5,,,,1,5,7,9,3,3,,3,,10,8,5,7,6,8,6,2,6,2,6,9,5,5,6,4,1,2,2,3,2,,8,4,4,8,25,4,28,12,13,12,11,6,5,10,6,,3,1,1,4,2,,1,5,4,6,9,6,7,13,1,,2,2,6,1,3,4,5,4,1,4,3,,3,2,6,,5,2,5,4,,4,3,4,,1,8,7,7,4,,6,6,4,8,9,4,3,,4,6,4,3,5,,4,7,7,5,4,5,7,6,6,7,4,5,,6,7,4,,7,8,,11,4,,1,,6,4,,9,10,7,7,8,12,8,7,4,5,5,5,5,3,4,2,2,4,5,5,6,3,7,7,8,9,12,10,8,6,5,5,5,2,15,10,6,5,,6,6,6,5,6,5,14,7,5,6,5,7,10,8,9,11,8,10,33,8,8,10,7,7,10,8,,16,4,2,8,2,,4,8,7,3,6,6,4,6,9,3,2,3,4,3,11,,,,7,8,,9,13,21,23,24,12,,7,8,6,,,,,6,6,6,6,7,3,,4,,4,6,11,13,10,10,3,4,5,5,5,,,,,3,2,4,4,6,4,2,,3,8,7,6,8,2,8,9,4,10,4,6,7,9,,8,8,5,4,6,9,5,8,22,,9,6,,8,8,,7,7,5,,7,,7,,8,8,1,6,7,9,6,8,7,8,5,5,4,8,,14,11,,8,6,8,,6,4,9,3,5,6,,4,6,7,8,,,16,5,4,,10,12,7,9,11,9,5,,5,,,6,5,4,6,7,4,6,5,5,,7,8,10,5,5,6,2,3,2,,,8,6,,5,,4,9,8,8,24,3,4,5,4,4,4,3,10,,5,2,7,1,4,2,2,,3,,6,9,4,,6,,5,7,5,6,6,9,5,3,,,2,4,5,6,,12,15,6,11,,5,4,,,2,3,6,4,8,6,2,4,5,5,5,5,6,7,10,,3,2,,5,2,10,10,5,20,3,10,6,3,3,5,4,2,4,10,3,15,4,2,2,6,4,9,3,,6,7,6,,5,4,7,3,4,5,3,5,6,4,4,6,5,4,7,3,1,4,9,3,5,6,6,8,5,4,,,6,5,3,5,8,7,7,3,4,7,3,,6,11,6,3,4,3,,4,10,10,8,8,4,5,6,7,7,7,5,6,2,6,5,3,5,8,14,14,11,2,7,6,7,7,6,2,4,4,5,6,11,7,4,6,6,3,6,8,7,6,2,5,6,9,7,1,2,6,8,,6,9,5,4,9,2,3,2,4,3,2,1,8,4,2,7,3,6,8,10,5,7,7,8,8,8,9,7,10,12,3,,3,5,4,4,6,9,10,6,6,,2,5,4,4,7,,11,,5,8,6,6,6,9,5,5,9,7,6,16,6,2,1,3,5,4,5,6,7,4,3,3,,15,5,1,5,7,4,4,5,5,6,6,3,5,2,5,4,4,1,6,7,23,5,8,5,8,6,6,5,5,10,3,5,6,7,3,2,5,3,4,4,8,5,4,6,6,2,3,3,1,6,3,4,1,9,8,5,15,6,9,9,9,8,4,4,2,2,6,5,6,10,3,4,10,3,4,6,5,4,3,6,6,,2,2,4,3,9,6,7,11,6,3,4,1,3,7,3,8,2,7,10,3,19,5,3,5,2,3,3,,8,4,7,4,6,6,6,6,5,5,4,2,,3,3,9,9,6,6,9,6,11,1,2,1,1,3,1,3,5,1,5,7,9,3,8,7,10,7,9,2,3,4,3,8,10,2,7,8,5,6,7,7,5,3,4,6,10,10,3,4,5,,5,6,7,26,9,6,9,4,7,7,4,2,9,,7,3,4,3,6,8,3,4,6,6,5,6,1,3,7,6,4,6,4,3,6,4,4,,6,6,1,7,6,7,8,5,3,2,3,3,3,5,17,3,3,,9,4,6,5,3,1,3,3,3,3,,6,6,4,7,7,5,13,6,4,3,3,6,7,11,16,4,7,5,10
20230729,14,SO2_24h,3,3,3,3,3,3,1,3,3,3,3,3,,,5,,2,4,5,,4,,4,4,,3,2,,2,2,2,3,3,2,6,,2,3,,3,3,4,2,5,,5,,2,3,2,8,4,6,9,,5,2,,2,2,8,7,7,10,9,5,2,2,,4,5,7,2,4,2,,5,5,3,4,7,,3,7,7,7,6,4,,6,6,,,8,7,6,7,5,10,21,,6,8,13,12,10,,9,4,4,7,4,7,5,4,6,5,6,4,4,4,5,3,5,4,4,4,3,8,5,6,3,7,6,5,6,3,4,5,8,4,8,6,3,4,,2,6,7,5,4,3,3,6,11,6,4,6,7,5,,6,8,8,6,8,6,6,8,4,4,4,4,,,,6,8,,6,7,4,,,,6,,3,5,7,5,10,5,8,5,6,,,,7,5,,2,4,5,7,6,,7,5,7,4,6,7,4,3,,5,,7,5,,6,4,,4,5,6,,6,4,5,5,2,4,7,,,3,4,4,4,6,5,4,,4,,,2,,7,3,,4,2,3,5,3,4,,2,3,4,4,2,4,4,3,5,4,4,3,5,5,8,8,7,8,2,,4,2,2,3,1,3,2,8,6,7,,5,4,10,,7,5,6,4,,4,7,5,6,5,,,5,6,9,6,5,5,1,1,3,2,1,1,3,2,3,6,8,7,5,6,5,5,,6,6,3,5,4,1,4,2,4,3,2,5,4,4,,5,5,9,7,6,6,6,7,4,5,6,4,4,7,,5,6,5,7,5,7,5,5,7,11,5,6,,6,5,9,6,6,7,11,6,6,3,5,,,9,8,7,4,5,5,6,4,9,16,8,10,5,6,7,5,6,9,6,8,,7,5,8,7,8,,5,5,4,7,7,5,6,,,6,9,5,4,7,,3,3,2,2,,,3,8,5,5,3,6,4,6,6,5,4,,10,8,8,4,6,6,7,12,8,11,10,10,7,5,3,6,6,6,2,5,,4,,4,7,,8,,5,7,,,,,5,,,,13,12,5,6,14,5,5,,6,10,3,10,13,6,4,4,4,6,6,1,6,4,7,16,,14,11,14,8,7,10,9,7,7,,5,6,4,3,4,6,3,3,2,5,2,5,2,2,8,7,8,,,4,,4,2,4,2,6,,6,2,,,2,1,1,11,,9,6,7,,10,9,10,8,6,6,3,3,5,7,,,,10,,,5,,4,8,7,8,5,8,6,4,4,4,,9,,,16,,13,12,12,4,4,8,5,8,,13,10,6,8,8,4,7,7,4,11,1,5,2,7,4,7,4,5,4,6,,6,7,9,,4,4,,7,6,3,6,5,,12,5,,,3,5,,4,,9,9,10,10,8,10,,11,8,,9,8,,8,,9,7,8,,8,7,12,15,16,,7,6,5,5,3,4,4,7,5,7,5,4,6,5,4,6,5,6,6,12,13,11,3,3,5,5,6,6,4,6,5,3,7,,6,5,4,4,2,4,5,5,3,4,2,3,5,2,,6,8,6,,4,10,7,9,8,,11,10,7,,3,,3,4,5,3,8,6,4,,,,1,,2,,6,,3,,2,6,4,3,4,,6,,4,2,4,2,8,5,,9,8,9,6,7,2,,4,,,8,4,6,3,6,7,11,13,6,5,4,2,4,19,20,10,20,24,12,1,2,3,6,6,6,8,10,9,8,5,,10,7,15,7,5,5,6,3,,,,,1,2,,2,1,8,9,8,5,6,4,6,2,2,5,5,4,,4,3,,8,2,5,,6,4,,5,7,5,5,9,4,6,6,5,4,6,5,4,,21,31,4,18,26,8,11,9,2,,6,7,6,5,6,,,4,,,,,3,,,,,,,,,,,,,,,,5,,,,,,,,,,,,,,,,,,,,,,,,,,,,,,,,,,,,,,7,2,1,3,1,2,2,3,2,,,2,9,10,9,8,,8,6,7,6,5,7,11,,8,8,6,,,4,4,,15,14,3,,7,,16,21,,,5,4,,,4,4,14,,,3,3,7,10,10,5,7,3,3,7,7,5,2,6,10,8,9,4,6,11,8,5,2,4,,8,8,5,,7,5,7,6,5,4,6,4,8,6,8,5,,,5,8,7,9,10,13,6,9,6,5,6,14,7,2,3,4,1,,,9,8,4,2,5,3,,6,8,6,,6,5,7,,4,8,6,7,5,2,3,,4,4,4,8,2,3,5,4,,4,5,6,7,9,7,,5,,6,,,,2,6,8,7,3,4,,3,,7,6,6,6,6,8,6,1,10,4,7,10,5,4,6,3,2,3,4,5,2,,8,3,4,6,9,6,28,15,16,16,13,11,9,10,8,,4,6,7,4,4,,1,5,5,6,8,8,9,13,1,,3,3,7,2,4,4,5,4,3,8,9,,4,4,6,,6,2,5,4,,4,3,4,,1,8,5,7,4,,6,5,4,7,9,4,4,,4,6,4,6,5,,5,8,8,4,5,5,6,6,6,7,4,4,,7,8,5,,6,7,,10,5,5,2,,6,4,6,10,10,6,19,8,11,12,9,4,8,6,7,8,4,5,3,3,5,6,5,6,3,6,8,8,10,13,11,10,5,8,8,9,2,13,10,9,6,6,6,5,8,6,7,6,6,7,6,8,6,9,6,7,6,8,8,17,31,7,8,11,10,6,14,10,,15,4,3,6,3,,6,7,6,4,6,5,3,6,5,3,3,2,3,3,10,,,,6,8,,9,8,10,12,11,12,,7,8,6,,,,,5,5,6,6,7,2,,4,,4,5,9,11,9,12,2,4,9,5,5,,,,,3,2,4,4,27,5,2,,5,8,7,8,9,2,8,8,5,9,4,6,13,36,,11,15,6,5,7,9,5,8,15,,8,6,,7,7,,6,7,4,,7,,7,,8,8,2,6,9,8,5,7,7,8,5,5,4,8,,105,40,,6,6,7,,7,5,5,3,5,5,,5,5,8,7,,,6,5,4,,11,10,13,10,11,10,5,,5,,,7,5,4,6,6,4,4,5,5,,7,8,9,6,6,7,3,3,4,,,7,6,,5,,4,9,9,9,14,2,4,5,5,5,4,3,10,,6,2,8,2,4,2,2,,3,,6,6,3,4,7,8,11,8,4,6,6,8,5,4,,,2,4,5,6,,9,16,6,6,,5,4,,,2,3,6,4,7,6,2,4,5,5,5,6,6,7,9,,4,2,,6,4,8,6,5,16,4,7,16,3,4,6,3,2,5,16,3,23,4,2,2,6,4,8,5,8,7,8,6,,2,4,9,3,3,5,3,6,6,4,4,7,4,4,9,3,1,5,24,3,5,5,7,8,5,4,,,5,4,6,7,8,6,6,3,4,6,2,10,7,16,6,3,4,3,,5,10,6,18,44,5,7,6,7,6,7,5,7,2,5,6,3,6,8,19,12,10,2,7,7,7,6,6,2,4,5,6,6,8,8,4,6,6,4,6,7,7,14,2,7,6,8,7,7,2,6,8,,6,9,5,4,9,2,3,2,5,4,2,1,8,4,2,8,3,6,8,10,5,9,8,6,9,9,8,8,11,12,2,,3,6,6,3,6,10,8,4,6,,1,4,4,4,9,8,9,,6,7,5,7,7,7,5,5,11,33,8,10,5,2,1,3,5,4,4,5,7,4,4,3,16,14,4,2,5,6,4,5,5,5,6,6,2,5,2,8,4,7,1,6,6,8,6,8,5,8,6,5,5,6,9,3,6,7,7,2,2,5,4,5,5,8,4,3,6,6,2,3,4,2,6,3,4,3,10,8,4,19,7,11,7,9,8,5,3,2,2,6,5,6,7,3,3,9,3,4,7,6,5,2,5,6,,4,2,4,3,8,5,7,10,5,3,4,2,2,7,3,15,4,16,10,3,6,5,5,5,2,3,3,,8,5,7,8,6,6,7,5,4,5,4,1,6,4,2,12,9,6,7,14,6,9,2,2,1,3,3,3,3,4,7,6,7,9,4,8,8,10,7,9,2,4,5,3,8,12,2,7,6,6,8,7,5,4,3,3,6,9,6,6,6,4,7,6,9,7,23,10,7,10,4,8,9,7,17,13,,6,3,4,2,6,6,2,4,6,7,5,7,2,3,7,3,4,6,6,3,7,2,4,,5,6,1,9,6,7,8,5,3,2,3,3,3,8,10,4,4,15,11,8,6,4,4,3,3,3,3,3,9,6,4,3,8,5,5,10,5,4,4,6,6,7,9,11,4,8,6,10
20230729,14,NO2,12,7,10,19,32,17,21,6,10,12,15,17,,,6,,10,10,15,,6,,12,2,,3,8,,6,7,6,4,8,8,8,,2,3,,2,2,8,10,13,,8,,6,3,8,4,4,2,6,,9,8,,10,10,6,10,6,8,7,3,9,13,,8,6,6,4,2,6,,8,6,7,16,13,,4,19,26,15,16,9,,7,9,,,5,6,9,10,7,18,17,,10,11,14,20,15,,9,12,10,8,5,6,8,14,5,8,,11,8,4,5,8,4,,6,,6,6,5,5,,8,12,13,12,10,5,7,7,8,11,8,12,3,,10,10,9,15,2,8,3,2,3,4,10,5,2,4,,2,2,4,1,2,4,12,12,9,11,9,3,,,,5,4,,5,1,4,,,,8,,8,13,4,7,12,8,7,7,8,,,,2,4,,10,4,7,9,6,,5,5,8,5,4,6,1,3,,5,,6,8,,4,,,12,6,11,,8,8,7,12,8,13,10,,,1,10,11,10,7,9,,,8,,,10,,1,8,,4,4,9,8,3,7,,8,6,9,9,8,3,4,3,8,10,3,5,4,9,5,5,2,6,1,,8,8,7,6,6,5,,10,5,14,,7,7,5,,10,24,26,21,,17,28,28,19,2,,,6,8,6,5,7,6,13,7,8,14,6,8,7,12,13,10,16,12,8,10,10,16,,14,6,9,2,9,6,5,6,3,4,1,2,19,16,,16,18,29,20,18,20,14,13,20,21,20,28,40,24,,9,4,17,35,18,12,6,3,3,5,11,20,,5,15,11,9,9,5,5,4,6,9,4,,,19,20,27,11,11,7,14,18,9,7,13,,9,12,16,9,5,16,14,15,,7,11,12,8,7,,8,17,5,8,17,5,11,,,13,15,7,9,22,,9,8,17,9,,,11,2,13,12,10,10,5,8,12,9,5,,13,10,9,19,13,12,2,10,8,6,8,8,12,14,17,4,11,9,7,5,,16,,12,15,,17,,18,19,,,,,7,,,,13,12,23,29,44,26,15,,29,6,3,8,12,4,2,5,4,3,4,1,3,6,4,,,,,,,13,12,9,8,10,,9,6,7,5,6,10,12,7,10,5,2,6,2,5,6,9,6,,,6,,3,2,2,2,2,,2,8,,,2,5,3,17,,8,14,7,,7,7,6,13,6,2,,2,2,4,,,,2,,,2,,2,1,1,2,10,2,2,2,4,9,,3,,,6,,3,9,5,16,15,9,17,6,,3,7,7,11,6,10,5,6,5,4,12,6,9,9,9,8,5,7,6,5,,5,9,8,,6,7,,3,4,6,1,4,,7,6,,,2,7,,7,,10,5,6,14,4,13,,11,9,,18,17,,18,,17,16,16,,16,12,,9,6,,8,7,7,9,10,9,3,7,10,10,11,7,10,6,14,21,6,7,7,1,2,3,6,8,3,5,7,5,4,4,4,6,8,,4,6,8,5,5,10,7,10,6,8,6,15,10,6,,3,6,9,,2,6,12,6,2,,12,8,2,,9,,11,14,14,11,4,2,4,,,,4,,8,,9,,2,,4,3,4,9,17,,10,,13,10,9,11,4,9,,2,8,3,8,6,2,,3,,,1,2,4,3,4,4,4,5,9,4,3,6,5,5,10,14,10,15,10,4,4,4,7,6,4,7,6,5,11,6,,42,16,36,20,14,6,2,2,,,,,2,7,,2,4,8,9,10,8,10,10,6,9,10,6,10,5,,12,15,,5,3,8,,11,7,,12,2,5,9,13,14,8,7,8,8,10,7,8,,6,9,4,6,8,8,7,5,7,,9,2,7,8,3,,,16,,,,,5,,,,,,,,,,,,,,,,3,,,,,,,,,,,,,,,,,,,,,,,,,,,,,,,,,,,,,,6,3,3,7,2,4,3,4,2,,,2,16,18,18,14,,16,4,8,9,1,7,10,,11,13,11,,,12,13,,14,15,11,,8,,5,8,,,13,5,,,5,5,7,,,5,3,4,3,10,6,5,7,8,8,2,4,6,3,6,13,10,11,13,12,4,4,7,4,,8,11,4,,3,2,3,4,6,4,9,6,6,9,6,8,,,2,10,10,15,6,6,4,7,22,7,7,2,2,5,5,7,3,,,4,10,5,2,7,6,,3,2,2,,1,6,2,,3,2,4,5,2,5,2,,12,4,4,8,5,6,7,7,,8,2,2,3,6,6,,4,,7,,,,2,4,3,4,2,3,,2,,28,15,12,8,5,8,2,7,5,10,3,5,,1,4,1,5,7,4,5,9,,10,4,4,8,13,6,3,5,5,6,4,3,5,10,4,,2,2,2,1,2,,4,3,6,4,3,3,5,8,33,,5,8,4,3,1,2,3,3,8,8,2,,14,11,9,,8,4,8,4,,3,1,5,,3,1,2,3,2,,6,2,4,3,4,6,3,,3,2,2,2,2,,7,2,5,2,2,2,10,8,8,8,3,1,,6,6,6,,4,5,,3,4,,3,,3,3,3,6,6,2,5,6,7,5,3,3,2,3,2,3,4,3,3,1,1,50,1,6,5,10,3,9,7,6,6,3,4,2,1,2,3,8,4,7,2,,6,4,8,7,16,5,21,9,16,9,6,14,18,13,17,12,6,6,14,8,6,9,7,3,9,10,,10,4,4,6,2,,1,2,13,9,6,7,7,7,11,8,6,5,7,5,5,,,,5,7,,6,10,18,18,22,11,,2,6,5,,,,,8,5,6,7,5,7,,10,,6,4,7,4,5,5,5,7,9,14,6,,,,,6,4,5,3,6,4,16,,2,6,5,4,6,3,12,13,11,6,9,10,5,8,,6,5,6,8,8,9,5,6,5,,4,4,,9,5,,4,6,5,,5,,2,,2,3,5,6,3,6,4,5,4,6,2,5,3,6,,7,7,,5,5,8,,4,5,12,12,10,8,,5,4,3,5,,,11,3,6,,6,8,3,6,1,6,18,,2,,,,6,4,3,22,23,5,6,8,,17,6,7,4,,2,6,10,10,,,13,11,,10,,5,3,1,13,31,9,4,8,2,5,7,4,9,,8,4,10,7,14,10,10,,7,,2,8,8,,9,,8,5,1,8,10,5,4,6,,,11,4,7,7,,16,12,9,4,,6,5,,,10,5,10,2,6,5,1,5,4,7,8,17,11,11,21,,9,3,,13,8,5,5,5,7,5,1,6,8,9,1,6,15,5,13,1,11,3,3,8,7,7,2,4,,5,4,3,,2,10,35,3,4,5,2,1,2,6,3,6,2,6,8,13,11,10,5,2,4,2,14,12,6,6,,,10,5,5,8,6,2,4,9,5,6,5,8,5,16,8,5,7,4,,2,10,10,7,11,8,8,9,6,11,6,8,4,6,11,10,4,6,6,9,5,14,6,2,2,6,4,1,9,8,7,16,27,27,19,24,21,22,28,28,7,4,5,14,4,3,14,15,4,2,4,15,,5,8,5,4,5,2,2,2,12,8,3,3,2,9,6,5,8,6,11,6,6,1,6,3,9,13,8,6,11,7,6,,2,3,3,2,23,6,2,2,2,,2,4,5,8,6,,5,,8,5,4,9,2,6,3,6,3,4,6,17,6,4,3,8,7,4,6,6,9,2,4,3,,8,2,6,8,6,5,8,12,1,4,2,9,2,5,1,5,23,9,27,18,4,12,8,4,7,25,13,4,7,7,14,3,5,8,12,4,10,,6,5,6,2,6,8,7,7,7,4,6,4,9,7,5,13,4,2,8,7,5,3,8,8,6,5,4,6,7,8,5,9,12,2,4,3,1,7,1,,5,3,7,,8,5,4,2,8,10,4,10,2,15,14,11,4,5,4,4,6,6,6,12,5,2,6,6,4,3,3,,8,3,14,3,6,13,11,13,10,7,4,8,,4,4,10,10,8,9,15,2,20,3,7,16,2,8,6,1,8,5,2,6,10,12,6,3,2,8,7,6,7,17,18,6,10,2,,7,5,7,3,6,5,16,8,8,2,27,7,6,3,5,13,14,19,5,3,41,6,21,21,26,7,10,6,,1,3,7,10,7,4,1,6,7,22,15,7,3,4,5,9,8,12,3,2,10,15,5,,6,4,4,3,12,20,4,11,3,12,2,12,7,9,7,5,26,,11,4,2,6,5,2,3,4,15,2,11,7,5,2,11,7,11,10,8,10,6,2,4,7,6,2,2,2,8,28
20230729,14,NO2_24h,29,6,20,26,30,30,30,17,13,18,34,18,,,13,,18,17,20,,18,,22,10,,8,17,,11,14,16,8,14,14,14,,15,19,,19,14,10,15,21,,20,,5,3,8,11,14,13,14,,17,8,,13,13,9,27,21,22,25,9,18,22,,17,19,16,22,8,12,,7,8,9,13,23,,7,22,20,23,17,27,,20,27,,,24,26,28,25,15,26,18,,16,13,14,16,15,,11,13,12,9,9,9,11,13,10,12,12,17,13,9,11,12,7,2,12,11,12,10,12,8,9,14,17,20,18,18,6,11,17,8,7,8,8,2,,8,13,6,12,6,10,6,5,6,7,12,8,6,4,,2,3,6,2,2,6,8,9,3,7,6,5,,,,7,7,,7,6,8,,,,14,,10,16,7,10,14,10,10,9,14,,,,7,7,,17,17,14,8,6,,5,7,8,5,4,5,2,3,,5,,5,7,,13,10,,11,12,13,,11,7,15,13,5,7,6,,,2,6,5,9,6,3,8,,13,,,9,,2,9,,4,4,6,6,2,3,,15,17,11,10,10,9,5,4,14,12,7,9,8,13,7,14,7,11,2,,6,7,6,4,8,5,,12,14,12,,7,8,6,,14,20,25,22,,23,26,26,23,4,,,7,9,12,8,7,9,13,6,10,12,7,8,7,8,13,17,22,18,19,19,20,18,,19,13,10,7,15,10,12,12,7,11,9,3,45,17,,25,28,20,22,28,23,21,13,13,15,14,18,20,20,,10,7,12,25,14,14,7,6,10,15,17,14,,11,25,24,12,9,7,6,9,11,12,8,,,17,14,19,18,13,11,13,18,22,24,19,20,26,25,49,21,27,18,32,40,,15,19,16,13,6,,24,40,20,19,34,18,15,,,41,34,33,20,26,,10,25,28,22,,,19,5,13,27,14,15,13,21,18,19,16,,15,14,12,19,14,16,11,17,19,10,15,14,19,12,22,11,15,14,10,9,,21,,15,17,,25,,22,28,,,,,10,,,,15,21,19,25,27,22,9,,13,12,8,13,15,9,8,15,9,8,10,12,5,14,5,32,,23,32,26,24,23,16,17,20,30,,11,10,12,6,3,7,4,10,14,7,3,8,3,10,5,7,4,,,10,,6,3,4,3,6,,7,11,,,9,10,8,20,,12,14,10,,14,11,9,9,7,3,2,2,2,6,,,,5,,,9,,6,6,4,5,12,2,3,7,7,7,,5,,,11,,6,9,11,9,10,10,12,6,,14,19,18,15,20,14,11,11,11,15,11,12,12,7,6,5,16,12,12,13,,12,11,8,,8,9,,9,6,12,6,6,,20,10,,,4,13,,23,,23,22,18,25,7,10,,4,4,,19,23,,23,,13,14,13,,13,11,22,18,10,,7,7,8,13,13,8,3,20,16,10,16,6,16,12,15,22,9,8,15,10,5,9,12,14,8,9,11,7,8,2,11,11,11,,8,10,11,9,8,9,8,17,8,9,7,12,10,9,,6,8,9,,4,11,14,11,5,,14,12,2,,7,,8,10,12,9,4,2,3,,,,5,,7,,10,,4,,10,7,9,14,18,,8,,20,20,14,13,9,14,,8,14,8,12,10,4,,6,,,2,8,11,8,4,6,14,13,14,8,4,5,8,10,21,19,19,21,13,8,8,6,16,13,11,14,18,18,19,16,,14,14,24,29,15,11,6,8,,,,,3,9,,7,4,13,10,13,14,9,14,10,16,16,12,16,12,,12,14,,11,6,18,,14,18,,17,5,6,17,13,11,11,9,10,14,17,14,12,,15,18,18,8,11,14,12,3,5,,7,3,16,9,4,,,24,,,,,6,,,,,,,,,,,,,,,,5,,,,,,,,,,,,,,,,,,,,,,,,,,,,,,,,,,,,,,9,6,6,8,4,5,4,6,2,,,4,15,16,16,13,,14,18,18,19,15,24,18,,15,19,14,,,16,19,,21,25,25,,22,,11,13,,,14,12,,,9,7,18,,,11,8,5,9,13,7,6,12,11,10,8,7,5,7,9,14,15,19,16,19,10,9,15,13,,14,14,6,,4,4,8,11,9,7,9,7,13,16,10,14,,,6,13,11,16,8,12,5,8,5,12,11,2,7,8,8,11,4,,,10,13,8,2,12,10,,5,7,9,,8,8,12,,8,9,10,10,7,6,3,,7,8,7,13,9,6,9,9,,9,4,3,4,15,11,,8,,10,,,,2,7,6,5,4,5,,5,,14,15,14,4,3,5,3,4,9,12,8,6,,3,7,3,6,9,7,5,7,,6,4,6,9,7,6,3,7,10,7,10,6,10,12,9,,3,4,3,5,5,,7,4,8,8,9,7,9,12,23,,8,14,7,3,3,3,3,5,7,8,4,,14,10,8,,9,5,10,8,,7,5,7,,5,4,3,6,5,,8,2,6,4,7,9,6,,8,4,6,10,7,,13,14,5,6,5,4,11,10,9,10,10,6,,7,8,9,,4,5,,6,4,5,6,,3,4,5,9,11,8,8,11,9,12,10,5,6,7,8,8,5,6,6,3,4,29,9,15,12,18,5,10,9,11,13,2,8,5,4,8,4,13,10,10,5,3,8,9,30,11,22,21,16,9,11,13,13,21,15,13,12,11,9,10,16,14,13,15,14,10,14,16,,10,8,11,7,9,,6,5,14,12,15,11,10,11,15,12,18,19,14,5,26,,,,11,13,,12,16,23,23,26,24,,11,8,8,,,,,9,7,9,10,9,14,,10,,14,6,11,10,11,14,4,10,14,14,7,,,,,11,7,5,5,16,17,16,,5,8,6,10,11,6,13,15,15,12,10,11,18,18,,9,10,12,13,12,12,10,11,10,,11,9,,9,10,,7,8,12,,8,,9,,4,5,10,12,13,10,18,13,13,12,2,7,5,8,,12,13,,10,11,15,,8,9,18,18,16,16,,5,4,12,21,,,18,16,31,,11,10,12,11,7,6,15,,7,,,11,9,5,7,21,19,21,24,9,,11,9,10,8,7,11,14,14,10,,,17,13,,22,,9,10,9,24,16,4,7,17,8,17,12,10,14,,28,8,14,15,6,10,11,,11,,4,10,18,11,22,21,15,12,7,14,14,10,6,10,,,20,2,13,13,,19,16,17,4,,6,10,,,11,10,13,2,10,8,5,7,6,12,7,36,17,14,24,,15,7,,18,12,9,8,6,22,11,4,9,12,18,6,4,17,5,31,3,18,7,6,13,19,13,6,8,7,7,8,11,,4,9,37,4,8,26,3,4,5,5,4,25,6,10,14,15,16,10,19,6,11,2,21,11,12,16,,,15,6,10,14,6,4,6,14,10,13,8,8,14,21,6,6,7,6,,5,23,17,12,18,14,21,8,7,7,7,10,6,7,10,6,12,24,20,11,22,18,12,5,3,8,3,1,12,6,10,19,35,25,18,23,16,11,19,25,10,10,15,11,8,18,15,14,9,4,18,16,,17,7,12,5,13,3,3,4,12,9,6,5,7,9,5,8,12,9,18,13,16,7,16,15,12,19,21,10,26,21,16,,13,10,14,5,23,12,6,5,4,,2,9,11,13,15,16,13,,13,29,8,12,5,7,4,18,8,12,10,14,13,6,6,15,7,6,6,10,9,2,11,6,41,24,4,6,11,7,6,15,13,7,10,3,3,2,5,2,7,20,9,23,11,7,20,7,7,6,18,10,13,11,7,14,14,8,10,14,9,9,15,11,21,19,3,8,9,9,10,11,7,5,6,11,9,7,13,8,6,13,9,13,6,19,17,11,12,20,12,15,13,8,14,12,5,7,9,9,11,5,13,6,3,12,,11,9,9,5,11,21,8,12,4,16,5,8,6,4,5,13,12,12,12,7,11,4,7,13,11,4,5,,8,5,18,4,9,15,22,22,14,12,10,14,3,7,3,24,15,12,10,16,2,34,13,16,16,13,20,21,20,9,4,10,16,18,25,19,20,17,22,25,9,6,16,9,10,9,4,21,16,10,13,7,12,12,15,11,14,2,15,9,10,10,12,18,14,17,11,5,23,7,16,15,20,15,23,30,,4,3,6,7,16,10,7,8,10,22,16,9,12,8,12,17,12,18,13,7,15,15,18,,10,7,3,10,16,20,5,16,12,19,16,9,30,24,9,11,23,26,24,8,4,7,22,17,10,5,19,15,32,27,5,2,8,11,16,14,11,5,11,8,4,8,14,7,4,6,14,14
20230729,14,O3,48,119,41,46,,65,70,59,100,113,67,73,,,52,,48,58,39,,59,,26,44,,35,79,,59,60,64,49,48,68,61,,33,28,,30,27,68,30,44,,52,,33,43,39,50,56,58,85,,77,150,,147,150,151,89,108,97,111,100,69,53,,61,67,64,60,68,68,,44,43,40,44,107,,99,97,86,100,89,106,,147,150,,,148,143,144,145,55,57,52,,56,55,56,49,62,,70,34,38,23,32,35,37,30,29,35,,65,71,70,72,75,64,,58,61,78,118,94,83,,99,106,102,104,103,90,98,110,36,32,30,40,26,,37,30,27,27,55,63,70,60,62,64,53,62,65,54,,60,63,62,60,56,56,33,34,37,27,36,44,,,,58,62,,71,64,65,,,,70,,61,57,49,63,57,55,57,61,58,,,,65,65,,76,73,74,64,61,,65,60,56,63,56,61,44,47,,46,,61,62,,60,60,,64,63,68,,66,66,64,53,33,25,33,,,38,30,29,50,53,52,36,,48,,,68,,61,58,,49,47,43,21,25,23,,72,61,68,74,72,69,66,66,56,49,59,60,57,59,55,59,61,62,,,64,63,65,58,,29,,58,69,47,,56,72,47,,86,22,37,32,,43,41,35,34,24,,,34,43,29,44,40,35,38,40,49,38,40,36,39,31,45,77,63,92,85,90,54,76,,48,58,79,95,84,107,101,99,95,110,111,89,163,159,,116,138,99,203,159,137,141,143,28,35,31,38,25,45,,53,54,45,28,70,81,69,77,122,105,108,94,,97,181,188,87,94,63,67,99,101,94,106,,,111,93,80,88,88,94,63,51,144,133,151,,155,158,160,127,116,170,120,156,,102,107,127,107,96,,118,153,118,153,157,134,141,,,150,142,148,133,149,,175,190,166,170,,,203,113,84,115,89,100,96,106,105,115,100,,79,100,90,84,92,89,118,116,105,118,104,104,93,78,73,79,64,91,89,91,,66,,80,72,,195,,184,185,,,,,127,,,,172,153,35,48,54,55,59,,56,93,90,97,100,105,93,86,83,94,91,85,74,93,75,,,,,,,151,162,152,149,154,,39,35,39,34,27,23,22,47,46,52,35,42,41,40,61,61,68,,,36,,52,45,46,40,70,,68,56,,,60,64,62,40,,35,19,37,,57,65,62,53,53,26,30,31,30,22,,,,42,,,53,,54,39,43,37,33,36,42,31,37,28,,51,,,129,,137,154,118,57,71,69,74,78,,116,115,118,112,112,104,129,113,106,106,64,67,61,70,63,60,93,86,96,89,,103,204,159,,98,98,,88,87,92,89,75,,69,79,,,67,61,,114,,128,124,127,119,77,71,,66,66,,90,100,,91,,89,86,93,,94,94,148,145,151,,57,53,61,56,50,56,102,64,64,69,61,65,58,52,22,23,43,44,41,50,43,48,48,50,63,58,53,60,56,46,78,77,75,,77,68,67,59,58,63,104,97,102,93,98,61,70,67,,65,62,65,,66,59,67,68,58,,73,68,69,,40,,44,41,46,47,46,25,34,,,,44,,42,,47,,50,,63,57,60,76,80,,82,,96,99,,108,86,86,,73,76,78,71,72,86,,105,,,98,79,77,66,64,107,109,102,94,68,85,100,87,122,151,172,160,150,130,64,77,94,99,126,101,127,112,118,110,119,,48,61,51,83,74,92,90,93,,,,,112,137,,140,85,104,122,106,95,117,87,94,96,100,90,101,100,,85,81,,85,93,136,,119,119,,113,66,79,90,98,86,73,100,94,119,136,141,140,,137,139,143,144,152,123,128,117,115,,126,109,124,123,135,,,27,,,,,43,,,,,,,,,,,,,,,,35,,,,,,,,,,,,,,,,,,,,,,,,,,,,,,,,,,,,,,68,69,63,64,67,59,61,61,59,,,,77,73,73,78,,68,117,129,120,126,125,122,,120,118,115,,,98,83,,90,92,97,,101,,139,146,,,135,85,,,144,148,147,,,81,80,136,143,131,127,130,74,69,114,75,85,48,48,50,53,71,69,64,66,63,69,70,67,,78,76,58,,33,29,28,35,100,92,104,105,36,38,37,86,,,98,74,76,73,72,90,81,76,106,95,103,101,92,96,92,88,122,,,112,77,85,100,98,87,,68,65,65,,66,67,63,,53,60,59,55,35,58,70,,39,48,50,48,51,44,42,41,,47,52,50,53,70,76,,50,,51,,,,43,44,43,41,62,63,,43,,42,50,60,71,64,67,64,,60,60,59,,,65,68,65,,78,77,75,,,49,73,53,49,51,53,59,95,98,94,93,40,42,49,50,,34,55,51,47,50,,89,91,102,106,66,70,74,71,68,,55,62,61,62,56,46,47,49,29,41,37,,31,33,35,,28,36,32,48,,53,52,59,,62,66,70,66,69,,57,60,55,58,61,58,60,,74,74,71,65,70,,61,62,59,73,72,84,78,80,88,83,109,80,,66,75,71,,57,61,,89,66,,79,,42,41,46,90,77,106,121,132,133,123,114,85,89,88,85,93,84,97,95,96,95,98,113,113,114,107,110,118,116,110,121,90,103,118,100,94,78,90,87,79,93,,69,78,130,129,144,119,93,113,108,94,93,113,152,149,134,143,125,113,127,126,132,120,118,80,100,106,,161,122,102,82,76,,79,93,119,121,105,118,114,104,112,99,114,124,116,20,135,,,,103,101,,95,125,133,137,132,109,,126,112,105,,,,,113,144,142,129,140,93,,107,,70,111,130,106,102,105,77,75,71,65,77,,,,,104,113,69,71,103,103,92,,81,51,50,91,96,74,70,71,77,77,53,55,85,80,,78,92,80,82,78,71,88,66,57,,51,51,,83,76,,104,95,104,,97,,84,,44,44,72,88,80,89,158,140,147,140,73,111,94,56,,150,148,,116,114,158,,146,149,89,93,145,144,,73,76,140,132,,,168,165,161,,155,147,125,119,88,137,128,,132,,,108,98,102,96,89,79,121,123,81,,56,126,116,118,113,118,111,110,110,,,135,101,,90,,107,114,115,32,54,36,67,143,47,59,63,56,123,,100,67,68,73,30,66,63,,50,,40,61,188,,87,,138,115,64,60,50,102,64,91,,,51,54,56,62,,167,179,153,82,,61,66,,,33,66,65,42,59,68,36,34,43,64,60,152,124,134,105,,46,49,,182,101,100,102,114,146,82,62,85,82,56,78,53,40,34,141,36,138,33,83,32,83,72,78,108,,99,94,95,,152,47,172,62,144,128,91,104,97,40,45,131,59,75,101,63,85,57,141,67,44,39,83,78,86,90,,,220,73,68,65,60,81,83,71,53,159,63,45,73,99,52,42,64,47,,61,194,183,171,158,112,137,28,37,32,47,44,41,46,35,27,92,119,166,147,145,160,74,65,56,60,30,47,66,61,125,156,176,138,98,64,63,15,32,52,94,108,127,69,67,104,175,103,86,110,64,37,,47,70,64,67,76,66,47,46,54,51,62,,65,33,44,100,102,94,74,78,94,88,89,87,79,136,143,91,113,118,182,,157,92,128,37,33,61,60,32,38,,49,69,68,62,82,,109,,34,165,72,73,85,145,82,98,110,125,103,149,118,58,62,53,49,50,44,60,80,40,44,99,,142,66,65,69,60,71,58,59,67,66,60,36,44,64,44,106,79,93,60,50,106,146,71,81,134,37,108,102,115,184,71,89,102,172,67,31,53,59,40,40,45,69,55,70,67,48,39,52,32,50,40,35,35,44,68,67,81,106,88,73,85,78,81,157,147,166,99,118,132,36,30,44,51,50,49,44,45,40,36,38,79,,47,53,56,52,128,117,98,134,97,94,42,36,53,59,57,98,109,117,107,153,91,70,86,83,82,78,77,,45,61,130,70,80,109,84,93,86,76,82,62,,63,51,134,153,123,81,69,74,121,72,61,71,28,28,29,30,36,46,62,90,37,55,62,96,102,91,87,62,31,36,28,58,35,51,73,104,58,87,29,134,128,88,138,92,114,61,107,108,86,80,98,80,71,142,118,22,79,127,87,114,76,165,151,,71,67,48,46,81,98,115,39,33,15,31,59,64,125,111,148,115,122,65,79,67,48,64,,82,68,33,117,96,88,40,100,70,41,54,69,50,127,64,46,28,,82,46,38,88,30,28,91,94,49,79,166,149,123,75,34,130,82,121,78,34,90,65,82,108,109,60,46,42,39,146
20230729,14,O3_24h,116,119,124,122,118,124,91,125,116,113,113,96,,,180,,152,169,171,,185,,128,186,,141,216,,151,153,139,150,145,151,162,,175,188,,190,188,68,57,64,,91,,139,150,145,137,139,127,139,,156,150,,147,150,151,120,125,136,125,117,155,146,,153,138,135,128,158,152,,162,163,165,170,120,,122,122,130,125,123,116,,147,156,,,180,163,144,149,89,89,81,,95,73,84,79,82,,91,68,66,62,65,73,78,76,67,73,69,97,101,101,105,107,93,68,97,97,102,120,97,103,67,101,108,102,104,103,103,98,110,36,32,30,40,30,,37,37,30,30,55,63,70,60,62,64,53,62,65,54,,60,63,62,60,56,56,36,34,37,32,36,44,,,,58,62,,71,64,65,,,,70,,61,57,49,63,57,55,57,61,58,,,,65,65,,76,73,74,65,61,,65,60,56,63,56,61,44,47,,48,,61,62,,60,60,,64,63,68,,66,66,64,60,44,44,42,,,52,42,48,51,61,58,47,,48,,,68,,61,58,,49,47,43,30,34,29,,78,72,74,81,73,69,66,66,58,54,64,65,62,61,56,60,61,65,,,68,64,70,69,,49,38,68,77,72,,72,73,73,,86,113,104,112,,106,113,112,138,28,,,38,47,32,52,48,43,128,127,145,129,121,117,125,106,134,98,98,92,117,90,124,92,,95,158,88,115,88,107,101,107,95,110,120,103,163,159,,122,138,154,203,159,137,141,143,114,121,131,115,100,105,,146,140,95,121,168,166,164,167,122,125,118,124,,111,181,188,158,166,148,161,154,142,127,153,,,129,128,152,102,99,105,103,126,144,133,151,48,164,163,160,140,122,186,136,163,,108,107,127,108,96,,118,153,118,153,157,134,141,,,150,142,148,133,149,,175,190,166,170,,,203,135,84,115,89,100,96,106,105,115,100,,79,100,90,92,96,89,134,131,130,141,120,131,93,86,85,80,70,91,89,91,,84,,83,74,,195,,184,185,,,,,150,,,,172,174,101,102,113,100,95,,113,115,129,115,123,123,98,93,91,96,99,137,78,118,95,93,,105,87,101,87,158,176,171,167,166,,65,64,64,71,56,54,59,58,56,67,58,64,64,61,75,77,81,,,80,,52,48,46,41,144,,137,112,,,98,100,101,83,,78,67,87,,60,67,62,54,61,33,47,40,46,34,,,,64,,,74,,81,89,86,100,37,44,48,36,50,41,,89,,,129,,137,154,131,143,159,146,152,157,,116,115,118,112,112,104,129,113,106,106,75,79,78,196,198,174,93,86,96,127,,103,204,159,,98,102,,88,87,92,94,95,,126,80,,,93,90,,144,,159,155,154,154,121,127,,123,129,,142,130,,123,,170,156,172,,163,163,148,145,151,,95,84,89,87,80,85,120,117,118,106,114,106,105,72,66,65,65,61,62,71,63,73,72,77,114,116,110,117,115,110,91,94,94,,97,99,90,89,91,94,125,97,110,94,98,64,70,67,,65,62,65,,66,79,76,80,66,,77,73,76,,92,,104,107,96,99,128,140,148,,,,100,,102,,117,,117,,101,101,103,96,98,,99,,110,99,114,108,96,94,,136,122,124,121,124,125,,108,,,114,82,79,76,77,107,117,106,103,155,135,142,164,127,151,172,160,150,130,76,79,94,99,126,101,127,112,118,110,119,,92,94,106,124,74,92,90,93,,,,,112,137,,140,91,104,122,106,104,117,87,94,96,100,90,106,100,,85,81,,100,97,136,,120,126,,119,67,83,90,98,88,114,100,95,119,228,141,140,,149,149,147,163,162,139,148,125,128,,126,123,129,123,135,,,95,,,,,47,,,,,,,,,,,,,,,,44,,,,,,,,,,,,,,,,,,,,,,,,,,,,,,,,,,,,,,77,101,99,101,104,92,90,89,92,,,,112,106,104,108,,99,133,151,133,138,142,147,,138,130,121,,,113,109,,125,119,127,,127,,170,173,,,135,108,,,151,154,155,,,110,120,144,153,170,162,158,112,106,114,150,197,94,84,96,86,88,90,84,84,125,130,130,119,,101,101,112,,42,40,37,42,112,94,136,112,41,42,42,94,,,110,86,87,84,89,92,88,79,110,95,103,101,92,101,92,94,145,,,122,100,105,126,100,93,,89,65,65,,66,67,68,,72,73,83,79,59,58,70,,54,58,60,48,61,51,76,82,,70,52,52,53,71,79,,91,,91,,,,60,61,64,58,75,73,,64,,50,50,62,80,79,77,73,,72,72,76,,,65,68,65,,82,77,75,,,58,73,53,53,53,53,67,95,98,94,93,52,58,58,57,,60,77,76,71,64,,89,91,102,106,66,70,74,71,68,,71,62,70,66,61,50,49,51,53,63,58,,130,133,141,,111,121,115,113,,120,119,102,,103,102,106,99,101,,103,107,103,105,83,76,78,,100,98,95,70,73,,83,74,76,96,110,114,106,105,109,104,109,80,,103,105,106,,86,87,,89,79,55,103,,91,97,90,98,91,111,121,132,135,123,126,93,92,96,87,93,92,102,100,96,100,102,113,113,114,110,117,122,116,112,122,93,104,118,100,95,78,90,87,85,94,20,81,92,130,129,144,119,108,164,137,130,141,155,152,153,137,143,125,128,131,126,133,120,118,80,100,106,,161,143,160,89,82,,90,96,119,126,105,118,114,104,112,132,135,141,136,20,159,,,,103,101,,97,125,133,137,132,114,,126,112,105,,,,,113,144,142,129,140,93,,107,,84,111,130,106,102,105,86,79,81,73,83,,,,,104,113,76,76,103,103,97,,86,59,62,91,96,101,93,99,77,77,56,55,89,86,,82,92,91,94,78,71,88,84,57,,82,71,,83,93,,104,96,107,,105,,97,,54,54,72,88,80,89,158,140,147,140,73,111,94,80,,165,160,,120,130,158,,149,151,100,105,150,150,,89,88,151,146,,,168,165,161,,155,151,125,120,101,145,147,,142,,,142,119,123,113,132,127,159,155,121,,112,126,116,160,153,160,153,152,110,,,135,108,,114,,108,114,136,97,99,60,117,145,176,162,183,148,145,,126,116,71,73,48,66,63,,94,,60,111,188,40,87,28,147,128,74,76,88,102,64,91,,,149,56,56,186,,167,179,167,88,,61,66,,,34,66,65,42,59,68,37,35,43,65,102,152,124,134,139,,166,95,,182,101,100,102,132,146,113,99,85,98,71,78,71,156,125,152,44,138,74,110,66,84,146,78,108,57,99,94,102,,152,70,172,109,144,147,103,109,108,153,108,144,92,75,101,72,85,119,150,83,75,58,93,78,86,90,,,243,73,164,79,60,93,94,71,97,159,108,55,74,130,60,108,69,71,,115,194,183,187,180,120,144,28,46,32,48,44,41,56,35,35,115,147,166,178,153,160,74,65,56,60,41,47,74,61,125,156,176,138,147,152,145,116,112,120,173,149,127,111,81,104,175,127,86,144,134,162,,199,70,74,67,78,81,64,66,118,120,103,106,93,123,102,100,102,95,81,99,96,93,92,87,79,136,143,94,118,118,182,,157,94,142,44,68,61,97,43,57,,49,136,137,79,82,51,109,,70,165,107,102,87,145,123,172,127,137,142,149,118,58,62,53,49,50,64,73,80,60,112,105,94,152,66,65,69,60,71,58,59,67,66,60,36,44,64,45,118,113,115,109,99,131,159,170,81,134,117,198,142,119,184,180,133,158,172,163,120,130,145,148,165,153,69,55,70,67,87,85,52,129,122,139,127,119,117,101,102,82,106,92,74,85,88,103,157,147,166,99,118,132,144,114,48,96,81,72,96,87,95,47,49,133,,106,97,102,102,146,130,118,134,97,94,65,57,70,72,62,106,138,133,117,153,91,80,94,83,85,78,77,,45,89,130,105,112,122,84,93,86,76,82,62,51,63,52,155,163,142,126,134,132,155,167,156,170,150,184,134,159,162,134,130,141,132,159,160,151,169,165,164,118,120,101,110,104,130,103,95,112,58,99,36,134,128,91,138,93,132,116,118,114,90,88,118,164,104,153,118,90,177,152,132,127,110,165,160,,71,67,99,101,84,98,115,39,39,126,85,86,91,136,133,148,118,122,79,99,67,48,64,,101,92,41,159,107,137,123,113,82,101,135,118,129,157,65,78,92,106,94,64,120,88,192,186,106,112,93,99,166,164,123,75,132,130,88,121,87,47,109,67,97,108,122,102,47,62,63,160
20230729,14,O3_8h,38,85,36,36,27,56,57,56,76,73,48,62,,,30,,27,31,26,,26,,15,32,,24,49,,64,64,62,60,58,72,81,,23,16,,18,16,32,21,24,,29,,32,39,37,41,52,47,61,,62,94,,98,100,96,60,68,67,62,60,41,33,,39,32,33,32,40,41,,51,47,44,52,93,,83,92,88,90,88,79,,110,114,,,109,107,103,110,31,32,34,,30,35,38,34,43,,50,27,30,21,25,29,30,27,24,27,26,45,47,49,49,52,46,,38,48,50,89,74,62,,73,77,74,74,75,68,77,79,19,20,20,24,19,,25,19,17,19,35,43,48,40,42,43,39,42,44,35,,37,40,39,39,34,35,24,23,27,20,26,27,,,,30,32,,40,34,36,,,,43,,43,42,31,45,37,36,38,40,39,,,,46,42,,47,46,47,42,35,,38,31,26,28,28,31,31,34,,36,,33,31,,36,36,,41,40,40,,38,40,40,39,31,29,34,,,40,33,35,38,43,45,30,,39,,,42,,44,41,,44,39,36,16,21,17,,52,49,44,50,46,49,52,44,34,29,40,40,36,35,34,36,38,38,,,62,56,62,57,,30,33,46,53,43,,47,53,43,,55,12,17,19,,23,22,20,20,18,,,20,27,18,28,28,27,24,28,29,28,26,24,25,20,36,43,29,42,43,47,41,41,,36,51,53,62,51,68,62,61,60,66,69,58,72,87,,75,79,78,95,76,63,56,61,37,41,46,47,52,58,,63,52,50,50,52,56,56,65,87,82,78,65,,79,79,83,66,69,50,61,84,85,78,91,,,68,64,70,68,72,72,60,58,76,73,79,,88,84,91,78,82,96,78,83,,74,69,73,70,67,,57,80,65,72,52,76,73,,,76,58,61,71,56,,91,85,95,88,,,102,79,35,49,40,49,48,48,46,54,41,,56,87,62,67,66,64,87,69,65,76,80,77,56,47,46,58,37,62,38,69,,38,,60,37,,119,,101,96,,,,,98,,,,109,94,50,48,49,52,62,,49,66,80,63,70,58,62,58,60,60,66,81,45,63,64,,,,,,,116,131,104,99,105,,37,32,35,29,27,24,22,38,38,47,31,39,37,34,54,51,61,,,27,,26,25,25,21,44,,44,35,,,28,35,31,30,,26,15,21,,32,37,34,33,40,14,26,24,23,13,,,,26,,,29,,32,24,33,24,22,25,38,22,24,17,,28,,,69,,72,73,72,69,82,72,80,79,,81,73,74,74,72,74,92,81,73,78,48,51,49,68,69,65,68,64,68,66,,60,92,76,,60,63,,69,74,71,66,58,,62,48,,,35,28,,74,,99,92,90,88,90,93,,94,91,,71,75,,70,,109,97,115,,111,105,129,119,134,,40,36,42,37,35,40,92,40,39,44,35,39,36,36,19,13,34,31,24,38,36,39,40,42,45,40,37,43,41,33,74,74,71,,76,81,77,74,72,75,87,75,85,80,84,45,47,49,,44,42,45,,50,40,49,50,40,,47,40,52,,35,,40,38,44,42,38,26,36,,,,27,,24,,39,,45,,33,34,35,48,48,,53,,47,49,22,53,61,60,,57,52,61,54,57,61,,81,,,81,51,48,45,56,69,74,69,68,58,78,78,63,78,75,75,77,74,76,61,60,62,62,77,60,71,59,64,58,64,,45,48,35,34,40,56,58,60,,,,,77,83,,90,56,62,71,64,61,75,45,43,38,39,48,61,59,,44,39,,75,83,87,,93,93,,98,55,57,63,69,65,69,72,69,75,86,92,78,,110,107,101,108,110,94,98,111,112,,102,93,119,117,126,,,21,,,,,29,,,,,,,,,,,,,,,,26,,,,,,,,,,,,,,,,,,,,,,,,,,,,,,,,,,,,,,50,46,38,43,48,38,38,40,40,,,,70,64,64,69,,62,81,84,80,79,74,122,,119,115,78,,,71,64,,60,60,78,,80,,116,111,,,96,68,,,113,119,93,,,76,75,126,130,114,119,125,58,52,82,62,103,34,32,36,33,43,43,40,38,50,52,57,50,,48,45,44,,35,31,20,25,77,70,93,94,18,20,18,74,,,91,62,65,64,55,83,79,74,98,60,66,75,84,90,85,83,124,,,102,63,68,82,80,74,,55,34,34,,40,36,39,,33,34,37,33,19,35,40,,28,33,31,38,39,28,29,30,,33,38,45,43,47,52,,31,,33,,,,34,35,31,29,34,35,,29,,36,34,54,63,63,63,56,,36,35,35,,,42,40,40,,49,48,47,,,38,54,40,37,41,41,36,50,48,49,50,28,28,32,29,,32,49,48,46,46,,48,55,59,63,42,43,45,45,30,,34,38,36,50,50,41,41,42,27,35,32,,36,26,29,,24,27,22,24,,26,25,35,,39,41,45,41,42,,44,50,46,48,37,31,42,,40,40,40,50,55,,56,48,50,53,52,58,58,59,60,59,60,56,,56,56,55,,51,51,,54,42,,51,,32,33,30,53,49,80,82,88,88,90,89,64,70,73,61,66,58,71,68,70,71,66,77,76,71,69,73,76,93,71,76,67,65,72,64,61,58,67,60,66,73,,42,47,55,52,64,51,64,73,68,80,80,68,88,88,86,87,74,80,83,70,74,76,72,34,48,49,,87,85,81,63,57,,56,56,61,69,68,73,75,71,74,49,72,79,68,11,72,,,,76,74,,69,57,50,54,56,49,,54,51,45,,,,,62,91,85,76,87,42,,50,,29,54,58,62,60,48,56,60,57,55,62,,,,,42,41,66,60,54,55,57,,54,33,33,63,68,61,62,54,45,46,36,35,55,51,,76,76,60,55,30,23,69,59,29,,26,23,,65,46,,63,58,82,,70,,77,,26,25,30,34,39,35,118,118,123,121,44,54,50,41,,125,119,,73,70,101,,127,118,72,72,104,101,,78,81,90,81,,,128,99,92,,112,109,97,78,61,131,98,,99,,,85,86,93,86,71,57,102,98,72,,59,88,83,90,93,97,92,91,110,,,75,65,,54,,85,77,82,43,47,38,81,80,30,30,34,63,122,,82,46,43,48,36,50,41,,33,,25,44,97,,47,,103,79,38,37,32,74,37,52,,,34,52,37,34,,105,111,94,57,,35,38,,,21,44,44,30,31,36,22,23,26,44,57,63,64,58,77,,28,26,,86,73,62,64,94,95,74,34,75,53,32,51,57,26,26,84,29,107,28,66,25,36,47,48,61,,56,54,66,,100,28,57,39,95,77,81,80,78,38,27,82,49,40,57,42,42,48,108,38,29,24,61,63,45,46,,,146,43,42,41,34,74,61,43,36,107,37,30,56,68,41,25,60,32,,46,117,104,109,107,72,92,19,26,20,36,26,27,35,19,20,79,92,113,122,88,136,48,34,36,40,24,33,44,38,69,72,70,56,81,49,54,36,53,64,72,83,77,63,51,52,80,66,64,83,36,33,,26,50,40,38,51,36,30,30,46,42,34,54,36,38,40,69,68,66,73,61,59,60,61,33,57,72,62,63,76,66,87,,101,54,74,26,24,34,39,23,23,,28,43,42,34,58,,65,,30,83,51,52,60,85,72,78,75,76,82,89,67,42,50,35,33,29,43,46,34,26,49,77,,94,47,44,47,40,39,40,40,47,48,38,25,28,38,32,99,66,82,56,51,76,76,74,48,78,44,72,81,87,90,64,62,74,85,78,21,38,36,45,30,27,40,33,55,48,30,27,38,25,33,31,26,26,44,43,40,49,92,46,60,45,40,53,102,95,106,57,65,78,24,18,24,32,28,28,31,34,26,25,26,54,,29,26,30,28,98,92,86,101,71,50,50,32,46,48,52,65,81,80,74,82,38,67,56,49,56,54,52,,32,50,62,58,64,63,54,70,58,47,42,44,,41,45,91,98,100,89,59,99,77,69,49,81,18,15,15,16,38,49,56,60,44,50,46,62,66,54,50,41,30,27,31,40,35,30,49,68,32,61,20,76,61,47,81,62,119,65,101,105,43,54,91,103,61,118,66,34,78,82,63,67,62,92,87,,50,36,41,40,74,60,79,24,22,24,24,36,31,94,92,98,99,48,53,45,40,34,43,,71,56,24,102,66,72,34,70,51,48,46,56,43,94,34,25,14,,72,37,31,55,17,17,70,74,50,67,122,112,70,45,36,91,69,79,72,37,50,37,51,79,58,32,25,27,34,99
20230729,14,O3_8h_24h,59,85,60,41,56,56,57,56,76,73,48,62,,,52,,41,42,47,,44,,27,35,,35,51,,104,96,98,103,99,108,116,,47,32,,23,27,44,40,24,,29,,56,62,61,85,84,86,95,,98,94,,98,100,96,60,68,67,62,60,66,46,,54,32,34,32,75,72,,79,82,74,82,93,,83,92,89,90,89,79,,110,114,,,109,107,103,110,31,32,34,,30,35,38,34,43,,50,48,34,26,28,31,33,27,27,28,26,45,50,49,51,52,54,68,47,48,51,89,74,74,62,73,77,74,74,75,68,77,79,19,20,20,24,19,,25,19,18,20,35,43,48,40,42,43,39,42,44,35,,37,40,39,39,34,35,24,23,27,20,26,27,,,,30,32,,40,34,36,,,,43,,43,42,31,45,37,36,38,40,39,,,,46,42,,47,46,47,42,35,,38,31,26,28,28,31,31,34,,36,,33,31,,36,36,,41,40,40,,38,40,40,39,32,29,35,,,40,33,36,48,56,53,43,,39,,,42,,44,41,,45,42,41,16,21,17,,52,49,44,50,46,49,54,51,34,29,40,40,36,35,34,36,38,38,,,62,57,62,57,,46,33,46,53,43,,47,53,43,,55,13,17,19,,23,22,20,20,21,,,25,27,18,29,29,30,52,54,56,59,54,42,54,48,57,43,32,42,43,47,41,41,,36,51,53,62,51,68,62,61,60,66,69,58,72,87,,75,79,78,95,76,63,58,62,90,98,85,96,72,87,,87,72,57,90,108,98,88,81,87,82,78,65,,79,79,83,81,86,80,80,84,85,78,91,,,85,80,92,102,99,105,98,87,76,73,79,54,88,84,91,78,82,96,78,83,,74,69,73,70,86,,57,80,65,72,52,76,73,,,76,58,61,71,56,,91,85,95,88,,,102,84,35,49,40,49,48,48,46,54,41,,56,87,62,67,66,64,87,74,78,76,90,78,56,52,46,58,44,62,52,69,,38,,60,45,,119,,101,96,,,,,98,,,,109,94,85,92,85,84,74,,74,66,80,63,70,58,62,58,60,60,66,98,45,63,64,102,,109,94,101,88,116,131,104,99,105,,37,32,35,66,53,53,59,40,41,50,52,39,51,43,64,63,70,,,27,,29,25,25,21,51,,47,38,,,28,35,31,30,,26,15,21,,32,37,34,33,40,20,34,29,26,21,,,,26,,,29,,32,24,33,24,22,27,38,26,33,26,,28,,,69,,72,73,72,107,122,121,148,120,,81,73,74,74,72,74,92,81,73,78,48,51,49,81,84,76,68,64,68,66,,60,92,76,,60,63,,79,74,71,69,58,,62,48,,,35,28,,74,,99,92,90,88,118,119,,116,116,,71,75,,70,,119,112,123,,119,114,129,119,134,,40,36,42,37,35,40,92,40,39,44,35,39,36,36,19,13,34,31,24,38,53,45,40,42,63,59,52,59,58,58,74,75,71,,79,83,78,76,74,77,87,75,85,80,84,45,47,49,,44,42,45,,50,40,49,50,40,,47,40,57,,86,,91,89,96,91,53,49,59,,,,40,,40,,84,,90,,49,52,46,57,69,,71,,47,51,36,58,71,67,,57,52,61,54,57,61,,81,,,81,51,48,45,63,69,74,69,68,58,104,83,74,78,75,75,77,74,76,61,60,62,62,77,60,71,59,64,58,64,,60,58,43,43,40,56,58,60,,,,,77,83,,90,56,62,71,64,61,75,45,43,38,39,48,61,59,,65,63,,75,83,87,,93,93,,98,61,57,63,69,65,69,72,69,75,86,92,78,,110,116,110,108,110,94,98,124,128,,102,114,119,117,126,,,21,,,,,30,,,,,,,,,,,,,,,,30,,,,,,,,,,,,,,,,,,,,,,,,,,,,,,,,,,,,,,50,46,39,45,48,41,39,43,40,,,,78,76,74,75,,67,81,84,80,79,74,122,,119,115,84,,,78,64,,60,60,78,,80,,116,112,,,96,68,,,113,119,93,,,83,80,126,130,130,134,137,58,52,82,62,103,34,32,36,33,43,43,40,38,85,87,90,76,,48,45,59,,35,31,20,25,78,70,100,100,18,20,18,74,,,91,62,65,64,55,83,79,74,98,60,66,75,84,90,85,83,124,,,102,75,80,97,80,74,,58,34,34,,40,36,39,,33,34,37,33,19,35,40,,28,33,31,38,39,28,29,30,,33,44,45,43,47,52,,31,,33,,,,34,35,31,29,34,35,,29,,36,34,54,64,64,73,63,,36,35,35,,,42,40,40,,49,48,47,,,55,54,40,37,41,41,36,50,48,49,50,28,28,32,29,,38,49,48,52,46,,48,55,59,63,42,43,45,45,30,,34,38,36,52,50,44,44,47,33,38,33,,45,43,48,,44,46,42,42,,41,40,52,,51,41,45,41,42,,52,60,47,54,37,31,42,,45,43,44,50,55,,56,48,57,53,52,58,70,68,63,66,60,56,,81,82,75,,51,51,,54,42,64,51,,46,49,39,53,49,80,82,88,88,90,89,64,70,73,66,66,75,84,84,84,80,66,77,76,71,69,73,76,93,71,76,67,65,72,64,61,59,78,73,68,78,33,42,47,55,52,64,51,65,73,81,80,80,68,88,115,105,102,74,80,83,70,74,76,72,34,48,49,,87,85,81,63,57,,56,56,61,69,68,73,75,71,74,54,72,79,68,11,72,,,,76,74,,69,57,50,54,56,49,,54,51,45,,,,,64,91,85,76,87,42,,50,,29,54,58,62,60,48,56,60,57,55,62,,,,,42,41,66,66,54,55,57,,54,39,34,73,77,72,64,70,45,46,36,35,55,51,,76,76,60,55,30,23,69,68,29,,28,23,,72,46,,63,58,82,,70,,77,,31,26,30,34,39,35,118,118,123,121,46,54,50,41,,125,119,,73,70,101,,139,136,72,72,111,101,,83,85,90,81,,,128,99,92,,112,109,97,78,65,134,98,,99,,,85,86,93,86,103,103,110,105,83,,91,112,108,118,123,97,120,122,110,,,100,94,,54,,107,77,83,82,55,53,111,80,46,43,44,102,125,,82,70,43,48,37,50,41,,33,,25,44,97,49,47,33,105,79,38,37,32,74,37,52,,,47,53,37,50,,105,111,94,57,,35,38,,,21,44,44,30,31,36,22,23,26,44,81,63,64,58,77,,49,44,,86,73,62,64,100,95,82,34,75,74,32,51,62,38,44,84,30,107,28,66,25,36,47,48,61,59,56,54,66,,100,48,57,57,95,77,81,80,78,58,44,82,49,40,57,42,70,94,108,38,29,27,61,69,45,46,,,146,43,78,41,34,83,68,43,36,107,53,30,56,68,47,39,60,32,,57,117,104,109,107,72,104,19,26,20,36,26,27,35,19,20,79,92,113,122,88,136,48,34,36,40,24,33,44,38,69,72,72,57,81,62,70,88,78,92,101,83,77,95,51,52,80,87,66,83,36,33,,42,50,40,38,51,36,30,30,84,85,52,55,39,88,91,69,68,66,73,61,59,60,61,33,57,72,62,63,76,66,87,,101,54,74,26,24,34,39,25,23,,28,48,42,34,58,57,65,,40,83,69,58,60,85,86,78,75,76,82,103,67,42,50,35,33,30,46,46,34,26,93,77,93,94,47,44,47,40,39,40,40,47,48,38,25,28,38,32,100,92,91,90,83,76,76,104,51,78,74,112,81,87,90,97,62,77,85,99,43,54,55,64,37,34,40,33,55,48,30,27,38,52,51,49,43,44,86,44,40,49,92,46,60,45,40,53,102,95,106,57,65,78,38,19,24,32,28,28,31,34,26,26,28,55,,36,26,30,28,98,92,86,101,71,60,59,54,65,61,52,65,81,80,74,82,38,67,56,49,56,54,52,,32,50,62,84,64,63,54,70,58,47,42,44,50,41,47,91,98,100,112,116,132,77,103,84,94,29,32,29,17,70,77,121,93,54,54,53,62,66,77,51,59,53,29,82,53,44,46,69,68,32,61,20,76,61,77,81,62,132,94,115,106,43,54,91,110,66,118,66,67,116,82,83,86,62,92,87,,50,36,94,92,74,60,79,24,25,24,24,36,31,94,92,98,99,48,53,47,40,34,43,,71,56,24,120,72,72,52,72,51,48,46,56,43,94,34,25,14,110,72,37,52,55,17,38,70,74,50,67,122,112,83,45,60,91,69,79,72,37,50,37,52,79,58,32,25,27,34,99
20230729,14,CO,0.8,0.6,0.7,0.7,0.5,0.5,0.5,0.5,0.6,0.5,0.4,0.6,,,0.6,,0.6,0.5,1,,0.5,,0.1,0.4,,0.4,0.5,,0.4,0.3,0.3,0.4,0.3,0.3,0.6,,0.2,0.3,,0.3,0.3,0.2,0.3,0.2,,0.2,,0.3,0.4,0.3,0.1,0.3,0.4,0.5,,0.2,0.4,,0.5,0.3,0.7,0.5,0.5,0.5,0.5,0.5,0.3,0.4,,0.4,0.2,0.1,,0.3,0.3,,0.5,0.3,0.3,0.4,0.6,,0.5,0.7,0.6,0.8,0.7,0.6,,0.4,0.6,,,0.4,0.5,0.5,0.3,0.2,0.8,0.9,,0.6,0.8,1,1,0.8,,0.7,0.5,0.1,0.3,0.5,0.4,,0.1,0.6,0.4,,0.5,0.5,0.4,0.3,0.4,0.2,,0.3,0.4,0.4,0.7,0.6,0.5,,0.5,0.6,0.6,0.5,0.6,0.5,0.4,0.5,0.4,0.4,0.5,0.7,0.4,,0.4,0.4,0.3,0.5,0.3,0.4,0.1,0.5,0.4,0.6,0.1,0.3,0.4,0.4,,0.5,0.4,0.4,0.5,0.5,0.5,0.3,0.4,0.4,0.4,0.3,0.2,,,,0.4,0.3,,0.3,0.2,0.3,,,,0.2,,0.8,0.5,0.4,0.6,0.4,0.4,0.2,0.5,0.5,,,,0.4,0.4,,0.6,0.4,0.5,0.4,0.4,,0.5,0.7,0.5,0.6,0.7,0.3,0.4,0.3,,0.3,,0.5,0.5,,0.5,0.5,,0.4,0.5,0.6,,0.7,0.4,0.4,0.4,0.5,0.4,0.4,,,0.5,0.5,0.4,0.4,0.4,0.5,0.3,,0.4,,,0.5,,0.4,0.4,,0.5,0.4,0.4,0.4,0.4,0.3,,0.4,0.4,0.4,0.4,0.4,0.3,0.4,0.4,0.3,0.4,0.5,0.2,0.3,0.3,0.5,0.4,0.4,0.3,,,0.3,0.3,0.5,0.4,,0.2,0.4,0.6,0.3,0.6,,0.6,0.6,0.4,,0.4,0.5,0.3,0.6,,0.6,0.7,0.6,0.6,0.3,,,0.3,0.4,0.4,0.2,0.4,0.3,0.4,0.5,0.4,0.4,0.5,0.4,0.4,0.4,0.6,0.6,0.5,0.4,0.4,0.5,0.4,0.5,,0.5,0.5,0.3,0.5,0.4,0.4,0.4,0.4,0.6,0.5,0.6,0.5,0.7,0.7,,0.6,0.5,0.7,0.8,0.8,0.7,0.9,0.4,1,0.7,0.9,1,0.6,0.8,,0.6,0.6,0.9,0.7,0.5,0.5,0.3,0.5,0.5,0.7,0.4,0.8,,0.6,0.7,0.6,0.5,0.6,0.3,0.4,0.5,0.4,0.5,0.4,,,0.9,0.7,1,0.7,0.8,0.6,0.8,0.7,0.5,0.6,0.5,,0.7,0.7,0.8,0.8,0.6,0.8,0.7,0.9,,0.4,0.4,,0.4,0.3,,0.8,0.9,0.5,0.5,0.6,0.6,0.7,,,0.8,0.4,0.7,0.6,1,,0.4,0.4,0.4,0.5,,,0.5,0.6,0.7,0.5,0.3,0.7,0.2,0.6,1,0.5,0.4,,0.7,0.6,0.5,0.4,0.6,0.6,0.2,0.2,0.2,0.2,0.1,0.2,0.7,0.9,0.6,0.4,0.6,0.6,0.7,0.4,,0.6,,0.6,0.7,,0.6,,0.4,0.7,,,,,0.6,,,,0.5,0.5,0.4,0.4,0.3,0.6,0.4,,0.4,,0.5,0.1,0.3,0.5,0.5,0.4,0.5,0.3,0.4,0.5,0.3,0.5,0.4,,,,,,,0.6,0.5,0.4,0.5,0.8,,0.5,0.3,0.4,0.4,0.5,0.6,0.5,0.5,0.3,0.3,0.2,0.1,0.4,,0.6,0.6,0.6,,,0.5,,0.1,0.7,0.1,0.3,0.5,,0.3,0.7,,,0.2,0.3,0.3,,,0.2,0.5,0.2,,0.2,0.3,0.3,0.4,0.2,0.6,0.1,0.2,0.4,0.1,,,,0.2,,,0.4,,0.5,0.1,0.2,0.2,0.1,0.4,0.4,0.2,0.2,0.4,,,,,0.6,,0.6,1.3,0.6,0.7,0.8,0.7,0.7,0.5,,0.6,0.5,0.7,0.6,0.6,0.5,0.6,0.7,0.6,0.7,0.5,0.5,0.6,0.8,0.6,0.6,0.6,0.5,0.6,0.7,,0.6,0.5,0.5,,0.5,0.6,,0.5,0.6,0.6,0.6,0.9,,0.6,1.1,,,0.2,0.2,,0.5,,0.5,0.5,0.4,0.5,0.6,,,0.9,1,,0.9,1,,1,,1,0.8,1,,0.8,0.8,,0.3,0.3,,0.8,1,0.9,0.6,0.9,0.7,0.7,0.2,0.5,0.6,0.6,0.7,0.4,0.2,1.5,1.8,0.7,0.6,0.3,0.4,0.5,0.4,0.3,0.5,0.4,0.6,0.4,0.5,0.6,0.6,0.4,0.2,0.2,,0.2,0.4,0.4,0.3,0.4,0.3,0.3,0.5,0.4,0.5,0.4,0.5,0.5,0.5,,0.6,0.6,0.5,,0.4,0.4,0.7,0.4,0.6,,0.8,0.6,0.4,,1.2,,1.3,1.2,0.8,0.8,0.6,0.3,0.2,,,,0.3,,0.6,,0.4,,0.6,,0.4,0.6,0.3,0.9,1.1,,1.1,,0.4,0.3,0.4,0.4,0.5,0.4,,0.4,0.6,0.5,0.6,0.4,0.6,,0.6,,,0.4,0.2,0.3,0.1,0.7,0.5,0.4,0.5,0.5,0.5,0.4,0.6,0.6,0.3,0.7,0.7,0.7,1.1,0.6,0.3,0.3,0.5,0.5,0.4,0.5,0.6,0.4,0.5,0.5,0.5,,3.8,0.6,2.2,1.9,0.3,0.5,0.5,0.5,,,,,0.5,0.5,,0.5,0.4,0.4,0.3,0.3,0.3,0.2,0.6,0.7,0.6,0.3,0.4,0.5,0.4,,0.7,1.1,,0.9,0.4,0.8,,0.7,0.5,,0.7,0.3,0.6,0.5,0.4,0.5,0.6,0.4,0.5,0.8,0.9,1,0.9,,0.4,0.6,0.3,0.5,0.6,0.3,0.3,0.2,0.1,,0.3,0.2,0.3,0.2,0.2,,,0.3,,,,,0.4,,,,,,,,,,,,,,,,0.3,,,,,,,,,,,,,,,,,,,,,,,,,,,,,,,,,,,,,,0.4,0.3,0.5,0.5,0.4,0.4,0.4,0.5,0.4,,,,1.8,1.8,1.4,1.2,,1.4,0.7,0.7,0.5,0.7,0.5,0.6,,0.6,0.5,1.3,,,1.6,1,,0.7,0.5,0.5,,0.5,,0.6,0.5,,,0.5,0.4,,,0.5,0.4,0.6,,,0.3,0.3,0.3,0.3,0.5,0.4,0.5,0.6,0.4,0.8,0.4,0.4,0.3,0.3,0.3,0.7,0.6,0.6,0.5,0.7,0.6,0.7,0.6,0.6,,0.4,0.2,0.5,,0.3,0.1,0.4,0.5,,0.4,,0.3,0.4,0.5,0.5,0.1,,,,0.4,0.2,0.4,0.1,0.3,,0.3,0.5,0.2,0.4,,0.4,0.5,0.5,0.5,0.5,,,0.7,0.5,0.4,0.4,0.3,0.3,,0.1,0.2,0.2,,0.3,0.2,0.3,,0.3,0.2,0.1,0.2,0.2,0.3,0.3,,0.2,0.2,0.2,0.4,0.3,0.5,0.4,0.5,,0.3,0.3,0.4,0.1,0.1,0.2,,0.5,,0.4,,,,0.1,0.3,0.3,0.4,0.5,0.5,,0.4,,0.2,0.3,0.4,0.7,0.8,0.6,0.6,,0.7,0.7,0.7,,,0.5,0.4,0.5,,0.5,0.4,0.3,,,0.6,0.5,0.2,0.4,0.4,0.2,0.4,0.6,0.3,0.6,0.4,0.9,0.5,0.6,0.6,,0.4,0.4,0.5,0.4,0.4,,1.2,0.6,0.8,0.9,0.7,0.7,0.6,0.7,0.5,,0.7,0.8,0.6,0.4,1.1,1,0.8,1,0.6,0.4,0.7,,0.8,0.5,0.4,,0.6,0.6,0.5,0.5,,0.4,0.3,0.5,,0.5,0.2,0.3,0.4,0.5,,0.4,0.3,0.2,0.4,0.8,0.3,0.4,,0.2,0.2,0.2,0.3,0.4,,0.5,0.4,0.5,0.6,0.3,0.2,0.6,0.6,0.6,0.5,0.7,0.8,,0.5,0.4,0.3,,0.6,0.6,,0.9,0.4,,0.5,,0.6,0.6,0.7,0.6,0.6,0.2,0.5,0.6,0.8,0.6,0.5,0.2,0.2,0.3,0.3,,0.4,0.5,0.5,0.6,0.6,0.8,0.6,0.5,0.4,0.4,0.5,0.6,0.5,0.6,0.5,0.5,0.5,0.5,0.5,0.4,0.5,0.6,0.7,0.7,0.3,,0.4,0.5,0.9,0.7,1.1,0.7,0.7,0.6,0.9,0.7,0.6,0.6,1.2,0.9,1.3,0.8,0.6,0.6,0.6,0.7,0.8,0.7,0.7,0.4,0.7,0.6,,0.9,0.5,0.4,0.3,0.5,,0.2,0.5,0.3,0.2,0.2,0.4,0.4,0.4,0.5,0.5,0.4,0.5,0.6,0.3,0.4,,,,0.4,0.4,,0.4,0.4,1,0.9,1.1,0.5,,0.4,0.4,0.6,,,,,0.5,0.4,0.4,0.4,0.3,,,0.4,,0.2,0.3,0.8,0.6,0.7,0.3,0.3,0.6,0.7,0.4,0.6,,,,,0.4,0.2,0.3,0.4,0.3,0.3,0.5,,0.3,0.5,0.5,0.2,0.2,0.7,0.6,0.7,0.6,0.4,0.5,0.5,0.6,0.6,,0.4,0.4,0.3,0.3,0.5,0.4,0.6,0.7,0.8,,0.4,0.3,,0.3,0.4,,0.3,0.3,0.4,,0.2,,0.1,,0.4,0.4,0.4,0.7,0.4,0.6,0.6,0.8,0.6,0.7,0.3,0.5,0.6,0.4,,0.6,0.2,,0.4,0.4,0.3,,0.3,0.4,0.4,0.5,0.4,0.7,,0.5,0.4,0.1,,,,0.1,0.3,0.2,,0.4,0.4,0.5,0.4,0.5,0.5,0.5,,0.5,,,0.3,0.5,0.5,0.4,0.5,0.6,0.2,0.3,0.5,,0.4,0.3,0.4,0.3,0.3,0.2,0.3,0.4,0.7,,,0.5,0.5,,0.4,,0.5,0.4,0.3,0.4,2.2,0.2,0.5,0.8,0.4,0.3,0.5,0.2,0.5,,0.6,0.5,0.3,0.4,0.4,0.4,0.5,,0.3,,0.1,0.4,0.5,,0.6,,0.2,0.2,0.1,0.9,0.9,0.3,0.4,0.3,,,0.4,0.4,0.4,0.4,,0.5,0.5,0.5,1.2,,0.4,0.5,,,0.3,0.5,0.3,0.4,0.4,0.2,0.8,0.5,0.3,0.4,0.4,0.6,0.5,0.6,1.2,,0.8,0.5,,0.7,0.6,0.3,0.2,0.4,0.6,0.1,,0.5,0.8,0.8,0.3,0.3,0.8,0.7,0.4,,0.7,0.2,0.3,0.5,0.2,0.5,0.9,0.2,,0.5,0.5,0.3,,0.4,0.1,0.8,0.4,0.4,0.3,0.5,0.5,0.5,0.1,0.4,0.3,0.2,0.6,0.4,0.3,0.6,0.4,0.5,0.2,0.4,0.2,0.5,0.5,0.4,0.4,,,0.6,0.3,0.3,0.6,0.4,0.1,0.5,0.3,0.2,0.2,0.5,0.7,0.3,0.6,0.8,0.4,0.5,0.4,,,0.6,0.7,0.5,0.4,0.2,0.3,0.4,0.5,0.4,0.4,0.6,0.4,0.5,0.5,0.5,0.5,0.6,0.6,0.4,0.5,0.3,0.3,0.3,0.4,0.4,0.6,0.2,0.2,0.5,0.6,0.4,0.7,0.6,,,0.7,0.7,0.8,1,0.7,0.5,0.7,0.9,0.6,0.5,0.6,0.8,0.5,0.1,0.1,0.4,,0.1,0.4,0.2,0.4,0.4,0.6,0.4,0.5,0.5,0.3,0.6,0.3,0.2,0.8,1,0.3,0.2,0.4,0.4,0.3,0.5,0.6,0.5,0.5,0.5,0.7,0.7,0.4,0.4,0.4,0.5,,0.6,0.3,0.4,0.3,0.5,0.2,0.4,0.2,0.3,,0.3,0.6,0.5,0.3,0.6,,0.9,,0.4,0.3,0.6,0.5,0.7,0.7,0.6,0.6,0.5,0.5,0.7,1.1,0.7,0.5,0.4,0.5,0.7,0.5,0.6,0.4,1.1,0.3,0.3,0.5,,0.5,0.6,0.7,0.3,0.5,0.4,0.6,0.5,0.4,0.6,0.4,0.4,0.5,0.4,0.2,0.2,0.3,0.2,0.7,0.4,0.5,0.4,0.7,0.7,0.5,0.6,0.6,0.5,0.7,0.6,0.6,0.6,0.5,0.5,0.4,0.1,0.4,0.2,0.3,0.4,0.1,0.4,0.3,0.3,0.4,0.4,0.6,0.4,0.5,0.6,0.3,0.3,0.4,0.3,0.4,0.2,0.6,0.4,0.6,0.4,0.6,0.7,0.4,0.4,0.5,0.5,0.7,0.4,0.5,0.2,0.4,0.5,0.8,0.3,0.3,0.3,0.3,,0.1,0.4,0.2,,0.4,0.5,0.2,0.4,0.2,0.2,0.5,0.6,0.4,0.8,0.6,0.3,0.2,0.6,0.3,0.4,0.6,0.5,0.6,0.9,0.5,0.5,0.2,0.4,0.3,0.6,0.5,,0.5,0.4,0.2,0.3,0.5,0.7,0.6,0.5,0.8,0.4,0.5,0.4,,0.4,0.5,0.5,0.7,0.5,0.8,0.5,0.5,0.7,0.6,0.3,0.5,0.8,1.1,0.3,0.7,0.2,1,0.2,0.2,0.1,0.3,0.3,0.3,0.3,0.4,0.4,0.4,0.5,0.7,1.9,0.2,0.2,0.3,0.8,0.3,0.7,0.7,0.4,0.9,0.9,0.5,0.9,0.5,0.1,0.2,0.6,0.7,0.4,0.5,0.6,0.8,2,0.4,0.4,1,0.8,0.8,0.8,0.8,0.4,0.5,0.2,,0.6,0.3,0.8,1,0.4,0.4,0.4,0.4,0.2,0.3,0.1,0.5,0.3,0.4,0.3,0.9,0.4,0.5,0.5,0.4,0.6,0.5,0.3,,0.4,0.3,0.4,0.2,1.5,1.4,0.3,1.4,0.6,0.5,0.4,0.7,0.5,0.5,0.5,0.3,0.7,,0.4,0.5,0.3,0.3,1.2,0.4,0.4,0.7,0.8,0.6,0.6,0.4,0.4,0.3,0.3,0.3,0.2,0.4,0.3,0.3,0.5,0.2,0.4,0.6,0.5,0.4,0.6,0.1,0.5,0.3
20230729,14,CO_24h,0.7,0.5,0.6,0.6,0.6,0.3,0.4,0.4,0.4,0.4,0.4,0.4,,,0.7,,0.6,0.6,0.8,,0.6,,0.2,0.5,,0.4,0.6,,0.5,0.4,0.4,0.5,0.4,0.4,0.7,,0.6,0.7,,0.8,0.7,0.5,0.2,0.2,,0.2,,0.4,0.4,0.4,0.2,0.3,0.5,0.5,,0.3,0.3,,0.3,0.2,0.6,0.6,0.5,0.5,0.5,0.4,0.5,0.6,,0.5,0.3,0.2,0.1,0.5,0.4,,0.5,0.4,0.5,0.5,0.8,,0.5,0.8,0.7,0.8,0.7,0.6,,0.5,0.7,,,0.5,0.5,0.6,0.4,0.4,0.6,0.6,,0.6,0.6,0.6,0.6,0.4,,0.5,0.5,0.1,0.3,0.5,0.4,,0.1,0.5,0.5,0.3,0.5,0.5,0.4,0.3,0.4,0.3,0.6,0.4,0.4,0.5,0.6,0.6,0.5,0.7,0.4,0.5,0.6,0.5,0.9,0.4,0.3,0.5,0.4,0.3,0.4,0.6,0.4,,0.4,0.4,0.3,0.4,0.2,0.4,0.1,0.5,0.4,0.5,0.2,0.3,0.4,0.3,,0.4,0.4,0.4,0.4,0.5,0.5,0.3,0.3,0.4,0.3,0.3,0.2,,,,0.4,0.2,,0.3,0.2,0.3,,,,0.3,,0.7,0.6,,0.6,0.5,0.4,0.2,0.5,0.6,,,,0.5,0.5,,0.6,0.6,0.5,0.3,0.4,,0.5,0.6,0.4,0.6,0.7,0.3,0.3,0.3,,0.3,,0.5,0.4,,0.5,0.6,,0.4,0.5,0.5,,0.6,0.4,0.5,0.6,0.4,0.4,0.3,,,0.4,0.4,0.4,0.4,0.4,0.4,0.4,,0.4,,,0.4,,0.5,0.4,,0.4,0.4,0.3,0.3,0.4,0.3,,0.4,0.4,0.4,0.4,0.3,0.4,0.4,0.4,0.3,0.4,0.5,0.2,0.3,0.3,0.5,0.4,0.4,0.3,,,0.3,0.2,0.4,0.4,,0.2,1.4,0.5,0.3,0.6,,0.5,0.6,0.8,,0.4,0.5,0.2,0.6,,0.6,0.6,0.5,0.5,0.3,,,0.2,0.4,0.4,0.2,0.4,0.3,0.4,0.4,0.4,0.4,0.5,0.4,0.4,0.4,0.5,0.7,0.5,0.4,0.6,0.5,0.4,0.6,,0.5,0.5,0.3,0.5,0.4,0.3,0.4,0.3,0.5,0.4,0.6,0.4,0.6,0.7,,0.6,0.5,0.6,0.6,0.8,0.6,0.7,0.3,0.9,0.7,0.7,0.9,0.6,0.6,,0.6,0.6,0.9,0.6,0.5,0.5,0.4,0.5,0.5,0.7,0.4,0.7,,0.6,0.7,0.5,0.4,0.5,0.3,0.4,0.5,0.5,0.5,0.4,,,0.9,0.7,0.9,0.6,0.8,0.6,0.8,0.7,0.5,0.5,0.4,0.5,0.8,0.7,0.8,0.8,0.6,0.8,0.8,0.9,,0.4,0.5,0.4,0.4,0.3,,0.9,1.1,0.6,0.5,0.7,0.7,0.7,,,1,0.4,1,0.8,1,,0.3,0.4,0.4,0.6,,,0.5,0.6,0.8,0.6,0.3,0.7,0.3,0.6,0.6,0.5,0.5,,0.7,0.3,0.5,0.4,0.6,0.6,0.2,0.3,0.3,0.3,0.1,0.2,0.7,0.7,0.6,0.5,0.6,0.7,0.6,0.4,,0.7,,0.6,0.6,,0.5,,0.5,0.6,,,,,0.6,,,,0.5,0.4,0.4,0.4,0.2,0.5,0.3,,0.3,,0.4,0.2,0.3,0.4,0.5,0.5,0.5,0.3,0.4,0.4,0.3,0.5,0.4,0.5,,0.7,0.9,0.5,0.8,0.6,0.5,0.5,0.5,0.8,,0.5,0.4,0.4,0.5,0.6,0.7,0.5,0.5,0.4,0.3,0.2,0.1,0.4,0.1,0.6,0.6,0.6,,,0.5,,0.1,0.7,0.2,0.3,0.5,,0.3,0.7,,,0.2,0.3,0.3,0.1,,0.2,0.3,0.2,,0.2,0.3,0.4,0.3,0.2,0.6,0.1,0.1,0.3,0.1,,,,0.3,,,0.5,,0.5,0.3,0.2,0.4,0.2,0.3,0.4,0.2,0.2,0.4,,,,,0.6,,0.6,0.6,0.6,0.6,0.5,0.7,0.7,0.6,,0.7,0.6,0.7,0.7,0.7,0.6,0.6,0.7,0.6,1,0.6,0.6,0.6,0.7,0.5,0.6,0.6,0.5,0.7,0.8,,0.6,0.4,0.4,,0.5,0.6,,0.6,0.7,0.7,0.6,0.8,,0.6,1,,,0.2,0.2,,0.6,,0.6,0.6,0.7,0.7,0.7,0.7,,0.7,0.8,,1.2,1,,0.9,,1,0.8,0.9,,0.9,0.9,0.4,0.3,0.3,,0.6,0.9,0.8,0.7,1,0.5,0.6,0.6,0.6,0.4,0.6,0.4,0.7,0.3,1,2,0.6,0.6,0.6,0.4,0.5,0.4,0.6,0.5,0.5,0.7,0.5,0.6,0.6,0.6,0.6,0.3,0.3,,0.3,0.4,0.5,0.3,0.4,0.3,0.3,0.4,0.4,0.4,0.4,0.4,0.4,0.5,,0.6,0.5,0.4,,0.4,0.5,0.7,0.4,0.6,,0.8,0.6,0.6,,0.9,,0.7,0.6,0.5,0.4,0.6,0.3,0.2,,,,0.3,,0.6,,0.5,,0.6,,0.4,0.6,0.3,0.7,0.6,,0.7,,0.5,0.3,0.5,0.4,0.5,0.4,,0.6,0.6,0.5,0.5,0.4,0.4,,0.6,,,0.4,0.2,0.3,0.2,0.7,0.5,0.6,0.6,0.5,0.5,0.5,0.6,0.7,0.3,0.9,0.9,0.9,1.3,0.6,0.4,0.3,0.5,0.6,0.5,0.5,0.6,0.5,0.6,0.6,0.6,,1.1,0.7,1.1,2.3,0.5,0.6,0.6,0.6,,,,,0.4,0.4,,0.5,0.4,0.4,0.3,0.3,0.3,0.2,0.6,0.7,0.5,0.3,0.5,0.7,0.5,,0.7,0.9,,0.9,0.4,0.8,,0.6,0.5,,0.7,0.3,0.6,0.5,0.4,0.5,0.4,0.4,0.5,0.6,0.8,0.8,0.7,,0.5,0.7,0.4,0.5,0.5,0.4,0.3,0.2,0.1,,0.3,0.3,0.3,0.2,0.2,,,0.5,,,,,0.3,,,,,,,,,,,,,,,,0.3,,,,,,,,,,,,,,,,,,,,,,,,,,,,,,,,,,,,,,0.3,0.4,0.5,0.5,0.5,0.4,0.4,0.4,0.4,,,,1.2,1.2,1,1,,1,0.7,0.6,0.5,0.7,0.5,0.7,,0.6,0.6,1.1,,,1.4,1.3,,0.7,0.6,0.5,,0.5,,0.7,0.5,,,0.5,0.5,,,0.5,0.4,0.6,,,0.4,0.3,0.3,0.3,0.5,0.5,0.5,0.7,0.6,0.6,0.6,0.6,0.3,0.3,0.3,0.7,0.6,0.7,0.6,0.7,0.8,0.8,0.8,0.8,,0.4,0.3,0.6,,0.3,0.1,0.6,0.5,0.4,0.3,,0.2,0.5,0.6,0.6,0.1,,,,0.4,0.2,0.4,0.1,0.4,,0.3,0.4,0.6,0.8,0.4,0.4,0.5,0.5,0.5,0.4,,,0.8,0.5,0.4,0.4,0.4,0.4,,0.2,0.3,0.2,,0.3,0.2,0.3,,0.3,0.2,0.2,0.3,0.2,0.2,0.3,,0.2,0.2,0.3,0.4,0.2,0.4,0.5,0.6,,0.4,0.3,0.4,0.2,0.2,0.3,,0.5,,0.5,,,,0.1,0.2,0.2,0.4,0.6,0.5,,0.4,,0.3,0.3,0.3,0.7,0.7,0.5,0.6,,0.8,0.7,0.9,,,0.5,0.5,0.5,,0.5,0.4,0.3,,,0.7,0.5,0.2,0.4,0.3,0.2,0.4,0.5,0.5,0.4,0.5,0.8,0.5,0.5,1,,0.3,0.4,0.4,0.3,0.4,,1.2,0.6,0.9,0.9,0.6,0.6,0.6,0.7,0.6,,0.7,0.7,0.6,0.9,1.1,0.9,0.9,1,0.6,0.4,0.7,,0.8,0.5,0.4,,0.6,0.6,0.6,0.5,,0.4,0.3,0.4,,0.5,0.2,0.3,0.5,0.5,,0.3,0.3,0.2,0.3,0.8,0.3,0.4,,0.3,0.2,0.3,0.4,0.5,,0.6,0.5,0.6,0.8,0.4,0.3,0.6,0.5,0.6,0.5,0.6,0.6,,0.5,0.5,0.3,,0.6,0.5,,0.7,0.4,0.5,0.5,,0.5,0.6,0.6,0.7,0.6,0.2,0.6,0.6,0.7,0.9,0.6,0.3,0.3,0.5,0.3,0.1,0.4,0.5,0.5,0.6,0.7,0.7,0.5,0.5,0.4,0.4,0.5,0.7,0.5,0.6,0.6,0.7,0.6,0.9,0.6,0.5,0.5,0.6,0.8,1.1,0.3,0.5,0.6,0.6,0.9,0.7,1.1,0.6,0.6,0.5,0.5,0.7,0.7,0.7,0.8,0.8,0.7,0.5,0.5,0.7,0.6,0.7,0.8,0.6,0.6,0.5,0.8,0.7,,0.5,0.5,0.5,0.3,0.6,,0.3,0.5,0.3,0.2,0.2,0.4,0.4,0.4,0.5,0.6,0.5,0.7,0.8,0.3,0.5,,,,0.4,0.4,,0.4,0.2,0.4,0.4,0.4,0.5,,0.5,0.4,0.6,,,,,0.4,0.4,0.4,0.4,0.4,,,0.5,,0.3,0.3,0.8,0.7,0.8,0.7,0.3,0.5,0.8,0.5,0.6,,,,,0.4,0.3,0.3,0.4,0.3,0.4,0.6,,0.4,0.5,0.4,0.3,0.3,0.7,0.6,0.6,0.7,0.5,0.3,0.5,0.7,0.7,,0.5,0.5,0.4,0.5,0.5,0.4,0.6,0.6,0.8,,0.4,0.3,,0.4,0.5,,0.3,0.3,0.5,,0.3,,0.1,,0.5,0.4,0.5,0.6,0.6,0.5,0.6,0.8,0.7,0.7,0.3,0.5,0.6,0.4,,0.9,0.3,,0.4,0.5,0.4,,0.4,0.5,0.3,0.4,0.4,0.4,,0.4,0.3,0.1,,,,0.2,0.4,0.2,,0.4,0.5,0.5,0.4,0.5,0.4,0.4,,0.5,,,0.3,0.3,0.4,0.3,0.4,0.4,0.3,0.6,0.5,,0.3,0.3,0.4,0.3,0.2,0.3,0.3,0.4,0.7,,,0.5,0.5,,0.4,,0.6,0.3,0.3,0.4,1.1,0.1,0.6,0.8,0.5,0.5,0.6,0.4,0.6,,0.6,0.6,0.4,0.5,0.4,0.4,0.5,,0.4,,0.1,0.3,0.5,0.4,0.9,0.8,0.9,0.3,0.2,0.7,0.6,0.4,0.4,0.3,,,0.5,0.4,0.4,0.5,,0.5,0.5,0.5,0.6,,0.3,0.5,,,0.3,0.5,0.3,0.3,0.4,0.2,0.8,0.5,0.3,0.5,0.5,0.6,0.7,0.6,1,,0.5,0.5,,0.6,0.6,0.3,0.3,0.3,0.6,0.3,,0.6,0.6,0.8,0.3,0.3,0.8,0.7,0.9,,0.7,0.3,0.3,0.5,0.2,0.5,0.8,0.2,0.6,0.5,0.5,0.4,,0.3,0.1,0.8,0.4,0.4,0.5,0.5,0.5,0.5,0.1,0.4,0.4,0.5,0.6,0.6,0.4,0.5,0.5,0.6,0.3,0.5,0.2,0.5,0.4,0.5,0.5,,,0.5,0.3,0.4,0.6,0.3,0.1,0.5,0.3,0.3,0.3,0.5,0.4,0.4,0.6,0.9,0.4,0.6,0.3,,1,0.5,0.5,0.5,0.5,0.3,0.4,0.4,0.5,0.4,0.4,0.6,0.4,0.5,0.5,0.5,0.4,0.7,0.6,0.5,0.6,0.4,0.4,0.3,0.4,0.4,0.6,0.2,0.3,0.4,0.6,0.7,0.6,0.6,0.2,0.4,0.6,0.6,0.6,0.8,0.5,0.5,0.6,0.9,0.6,0.6,0.5,0.8,0.5,0.1,0.2,0.4,,0.3,0.4,0.3,0.4,0.6,0.6,0.4,0.5,0.5,0.4,0.5,0.1,0.2,0.7,0.6,0.6,0.3,0.6,0.5,0.3,0.6,0.7,0.7,0.6,0.5,0.8,0.5,0.5,0.5,0.5,0.4,,0.6,0.4,0.8,0.3,0.5,0.2,0.1,0.2,0.2,,0.3,0.6,0.6,0.4,0.7,0.8,0.8,,0.4,0.2,0.5,0.5,0.6,0.5,0.6,0.7,0.5,0.5,0.7,0.7,0.7,0.5,0.3,0.5,0.7,0.5,0.6,0.4,0.9,0.3,0.6,0.4,0.6,0.6,0.6,0.7,0.3,0.5,0.4,0.7,0.5,0.4,0.6,0.4,0.3,0.5,0.4,0.2,0.2,0.3,0.3,0.6,0.3,0.5,0.3,0.6,0.6,0.5,0.5,0.5,0.5,0.7,0.4,0.7,0.8,0.5,0.4,0.4,0.3,0.4,0.3,0.8,0.9,0.2,0.3,0.3,0.3,0.4,0.5,0.6,0.4,0.4,0.6,0.3,0.3,0.5,0.4,0.4,0.3,1.1,0.4,0.6,0.4,0.7,0.8,0.4,0.4,0.5,0.5,0.8,0.5,0.5,0.2,0.4,0.5,0.7,0.3,0.4,0.4,0.3,,0.1,0.4,0.2,,0.4,0.5,0.3,0.3,0.3,0.3,0.4,0.5,0.4,0.6,0.5,0.3,0.2,0.6,0.3,0.4,0.7,0.6,0.6,0.6,0.4,0.4,0.4,0.4,0.4,0.6,0.5,,0.4,0.5,0.3,0.4,0.4,0.7,0.6,0.5,0.8,0.4,0.5,0.4,0.4,0.4,0.5,0.6,0.7,0.6,1,0.8,0.5,0.7,0.7,0.5,0.6,0.7,1.2,0.8,0.8,0.3,0.9,0.2,0.3,0.3,0.4,0.3,0.4,0.4,0.5,0.4,0.4,0.4,0.8,0.6,0.2,0.3,0.3,0.4,0.4,0.7,0.8,0.4,0.7,0.6,0.5,0.7,0.6,0.1,0.2,0.6,0.7,0.4,0.6,0.6,0.9,1.3,0.4,0.4,0.8,0.9,0.7,0.8,0.8,0.5,0.7,0.6,,0.6,0.2,0.6,0.6,0.5,0.5,0.5,0.5,0.2,0.4,0.1,0.4,0.3,0.4,0.3,0.8,0.4,0.5,0.7,0.4,0.6,0.5,0.4,,0.7,0.3,0.5,0.2,1.3,1.3,0.3,1.3,0.4,0.4,0.7,0.4,0.6,0.7,0.6,0.3,0.6,1.1,0.5,0.5,0.3,0.3,1,0.8,0.4,0.5,0.5,0.4,0.6,0.5,0.4,0.3,0.3,0.3,0.2,0.5,0.3,0.3,0.6,0.3,0.4,0.6,0.5,0.4,0.5,0.1,0.6,0.4
20230729,15,AQI,19,33,10,12,,18,17,28,27,30,18,22,,,19,,21,23,17,,20,,10,14,,13,27,,25,42,33,17,22,28,20,,11,12,,12,9,20,15,17,,24,,13,14,12,15,21,31,42,,50,47,,51,44,50,28,28,28,32,36,26,23,,33,23,24,22,20,22,,14,15,15,14,42,,31,41,58,40,45,38,,45,47,,,46,45,45,43,,23,27,,26,21,35,45,26,,35,14,,13,12,16,15,14,12,14,9,26,28,25,25,26,22,,22,23,30,39,38,38,,48,41,52,,33,45,47,50,,20,14,13,30,,14,20,17,23,,21,24,52,,22,,21,25,26,,17,18,17,18,15,15,10,11,12,9,12,29,,,,20,28,,44,23,23,,,,26,,22,19,17,22,22,19,20,20,21,,,,23,22,,27,24,23,24,22,,24,20,19,27,19,20,22,20,,23,,25,25,,20,20,,23,22,22,,23,35,21,19,,8,9,,,13,10,9,21,26,27,,,17,,,26,,18,17,,20,,22,19,15,21,,22,21,23,23,21,25,25,24,20,18,20,19,19,19,18,20,20,21,,,21,22,22,19,,11,,15,18,15,,16,16,19,,17,10,13,11,,12,14,,18,28,,,24,31,29,27,27,19,14,,15,,15,13,,18,25,26,23,29,28,30,21,29,,24,16,30,31,34,33,35,30,32,58,34,29,41,49,,57,100,43,106,44,59,40,75,13,19,63,35,20,30,,25,27,24,28,30,34,24,35,41,40,42,32,,41,53,72,27,28,26,27,39,37,35,41,,,43,34,32,32,34,35,20,20,48,44,55,,54,50,48,,33,70,38,50,,29,31,,30,32,,34,50,37,50,52,45,47,,,57,44,43,42,48,,57,85,50,63,,,98,39,27,35,44,36,30,30,36,36,32,,27,89,28,28,39,30,,39,35,40,35,35,34,33,,30,30,33,47,30,,31,,30,31,,83,,84,68,,,,,42,,,,67,53,48,31,144,25,24,,30,,35,36,37,36,31,31,30,32,33,29,27,,23,,,,,,,50,60,46,47,50,,13,12,14,9,9,9,9,14,14,16,13,12,13,11,17,18,21,,,12,,31,17,15,22,28,,23,18,,,32,23,29,19,,12,11,22,,21,22,20,19,20,14,,23,17,14,,,,17,,,20,,22,14,15,14,24,24,27,12,12,32,,18,,,33,,32,42,36,19,22,19,22,24,,39,36,39,38,39,35,52,40,35,43,19,21,18,26,20,,34,30,34,34,,30,107,87,,33,35,,30,31,31,30,27,,26,25,,,24,23,,35,,38,39,39,36,23,22,,21,20,,53,42,,55,,22,26,30,,25,28,,45,49,,21,18,21,27,17,20,33,23,27,22,23,23,22,17,20,21,14,14,14,18,,15,28,17,20,19,18,19,18,15,25,24,29,,22,20,20,18,17,28,34,32,33,39,32,21,23,23,,24,,24,,24,23,24,23,22,,22,28,22,,15,,15,15,18,17,18,13,16,,,,17,,,,16,,17,,28,20,22,42,81,,40,,34,34,,38,25,25,,36,24,26,22,22,25,,30,,,28,25,25,23,23,33,35,31,30,27,26,27,35,45,46,67,49,54,42,20,25,38,38,43,38,41,37,38,36,35,,53,25,42,30,25,31,29,29,,,,,44,46,,45,28,33,38,33,32,37,28,32,30,33,29,36,35,,47,43,,25,27,49,,35,36,,34,24,30,28,32,31,50,,32,62,62,49,57,,43,45,54,44,49,38,40,39,,,40,42,55,43,42,,,20,,,,,29,,,,,,,,,,,,,,,,22,,,,,,,,,,,,,,,,,,,,,,,,,,,,,,,,,,,,,,28,18,18,19,24,19,24,19,,,,,23,31,22,24,,20,38,43,39,41,51,34,,33,34,67,,,74,54,,59,50,32,,33,,41,43,,,41,30,,,48,49,46,,,25,26,43,44,43,42,43,45,28,24,31,30,18,25,19,31,34,25,31,28,23,,26,19,,29,27,20,,13,9,53,20,,27,31,35,12,36,13,26,,,36,23,25,24,23,29,44,25,35,33,27,32,29,30,29,28,39,,,35,25,27,32,29,26,,20,23,22,,22,23,22,,16,18,19,17,13,21,20,,15,17,17,25,,15,,,,16,16,16,18,24,26,,19,,20,,,,14,15,14,13,17,25,,14,,10,17,18,22,22,21,20,,18,19,17,,,22,22,22,,20,25,35,,,17,23,18,38,16,18,21,28,32,32,29,15,27,32,19,,10,27,17,66,16,,33,30,33,34,25,27,30,28,25,,20,29,38,25,20,22,16,20,16,14,14,,18,,15,,10,13,13,16,,17,17,19,,21,22,23,22,23,,20,21,21,21,20,19,20,,19,20,19,24,38,,20,18,19,21,25,27,31,32,29,28,19,18,,23,79,25,,20,21,,24,21,,28,,15,15,,61,19,31,39,,36,36,,27,30,28,28,32,27,33,32,32,33,30,34,34,35,33,36,39,38,36,37,29,29,34,30,27,24,29,28,27,29,14,21,22,49,48,72,54,48,37,41,35,36,50,64,46,53,57,41,43,53,42,42,37,34,32,34,35,,73,35,38,27,25,,26,30,,,34,37,36,34,35,35,38,39,40,23,,,,,34,34,,33,,32,31,31,27,,44,41,39,,,,,35,44,44,37,44,31,,35,,28,35,37,31,30,33,29,26,26,23,24,,,,,35,37,22,23,33,30,27,,25,21,20,30,32,24,24,23,,24,18,22,32,36,,36,45,29,27,30,26,27,20,28,,19,24,,22,26,,35,32,31,,34,,27,,16,16,25,31,29,31,47,42,44,43,26,32,31,19,,50,50,,36,37,50,,46,47,27,26,58,58,,23,25,45,42,,,49,59,49,,47,48,40,36,29,44,38,,41,,,,31,32,30,313,282,166,136,20,,53,41,38,74,86,109,147,142,100,,,45,36,,30,,34,37,39,67,39,12,20,47,16,18,25,38,34,,31,20,25,24,10,20,23,,19,,14,19,89,,28,,60,38,20,33,24,34,21,29,,,27,15,22,25,,65,69,53,23,,26,24,,,29,23,23,22,21,23,26,31,22,22,22,49,40,46,42,,20,16,,107,35,32,31,38,45,26,22,40,,17,16,19,14,11,48,22,42,14,27,12,28,24,25,35,,32,29,32,,46,20,97,,42,40,30,30,30,17,32,41,,34,33,27,44,,,22,15,,29,,28,28,,,85,22,20,25,26,26,25,26,17,49,21,,,36,16,15,18,14,,21,74,87,72,55,35,46,13,18,14,13,14,14,18,14,22,25,36,57,43,45,49,24,24,16,19,10,23,28,24,42,68,46,83,,35,22,24,23,28,26,41,41,25,20,32,106,37,39,37,22,17,,21,22,20,23,26,20,14,14,17,17,,,21,11,16,32,30,28,24,29,29,29,26,28,28,43,46,28,30,28,69,,50,30,44,29,22,20,24,18,19,,19,22,23,19,27,,35,,11,50,28,31,22,40,29,31,38,40,36,55,40,18,21,19,15,16,16,41,19,22,13,38,,45,23,23,25,17,25,20,20,24,24,17,11,25,23,20,33,41,32,41,60,53,53,24,30,47,23,35,39,40,46,28,28,33,97,43,19,17,19,14,17,15,20,16,23,21,20,15,15,,16,15,12,10,17,23,21,24,35,23,23,28,25,32,50,54,52,30,41,38,17,10,22,22,25,18,16,15,15,17,27,24,,17,25,36,19,42,36,31,40,33,43,17,10,16,17,16,34,39,41,33,64,29,23,26,33,34,23,25,,16,20,44,24,38,26,30,31,31,24,23,21,,21,20,41,45,38,24,21,21,60,28,25,40,10,10,19,15,23,16,33,19,19,27,33,36,38,32,30,22,13,15,18,23,14,19,67,32,27,28,36,55,46,36,58,31,37,46,70,65,27,,48,21,27,43,30,26,24,50,32,43,29,77,58,,25,26,18,17,25,30,44,25,19,12,22,28,29,39,35,57,36,42,18,28,29,22,21,,25,20,31,98,61,41,16,60,23,27,16,40,17,39,32,25,12,64,26,14,13,,12,9,24,26,23,39,,46,42,23,15,37,33,35,26,11,32,22,29,33,37,24,19,14,13,50
20230729,15,PM2.5,13,15,6,1,,9,8,19,17,21,6,9,,,7,,4,6,7,,4,,,1,,1,6,,17,29,23,1,15,19,6,,2,8,,7,1,7,6,9,,11,,9,9,3,8,10,10,12,,35,26,,33,30,31,6,7,15,16,18,13,16,,20,7,9,9,14,9,,7,8,4,9,29,,18,27,40,28,31,24,,10,10,,,10,12,10,9,,12,10,,9,4,17,24,15,,14,4,9,9,6,7,6,6,7,6,4,12,12,9,8,10,7,,8,9,9,15,12,13,,12,14,17,,16,16,24,18,,14,3,5,5,,4,9,2,16,,2,2,2,,4,,7,5,18,,5,6,5,7,6,5,1,3,2,,,9,,,,11,16,,11,16,16,,,,8,,2,7,5,2,2,7,5,2,5,,,,10,4,,5,10,8,9,7,,9,10,8,2,7,8,9,14,,11,,12,11,,8,9,,10,9,11,,10,13,5,8,8,5,4,,,2,4,4,13,10,10,11,,11,,,18,,5,8,,13,10,12,6,5,6,,8,12,4,5,1,5,9,3,7,12,9,7,8,9,12,7,5,8,2,,,,,,9,5,4,7,7,2,,9,7,13,,7,7,2,5,,7,7,2,12,19,,,7,7,12,12,10,7,6,,7,3,6,4,5,12,4,7,5,12,8,12,11,9,,,4,6,14,22,13,8,3,17,41,14,11,2,24,,29,30,23,27,18,33,22,35,9,11,45,11,10,21,,11,12,13,16,18,15,12,10,18,15,18,22,,14,37,33,13,15,18,15,14,14,22,18,,,23,16,15,14,10,13,14,11,33,28,39,,28,29,26,24,20,29,22,32,,12,13,13,14,11,,20,23,17,19,12,14,13,,,11,27,19,15,25,,13,25,2,9,,,22,15,7,15,12,12,9,17,17,14,12,,10,66,18,16,27,15,10,7,7,5,8,7,17,10,,8,16,12,28,10,,19,,8,16,,14,,15,19,,,,,13,,,,15,22,8,20,110,11,1,,11,12,13,19,17,25,15,9,12,12,11,16,11,10,1,,,,,,,9,19,7,14,17,,4,5,4,3,2,4,6,5,5,2,9,2,2,1,5,6,7,,,8,,13,11,8,9,19,,12,2,,,22,16,19,9,,3,7,12,,7,5,2,5,12,7,13,16,7,9,,,,10,,,9,,9,3,8,8,11,5,11,7,5,22,,12,,,6,,19,20,16,6,8,6,10,13,,14,18,19,16,24,17,36,22,7,19,6,6,6,6,9,,6,4,13,15,,14,32,38,,12,7,,11,11,10,7,16,,16,8,,,7,12,,15,,7,15,4,14,,,,5,2,,37,24,,30,,12,13,16,,8,6,10,12,10,,7,6,8,11,10,6,6,6,6,9,5,6,,5,8,9,5,5,6,9,,2,2,3,5,9,7,6,8,9,17,2,2,,4,6,8,5,8,3,20,6,20,18,7,9,8,9,,7,7,10,,15,8,12,4,10,,8,4,8,,8,,7,4,6,7,6,2,4,,,,8,,5,,2,,8,,19,9,9,29,29,,26,,5,5,,7,6,7,,25,13,9,2,13,5,,11,,,5,7,5,11,16,17,17,18,10,8,5,7,12,31,27,35,23,35,28,6,5,8,11,30,8,10,12,11,15,11,,35,10,29,16,4,9,7,2,,,,,10,10,,8,13,17,16,12,22,17,16,22,18,18,13,12,14,,21,30,,12,15,24,,16,18,,16,5,3,11,6,3,35,4,22,36,44,34,31,,7,12,17,7,12,7,5,6,,,10,29,10,11,13,,,5,,,,,7,,,,,,,,,,,,,,,,9,,,,,,,,,,,,,,,,,,,,,,,,,,,,,,,,,,,,,,19,3,1,7,8,8,,2,,,,4,12,7,5,,,13,26,27,20,26,23,10,,17,12,48,,,54,26,,42,35,13,,13,,7,16,,,16,21,,,6,9,14,,,13,10,3,5,11,12,19,,5,3,18,15,6,9,4,11,11,7,13,12,4,,,11,,9,16,7,,,,7,3,15,15,4,17,6,7,1,11,,,12,8,7,6,5,16,19,5,9,7,18,16,12,12,18,16,12,,,5,13,12,14,14,12,,4,,4,,10,9,3,,9,11,3,8,1,9,8,,2,1,5,1,10,6,1,1,,3,5,2,4,3,9,,2,,7,,,,,1,8,5,7,1,,2,,4,4,4,7,6,5,4,23,8,10,11,3,,,8,7,14,11,7,8,5,,6,6,8,26,11,7,4,15,22,22,14,6,11,14,12,,,6,7,6,4,,23,14,20,16,14,18,14,14,17,,13,19,20,11,11,6,8,9,8,4,3,,12,,8,,,,6,8,,4,7,5,,6,5,16,5,8,,6,5,8,7,7,7,8,,6,4,10,,4,,3,,8,10,13,2,13,4,11,5,2,3,,6,58,7,,8,,,10,4,,3,,7,7,,19,6,13,18,,14,14,,14,5,4,10,8,8,5,7,7,5,14,13,18,13,16,13,25,18,12,24,7,11,13,9,4,3,10,6,7,5,9,5,11,34,33,35,32,18,20,25,12,18,22,46,32,34,31,18,20,23,17,16,18,17,22,19,17,,49,20,26,4,7,,,13,,,4,10,11,5,11,10,8,7,7,16,,,,,16,16,,17,4,14,9,9,5,,11,13,11,,,,,8,9,5,9,5,6,,9,,2,11,11,8,9,9,20,7,5,7,8,,,,,5,4,7,8,6,8,13,,7,6,4,10,15,8,11,4,,14,12,15,18,22,,25,31,20,16,15,5,8,5,5,,9,1,,9,,,4,7,,,5,,2,,1,3,5,10,6,11,8,10,10,11,10,11,12,9,,7,3,,4,6,12,,7,32,6,5,26,23,,10,9,7,8,,,15,4,19,,15,4,7,8,3,5,5,,4,,,3,2,1,1,127,134,40,30,5,,13,7,15,35,63,53,53,67,42,,,12,15,,6,,8,21,12,16,14,5,2,22,,4,,26,5,,17,7,12,7,6,6,10,,7,,7,7,2,,6,,31,4,6,11,13,19,12,6,,,7,4,12,4,,13,21,17,9,,10,2,,,9,4,2,12,10,4,16,7,7,4,7,25,13,25,16,,5,8,,39,8,15,14,2,18,10,12,22,,7,9,,7,,12,12,29,7,8,5,2,13,11,5,,7,10,5,,32,4,19,5,12,2,12,11,16,2,5,5,,23,8,9,16,,,5,1,5,14,5,6,9,,,17,11,8,9,10,1,,10,5,9,14,8,10,25,9,6,4,,,8,10,11,9,8,7,21,7,3,8,4,9,8,6,6,5,12,15,14,4,9,15,11,8,5,5,5,16,9,10,20,29,32,61,22,18,15,14,16,19,11,6,20,14,10,11,38,19,12,13,6,7,,2,10,8,8,8,2,1,2,5,2,5,8,3,6,8,22,18,9,8,14,14,4,16,9,13,17,21,14,10,14,26,,12,8,10,10,9,12,14,12,6,,9,14,16,5,6,,12,,,7,4,6,10,23,6,18,19,14,15,30,27,8,6,8,7,6,3,1,12,9,7,24,,10,9,3,5,6,11,5,7,8,9,4,3,14,7,14,12,10,3,26,20,14,26,9,19,26,15,13,17,19,23,15,12,14,45,30,2,10,4,6,2,2,3,6,8,5,9,8,5,4,5,3,3,2,5,2,8,13,16,5,4,15,16,22,18,15,17,2,11,8,10,5,12,12,7,12,5,5,5,11,12,7,,8,17,25,9,3,10,4,6,6,24,5,5,7,2,4,14,15,18,20,46,16,8,5,16,7,13,16,,5,3,6,6,26,13,16,7,21,9,8,9,,9,11,14,16,17,12,4,1,33,19,13,28,2,3,13,8,16,4,5,11,,8,16,5,4,14,8,6,2,5,8,,1,7,48,11,10,8,7,38,32,16,41,8,1,7,44,18,6,5,33,9,14,2,13,13,6,17,19,21,8,11,13,,10,5,5,7,8,12,10,12,7,5,15,7,11,4,6,24,20,4,,14,9,12,14,,2,4,16,36,24,24,8,41,10,17,6,25,9,10,7,5,7,8,5,2,7,,8,6,11,18,12,27,8,10,5,7,6,12,10,13,15,3,18,7,2,,10,14,13,9,3,11
20230729,15,PM2.5_24h,24,15,20,20,22,22,15,18,14,26,17,19,,,12,,14,14,15,,14,,6,9,,6,13,,25,30,28,20,19,23,11,,16,21,,29,13,6,11,17,,13,,13,12,9,16,15,13,15,,24,9,,16,20,17,21,16,16,18,15,22,24,,26,9,6,12,19,18,,18,20,20,22,30,,20,28,33,29,30,25,,13,11,,,12,15,13,14,20,13,11,,10,9,12,13,13,,14,3,5,5,4,6,4,4,5,5,5,13,13,12,11,11,10,11,12,12,12,14,10,9,14,13,10,15,,12,9,19,10,6,9,6,5,6,,5,8,5,8,3,4,2,2,4,3,6,6,6,18,,8,8,7,9,8,9,2,6,2,1,,2,,,,8,10,,8,10,11,,,,11,,6,6,7,5,6,9,7,3,8,,,,7,7,,8,9,10,7,7,,8,6,6,2,5,6,7,11,,9,,8,9,,7,7,,6,8,9,,10,8,7,6,8,6,6,,,5,5,4,11,8,10,12,,7,,,9,,4,7,,12,10,10,5,6,6,,6,6,8,8,6,6,5,4,7,10,11,5,10,12,5,7,6,9,2,,,1,1,2,10,9,7,10,7,5,,8,9,12,,9,10,4,6,,7,6,11,12,10,,,6,4,4,6,6,6,13,,8,7,9,8,8,23,7,7,5,9,6,12,13,6,,8,7,6,9,8,11,6,6,9,24,8,8,2,22,,20,20,20,12,16,19,17,16,12,15,18,20,12,13,,12,14,11,14,22,17,18,11,14,17,16,17,,12,19,27,19,19,20,16,15,14,18,11,,,18,17,17,19,11,12,16,15,17,17,19,15,32,29,30,29,30,25,32,38,,15,20,16,15,13,,21,25,17,15,21,10,15,,,23,20,20,16,14,,9,11,13,11,,,15,10,6,17,8,10,8,12,17,14,6,,14,66,14,13,18,15,8,7,6,6,8,7,17,12,41,9,17,13,16,7,,18,,8,13,,17,,22,20,,,,,11,,,,18,17,24,31,98,28,18,,31,10,8,10,10,4,9,8,7,9,10,19,7,9,6,13,,27,22,16,19,13,16,12,16,16,,8,8,7,17,13,14,15,7,7,5,8,9,11,10,10,10,7,,,8,,8,6,6,5,13,,13,7,,,11,7,9,5,,3,7,6,,8,4,3,5,8,3,5,5,3,2,,,,5,,,8,,9,6,8,7,5,7,4,3,4,6,,8,,,14,,14,20,18,12,11,12,15,12,,24,28,28,23,30,21,32,30,17,27,8,10,11,12,10,14,11,10,14,18,,16,17,16,,14,14,,12,12,10,14,11,,16,10,,,9,13,,24,,21,18,16,19,10,13,,14,14,,51,33,,45,,23,25,22,,30,25,9,9,9,,9,9,10,11,13,8,7,15,13,9,10,9,12,7,10,15,8,5,18,15,10,11,11,11,11,11,10,10,12,9,12,4,8,,11,10,14,13,6,6,18,10,20,13,8,8,8,8,,8,8,9,,8,8,9,5,5,,6,9,5,,13,,13,9,10,14,10,6,5,,,,8,,7,,8,,10,,10,6,6,17,19,,17,,8,11,7,5,12,11,,14,10,6,7,13,8,,13,,,7,13,11,13,11,15,19,17,13,15,6,12,21,31,27,29,26,28,23,8,8,9,10,13,11,13,14,17,17,14,,12,8,11,15,6,5,5,2,,,,,10,11,,11,12,13,10,10,15,16,8,15,10,12,10,10,11,,18,18,,12,14,16,,14,17,,17,4,3,3,5,4,9,3,6,29,30,27,45,,17,21,41,9,14,11,12,4,10,,19,10,17,17,16,,,8,,,,,5,,,,,,,,,,,,,,,,2,,,,,,,,,,,,,,,,,,,,,,,,,,,,,,,,,,,,,,7,2,4,9,10,8,2,4,1,,,10,12,10,11,8,,18,24,27,18,23,24,21,,29,25,34,,,35,39,,27,27,19,,19,,14,16,,,22,16,,,16,13,23,,,12,12,11,7,15,9,13,16,14,15,21,16,7,10,9,11,10,8,11,12,17,15,6,15,,12,13,9,,5,2,6,8,15,14,7,7,8,11,3,9,,,8,8,9,9,7,11,8,5,6,5,11,17,7,8,10,10,8,,,13,6,7,8,13,14,,10,6,6,,10,9,5,,10,8,6,13,4,8,9,,6,9,6,5,8,5,7,7,,8,4,5,5,6,5,,3,,7,,,,2,2,4,8,5,3,,7,,7,6,6,2,2,3,4,33,9,10,10,9,3,3,8,5,12,11,8,12,3,,3,7,10,28,7,4,4,12,12,11,11,9,12,11,13,,8,7,6,6,9,,12,9,12,12,14,16,12,15,11,,11,14,14,9,10,8,9,7,8,7,6,,14,10,13,,6,5,8,12,,10,10,6,,6,7,13,6,7,,6,6,9,7,8,7,7,,7,7,11,4,8,,7,3,8,15,14,10,11,6,14,8,3,2,,7,18,10,,8,4,,10,6,8,6,,11,9,9,17,12,10,15,,13,17,12,16,15,5,17,15,7,12,11,10,7,13,15,13,15,15,13,20,15,25,21,7,13,14,14,14,8,14,14,10,11,8,9,9,25,22,26,23,16,19,18,15,18,17,25,23,24,20,23,21,20,15,18,15,20,25,20,20,,30,24,26,7,7,,3,8,6,9,6,16,15,9,14,23,20,14,21,10,4,,,,20,16,,18,5,4,7,8,7,,8,9,9,,,,,7,6,10,8,5,11,,15,,7,9,7,6,8,10,13,8,8,5,8,,,,,8,6,8,8,16,7,12,,10,6,7,12,15,6,11,6,11,7,12,17,24,19,,26,27,22,24,8,6,9,9,14,,11,8,,9,4,,5,5,5,,14,,3,,2,4,7,10,5,11,18,18,16,43,6,9,8,9,,9,6,,8,6,14,,17,22,6,6,42,44,,6,5,13,12,,,15,11,21,,15,9,14,17,2,16,8,,7,,,5,3,2,2,48,52,21,26,8,,25,9,12,18,20,39,28,36,40,,,13,12,,8,,6,26,26,26,8,10,11,14,6,11,9,25,20,,22,10,10,9,7,6,8,,4,,3,8,12,10,7,9,54,9,5,11,12,18,8,8,,,20,6,6,11,,12,14,14,13,,8,5,,,4,5,5,8,9,5,8,4,4,5,11,19,18,13,32,,12,12,,16,11,13,12,16,25,16,8,20,,8,6,3,12,6,22,5,26,4,12,2,4,14,7,5,6,7,8,10,,18,6,14,6,8,11,10,12,12,7,7,13,2,13,10,9,13,10,,5,7,3,13,6,11,9,,,21,6,20,8,8,2,9,9,9,12,12,9,12,22,3,10,15,2,,10,18,11,17,8,5,35,8,6,5,8,8,7,6,5,6,14,20,16,8,16,15,12,8,8,7,4,10,9,7,15,17,20,22,16,21,19,17,18,17,12,16,16,16,14,15,14,19,14,11,5,22,,9,7,7,5,7,5,5,5,9,7,6,8,5,16,14,10,12,11,7,14,16,10,21,12,16,30,24,10,18,14,17,,18,12,21,6,5,10,6,1,3,,4,14,15,2,11,15,16,,8,10,13,12,13,17,12,30,23,21,20,21,22,4,6,8,5,5,6,4,11,4,21,12,19,17,7,2,8,8,10,5,8,9,7,7,4,10,7,7,23,18,22,30,33,26,14,10,9,16,15,16,11,25,17,15,19,14,19,28,6,7,11,24,29,6,4,6,7,6,9,8,7,9,10,8,8,8,12,8,8,8,13,11,11,10,14,15,15,9,18,4,11,13,9,4,3,4,5,7,6,5,11,2,5,6,,10,9,9,3,6,16,14,7,9,17,6,8,8,5,8,12,16,22,19,23,12,6,8,16,10,10,10,,5,12,8,8,18,15,19,8,14,8,8,7,9,7,9,20,18,13,22,19,16,29,26,13,22,16,22,18,22,26,19,17,11,11,19,22,21,15,20,20,8,4,10,13,3,10,10,25,22,11,17,4,21,19,14,24,9,8,20,62,40,9,9,29,27,11,16,14,16,13,12,19,19,7,16,20,,8,5,9,6,6,12,9,4,2,2,12,3,8,7,7,19,21,12,3,10,8,8,7,,5,6,8,26,38,37,8,34,14,16,27,18,22,17,8,6,10,20,7,6,12,7,23,16,14,14,18,14,12,13,7,7,11,20,9,34,8,4,14,10,5,2,14,7,8,4,7,13
20230729,15,PM10,15,27,8,5,9,9,17,20,27,27,5,12,,,12,,6,12,8,,5,,3,2,,2,5,,19,33,8,15,22,16,9,,11,9,,12,4,4,15,13,,12,,10,14,4,15,21,31,42,,22,36,,52,34,50,28,26,28,32,36,26,6,,33,17,10,16,17,22,,5,7,7,4,37,,31,41,66,40,41,38,,14,14,,,20,17,18,21,,23,27,,26,21,35,45,26,,35,9,8,11,11,16,7,1,7,14,8,26,28,24,19,26,12,,21,23,20,27,38,38,,48,41,53,42,33,45,47,50,,19,14,2,30,,12,20,17,21,,17,17,53,,9,25,11,17,16,,10,10,10,11,8,8,6,4,9,,6,29,,,,19,28,,44,14,7,,,,19,,22,19,14,14,22,14,14,14,16,,,,18,12,,16,14,15,22,15,,16,12,14,27,15,19,22,17,,23,,17,20,,17,19,,18,15,16,,14,35,17,14,12,8,3,,,,5,9,21,26,27,70,,16,,,17,,12,13,,20,25,22,19,15,21,,20,18,11,11,1,11,22,10,14,14,19,12,17,19,12,12,13,17,8,,1,6,7,5,,11,16,6,5,,,13,9,16,,6,9,12,7,,12,12,12,10,22,,,24,31,29,27,27,19,,4,1,,5,5,,12,25,16,12,17,14,20,8,13,,24,12,10,12,22,16,28,29,8,14,11,27,3,35,,64,52,32,64,35,58,28,44,13,19,25,35,16,26,,19,27,24,28,18,20,17,19,17,19,42,24,,41,34,42,20,27,16,19,32,11,33,24,,,37,26,29,13,23,17,16,20,40,31,55,,58,42,39,22,24,46,31,50,,21,29,40,24,24,,26,28,20,29,22,17,20,,,21,28,22,20,40,,16,32,10,31,,,23,22,27,24,44,14,24,27,24,24,29,,12,82,16,26,36,28,,22,6,5,8,11,26,33,28,16,30,17,47,20,,31,,18,31,,28,,26,30,,,,,6,,,,31,24,48,31,25,22,22,,26,18,15,21,23,25,15,17,20,16,15,24,6,,12,,,,,,,44,56,36,27,46,,12,11,11,4,4,,8,12,11,8,13,9,13,10,10,9,10,,,7,,31,17,7,22,17,,18,7,,,20,22,29,19,,12,11,22,,5,22,12,19,12,14,19,17,17,14,,,,17,,,20,,22,12,5,9,24,24,27,12,10,24,,12,,,16,,30,41,9,11,7,19,14,15,,34,32,32,22,27,30,44,34,22,24,5,4,2,3,3,,12,20,22,34,,27,53,57,,14,16,,13,7,8,24,4,,5,11,,,24,23,,23,,18,18,23,27,6,8,,10,6,,35,42,,59,,14,26,30,,22,28,19,22,13,,16,16,21,27,17,14,15,17,27,20,23,23,22,9,20,20,9,11,5,18,15,4,28,16,,11,17,13,13,10,14,8,29,,10,8,12,14,10,28,34,16,28,39,24,21,13,21,,7,,18,,7,9,17,12,3,,13,10,6,,5,,10,,8,6,7,11,2,,,,13,,,,5,,3,,15,19,22,34,111,,40,,17,2,12,23,3,10,,12,8,16,8,13,4,,9,,,8,7,6,12,21,24,21,20,15,19,25,15,35,32,45,54,49,58,42,9,12,17,13,16,20,18,18,18,34,18,,55,25,39,17,8,22,16,14,,,,,11,26,,15,19,26,28,2,22,25,25,22,29,26,13,24,17,,47,34,,24,23,49,,32,27,,26,14,1,20,17,9,21,,29,73,51,48,63,,36,20,58,14,28,12,14,14,,,35,4,59,43,13,,,20,,,,,29,,,,,,,,,,,,,,,,22,,,,,,,,,,,,,,,,,,,,,,,,,,,,,,,,,,,,,,20,15,16,19,24,13,24,7,16,,,7,20,31,9,8,,6,34,43,28,32,51,7,,14,11,75,,,65,58,,34,2,24,,27,,24,16,,,24,14,,,21,31,34,,,10,18,12,17,18,41,9,45,28,12,31,30,17,25,10,31,34,25,31,28,23,54,26,17,,29,23,8,,13,,56,20,26,15,4,17,5,36,7,25,,,36,17,8,22,7,28,44,8,10,33,26,30,14,19,22,20,18,,,21,5,27,2,25,22,,2,20,19,,12,22,22,,10,4,7,15,13,21,17,,6,14,15,25,8,12,,,,3,9,8,9,14,8,,15,,8,,,,7,8,1,4,14,25,,5,,8,14,14,9,13,9,12,5,15,4,8,17,,3,9,20,11,4,25,35,24,,17,9,11,13,6,12,1,19,27,32,17,9,27,32,19,,8,27,17,82,16,,26,23,27,33,20,25,30,28,24,,20,29,38,25,20,22,16,20,16,12,11,,4,11,1,,10,13,13,15,,11,17,18,,9,7,18,2,5,,8,10,3,6,12,15,20,,8,12,10,24,38,,20,18,5,17,9,2,14,13,11,13,14,16,,21,12,22,,10,6,,15,9,,10,,10,6,,72,9,20,38,29,23,23,15,21,20,14,23,19,4,9,15,11,9,17,22,23,20,27,11,20,20,19,32,12,12,13,17,15,20,19,21,8,16,10,15,19,38,42,72,58,48,28,40,19,28,50,73,39,56,63,39,32,56,30,28,30,29,24,28,21,,67,26,25,9,13,,10,17,23,,11,8,11,17,14,8,12,5,16,14,11,,,,23,27,,25,,26,31,22,20,,24,15,19,,,,,14,11,11,14,13,10,,7,,8,12,28,16,17,22,25,9,10,20,7,,,,,12,14,15,11,20,11,17,,17,7,8,10,,11,14,8,,16,10,20,32,36,,14,40,24,12,30,6,12,7,28,,14,24,,16,3,,2,24,1,,23,,1,,7,7,8,17,16,20,20,16,21,18,11,21,23,19,,16,23,,6,12,18,,20,25,8,18,66,66,,20,20,12,7,,,26,10,13,,23,7,4,26,4,12,23,,24,,,21,21,1,6,430,407,281,222,9,,55,40,33,98,122,167,244,234,150,,,29,24,,30,,19,37,39,83,39,6,12,38,3,6,,17,5,,25,18,19,15,7,5,16,,10,,14,12,30,,13,,70,21,10,33,24,27,15,10,,,27,9,22,6,,23,26,30,17,,8,10,,,29,14,22,22,15,14,26,31,22,21,12,42,22,38,42,,8,11,,59,17,18,18,12,21,21,22,40,43,16,10,14,10,4,17,22,35,14,6,12,12,16,25,12,,13,14,23,,46,10,35,,19,14,24,22,20,8,32,35,23,34,13,19,44,12,,19,2,17,20,14,11,14,,,23,22,11,11,18,5,10,24,5,26,7,27,13,34,14,15,8,4,,9,27,32,32,32,17,44,13,18,14,12,14,6,15,14,22,20,21,20,16,22,30,15,22,11,6,7,21,20,24,28,54,46,85,44,35,21,24,23,26,14,31,29,17,9,30,50,31,39,27,7,9,,2,11,5,16,10,6,4,5,6,9,,18,8,7,8,24,24,18,5,11,12,13,26,16,18,28,28,10,10,19,39,,19,9,14,29,22,10,24,17,19,,19,17,9,17,12,,17,,5,17,7,11,13,34,17,13,36,27,18,56,33,11,20,14,9,10,14,41,16,22,10,38,,26,14,9,13,17,25,7,16,16,12,9,9,25,20,19,22,41,21,41,69,56,13,10,26,42,23,23,24,36,34,17,21,12,72,33,19,4,12,8,4,4,13,14,11,13,20,8,9,,16,6,9,2,5,10,8,15,35,14,6,28,22,23,22,16,22,18,17,13,17,7,22,22,25,16,12,10,9,17,27,5,,13,24,31,19,9,14,2,17,17,43,8,8,7,7,7,14,23,26,29,59,26,11,14,33,34,21,16,,16,17,16,20,19,22,23,16,31,12,16,15,,12,20,27,24,20,21,5,4,70,24,25,38,4,7,12,8,23,5,33,18,19,27,33,36,36,19,29,4,2,7,13,4,5,8,42,19,12,11,36,59,31,27,53,15,6,46,90,80,14,9,46,11,27,20,10,26,14,36,30,34,18,12,26,,18,26,1,9,18,20,21,25,19,12,16,28,29,8,32,64,24,19,3,12,29,22,21,,15,7,31,145,72,41,4,69,18,27,7,40,14,24,32,25,12,33,17,7,9,,4,8,19,24,23,36,24,17,22,23,1,33,33,19,26,7,32,18,,7,16,24,19,14,11,50
20230729,15,PM10_24h,39,29,39,43,24,40,33,34,28,34,33,34,,,20,,20,28,23,,19,,14,17,,11,12,,42,53,36,34,38,41,33,,33,30,,36,29,13,21,24,,28,,23,19,19,30,37,37,46,,36,24,,38,29,34,42,35,36,41,36,42,34,,49,12,15,18,26,28,,34,25,30,30,36,,33,41,55,44,42,41,,29,27,,,26,30,35,35,29,31,28,,26,20,29,27,24,,27,10,9,13,8,22,11,3,9,17,15,30,28,27,26,29,20,23,28,32,24,23,28,24,38,35,36,35,39,38,26,35,47,22,25,22,14,24,,21,22,21,24,14,11,13,11,12,12,20,10,11,32,,18,20,17,20,18,18,12,11,12,7,10,18,,,,19,21,,30,14,13,,,,18,,16,16,15,11,19,12,14,13,21,,,,19,13,,19,19,23,13,14,,17,12,15,15,12,15,19,16,,21,,17,19,,16,15,,14,12,12,,16,26,12,14,16,13,11,,,11,11,13,20,22,21,33,,11,,,16,,16,15,,20,24,22,21,19,21,,15,13,16,15,14,10,11,11,14,13,15,11,15,16,18,13,13,16,6,,5,10,8,9,,20,29,15,10,4,,11,8,19,,15,15,14,14,,18,18,17,16,10,,,22,15,18,26,15,15,15,16,15,17,19,18,22,25,22,13,16,18,17,18,16,13,,26,12,12,14,15,11,20,18,7,12,15,26,30,35,,41,41,31,35,32,38,26,23,24,35,29,51,24,24,,24,33,26,32,28,25,27,22,27,26,32,24,,25,39,39,24,31,23,23,23,24,24,21,,,35,31,35,35,30,30,27,27,31,28,25,22,51,49,48,39,47,43,48,60,,29,33,32,26,21,,31,31,23,26,27,19,21,,,38,29,34,33,21,,19,21,28,24,,,27,15,22,21,20,15,28,28,26,22,27,,25,84,19,20,25,22,14,14,11,9,16,16,25,21,26,18,24,20,26,17,,41,,19,23,,38,,29,28,,,,,14,,,,24,31,102,95,82,103,92,,106,21,15,23,21,22,20,22,20,21,20,33,16,25,18,29,,35,31,31,32,43,38,33,34,49,,17,16,15,21,18,17,20,14,14,12,15,16,20,19,18,18,19,,,8,,18,10,6,12,17,,14,14,,,13,11,16,10,,9,10,6,,16,22,16,15,12,8,9,7,6,9,,,,11,,,20,,20,13,8,16,16,18,21,8,5,10,,11,,,28,,24,35,32,16,18,22,20,18,,40,39,39,40,50,29,46,38,30,40,19,19,20,25,23,40,19,27,30,29,,30,29,29,,21,21,,22,21,22,22,19,,35,16,,,28,18,,29,,37,33,39,42,18,21,,16,18,,58,63,,67,,34,43,52,,45,43,19,24,19,,17,16,23,26,20,17,23,38,25,20,25,18,28,25,22,28,15,17,30,21,21,19,27,33,17,17,20,24,17,13,30,18,35,,18,9,9,15,14,17,27,16,20,28,21,16,13,22,,14,18,17,,5,16,14,12,12,,13,14,5,,18,,20,13,17,15,14,15,14,,,,19,,20,,23,,11,,16,12,25,30,56,,29,,23,21,20,19,17,21,,17,14,17,11,13,13,,19,,,9,23,21,23,19,30,33,29,26,22,34,21,35,33,45,49,43,54,35,18,19,15,16,19,20,20,26,27,32,23,,30,17,24,24,15,18,16,12,,,,,11,24,,13,20,24,22,17,23,21,18,20,19,24,13,25,20,,29,27,,20,20,27,,22,25,,26,5,8,11,10,10,12,,9,44,37,34,45,,81,69,153,18,27,23,22,21,19,,63,40,55,55,67,,,21,,,,,17,,,,,,,,,,,,,,,,9,,,,,,,,,,,,,,,,,,,,,,,,,,,,,,,,,,,,,,17,12,16,16,21,14,23,16,13,,,16,28,38,26,24,,22,43,61,34,44,54,37,,41,48,51,,,45,58,,35,33,30,,29,,43,34,,,38,23,,,28,33,37,,,17,20,19,19,23,22,16,35,38,35,34,33,16,21,17,30,28,22,29,25,38,42,33,38,,27,25,15,,12,6,26,28,25,18,16,18,15,39,14,24,,,21,14,10,14,9,21,21,10,7,25,14,39,8,14,18,17,11,,,19,8,17,4,22,23,,11,20,19,,17,18,17,,15,16,10,20,15,18,16,,13,15,17,20,15,11,10,12,,11,19,8,14,18,8,,8,,5,,,,7,9,5,8,12,15,,11,,14,15,12,11,15,15,17,5,15,13,13,14,,8,10,9,20,17,17,16,8,,8,11,12,38,11,25,4,17,22,19,20,13,27,30,25,,11,17,20,30,20,,23,17,21,22,27,24,24,24,21,,21,26,26,20,20,39,17,18,19,16,18,,13,12,11,,20,16,23,13,,15,15,15,,16,12,16,11,9,,16,15,14,10,17,18,16,,15,12,12,22,29,,23,23,14,29,23,20,18,18,16,19,14,21,,21,20,20,,9,10,,19,13,9,10,,15,12,12,34,21,23,32,24,23,28,25,21,29,21,26,37,21,16,23,19,20,25,23,28,23,27,17,28,22,27,34,17,19,26,30,24,23,27,24,24,18,15,21,20,47,47,54,53,28,33,27,33,34,47,41,38,35,39,42,32,47,26,28,32,35,34,34,34,,47,37,39,21,16,,12,16,18,21,18,14,14,19,21,28,31,25,33,17,22,,,,23,28,,28,,24,22,24,28,,17,16,16,,,,,17,14,15,17,15,27,,22,,11,12,18,16,17,25,16,9,14,17,8,,,,,25,18,10,9,30,16,18,,15,14,16,20,19,12,16,5,31,20,19,22,25,31,,25,33,30,34,19,9,16,15,24,,23,16,,15,8,,7,12,12,,45,,6,,6,8,16,22,21,21,27,24,25,31,12,23,23,18,,24,20,,15,17,46,,65,75,9,19,166,169,,11,10,21,22,,,26,26,40,,27,22,20,31,7,24,20,,17,,,22,9,6,6,169,151,77,96,27,,98,48,47,57,44,114,137,133,119,,,37,28,,32,,42,81,96,123,17,18,19,32,15,17,15,44,34,,34,22,18,20,12,13,16,,9,,9,12,26,17,21,23,162,29,13,41,23,27,13,13,,,41,10,15,19,,29,24,27,14,,10,10,,,16,19,23,17,14,13,18,18,13,18,19,38,24,28,55,,20,14,,31,20,19,18,78,34,24,15,32,32,24,15,13,17,10,45,8,38,13,16,14,16,16,12,6,10,10,10,32,,33,15,27,21,17,25,23,22,19,13,29,27,32,25,17,20,26,26,,18,11,11,21,13,16,14,,,29,24,20,11,16,6,18,20,11,45,11,29,14,33,10,17,10,12,,18,29,29,35,29,24,112,21,23,20,23,27,18,19,22,24,27,29,25,35,40,27,19,16,18,11,12,22,21,17,24,34,36,39,34,36,34,25,30,28,27,34,30,29,16,28,27,33,38,31,9,32,,15,11,11,11,16,7,11,11,18,17,25,15,16,18,16,17,15,13,7,18,17,22,31,24,20,26,30,14,29,22,26,,24,15,29,14,10,14,14,9,14,,9,18,14,15,18,21,21,,13,38,24,21,18,27,19,47,37,35,36,41,32,11,16,13,9,10,12,36,20,13,35,28,34,34,14,7,9,18,15,16,19,18,14,17,14,23,18,14,107,99,93,106,112,82,18,16,15,26,28,30,24,42,22,29,27,23,31,46,28,7,17,33,44,12,13,17,11,12,16,15,14,17,18,13,15,15,19,15,13,20,33,23,12,23,21,22,22,14,25,15,19,17,22,11,13,12,20,17,13,12,15,4,18,11,,14,11,14,10,14,27,4,20,13,24,14,22,18,18,14,19,26,36,34,37,21,8,16,35,27,21,20,,22,19,22,17,24,22,28,19,21,8,9,12,20,14,17,46,34,20,33,22,19,67,50,44,46,22,37,33,37,28,19,51,36,38,61,57,54,59,41,52,16,14,17,21,10,12,12,31,24,21,19,20,35,28,22,28,24,34,97,185,158,15,19,44,42,23,42,28,29,21,21,34,33,26,26,40,,14,20,14,22,15,22,21,15,8,7,11,15,25,14,19,24,20,19,19,15,41,13,17,,21,12,22,114,64,55,18,55,33,35,51,34,43,39,26,21,15,30,18,14,24,15,29,29,25,25,37,30,42,34,17,23,16,38,28,42,21,11,25,18,7,8,24,13,12,10,17,37
20230729,15,SO2,1,3,3,3,3,3,1,3,3,3,3,3,,,5,,2,4,4,,4,,4,4,,3,2,,2,3,3,3,2,1,6,,3,1,,3,2,4,2,5,,4,,2,3,3,8,4,7,8,,6,2,,4,5,11,6,7,9,9,6,1,3,,3,5,8,3,3,2,,5,4,2,4,11,,4,4,3,6,3,5,,6,6,,,7,7,6,6,,7,8,,6,7,10,7,7,,8,3,4,8,4,7,5,3,6,5,6,3,4,4,6,3,5,,4,4,2,7,5,6,,6,6,5,6,2,5,5,8,,7,6,3,4,,2,5,6,5,4,3,3,5,4,6,4,6,8,5,,6,7,7,7,7,5,7,8,5,4,5,4,,,,6,8,,5,7,4,,,,6,,3,5,8,5,10,4,8,5,6,,,,6,5,,3,2,7,3,6,,7,6,8,4,6,8,5,4,,4,,7,5,,6,3,,4,6,6,,6,4,6,5,2,4,7,,,3,4,4,5,6,5,4,,4,,,2,,7,3,,4,2,3,5,3,4,,2,3,4,6,2,4,5,3,5,4,4,3,5,5,8,7,7,8,2,,4,2,3,3,1,3,,7,4,7,,4,4,10,,6,5,6,4,,4,7,,7,6,,,6,7,6,6,5,5,3,1,3,2,1,1,3,2,3,5,8,8,5,6,6,5,,7,6,3,4,4,1,4,2,4,3,2,5,4,3,,4,6,9,6,6,6,5,9,4,5,6,4,4,7,,5,6,5,7,4,9,5,6,5,8,5,6,,4,4,7,5,6,6,10,6,6,3,4,,,9,7,6,3,4,4,6,4,9,12,10,,4,4,6,5,4,6,5,3,,7,5,7,7,7,,5,5,4,7,6,5,6,,,6,8,5,4,10,,3,4,2,2,,,5,2,5,6,3,6,4,8,6,4,7,,7,7,9,3,8,9,7,12,8,10,10,10,8,5,3,6,5,7,2,4,,4,,4,7,,16,,4,6,,,,,6,,,,10,14,5,5,16,4,3,,5,10,3,9,13,6,4,3,4,8,9,1,6,4,6,,,,,,,6,9,9,7,8,,4,5,4,2,4,6,4,4,2,5,1,5,2,3,8,7,8,,,4,,4,2,4,2,6,,6,1,,,2,1,1,12,,9,5,7,,7,9,6,9,7,6,3,4,6,8,,,,11,,,5,,4,8,7,8,5,7,7,4,5,4,,10,,,11,,10,14,11,4,4,8,4,7,,8,9,6,8,7,4,8,7,4,9,1,4,3,8,4,6,4,5,4,6,,6,3,7,,4,4,,6,5,1,4,4,,5,4,,,4,6,,4,,6,4,9,8,8,10,,4,8,,8,8,,8,,7,6,7,,8,6,11,14,15,,8,6,5,8,5,4,4,4,6,8,6,10,7,3,3,6,5,6,6,18,3,6,3,2,5,5,6,6,4,6,5,3,6,,5,5,5,4,2,4,6,4,3,4,2,4,5,2,,7,9,6,,4,9,6,9,8,,10,10,7,,3,,3,3,5,3,8,5,4,,,,1,,3,,6,,3,,3,6,4,3,3,,5,,4,2,4,2,7,5,,4,6,8,5,8,1,,4,,,8,4,6,3,6,5,5,6,5,4,4,2,4,9,6,9,8,19,6,2,2,3,5,7,5,8,13,15,8,5,,30,6,21,6,4,4,7,3,,,,,2,1,,1,2,9,9,8,6,5,10,8,4,6,6,4,3,,3,3,,8,2,5,,6,5,,5,7,5,7,11,4,5,6,5,6,10,5,4,,5,18,4,17,65,6,6,8,,,10,6,5,4,5,,,4,,,,,2,,,,,,,,,,,,,,,,6,,,,,,,,,,,,,,,,,,,,,,,,,,,,,,,,,,,,,,7,3,1,3,1,2,2,3,1,,,2,10,11,9,8,,8,8,10,4,5,7,6,,7,6,5,,,3,3,,10,9,3,,5,,9,13,,,5,5,,,4,6,11,,,2,2,7,10,10,6,6,3,3,4,5,2,3,7,6,10,8,5,6,8,8,5,2,3,,7,8,5,,6,5,6,5,4,3,6,3,10,7,10,6,,,6,9,7,9,10,11,6,10,3,6,4,7,2,4,3,4,1,,,8,8,4,1,5,3,,6,3,4,,6,4,6,,4,8,4,7,5,2,4,,4,3,5,7,3,4,4,3,,4,5,6,7,8,6,,4,,5,,,,2,5,6,7,3,3,,3,,16,8,6,8,7,8,7,3,9,2,6,9,5,4,6,3,1,2,2,3,2,,8,4,5,7,34,7,29,8,8,9,7,7,6,10,6,,3,1,1,2,2,,2,5,5,6,10,5,6,12,2,,2,2,6,3,4,4,6,4,3,5,4,,2,3,5,,5,2,5,4,,4,3,4,,1,8,6,7,4,,6,6,4,8,9,4,3,,4,5,4,4,4,,4,6,8,5,4,5,6,6,6,7,4,4,,6,8,4,,6,7,,10,5,,3,,6,4,,9,10,5,8,6,8,6,6,3,6,5,5,6,4,4,2,2,4,5,4,6,3,7,6,7,9,12,9,8,5,5,5,4,2,13,11,6,6,6,6,5,8,6,6,5,18,8,5,7,5,12,8,7,10,11,9,12,17,10,11,10,6,6,8,7,,15,4,3,7,2,,5,8,6,,6,6,4,6,9,3,2,1,3,3,11,,,,7,8,,9,5,15,14,11,6,,8,8,6,,,,,5,6,6,6,7,3,,4,,4,6,10,11,9,9,3,4,4,4,5,,,,,2,2,5,4,5,4,1,,3,8,7,7,7,2,8,9,4,10,4,6,5,8,,6,10,4,4,6,9,5,8,15,,9,6,,7,7,,7,7,4,,7,,7,,9,8,1,5,6,8,5,7,6,8,5,5,5,7,,12,10,,8,4,7,,6,4,9,4,5,6,,4,6,7,8,,,10,4,4,,10,11,8,9,11,9,5,,5,,,6,5,4,6,6,4,5,6,5,,8,8,9,5,6,6,2,3,2,,,8,6,,5,,4,12,10,8,33,2,4,5,4,4,4,3,10,,5,2,7,2,5,2,2,,3,,6,10,3,,6,,4,7,5,6,6,8,5,3,,,2,4,5,6,,10,14,6,8,,5,4,,,1,3,6,4,7,6,2,4,5,5,5,6,6,8,8,,3,1,,5,3,11,8,4,20,3,8,4,3,3,5,5,2,4,7,4,14,4,2,2,6,4,9,3,,6,8,6,,5,4,6,2,3,5,2,5,5,4,4,6,5,2,7,3,1,4,8,3,5,4,6,,5,4,,,7,4,3,5,8,7,6,4,4,6,3,,6,11,6,2,4,3,,4,10,12,7,7,5,5,6,7,6,7,5,6,2,5,6,3,5,7,10,12,11,2,7,7,7,7,7,3,5,4,5,5,12,7,4,6,6,2,6,6,6,6,2,5,5,9,7,2,1,6,8,,6,9,5,4,8,2,3,2,5,3,2,1,8,4,2,8,3,7,8,10,5,7,9,14,8,6,8,9,11,12,2,,2,3,3,4,6,9,8,5,5,,2,4,4,4,6,,9,,5,8,6,6,6,6,5,5,11,7,6,13,13,2,1,4,5,4,6,5,5,4,3,3,,14,4,1,5,7,4,5,5,5,6,6,3,5,2,6,3,5,1,6,5,15,5,8,4,8,5,5,5,5,9,3,4,6,7,3,1,5,4,4,4,9,4,3,6,6,2,2,4,1,6,3,3,3,9,8,3,9,6,9,9,9,7,4,4,1,2,6,5,5,8,3,4,9,3,4,6,6,4,2,6,5,,2,2,4,4,12,5,7,8,6,3,4,1,3,8,3,10,3,5,8,3,8,6,3,5,2,2,3,,8,4,7,8,6,6,6,6,6,5,5,1,,3,3,8,9,6,6,10,6,10,3,2,1,3,2,3,3,5,3,5,7,9,4,9,7,10,6,9,2,2,4,3,8,9,1,7,9,4,6,7,6,4,3,4,5,10,8,3,4,5,,5,6,7,19,7,6,10,3,7,7,4,12,9,,7,3,4,3,6,7,3,4,6,6,4,7,1,3,7,6,4,7,4,3,6,3,4,,5,7,3,7,4,7,8,4,3,2,3,3,3,5,7,3,4,8,9,4,3,,2,1,3,3,3,3,6,6,6,3,7,7,4,16,6,4,3,4,6,7,6,16,4,7,4,9
20230729,15,SO2_24h,3,3,3,3,3,3,1,3,3,3,3,3,,,5,,2,4,5,,4,,4,4,,3,2,,2,2,3,3,3,2,6,,2,3,,3,3,4,2,5,,5,,2,3,2,8,3,6,9,,5,2,,2,2,9,7,7,9,9,5,2,2,,4,5,7,2,4,2,,5,5,3,4,7,,3,7,7,7,6,4,,6,6,,,8,7,6,7,5,10,21,,6,8,14,12,10,,9,4,4,7,4,7,5,4,6,5,6,4,4,4,6,3,5,4,4,4,3,8,5,6,3,7,6,5,6,3,4,5,8,4,8,6,3,4,,2,6,7,5,4,3,3,6,11,6,4,6,7,5,,6,8,8,6,8,6,6,8,4,4,4,4,,,,6,8,,6,7,4,,,,6,,3,5,8,5,10,5,8,5,6,,,,7,5,,2,4,5,6,6,,7,5,7,4,6,7,5,3,,5,,7,5,,6,4,,4,5,6,,6,4,5,5,2,4,7,,,3,4,4,4,6,5,4,,4,,,2,,7,3,,4,2,3,5,3,4,,2,3,4,5,2,4,4,3,5,4,4,3,5,5,8,8,7,8,2,,4,2,2,3,1,3,2,8,5,7,,5,4,10,,7,5,6,4,,4,7,5,6,5,,,5,6,9,6,5,5,1,1,3,2,1,1,3,2,3,6,8,7,5,6,5,5,,6,6,3,5,4,1,4,2,4,3,2,5,4,4,,5,5,9,7,6,6,5,7,4,5,6,4,4,7,,5,6,5,7,5,7,5,5,7,11,5,6,,6,5,9,6,6,7,11,5,6,3,4,,,9,8,7,4,5,5,6,4,9,16,8,10,5,6,7,5,5,9,6,8,,7,5,8,7,8,,5,5,4,7,7,5,6,,,6,9,5,4,7,,3,3,2,2,,,3,8,5,5,3,6,4,6,6,5,4,,10,8,8,4,6,6,7,12,8,11,10,10,7,5,3,6,6,6,2,5,,4,,4,7,,8,,5,7,,,,,5,,,,13,12,5,6,14,4,4,,6,10,3,10,13,6,4,4,4,6,6,1,6,4,7,16,,14,11,14,8,7,11,9,7,7,,5,6,4,3,4,6,3,3,2,5,2,5,2,2,8,7,8,,,4,,4,2,4,2,6,,6,2,,,2,1,1,11,,9,6,7,,10,9,10,9,6,7,3,3,5,7,,,,10,,,5,,4,8,7,8,5,8,6,4,4,4,,9,,,16,,13,12,12,4,4,8,5,8,,13,10,6,8,8,4,7,7,4,11,1,5,2,7,4,7,4,5,4,6,,6,7,9,,4,4,,7,6,3,6,5,,12,5,,,3,5,,4,,9,9,10,10,8,10,,10,8,,9,8,,8,,9,7,8,,8,7,12,15,16,,7,6,5,5,3,4,4,7,5,7,5,4,6,5,4,6,5,6,6,12,13,11,3,3,5,5,6,6,4,6,5,3,7,,6,5,4,4,2,4,5,5,3,4,2,3,5,2,,6,8,6,,4,10,7,9,8,,11,10,7,,3,,3,4,5,3,8,6,4,,,,1,,2,,6,,3,,2,6,4,3,4,,6,,4,2,4,2,7,5,,9,8,9,6,7,2,,4,,,8,4,6,3,6,7,11,13,6,5,4,2,4,19,19,10,20,23,12,1,2,3,6,6,6,8,10,9,8,5,,11,7,16,7,5,5,6,3,,,,,1,2,,2,1,8,9,9,5,6,4,6,2,2,5,5,4,,4,3,,8,2,5,,6,4,,5,7,5,5,9,4,6,6,5,5,7,5,4,,21,31,4,18,25,8,11,8,2,,6,7,6,5,6,,,4,,,,,3,,,,,,,,,,,,,,,,5,,,,,,,,,,,,,,,,,,,,,,,,,,,,,,,,,,,,,,7,2,1,3,1,2,2,3,2,,,2,9,10,9,8,,8,6,7,6,5,7,11,,8,8,6,,,4,4,,15,14,3,,7,,16,20,,,5,4,,,4,4,14,,,3,3,7,10,10,5,6,3,3,7,7,4,3,6,10,8,10,4,6,11,8,5,2,4,,8,8,5,,7,5,7,6,5,4,6,3,8,6,8,5,,,6,8,7,9,10,13,6,9,7,5,6,14,7,2,3,4,1,,,9,8,4,2,5,3,,6,8,6,,6,5,6,,4,8,6,7,5,2,3,,4,4,4,8,2,3,5,4,,4,5,6,7,9,7,,5,,6,,,,2,6,8,7,3,4,,3,,7,6,6,6,6,8,6,1,10,4,7,10,5,4,6,3,2,3,4,5,2,,8,3,4,6,10,6,28,15,16,16,12,12,9,10,7,,4,6,6,4,4,,1,5,5,6,8,8,9,13,1,,3,3,7,2,4,4,5,4,3,8,9,,4,4,6,,6,2,5,4,,4,3,4,,1,8,6,7,4,,6,5,4,7,9,4,4,,4,6,4,6,5,,5,8,8,4,5,5,6,6,6,7,4,4,,7,8,5,,6,7,,10,5,5,2,,6,4,6,9,10,6,20,8,11,12,9,4,8,6,7,8,4,5,3,3,5,6,5,6,3,6,8,8,10,13,11,10,5,8,8,9,2,14,10,9,6,5,6,5,8,6,7,6,6,7,5,8,6,9,6,7,7,8,8,18,31,7,8,11,10,6,14,10,,15,4,3,6,3,,6,7,6,4,6,5,3,6,6,3,3,2,3,3,10,,,,6,8,,9,8,10,12,11,12,,7,8,6,,,,,5,5,6,6,7,2,,4,,4,5,9,11,9,12,3,4,9,5,5,,,,,3,2,4,4,27,5,2,,5,8,7,8,9,2,8,8,5,9,4,6,13,36,,11,15,6,5,7,9,5,8,15,,8,6,,7,7,,6,7,4,,8,,7,,8,8,2,6,9,8,5,7,7,8,5,5,5,8,,105,39,,6,6,7,,7,5,6,3,5,5,,5,5,7,7,,,6,5,4,,11,10,13,10,11,10,5,,5,,,6,5,4,6,6,4,4,5,5,,7,8,9,6,6,7,3,3,3,,,7,6,,5,,4,9,9,9,15,2,4,5,5,4,4,3,10,,6,2,8,2,4,2,2,,3,,6,6,3,4,7,8,11,8,4,6,6,8,5,3,,,2,4,5,6,,9,16,6,6,,5,4,,,2,3,6,4,7,6,2,4,5,5,5,6,6,7,9,,4,2,,6,4,9,6,5,16,4,7,16,3,4,6,3,2,5,16,3,23,4,2,2,6,4,8,5,8,7,8,6,,2,4,9,3,3,5,3,5,6,4,4,7,5,4,9,3,1,5,24,3,5,5,7,8,5,4,,,5,4,6,6,8,6,6,3,4,6,2,10,7,17,6,3,4,3,,5,9,7,17,43,5,7,6,7,6,7,5,7,2,5,6,3,6,8,18,13,11,2,7,7,7,7,6,2,4,5,6,6,8,8,4,6,6,4,6,7,7,14,2,7,6,8,7,7,2,6,8,,6,9,5,4,9,2,3,2,5,4,2,1,8,4,2,8,3,6,8,10,5,9,8,6,9,9,8,8,11,12,2,,3,6,6,3,6,10,8,4,6,,1,4,4,4,9,8,9,,6,7,5,7,7,7,5,5,11,33,8,10,5,2,1,3,5,4,4,5,6,4,4,3,17,14,4,2,5,6,4,5,5,5,6,6,2,5,2,8,4,6,1,6,6,8,5,8,5,8,6,5,5,6,9,3,6,7,7,2,2,5,4,5,5,8,4,3,6,6,2,3,4,2,6,3,4,3,10,8,4,19,7,11,7,9,8,5,3,2,2,6,5,6,7,3,3,9,3,4,7,6,5,2,5,6,,4,2,4,3,8,5,7,10,5,3,4,2,2,7,3,15,5,16,10,3,6,5,5,5,2,3,3,,8,5,7,8,6,6,7,5,4,5,4,1,6,4,2,12,9,6,7,13,6,9,2,2,1,3,3,3,3,4,7,6,7,9,4,8,8,10,7,9,2,4,5,3,8,12,2,7,6,5,8,7,5,4,3,3,6,9,6,6,6,4,7,6,9,7,23,10,7,10,4,7,8,7,17,13,,6,3,4,2,6,6,2,4,6,7,5,7,2,3,7,3,4,6,6,3,6,2,4,,5,6,1,8,6,7,8,5,3,2,3,3,3,8,10,4,4,15,11,8,6,4,4,3,3,3,3,3,9,6,4,3,7,5,5,10,5,4,4,5,6,7,9,11,4,8,6,10
20230729,15,NO2,7,6,7,15,23,12,18,6,11,10,35,10,,,8,,8,8,12,,6,,10,2,,2,8,,4,6,7,4,7,6,8,,3,5,,2,2,9,11,15,,8,,4,3,9,3,5,3,6,,7,6,,11,12,7,12,6,8,7,3,9,12,,6,9,6,6,3,8,,2,1,3,10,22,,5,25,35,12,16,13,,8,10,,,5,7,9,10,,19,17,,11,10,13,19,16,,10,13,11,6,6,5,7,10,5,9,11,12,8,5,5,8,4,,6,5,6,5,6,5,,7,12,12,12,10,5,7,8,,12,8,11,4,,9,13,10,17,1,8,3,2,3,3,,6,2,3,,2,2,5,1,2,5,13,14,11,13,10,3,,,,5,6,,6,2,5,,,,8,,9,14,5,8,13,8,7,9,7,,,,1,6,,9,4,6,8,6,,5,5,9,5,5,8,1,3,,4,,5,8,,5,5,,11,6,8,,9,8,8,13,,11,14,,,1,10,10,12,10,7,,,11,,,8,,1,8,,5,,7,12,2,7,,9,8,8,6,5,3,3,3,8,13,3,5,5,8,5,5,2,7,2,,6,6,6,5,6,14,,14,4,13,,5,9,4,,10,14,17,13,,13,19,19,18,1,,,6,10,5,4,7,7,12,6,9,12,6,7,8,13,10,10,12,9,10,11,15,9,,12,10,7,2,9,5,6,9,2,5,2,1,22,16,,21,19,30,20,20,23,11,16,19,18,21,30,39,28,,9,3,12,30,13,11,12,6,4,7,18,20,,6,13,12,8,8,4,5,9,9,8,8,,,23,20,28,11,10,6,13,19,8,7,15,,6,8,14,,4,13,11,12,,16,16,10,13,8,,10,21,4,9,18,4,10,,,12,14,5,8,19,,4,6,19,7,,,8,2,11,15,13,10,6,13,11,11,7,,6,8,16,17,12,15,2,9,7,5,7,8,14,10,18,5,10,9,7,5,,14,,13,17,,13,,14,23,,,,,11,,,,13,12,12,13,37,18,3,,12,5,2,8,10,4,2,5,5,3,7,2,3,4,5,,,,,,,14,13,13,8,9,,9,6,8,7,4,5,9,10,10,5,1,6,1,6,12,11,6,,,7,,4,1,1,2,1,,3,5,,,2,4,3,14,,16,7,6,,7,8,6,9,6,2,,2,2,4,,,,2,,,2,,1,1,2,2,11,2,2,5,3,10,,1,,,4,,2,7,6,17,18,13,18,7,,4,8,9,7,7,6,7,7,6,8,9,7,13,6,12,8,6,7,5,4,,3,9,8,,6,8,,4,3,7,4,5,,14,5,,,3,4,,7,,10,5,7,15,6,9,,6,5,,10,12,,11,,17,19,14,,13,10,13,13,7,,8,7,9,10,11,9,3,7,9,8,10,6,10,6,13,25,6,6,7,4,,2,6,8,3,5,6,4,5,4,6,9,18,,9,6,6,5,7,9,7,7,6,8,5,12,10,6,,3,6,9,,2,4,11,13,2,,15,6,2,,12,,13,14,15,13,5,2,4,,,,2,,,,9,,2,,6,3,7,12,16,,9,,12,10,9,10,4,9,,2,10,3,6,8,2,,4,,,1,2,4,3,4,4,4,5,8,5,3,3,7,6,10,15,8,15,9,6,5,6,6,4,7,6,6,6,8,6,,36,12,40,11,11,6,1,2,,,,,4,8,,2,4,8,10,10,7,10,10,5,7,7,5,8,6,,10,11,,5,4,12,,9,7,,12,2,6,11,12,11,10,8,9,11,15,7,8,,8,9,3,5,7,7,7,4,,,5,2,10,12,5,,,19,,,,,5,,,,,,,,,,,,,,,,3,,,,,,,,,,,,,,,,,,,,,,,,,,,,,,,,,,,,,,5,2,4,6,4,4,3,4,2,,,3,18,19,18,14,,16,7,6,11,3,9,10,,10,12,9,,,11,12,,14,14,8,,8,,4,7,,,14,5,,,5,5,7,,,5,3,2,7,11,6,5,8,7,8,4,5,9,6,8,15,14,13,16,16,6,5,8,9,,8,12,4,,4,2,3,2,6,4,9,5,5,9,7,9,,,2,8,7,10,5,7,4,7,20,14,9,2,2,5,5,9,2,,,4,18,12,2,6,5,,3,2,1,,1,2,3,,4,3,5,4,1,6,4,,4,3,5,10,4,5,5,5,,8,4,2,3,7,7,,3,,5,,,,2,3,2,1,1,3,,2,,12,17,9,9,3,8,5,6,8,11,10,10,,1,4,1,7,9,6,8,8,,9,4,8,9,19,8,3,4,6,6,5,2,5,8,3,,2,2,3,2,2,,4,3,6,4,5,3,5,5,35,,5,6,4,3,1,3,2,3,8,10,3,,12,9,7,,9,6,10,6,,3,2,6,,4,2,2,2,2,,6,2,3,2,4,6,5,,4,2,2,2,2,,6,5,4,2,2,2,9,7,7,6,3,2,,7,8,9,,2,3,,4,5,,4,,2,2,3,3,8,1,6,5,5,5,3,3,4,3,3,2,4,3,3,1,2,50,2,6,4,11,3,10,7,5,9,3,4,2,1,2,3,8,5,7,2,3,6,6,7,11,18,6,26,12,16,10,8,23,18,9,12,12,6,7,9,9,5,11,7,2,7,9,,10,2,4,6,2,,2,1,14,,6,7,6,8,10,6,6,6,6,4,4,,,,5,7,,5,9,14,16,17,6,,1,7,5,,,,,8,4,3,6,3,5,,9,,1,3,6,5,6,3,4,7,4,13,11,,,,,6,3,5,2,5,5,12,,4,5,4,5,6,3,12,13,10,5,9,9,8,8,,5,6,6,7,8,8,5,6,6,,5,4,,7,4,,3,5,5,,5,,3,,2,3,4,3,3,4,5,5,5,5,2,4,3,8,,5,6,,5,5,6,,3,4,15,16,10,9,,6,4,2,7,,,10,1,6,,5,9,4,6,1,5,18,,2,,,,6,4,2,22,22,4,4,8,,23,5,6,4,1,1,6,11,9,,,14,9,,10,,8,3,2,9,33,5,5,12,2,6,4,3,10,,11,4,9,7,12,9,8,,7,,2,5,7,,7,,5,4,1,8,10,5,5,5,,,9,3,7,5,,18,13,9,3,,6,6,,,9,5,9,2,7,5,2,5,4,6,10,17,11,11,14,,8,4,,14,10,5,4,4,6,5,2,5,12,9,4,6,13,6,11,1,11,2,4,10,6,7,2,5,,5,4,5,,4,9,20,4,3,6,3,2,3,6,2,6,1,7,5,8,7,10,7,2,6,,13,11,6,6,,,3,7,6,8,5,3,3,8,4,5,5,6,6,17,9,4,8,4,,3,9,9,6,14,8,8,8,6,8,6,8,4,7,11,9,3,6,4,6,4,11,5,1,2,7,5,1,7,8,6,19,26,28,,27,22,18,24,40,3,9,5,12,6,2,17,17,8,2,4,9,,4,9,5,4,6,2,1,1,11,8,5,5,2,14,6,5,12,7,12,6,4,2,6,3,8,12,11,6,10,18,4,,1,2,4,2,20,8,2,2,2,,1,3,5,8,5,,5,,8,4,4,6,1,4,2,5,3,3,8,13,6,4,3,12,6,3,4,12,8,2,6,7,,8,3,6,8,6,5,8,12,2,4,2,10,2,6,2,6,10,3,22,11,2,10,11,4,6,19,11,6,7,6,12,2,4,8,10,5,9,9,6,4,7,2,6,8,7,6,5,5,3,3,9,9,8,11,4,2,5,7,7,2,6,8,5,5,3,5,6,8,4,9,7,3,3,4,1,6,1,11,5,2,8,,6,5,5,2,8,10,4,9,2,12,9,13,4,6,4,4,7,7,8,6,4,4,6,7,4,2,3,,8,4,15,5,6,14,10,10,9,10,4,9,,5,5,11,10,11,9,14,3,18,3,7,15,2,4,6,3,9,2,1,8,14,9,4,4,2,6,6,7,4,8,17,5,10,2,11,8,4,7,4,9,10,11,9,6,2,27,7,6,4,5,19,10,20,4,1,33,13,16,22,25,5,12,8,,2,4,6,11,9,3,3,5,8,20,13,6,6,4,6,14,9,11,7,4,10,16,7,,8,3,4,2,9,12,4,10,3,11,2,12,6,9,6,5,16,9,11,9,3,,4,3,2,6,7,6,10,7,6,1,9,9,11,10,8,8,7,2,4,6,6,2,1,2,9,17
20230729,15,NO2_24h,29,6,21,26,30,30,30,17,13,17,35,18,,,13,,17,17,20,,18,,22,10,,8,16,,11,14,16,8,13,14,14,,14,19,,19,14,10,15,21,,20,,5,3,9,11,14,13,14,,17,8,,13,14,9,26,21,21,25,9,18,22,,17,19,16,22,7,12,,7,8,9,14,23,,7,22,20,23,17,27,,20,26,,,24,26,28,25,15,26,18,,16,13,14,17,16,,11,13,12,9,9,9,11,14,10,12,12,17,13,9,10,12,6,2,12,10,12,10,11,7,9,13,17,19,17,18,6,11,17,8,7,8,8,2,,8,13,7,12,6,10,6,5,6,6,12,8,6,4,,2,2,5,2,2,5,8,9,4,8,6,5,,,,7,7,,8,6,7,,,,13,,10,16,7,9,14,10,10,8,13,,,,6,7,,17,16,14,8,6,,5,7,8,5,5,5,2,3,,5,,5,7,,12,10,,11,12,13,,11,7,15,13,5,7,6,,,2,6,5,10,6,4,8,,12,,,9,,2,9,,4,4,6,6,2,3,,15,16,11,10,10,9,4,4,14,12,6,9,8,13,7,14,7,10,2,,6,7,6,4,8,5,,12,14,12,,7,8,5,,14,20,25,22,,23,26,26,24,3,,,7,9,11,8,7,9,13,6,10,12,7,8,7,9,13,17,22,18,19,19,21,18,,19,13,10,7,15,10,12,12,7,11,9,3,43,17,,25,28,21,22,28,23,21,13,14,16,15,19,21,21,,10,7,12,26,14,14,8,6,10,15,18,14,,11,25,25,12,9,7,6,9,11,12,8,,,17,14,19,18,14,11,13,18,22,23,19,21,25,25,48,22,26,19,32,40,,15,20,17,14,6,,24,40,20,18,34,18,15,,,41,33,32,20,26,,10,25,28,23,,,19,5,14,26,14,15,12,21,18,19,15,,15,12,12,18,13,16,10,17,19,10,15,14,19,12,22,11,15,14,10,9,,20,,15,18,,25,,22,28,,,,,10,,,,15,22,19,25,28,22,9,,14,12,8,13,16,9,8,15,9,8,10,10,5,14,5,34,,24,34,27,25,23,16,17,20,30,,11,10,12,6,3,7,5,10,14,8,3,8,3,10,6,8,4,,,10,,6,2,4,3,6,,7,11,,,9,10,8,20,,12,14,10,,14,11,9,9,7,3,2,2,2,6,,,,5,,,9,,6,6,4,5,12,2,3,7,7,7,,5,,,11,,6,10,12,10,11,11,12,6,,14,19,18,15,20,14,11,11,11,15,11,12,12,7,6,6,16,12,12,13,,12,11,8,,9,9,,9,6,12,6,7,,20,10,,,4,12,,23,,23,22,18,25,7,10,,4,4,,19,22,,22,,14,14,13,,13,11,22,17,10,,7,7,8,13,13,8,3,19,16,10,16,6,16,12,15,22,9,8,15,10,5,9,12,14,8,9,11,7,8,2,11,10,11,,8,10,11,9,8,9,8,17,8,9,7,12,10,9,,5,8,9,,4,11,14,11,5,,14,12,2,,8,,9,10,13,9,4,2,3,,,,5,,7,,10,,4,,10,7,9,14,19,,8,,20,20,14,13,9,14,,7,14,8,12,10,4,,6,,,2,7,10,8,4,7,14,13,14,8,4,5,8,10,21,19,19,21,13,8,8,6,16,13,11,14,17,17,19,16,,15,14,25,29,15,11,6,8,,,,,4,9,,7,4,13,10,13,14,10,14,10,16,16,11,16,12,,12,14,,11,6,18,,14,18,,17,5,6,17,13,11,11,9,10,14,17,13,11,,15,18,18,8,10,14,12,3,5,,7,3,16,10,4,,,25,,,,,6,,,,,,,,,,,,,,,,5,,,,,,,,,,,,,,,,,,,,,,,,,,,,,,,,,,,,,,9,6,6,8,4,5,4,6,2,,,4,15,17,16,14,,15,19,18,19,15,24,17,,15,18,15,,,16,20,,21,26,25,,22,,10,13,,,14,12,,,9,7,18,,,11,8,5,9,13,7,6,12,11,10,8,7,5,7,9,14,15,19,16,19,9,9,15,13,,14,14,6,,4,4,8,11,9,7,9,7,13,16,10,14,,,6,13,10,15,8,11,5,8,6,12,11,2,7,8,8,11,4,,,10,13,9,2,11,10,,5,7,9,,8,8,12,,8,8,10,10,7,6,3,,7,8,7,13,9,6,9,9,,9,3,3,4,15,11,,8,,10,,,,2,7,6,5,4,5,,5,,14,15,14,4,3,5,3,4,9,12,9,7,,3,7,3,6,9,7,5,7,,6,4,7,9,8,6,3,7,10,7,10,6,10,12,9,,3,4,4,5,5,,7,4,8,8,9,7,9,12,24,,8,13,7,3,3,3,3,5,7,8,4,,14,10,8,,9,5,10,8,,7,5,7,,5,4,3,6,5,,8,2,6,4,7,9,6,,8,4,6,10,7,,13,14,5,6,5,4,11,10,9,10,10,6,,7,9,10,,4,5,,6,4,5,6,,3,4,5,9,11,8,9,11,9,12,10,5,6,7,8,8,4,6,6,3,4,30,9,15,12,18,5,10,9,11,13,2,8,5,4,8,4,14,10,10,4,4,8,9,30,11,22,21,16,9,11,13,13,21,16,13,13,11,9,10,16,14,13,15,14,10,14,16,,11,8,11,8,9,,6,5,14,12,15,11,10,11,15,12,18,19,14,5,26,,,,11,13,,12,16,23,23,26,24,,11,8,8,,,,,9,7,9,10,9,14,,10,,14,6,11,10,12,14,4,10,14,15,8,,,,,11,7,5,5,16,17,16,,5,8,6,10,11,7,13,15,15,12,11,11,18,18,,10,10,12,13,12,12,9,10,11,,11,9,,9,10,,7,8,12,,8,,9,,4,5,10,12,13,10,18,13,13,12,2,7,5,9,,12,12,,10,11,15,,8,9,19,18,16,17,,5,4,12,21,,,18,16,31,,11,10,12,11,6,6,16,,7,,,11,9,5,6,21,19,21,24,9,,12,9,10,8,7,11,14,14,10,,,17,13,,21,,9,10,9,16,17,4,7,17,8,16,11,10,14,,28,7,13,15,6,10,11,,11,,4,10,19,11,22,21,15,11,7,14,14,10,6,10,,,20,2,12,13,,20,16,18,4,,6,10,,,11,10,12,2,10,8,4,7,6,12,7,35,17,13,24,,15,7,,18,12,9,8,6,22,11,4,9,13,18,6,4,17,5,31,3,18,7,6,13,19,12,6,8,7,7,8,11,,4,9,37,4,7,26,3,4,5,5,4,25,6,10,14,14,15,10,19,6,11,2,21,11,12,16,,,15,6,10,14,6,4,6,14,10,13,8,9,14,21,6,6,7,6,,5,22,18,12,18,14,21,8,7,7,7,10,6,7,10,6,12,24,20,11,22,18,12,5,3,8,3,1,12,6,10,20,36,26,19,23,17,11,19,26,9,10,16,12,8,18,15,14,9,4,18,16,,17,8,11,5,12,3,3,4,12,9,6,5,7,9,6,8,13,9,17,13,15,7,16,15,12,19,21,10,26,21,16,,13,10,14,5,24,12,6,5,4,,2,9,11,13,15,16,13,,13,29,8,12,5,7,4,18,8,12,10,14,14,5,6,14,7,6,6,11,9,2,11,7,43,24,5,6,11,6,6,14,13,6,9,3,3,2,6,2,7,20,9,24,11,7,19,7,7,6,19,9,13,11,7,14,14,8,10,14,10,10,15,11,21,19,3,8,9,9,10,11,7,5,6,11,9,7,13,8,6,13,9,13,5,19,17,11,12,20,12,15,13,8,14,12,5,7,9,9,11,4,13,6,3,12,,11,9,9,5,11,21,8,12,4,16,5,8,6,4,5,13,12,12,12,7,10,4,7,13,11,4,5,,8,5,18,4,9,15,22,22,14,11,10,14,3,7,3,24,15,12,10,16,3,34,13,16,17,13,20,21,20,9,4,9,16,18,25,19,20,17,22,25,9,6,16,10,10,9,4,21,16,9,13,7,12,12,15,11,14,2,16,9,10,9,12,18,14,18,11,5,24,8,17,16,20,15,23,30,,4,3,6,8,16,10,7,8,10,23,16,9,12,8,12,17,12,19,13,7,14,15,17,,10,7,3,10,17,20,4,16,12,19,16,9,29,24,9,11,24,23,24,8,4,7,21,16,10,5,19,16,31,27,5,2,8,11,16,14,11,5,11,8,5,8,14,7,4,6,14,14
20230729,15,O3,42,104,32,36,,57,53,43,67,91,37,69,,,59,,65,72,53,,61,,31,44,,41,85,,61,66,64,54,51,62,63,,33,28,,30,26,62,46,54,,74,,33,40,37,30,58,55,56,,66,150,,141,138,154,66,89,77,93,82,75,52,,64,71,75,68,62,64,,42,47,45,42,96,,88,81,71,103,92,103,,142,149,,,146,142,144,136,,63,56,,61,58,64,54,60,,70,42,,32,36,44,45,43,37,42,28,76,84,80,80,83,69,,68,72,93,123,100,85,,102,106,106,106,103,92,102,110,37,34,35,40,28,,43,27,30,26,62,67,76,65,67,69,59,66,77,51,,54,56,54,56,46,48,31,34,36,26,36,46,,,,63,68,,77,71,73,,,,81,,65,60,53,68,60,59,61,63,66,,,,73,68,,84,75,73,75,70,,74,62,58,65,59,62,47,50,,50,,78,79,,62,63,,73,68,69,,72,67,66,58,25,25,26,,,40,30,28,56,56,62,44,,52,,,74,,56,54,,55,46,46,17,26,18,,69,66,71,72,67,79,80,76,63,46,63,60,60,60,54,63,63,65,,,67,68,68,58,,24,26,48,55,48,,49,49,42,,54,32,40,33,,35,42,30,50,27,,,39,44,37,48,39,35,44,47,47,46,47,41,42,33,53,83,71,90,88,95,66,90,,52,51,95,97,106,104,109,96,100,115,108,90,129,156,,142,200,135,212,138,167,127,180,29,39,29,37,27,49,,78,68,59,36,93,106,74,112,130,128,133,102,,106,160,177,86,88,70,86,122,117,112,129,,,136,108,100,101,107,110,62,61,142,140,158,,144,160,152,106,104,176,119,160,,91,99,114,94,100,,106,160,117,157,161,143,149,,,165,139,136,134,152,,165,188,158,170,,,198,122,80,109,91,113,94,96,114,113,100,,84,119,88,87,97,93,126,122,111,126,109,110,106,78,72,95,71,104,107,96,,79,,93,85,,186,,187,174,,,,,132,,,,173,162,83,78,73,79,76,,95,110,110,113,117,114,99,97,95,101,104,90,84,108,72,,,,,,,160,168,147,149,159,,41,36,42,26,28,26,18,44,44,50,34,36,37,33,54,56,66,,,35,,49,42,48,41,69,,71,56,,,62,66,63,42,,27,28,38,,67,69,62,56,61,23,29,29,30,21,,,,42,,,57,,56,44,48,44,31,35,40,29,38,27,,41,,,103,,102,134,113,59,68,60,68,74,,123,114,123,121,124,112,146,126,109,136,59,65,56,83,61,57,108,94,106,87,,96,213,189,,105,110,,96,97,98,96,86,,83,78,,,68,67,,111,,121,122,122,113,72,70,,66,64,,87,97,,91,,69,70,77,,77,78,148,144,154,,65,56,63,58,51,61,103,71,65,70,61,70,64,54,26,21,43,42,42,45,37,46,48,53,64,58,56,60,56,47,71,74,62,,69,64,63,56,54,58,108,102,103,98,101,66,72,72,,74,70,76,,74,73,75,73,69,,69,87,70,,46,,48,48,56,53,56,40,50,,,,52,,48,,49,,53,,64,63,59,78,86,,89,,106,108,,120,78,77,,78,75,82,69,70,77,,94,,,89,77,77,73,66,104,109,99,94,85,83,86,104,126,147,173,140,156,120,63,78,119,119,121,120,129,117,120,114,111,,61,69,63,96,79,99,91,92,,,,,138,146,,144,87,104,119,104,91,118,87,94,96,104,90,115,110,,108,110,,78,86,137,,110,115,,108,75,95,88,101,98,82,94,79,124,142,145,137,,136,143,152,139,155,120,128,124,123,,127,114,114,116,132,,,28,,,,,43,,,,,,,,,,,,,,,,36,,,,,,,,,,,,,,,,,,,,,,,,,,,,,,,,,,,,,,84,55,57,58,64,58,56,59,57,,,,71,67,68,75,,63,119,135,124,129,128,107,,105,106,124,,,100,87,,94,93,102,,103,,131,135,,,129,87,,,152,154,146,,,80,82,135,139,136,132,135,65,58,76,70,72,56,56,60,53,61,66,60,57,64,71,71,59,,87,85,62,,30,28,26,30,94,86,97,111,38,41,39,81,,,96,71,77,76,71,90,88,78,109,78,86,102,92,96,92,89,124,,,111,77,84,101,91,81,,62,71,69,,70,72,70,,51,56,59,54,39,58,63,,46,53,54,46,,47,46,48,,51,50,50,56,74,81,,60,,61,,,,43,45,42,40,53,57,,43,,30,52,56,68,70,66,63,,55,59,52,,,68,68,70,,63,65,62,,,52,73,56,53,50,57,66,89,91,87,90,46,48,51,51,,32,53,50,46,48,,91,93,104,107,79,86,84,85,56,,63,66,67,51,56,48,48,50,30,43,42,,40,42,45,,29,36,31,50,,54,50,60,,65,69,73,69,72,,61,67,65,66,64,58,58,,60,63,58,45,52,,50,46,58,65,78,84,98,100,90,89,60,55,,72,80,78,,62,65,,76,66,,89,,46,47,47,72,58,98,123,118,115,114,109,84,95,87,87,100,86,104,102,102,103,96,108,108,111,104,115,124,120,115,117,91,90,106,94,86,75,90,88,84,92,43,66,70,154,153,177,145,106,118,129,109,114,134,171,144,151,155,131,137,144,134,133,117,106,80,106,111,,178,109,101,84,77,,83,95,123,,107,118,114,106,111,109,120,124,128,20,130,,,,107,108,,103,95,100,93,98,84,,139,129,122,,,,,110,139,138,118,139,97,,111,,87,112,117,99,93,103,83,82,81,71,75,,,,,109,116,70,73,104,94,84,,77,65,61,93,100,75,75,72,85,74,50,53,77,74,,75,93,85,86,92,82,85,64,37,,58,60,,69,83,,110,102,99,,106,,84,,49,50,78,97,90,99,148,132,138,136,83,102,98,51,,160,158,,114,118,159,,147,148,86,81,157,154,,72,77,144,133,,,156,167,156,,149,151,126,115,92,139,121,,129,,,109,98,100,96,101,89,123,126,64,,75,130,121,120,115,118,112,108,111,,,144,113,,92,,107,117,119,76,68,37,63,149,51,57,80,63,108,,98,64,80,76,32,61,73,,58,,40,60,191,,87,,151,119,63,67,56,107,66,92,,,56,47,59,79,,172,175,162,71,,81,74,,,37,72,71,44,65,72,37,36,45,70,68,154,125,147,104,,63,50,,214,112,101,99,119,141,82,51,83,87,54,50,58,42,35,152,35,133,33,85,29,87,74,80,109,,101,91,100,,147,64,197,67,132,127,93,93,94,54,46,129,42,69,104,84,107,55,143,69,48,39,90,63,89,89,,,188,68,64,77,82,81,77,82,53,156,65,48,,96,51,46,55,44,,65,179,189,177,164,110,146,33,37,38,40,39,43,55,35,34,79,114,165,137,143,156,74,74,49,58,30,49,87,63,132,174,147,165,162,68,64,16,39,44,82,129,130,78,62,100,212,117,96,117,68,53,,65,70,63,71,81,61,44,43,52,52,62,,65,34,49,92,94,89,76,91,90,92,80,87,87,136,147,88,94,88,175,,158,96,140,38,36,63,61,33,39,,46,69,69,59,84,,112,,33,158,89,97,68,126,90,98,120,125,115,164,127,56,67,59,47,50,51,46,58,40,41,72,,143,72,72,77,54,72,63,62,74,76,53,33,48,71,48,103,112,101,76,88,110,162,74,93,149,43,111,124,127,146,87,88,104,197,59,42,54,60,43,52,48,62,49,72,67,54,48,48,45,47,48,36,32,52,72,65,76,107,71,71,83,78,91,157,163,161,94,130,119,23,30,43,53,54,57,49,48,45,32,38,75,,53,58,63,60,133,113,97,126,104,119,52,30,49,54,49,108,123,131,104,148,90,72,81,75,82,72,80,,39,61,139,75,89,83,96,99,94,74,72,65,,65,56,129,141,119,76,65,67,130,80,65,67,29,32,35,29,36,49,54,58,43,74,80,110,120,100,95,68,41,46,37,71,43,58,94,100,86,89,28,140,137,114,142,97,116,84,103,107,86,84,85,67,65,136,95,30,74,157,101,136,92,181,166,,80,64,57,54,78,94,139,44,34,28,37,57,64,124,112,130,115,132,55,89,77,53,66,,78,62,36,117,92,91,50,102,71,53,50,64,54,122,38,52,30,171,82,43,39,,32,28,74,61,49,57,154,145,132,67,45,117,78,111,75,33,97,70,90,105,117,56,43,44,39,160
20230729,15,O3_24h,116,119,120,118,114,124,91,125,112,113,108,96,,,177,,144,156,171,,158,,121,146,,141,183,,151,153,138,150,143,151,162,,162,147,,144,141,68,57,64,,91,,139,150,145,137,139,127,139,,156,150,,147,150,154,120,125,132,125,117,149,138,,151,126,116,114,158,152,,162,163,165,170,120,,122,122,130,121,123,116,,147,152,,,180,163,144,147,32,88,81,,90,73,84,78,82,,90,63,66,62,65,73,78,76,67,65,66,97,101,101,105,107,93,67,97,97,102,123,100,103,68,102,108,106,106,103,103,102,110,37,34,35,40,30,,43,37,30,30,62,67,76,65,67,69,59,66,77,54,,60,63,62,60,56,56,35,34,37,32,36,46,,,,63,68,,77,71,73,,,,81,,65,60,53,68,60,59,61,63,66,,,,73,68,,84,75,74,75,70,,74,62,58,65,59,62,47,50,,50,,78,79,,62,63,,73,68,69,,72,67,66,60,44,44,42,,,52,42,48,56,61,62,47,,52,,,74,,61,58,,55,47,46,27,31,28,,78,66,74,81,73,79,80,76,63,49,63,60,60,60,55,63,63,65,,,68,68,70,69,,49,38,68,77,72,,72,73,73,,86,112,104,112,,106,113,112,107,28,,,39,45,37,48,48,43,128,127,145,129,121,117,125,106,134,83,72,92,88,95,90,90,,73,127,95,115,106,107,109,107,100,115,120,103,163,159,,142,200,154,212,159,167,141,180,114,121,131,115,100,105,,146,140,95,121,168,166,164,167,130,128,133,124,,111,181,188,158,166,148,161,154,142,127,153,,,136,128,152,102,107,110,103,126,144,140,158,46,155,160,160,127,122,176,136,160,,108,107,127,108,100,,118,160,118,157,161,143,149,,,165,142,148,134,152,,175,190,166,170,,,203,135,84,115,91,113,96,106,114,115,100,,84,119,90,92,97,93,134,131,130,141,120,131,106,86,85,95,71,104,107,96,,84,,93,85,,195,,187,185,,,,,150,,,,173,162,101,100,113,100,95,,113,115,126,113,123,114,99,97,95,101,104,137,84,118,95,89,,103,84,98,84,160,176,171,167,166,,65,64,64,71,56,54,59,52,51,67,58,63,64,61,75,77,81,,,73,,52,48,48,41,144,,137,112,,,98,97,100,64,,78,62,66,,67,69,62,56,61,30,41,36,40,29,,,,50,,,60,,62,88,83,87,37,44,48,36,50,41,,76,,,129,,137,154,131,143,159,146,152,157,,123,115,123,121,124,112,146,126,109,136,75,79,78,196,198,174,108,94,106,90,,103,213,189,,105,110,,96,97,98,96,95,,126,80,,,93,90,,136,,155,152,154,154,121,127,,123,129,,131,122,,114,,170,156,172,,163,163,148,145,154,,95,84,89,87,80,83,120,110,118,106,114,106,98,63,62,63,57,46,54,64,63,70,63,67,114,116,110,117,115,110,90,90,94,,97,99,90,89,91,94,125,102,110,98,101,66,72,72,,74,70,76,,74,79,76,80,69,,77,87,76,,91,,102,99,96,99,128,140,148,,,,100,,102,,110,,117,,101,101,103,96,98,,99,,106,108,106,120,93,91,,136,122,124,121,124,125,,108,,,114,81,79,76,77,107,117,106,103,155,135,142,164,127,151,173,160,156,130,76,79,119,119,126,120,129,117,120,114,119,,92,92,106,124,79,99,91,93,,,,,138,146,,144,91,104,122,106,102,118,87,94,96,104,90,115,110,,108,110,,100,97,137,,120,126,,119,75,95,90,101,98,114,100,94,124,228,145,140,,149,146,152,159,155,139,148,125,128,,127,123,129,123,135,,,82,,,,,47,,,,,,,,,,,,,,,,44,,,,,,,,,,,,,,,,,,,,,,,,,,,,,,,,,,,,,,84,101,99,101,104,86,86,79,86,,,,112,106,104,108,,99,130,149,133,136,138,147,,138,130,124,,,113,109,,125,119,125,,126,,170,166,,,135,108,,,152,154,155,,,106,120,144,153,170,157,154,107,101,114,150,197,93,83,96,86,83,85,76,79,125,127,121,119,,94,97,112,,42,40,37,42,100,94,136,112,38,42,42,94,,,110,86,87,84,89,92,88,79,110,95,103,102,92,101,92,94,145,,,122,100,105,126,100,93,,89,71,69,,70,72,70,,71,64,79,75,59,58,70,,54,58,60,48,61,51,71,73,,69,52,52,56,74,81,,91,,91,,,,60,61,64,58,62,63,,64,,50,52,62,80,79,77,73,,72,72,76,,,68,68,70,,82,77,75,,,58,73,56,53,53,57,66,95,98,94,93,52,58,58,57,,60,77,76,71,64,,91,93,104,107,79,86,84,85,68,,71,66,70,66,61,50,49,51,53,63,58,,130,133,141,,111,121,115,100,,100,99,102,,103,102,106,99,101,,103,107,103,105,80,75,78,,96,91,92,68,73,,83,74,69,96,110,114,99,105,109,104,109,80,,98,102,100,,85,87,,89,79,53,94,,91,97,90,98,91,111,123,132,135,123,126,93,95,96,87,100,92,104,102,102,103,102,113,113,114,110,117,124,120,115,122,93,104,118,100,95,78,90,88,85,94,51,81,92,154,153,177,145,106,164,137,130,132,155,171,153,151,155,131,137,144,134,133,120,118,80,106,111,,178,143,160,89,82,,90,96,123,58,107,118,114,106,112,132,135,141,136,20,159,,,,107,108,,103,125,133,137,132,114,,139,129,122,,,,,113,144,142,129,140,97,,111,,87,112,130,106,102,105,86,82,81,72,83,,,,,109,116,76,76,104,103,97,,82,65,61,93,100,91,86,92,85,77,56,55,89,86,,82,93,91,94,92,82,88,84,57,,82,71,,83,92,,110,102,107,,106,,92,,52,50,78,97,90,99,158,140,147,140,83,111,98,80,,165,160,,120,128,159,,149,151,100,105,157,154,,89,88,151,146,,,168,167,161,,155,151,126,120,101,144,147,,142,,,134,117,119,111,132,125,159,155,116,,112,130,121,160,153,160,153,152,111,,,144,113,,92,,107,117,128,97,99,60,116,149,176,145,167,148,145,,126,116,80,76,48,66,73,,94,,48,111,191,37,87,26,151,128,68,75,78,107,66,92,,,144,56,59,174,,172,179,164,82,,81,74,,,37,72,71,44,65,72,37,36,45,70,97,154,125,147,129,,166,91,,214,112,101,102,132,146,113,90,85,96,71,78,71,145,125,152,40,138,64,110,66,87,146,80,109,55,101,94,102,,152,70,197,109,144,147,103,109,108,153,108,144,71,75,104,84,107,116,146,83,68,49,93,78,89,90,,,243,73,164,79,82,90,91,82,97,159,108,55,74,130,60,108,69,71,,112,194,189,187,180,120,146,33,41,38,48,44,43,56,35,35,115,143,166,178,153,160,74,74,56,60,40,49,87,63,132,174,176,165,162,152,145,116,112,120,173,149,130,111,81,104,212,127,96,144,127,162,,176,70,70,71,81,66,64,66,117,116,103,106,89,113,102,100,102,95,81,99,96,93,92,87,87,136,147,94,118,118,182,,158,96,142,44,53,63,92,36,46,,49,136,137,79,84,49,112,,64,165,107,102,85,145,123,124,127,137,142,164,127,58,67,59,49,50,59,73,80,48,103,105,91,152,72,72,77,60,72,63,62,74,76,60,36,48,71,48,118,113,115,101,99,131,162,170,93,149,117,198,142,127,184,180,89,158,197,163,108,130,121,148,165,153,69,55,72,67,87,85,52,129,122,139,127,119,116,101,102,82,107,88,74,85,88,100,157,163,166,99,130,132,140,114,45,92,66,62,96,87,77,37,49,133,,106,96,102,102,146,130,115,134,104,119,65,57,70,72,62,108,138,133,117,153,91,80,94,83,82,78,80,,45,89,139,101,103,119,96,99,94,76,82,65,51,65,56,155,163,137,126,134,132,151,167,156,170,143,150,126,129,162,134,124,141,131,159,160,151,166,165,159,118,120,91,110,104,130,103,94,112,86,99,36,140,137,114,142,97,132,116,118,114,86,88,118,164,104,152,118,90,177,157,132,136,110,181,166,,80,67,99,99,84,98,139,44,38,82,65,85,91,136,128,148,118,132,70,96,77,53,66,,101,92,41,159,107,128,123,113,82,101,133,118,128,153,65,66,92,177,94,64,120,52,130,152,106,112,93,97,166,156,132,75,132,130,88,121,87,47,109,70,97,108,122,92,46,52,63,160
20230729,15,O3_8h,40,93,36,38,28,59,60,58,80,80,51,65,,,34,,32,37,29,,31,,16,34,,27,56,,63,62,64,57,53,70,76,,25,19,,20,19,39,26,29,,36,,31,38,36,42,57,51,63,,65,108,,109,111,110,68,78,75,74,70,48,38,,45,39,40,38,44,45,,49,45,42,49,97,,90,94,86,95,89,87,,120,125,,,121,118,119,119,,39,39,,37,40,44,40,47,,55,29,30,22,26,31,32,30,25,30,26,52,55,56,56,60,51,,45,56,59,96,79,69,,80,83,82,81,81,75,82,87,22,22,22,27,21,,28,21,20,20,42,49,55,45,48,49,44,48,51,39,,41,44,43,43,38,39,26,26,30,22,28,31,,,,36,38,,47,40,42,,,,51,,48,45,37,50,43,42,43,46,46,,,,52,50,,55,53,53,50,42,,45,37,32,34,34,37,34,37,,39,,40,39,,41,41,,47,46,46,,44,45,45,44,30,29,33,,,40,33,35,40,46,48,32,,41,,,48,,47,45,,46,40,38,16,22,18,,55,52,49,54,51,54,56,49,40,33,45,44,41,40,38,43,43,44,,,63,57,63,58,,28,31,48,55,46,,48,54,46,,57,16,21,23,,27,26,22,25,20,,,23,30,21,31,31,29,27,31,32,30,29,27,28,22,37,50,36,51,50,56,46,48,,40,53,58,68,58,74,69,67,66,74,76,64,87,102,,88,98,87,117,91,80,71,81,34,41,42,43,46,53,,64,52,50,45,54,61,57,70,98,94,91,73,,87,98,104,67,71,50,63,91,91,85,98,,,79,69,73,72,80,81,59,56,93,90,98,,97,95,101,83,87,111,85,96,,80,78,85,77,72,,70,95,78,91,72,90,89,,,95,74,78,86,74,,109,108,114,106,,,125,89,44,60,49,61,59,59,57,65,53,,61,93,69,73,73,70,100,80,76,85,84,83,66,53,52,64,44,68,49,74,,45,,65,45,,136,,118,112,,,,,106,,,,124,109,52,48,52,54,62,,54,74,87,73,79,69,73,67,70,72,76,81,55,72,66,,,,,,,125,138,119,115,123,,38,33,36,28,26,23,20,40,42,50,31,39,38,35,54,52,63,,,30,,32,28,29,25,48,,49,40,,,34,41,37,33,,28,18,24,,38,42,39,37,45,17,27,25,25,15,,,,30,,,35,,37,28,36,27,24,27,38,25,27,19,,31,,,81,,84,88,85,66,78,69,77,77,,93,82,83,84,85,84,102,88,79,87,54,58,55,68,66,63,75,69,75,71,,69,115,96,,71,74,,74,78,76,72,67,,71,56,,,40,35,,88,,109,102,104,99,88,87,,87,86,,77,82,,77,,104,96,111,,107,103,137,127,140,,44,40,46,41,39,43,96,48,46,51,42,46,44,41,21,15,36,34,28,41,38,42,43,46,49,44,42,47,45,36,76,77,72,,79,78,76,72,71,72,91,82,90,85,90,50,53,55,,51,48,52,,56,44,54,54,45,,53,47,55,,35,,40,38,44,42,40,27,37,,,,32,,28,,40,,46,,37,36,37,54,56,,60,,58,60,23,66,64,64,,62,58,67,59,63,65,,87,,,84,60,56,53,61,80,86,80,74,60,78,80,68,89,92,94,92,90,87,64,66,73,72,88,73,85,72,77,71,76,,45,50,37,47,50,67,68,69,,,,,91,96,,102,64,73,84,74,71,91,53,52,50,52,59,73,70,,52,49,,77,86,96,,100,101,,103,59,63,71,75,71,72,76,73,86,97,104,90,,117,116,117,117,120,103,108,112,112,,109,94,119,117,127,,,23,,,,,32,,,,,,,,,,,,,,,,28,,,,,,,,,,,,,,,,,,,,,,,,,,,,,,,,,,,,,,59,49,42,46,52,43,43,45,44,,,,70,64,64,70,,62,92,97,92,94,90,122,,120,117,88,,,77,70,,69,68,88,,89,,120,114,,,106,74,,,123,128,108,,,80,80,130,135,120,123,129,62,55,84,66,106,38,36,40,37,48,49,46,44,54,57,61,54,,57,54,49,,36,32,22,28,85,75,98,100,22,24,22,78,,,94,69,72,70,62,87,83,76,103,68,74,82,87,93,88,86,126,,,109,67,74,89,84,77,,59,42,42,,46,44,46,,38,39,42,38,23,40,45,,31,38,35,40,51,32,32,34,,36,42,46,46,56,59,,37,,39,,,,36,37,34,32,38,40,,32,,38,39,54,66,66,66,59,,42,41,40,,,48,47,47,,56,56,53,,,38,58,43,40,44,44,44,58,58,57,59,32,32,36,33,,33,52,50,48,48,,58,63,70,74,50,50,52,52,36,,41,45,44,53,51,43,42,44,29,38,34,,36,28,31,,24,27,22,28,,30,30,40,,44,47,51,47,48,,46,52,48,50,43,37,45,,46,44,45,51,57,,57,49,52,58,58,66,64,66,65,64,64,59,,59,60,60,,54,55,,62,46,,56,,34,35,34,61,54,89,94,99,100,99,97,74,78,80,70,76,66,79,76,79,79,76,90,86,84,81,86,90,113,84,89,75,76,82,74,70,64,73,68,73,80,32,50,55,74,71,84,69,72,83,78,83,84,78,100,97,96,98,83,89,92,84,89,88,84,43,60,61,,105,90,86,70,62,,64,66,76,,81,84,85,80,84,61,84,90,82,13,88,,,,85,84,,78,68,62,64,70,59,,68,64,57,,,,,74,104,98,88,100,53,,63,,39,65,70,68,67,58,64,66,63,59,65,,,,,57,55,68,64,66,66,64,,60,38,38,72,78,63,64,57,54,54,41,41,63,59,,76,83,68,63,40,33,72,61,33,,32,30,,66,52,,70,65,88,,77,,77,,30,30,39,45,48,47,126,122,126,124,52,66,60,46,,134,131,,84,82,115,,132,125,74,74,118,114,,76,80,104,96,,,133,114,110,,123,118,104,88,66,132,106,,108,,,91,89,95,89,75,62,107,103,74,,60,96,90,95,96,104,96,96,110,,,86,71,,64,,90,83,87,44,49,37,79,95,34,34,40,60,122,,90,51,51,54,36,54,46,,38,,29,47,120,,56,,115,89,44,44,38,83,42,61,,,40,52,41,40,,120,127,109,61,,43,45,,,24,50,50,33,37,44,25,26,30,50,60,79,76,74,86,,33,30,,110,82,71,73,98,110,81,38,78,59,38,53,59,28,27,100,30,115,30,72,27,46,52,56,72,,65,62,73,,112,33,80,44,105,89,86,87,84,39,31,94,49,46,67,51,53,49,116,45,33,28,70,63,56,57,,,164,49,47,47,42,74,64,51,40,118,40,34,63,75,42,29,59,34,,51,136,121,124,120,81,108,22,28,23,37,29,30,40,22,23,83,103,127,127,104,142,54,41,40,45,26,37,52,44,83,90,87,76,94,52,56,33,49,60,74,92,91,62,58,62,103,74,70,93,41,36,,31,55,46,44,58,41,33,33,47,43,39,59,40,35,40,77,77,73,76,72,68,71,71,43,64,86,79,69,82,71,108,,115,63,90,28,26,39,45,25,26,,32,49,47,39,63,,75,,31,102,58,60,64,98,73,82,86,90,87,101,81,46,53,40,34,32,44,48,40,29,51,79,,108,52,50,53,44,47,46,45,53,54,43,28,32,45,36,100,68,85,56,52,81,92,72,57,90,41,77,91,94,106,64,69,78,106,72,25,40,42,45,34,30,45,37,62,52,36,31,42,27,36,34,27,26,45,49,46,56,97,52,63,54,49,62,116,110,118,67,80,90,26,20,28,36,33,34,34,36,30,27,28,59,,34,31,36,34,106,99,90,111,76,61,50,32,46,50,52,78,88,87,85,97,48,68,62,57,63,59,59,,34,53,75,62,68,72,62,76,66,53,49,48,,46,47,106,114,105,89,61,93,92,70,51,80,20,18,20,19,36,44,57,63,44,56,54,72,77,64,60,46,30,31,31,43,36,36,56,82,41,70,22,88,75,58,92,71,118,65,101,105,53,64,92,98,61,122,77,32,75,96,68,78,72,110,104,,56,43,42,41,76,69,90,27,25,26,27,40,38,104,99,105,104,62,55,51,47,38,46,,74,61,27,106,72,77,36,77,56,50,48,61,46,106,37,31,18,136,76,39,32,,20,20,76,76,51,69,142,127,79,50,37,100,72,89,74,37,60,44,59,88,72,37,28,31,36,111
20230729,15,O3_8h_24h,59,93,60,41,56,59,60,58,80,80,51,65,,,52,,41,42,47,,44,,27,35,,35,56,,104,96,98,103,99,108,116,,47,32,,23,27,44,40,29,,36,,56,62,61,85,84,86,95,,98,108,,109,111,110,68,78,75,74,70,66,46,,54,39,40,38,75,72,,79,82,74,82,97,,90,94,89,95,89,87,,120,125,,,121,118,119,119,36,39,39,,37,40,44,40,47,,55,48,34,26,28,31,33,30,27,30,26,52,55,56,56,60,54,68,47,56,59,96,79,74,63,80,83,82,81,81,75,82,87,22,22,22,27,21,,28,21,20,20,42,49,55,45,48,49,44,48,51,39,,41,44,43,43,38,39,26,26,30,22,28,31,,,,36,38,,47,40,42,,,,51,,48,45,37,50,43,42,43,46,46,,,,52,50,,55,53,53,50,42,,45,37,32,34,34,37,34,37,,39,,40,39,,41,41,,47,46,46,,44,45,45,44,32,29,35,,,40,33,36,48,56,53,43,,41,,,48,,47,45,,46,42,41,16,22,18,,55,52,49,54,51,54,56,51,40,33,45,44,41,40,38,43,43,44,,,63,57,63,58,,46,33,48,55,46,,48,54,46,,57,16,21,23,,27,26,22,25,21,,,25,30,21,31,31,30,52,54,56,59,54,42,54,48,57,50,36,51,50,56,46,48,,40,53,58,68,58,74,69,67,66,74,76,64,87,102,,88,98,87,117,91,80,71,81,90,98,85,96,72,87,,87,72,57,90,108,98,88,81,98,94,91,73,,87,98,104,81,86,80,80,91,91,85,98,,,85,80,92,102,99,105,98,87,93,90,98,54,97,95,101,83,87,111,85,96,,80,78,85,77,86,,70,95,78,91,72,90,89,,,95,74,78,86,74,,109,108,114,106,,,125,89,44,60,49,61,59,59,57,65,53,,61,93,69,73,73,70,100,80,78,85,90,83,66,53,52,64,44,68,52,74,,45,,65,45,,136,,118,112,,,,,106,,,,124,109,85,92,85,84,74,,74,74,87,73,79,69,73,67,70,72,76,98,55,72,66,101,,108,92,100,87,125,138,119,115,123,,38,33,36,66,53,53,59,40,42,50,52,39,51,43,64,63,70,,,30,,32,28,29,25,51,,49,40,,,34,41,37,33,,28,18,24,,38,42,39,37,45,20,34,29,26,21,,,,30,,,35,,37,28,36,27,24,27,38,26,33,26,,31,,,81,,84,88,85,107,122,121,148,120,,93,82,83,84,85,84,102,88,79,87,54,58,55,81,84,76,75,69,75,71,,69,115,96,,71,74,,79,78,76,72,67,,71,56,,,40,35,,88,,109,102,104,99,118,119,,116,116,,77,82,,77,,119,112,123,,119,114,137,127,140,,44,40,46,41,39,43,96,48,46,51,42,46,44,41,21,15,36,34,28,41,53,45,43,46,63,59,52,59,58,58,76,77,72,,79,83,78,76,74,77,91,82,90,85,90,50,53,55,,51,48,52,,56,44,54,54,45,,53,47,57,,86,,91,89,96,91,53,49,59,,,,40,,40,,84,,90,,49,52,46,57,69,,71,,58,60,36,66,71,67,,62,58,67,59,63,65,,87,,,84,60,56,53,63,80,86,80,74,60,104,83,74,89,92,94,92,90,87,64,66,73,72,88,73,85,72,77,71,76,,60,58,43,47,50,67,68,69,,,,,91,96,,102,64,73,84,74,71,91,53,52,50,52,59,73,70,,65,63,,77,86,96,,100,101,,103,61,63,71,75,71,72,76,73,86,97,104,90,,117,116,117,117,120,103,108,124,128,,109,114,119,117,127,,,23,,,,,32,,,,,,,,,,,,,,,,30,,,,,,,,,,,,,,,,,,,,,,,,,,,,,,,,,,,,,,59,49,42,46,52,43,43,45,44,,,,78,76,74,75,,67,92,97,92,94,90,122,,120,117,88,,,78,70,,69,68,88,,89,,120,114,,,106,74,,,123,128,108,,,83,80,130,135,130,134,137,62,55,84,66,106,38,36,40,37,48,49,46,44,85,87,90,76,,57,54,59,,36,32,22,28,85,75,100,100,22,24,22,78,,,94,69,72,70,62,87,83,76,103,68,74,82,87,93,88,86,126,,,109,75,80,97,84,77,,59,42,42,,46,44,46,,38,39,42,38,23,40,45,,31,38,35,40,51,32,32,34,,36,44,46,46,56,59,,37,,39,,,,36,37,34,32,38,40,,32,,38,39,54,66,66,73,63,,42,41,40,,,48,47,47,,56,56,53,,,55,58,43,40,44,44,44,58,58,57,59,32,32,36,33,,38,52,50,52,48,,58,63,70,74,50,50,52,52,36,,41,45,44,53,51,44,44,47,33,38,34,,45,43,48,,44,46,42,42,,41,40,52,,51,47,51,47,48,,52,60,48,54,43,37,45,,46,44,45,51,57,,57,49,57,58,58,66,70,68,65,66,64,59,,81,82,75,,54,55,,62,46,62,56,,46,49,39,61,54,89,94,99,100,99,97,74,78,80,70,76,75,84,84,84,80,76,90,86,84,81,86,90,113,84,89,75,76,82,74,70,64,78,73,73,80,48,50,55,74,71,84,69,72,83,81,83,84,78,100,115,105,102,83,89,92,84,89,88,84,43,60,61,,105,90,86,70,62,,64,66,76,49,81,84,85,80,84,61,84,90,82,13,88,,,,85,84,,78,68,62,64,70,59,,68,64,57,,,,,74,104,98,88,100,53,,63,,39,65,70,68,67,58,64,66,63,59,65,,,,,57,55,68,66,66,66,64,,60,39,38,73,78,72,64,70,54,54,41,41,63,59,,76,83,68,63,40,33,72,68,33,,32,30,,72,52,,70,65,88,,77,,77,,31,30,39,45,48,47,126,122,126,124,52,66,60,46,,134,131,,84,82,115,,139,136,74,74,118,114,,83,85,104,96,,,133,114,110,,123,118,104,88,66,134,106,,108,,,91,89,95,89,103,103,110,105,83,,91,112,108,118,123,104,120,122,110,,,100,94,,64,,107,83,87,82,55,53,111,95,46,43,44,102,125,,90,70,51,54,37,54,46,,38,,29,47,120,47,56,32,115,89,44,44,38,83,42,61,,,47,53,41,50,,120,127,109,61,,43,45,,,24,50,50,33,37,44,25,26,30,50,81,79,76,74,86,,49,44,,110,82,71,73,100,110,82,38,78,74,38,53,62,38,44,100,30,115,30,72,27,46,52,56,72,59,65,62,73,,112,48,80,57,105,89,86,87,84,58,44,94,49,46,67,51,70,94,116,45,33,28,70,69,56,57,,,164,49,78,47,42,83,68,51,40,118,53,34,63,75,47,39,60,34,,57,136,121,124,120,81,108,22,28,23,37,29,30,40,22,23,83,103,127,127,104,142,54,41,40,45,26,37,52,44,83,90,87,76,94,62,70,88,78,92,101,92,91,95,58,62,103,87,70,93,41,36,,42,55,46,44,58,41,33,33,84,85,52,59,40,88,91,77,77,73,76,72,68,71,71,43,64,86,79,69,82,71,108,,115,63,90,28,26,39,45,25,26,,32,49,47,39,63,57,75,,40,102,69,60,64,98,86,82,86,90,87,103,81,46,53,40,34,32,46,48,40,29,93,79,92,108,52,50,53,44,47,46,45,53,54,43,28,32,45,36,100,92,91,90,83,81,92,104,57,90,74,112,91,94,106,97,69,78,106,99,43,54,55,64,37,34,45,37,62,52,36,31,42,52,51,49,43,44,86,49,46,56,97,52,63,54,49,62,116,110,118,67,80,90,38,20,28,36,33,34,34,36,30,27,28,59,,36,31,36,34,106,99,90,111,76,61,59,54,65,61,52,78,88,87,85,97,48,68,62,57,63,59,59,,34,53,75,84,68,72,62,76,66,53,49,48,50,46,47,106,114,105,112,116,132,92,103,84,94,29,32,29,19,70,77,121,93,54,56,54,72,77,77,60,59,53,31,82,53,44,46,69,82,41,70,22,88,75,77,92,71,132,94,115,106,53,64,92,110,66,122,77,67,116,96,83,86,72,110,104,,56,43,94,92,76,69,90,27,25,26,27,40,38,104,99,105,104,62,55,51,47,38,46,,74,61,27,120,72,77,52,77,56,50,48,61,46,106,37,31,18,136,76,39,52,50,20,38,76,76,51,69,142,127,83,50,60,100,72,89,74,37,60,44,59,88,72,37,28,31,36,111
20230729,15,CO,0.6,0.6,0.5,0.6,0.5,0.2,0.4,0.5,0.5,0.5,0.4,0.4,,,0.9,,0.5,0.4,0.9,,0.7,,0.1,0.4,,0.4,0.5,,0.4,0.3,0.3,0.4,0.3,0.2,0.6,,0.2,0.3,,0.3,0.3,0.2,0.3,0.3,,0.2,,0.3,0.4,0.3,,0.3,0.4,0.3,,0.2,0.4,,0.5,0.3,0.7,0.4,0.4,0.4,0.5,0.5,0.3,0.3,,0.3,0.3,0.1,,0.4,0.3,,0.4,0.2,0.2,0.4,1,,0.5,0.6,0.7,0.7,0.6,0.6,,0.4,0.6,,,0.4,0.5,0.5,0.3,,0.8,0.9,,0.7,0.8,0.8,1,0.7,,0.6,0.6,0.4,0.4,0.5,0.4,,0.1,0.6,0.4,0.4,0.5,0.5,0.4,0.3,0.4,0.2,,0.4,0.4,0.5,0.7,0.6,0.5,,0.5,0.6,0.6,0.5,0.6,0.5,0.4,0.5,0.4,0.4,0.5,0.7,0.4,,0.4,0.4,0.3,0.5,0.2,0.4,0.1,0.5,0.4,0.6,0.1,0.3,0.4,0.4,,0.5,0.4,0.4,0.5,0.5,0.5,0.4,0.4,0.4,0.4,0.3,0.2,,,,0.4,0.3,,0.3,0.2,0.3,,,,0.2,,0.7,0.5,0.4,0.6,0.5,0.4,0.2,0.5,0.5,,,,0.4,0.5,,0.6,0.4,0.4,0.3,0.4,,0.5,0.7,0.5,0.6,0.7,0.3,0.4,0.3,,0.3,,0.5,0.5,,0.5,0.5,,0.4,0.5,0.6,,0.6,0.4,0.4,0.4,0.4,0.4,0.3,,,0.4,0.4,0.4,0.4,0.4,0.5,0.3,,0.4,,,0.5,,0.5,0.4,,0.5,0.4,0.4,0.4,0.4,0.3,,0.3,0.4,0.4,0.4,0.3,0.3,0.4,0.4,0.3,0.5,0.5,0.2,0.3,0.3,0.5,0.4,0.4,0.3,,,0.3,0.3,0.4,0.4,,0.5,0.3,0.5,0.3,0.6,,0.5,0.6,0.4,,0.3,0.4,0.1,0.5,,0.5,0.6,0.5,0.6,0.3,,,0.3,0.4,0.4,0.2,0.4,0.3,0.3,0.4,0.4,0.4,0.4,0.4,0.4,0.4,0.5,0.6,0.4,0.3,0.4,0.4,0.4,0.5,,0.5,0.5,0.3,0.5,0.4,0.3,0.4,0.3,0.5,0.5,0.6,0.5,0.6,0.7,,0.6,0.5,0.7,0.8,0.8,0.7,0.8,0.4,0.9,0.7,0.7,1,0.6,0.8,,0.6,0.6,0.8,0.7,0.6,0.7,0.3,0.6,0.5,0.7,0.4,0.8,,0.6,0.6,0.6,0.5,0.5,0.3,0.4,0.5,0.5,0.5,0.4,,,1,0.6,1,0.6,0.8,0.6,0.8,0.7,0.5,0.5,0.5,,0.7,0.6,0.7,0.8,0.5,0.8,0.6,0.8,,0.4,0.4,,0.4,0.3,,0.9,0.9,0.5,0.5,0.5,0.6,0.7,,,0.8,0.4,0.6,0.6,0.9,,0.7,0.4,0.3,0.5,,,0.5,0.6,0.7,0.5,0.3,0.7,0.3,0.5,0.9,0.5,0.4,,0.5,0.6,0.6,0.4,0.6,0.6,0.2,0.2,0.2,0.2,0.1,0.2,0.7,0.7,0.5,0.4,0.6,0.7,0.7,0.4,,0.7,,0.6,0.7,,0.4,,0.3,0.5,,,,,0.6,,,,0.4,0.5,0.3,0.2,0.2,0.6,0.3,,0.3,,0.4,0.1,0.2,0.5,0.4,0.4,0.4,0.3,0.4,,0.3,0.5,0.4,,,,,,,0.6,0.5,0.4,0.5,0.8,,0.5,0.3,0.4,0.5,0.5,0.6,0.4,0.5,0.3,0.3,0.2,0.1,0.4,,0.6,0.6,0.6,,,0.5,,,0.7,0.1,0.3,0.5,,0.3,0.6,,,0.2,0.3,0.3,,,0.4,0.1,0.2,,0.2,0.3,0.4,0.4,0.2,0.6,0.1,0.2,0.3,0.2,,,,0.2,,,0.4,,0.5,0.2,0.3,0.3,0.2,0.3,0.4,0.2,0.2,0.4,,,,,0.5,,0.5,0.9,0.6,0.7,0.6,0.7,0.9,0.5,,0.6,0.5,0.7,0.6,0.6,0.5,0.6,0.7,0.6,0.8,0.5,0.6,0.6,0.7,0.6,0.6,0.6,0.5,0.6,0.7,,0.5,0.5,0.5,,0.5,0.5,,0.5,0.6,0.7,0.7,0.9,,0.6,1,,,0.2,0.2,,0.5,,0.4,0.5,0.4,0.4,0.7,0.7,,0.7,0.8,,0.7,0.9,,0.8,,0.9,0.8,0.8,,0.7,0.8,,0.3,0.3,,0.6,0.8,0.8,0.6,0.9,0.6,0.7,0.2,0.5,0.5,0.5,0.6,0.4,0.2,1.2,2.1,0.7,0.6,0.3,0.4,0.5,0.4,0.3,0.5,0.4,0.6,0.4,0.5,0.6,0.6,0.5,0.2,0.2,,0.3,0.4,0.4,0.3,0.4,0.3,0.4,0.5,0.4,0.5,0.3,0.5,0.4,0.5,,0.6,0.6,0.5,,0.4,0.4,0.7,0.5,0.6,,1,0.6,0.7,,1.3,,1.4,1.2,0.9,1,0.6,0.3,0.2,,,,0.3,,0.6,,0.4,,0.6,,0.4,0.6,0.3,1,1,,1.1,,0.4,0.3,0.4,0.3,0.4,0.4,,0.4,0.7,0.5,0.6,0.4,0.7,,0.6,,,0.4,0.2,0.2,0.1,0.7,0.5,0.4,0.4,0.5,0.5,0.5,0.6,0.6,0.3,0.7,0.8,0.6,1,0.5,0.3,0.3,0.5,0.5,0.4,0.5,0.6,0.5,0.5,0.5,0.5,,3.4,0.6,2.7,1.2,0.3,0.5,0.5,0.5,,,,,0.5,0.5,,0.5,0.4,0.3,0.3,0.3,0.2,0.2,0.6,0.7,0.5,0.4,0.4,0.5,0.5,,0.7,1.1,,0.9,0.4,0.9,,0.6,0.5,,0.7,0.4,0.6,0.6,0.5,0.5,0.8,0.5,0.7,0.8,0.9,0.9,0.9,,0.4,0.7,0.3,0.5,0.6,0.3,0.3,0.2,,,0.3,0.2,0.3,0.2,0.2,,,0.4,,,,,0.4,,,,,,,,,,,,,,,,0.2,,,,,,,,,,,,,,,,,,,,,,,,,,,,,,,,,,,,,,0.4,0.3,0.5,0.4,0.5,0.4,0.3,0.5,0.5,,,,2.2,2,1.4,1.2,,1.5,0.7,0.6,0.5,0.7,0.5,0.6,,0.5,0.4,1.3,,,1.6,0.9,,0.7,0.5,0.5,,0.5,,0.6,0.5,,,0.5,0.4,,,0.5,0.4,0.6,,,0.3,0.3,0.3,0.3,0.5,0.4,0.5,0.6,0.4,0.8,0.4,0.4,0.4,0.5,0.4,0.9,0.8,0.7,0.7,0.9,0.6,0.7,0.6,0.6,,0.4,0.2,0.5,,0.2,0.1,0.4,0.4,,0.5,,0.2,0.4,0.4,0.5,0.1,,,,0.4,0.2,0.4,0.2,0.3,0.1,0.3,0.5,0.2,0.4,,0.4,0.5,0.5,0.5,0.5,,,0.7,0.5,0.4,0.3,0.4,0.4,,0.1,0.2,0.2,,0.3,0.2,0.3,,0.3,0.2,0.1,0.2,0.2,0.3,0.3,,0.2,0.2,0.3,0.4,0.3,0.5,0.4,0.5,,0.3,0.3,0.4,0.1,0.1,0.2,,0.5,,0.4,,,,0.1,0.2,0.2,0.3,0.5,0.5,,0.4,,0.2,0.2,0.4,0.8,0.8,0.5,0.6,,1,0.7,0.9,,,0.5,0.4,0.5,,0.5,0.4,0.4,,,0.6,0.5,0.2,0.4,0.5,0.2,0.4,0.5,0.3,0.4,0.4,1,0.5,0.6,0.5,,0.5,0.4,0.4,0.4,0.3,,1.2,0.6,0.8,0.8,0.7,0.6,0.6,0.7,0.8,,0.7,0.7,0.5,0.4,1.1,1,0.8,1,0.6,0.4,0.7,,0.6,0.5,0.5,,0.6,0.6,0.5,0.5,,0.4,0.4,0.4,,0.5,0.1,0.3,0.4,0.4,,0.3,0.3,0.2,0.3,0.8,0.3,0.4,,0.2,0.2,0.3,0.4,0.4,,0.4,0.4,0.6,0.7,0.3,0.2,0.6,0.6,0.5,0.5,0.5,0.6,,0.5,0.5,0.3,,0.6,0.6,,0.8,0.4,,0.5,,0.5,0.6,,0.6,0.6,0.1,0.5,0.6,0.6,0.6,0.5,0.2,0.2,0.3,0.3,,0.4,0.5,0.5,0.6,0.6,0.8,0.6,0.5,0.5,0.4,0.5,0.7,0.5,0.6,0.4,0.5,0.5,0.4,0.5,0.4,0.5,0.5,0.7,0.7,0.3,0.5,0.5,0.5,0.9,0.8,1.3,0.7,0.8,0.7,1.1,0.7,0.7,0.9,1.1,0.8,1,1,0.6,0.7,0.6,0.7,0.8,0.7,0.7,0.4,0.6,0.6,,0.9,0.4,0.4,0.3,0.5,,0.2,0.5,0.3,,0.2,0.4,0.4,0.4,0.5,0.6,0.4,0.5,0.7,0.2,0.4,,,,0.4,0.4,,0.4,0.4,0.7,0.5,0.5,0.2,,0.5,0.4,0.6,,,,,0.4,0.4,0.4,0.4,0.3,,,0.4,,0.2,0.3,0.7,0.5,0.6,0.3,0.3,0.5,0.5,0.4,0.5,,,,,0.4,0.1,0.3,0.4,0.3,0.4,0.5,,0.3,0.5,0.5,0.2,0.2,0.7,0.6,0.6,,0.3,0.5,0.5,0.7,0.7,,0.4,0.4,0.3,0.3,0.5,0.4,0.6,0.7,0.8,,0.4,0.3,,0.3,0.4,,0.2,0.3,0.4,,0.2,,0.1,,0.4,0.4,0.4,0.6,0.4,0.5,0.6,0.8,0.6,0.7,0.3,0.4,0.6,0.4,,0.6,0.2,,0.4,0.4,0.3,,0.3,0.4,0.4,0.5,0.4,0.7,,0.4,0.4,0.1,,,,0.1,0.3,0.2,,0.4,0.3,0.5,0.4,0.5,0.5,0.6,,0.5,,,0.3,0.5,0.5,0.4,0.5,0.5,0.2,0.3,0.5,,0.4,0.3,0.4,0.3,0.3,0.2,0.3,0.4,0.6,,,0.5,0.5,,0.4,,0.5,0.4,0.3,0.4,3,0.2,0.5,0.9,0.4,0.4,0.5,0.2,0.5,,0.6,0.5,0.4,0.4,0.3,0.4,0.5,,0.4,,0.1,0.3,0.5,,0.6,,0.2,0.2,0.1,0.8,0.9,0.3,0.4,0.3,,,0.3,0.3,0.4,0.4,,0.5,0.5,0.6,0.8,,0.4,0.5,,,0.3,0.5,0.3,0.4,0.4,0.2,0.8,0.5,0.3,0.4,0.4,0.5,0.5,0.6,0.9,,0.5,0.5,,0.7,0.6,0.3,0.2,0.4,0.5,0.1,,0.5,0.9,0.8,0.3,0.3,0.6,0.7,0.3,,0.7,0.2,0.3,0.5,0.2,0.5,0.8,0.1,,0.5,0.5,0.3,,0.5,0.1,0.7,0.4,0.4,0.3,0.5,0.4,0.6,0.1,0.4,0.3,0.2,0.6,0.4,0.4,0.6,0.4,0.5,0.2,0.5,0.2,0.5,0.4,0.4,0.4,,,0.5,0.3,0.3,0.6,0.4,0.1,0.4,0.2,0.2,0.2,0.6,0.4,0.3,0.6,0.9,0.4,0.5,0.3,,0.7,0.6,0.8,0.4,0.4,0.2,0.3,0.4,0.5,0.4,0.4,0.6,0.4,0.5,0.5,0.5,0.4,0.5,0.6,0.4,0.5,0.2,0.2,0.3,0.4,0.4,0.6,0.2,0.2,0.6,0.6,0.5,0.7,0.6,,0.7,0.7,0.7,0.7,0.9,0.4,0.5,0.7,0.9,0.6,0.5,0.6,0.8,0.5,,0.1,0.2,,0.1,0.4,0.2,0.4,0.3,0.6,0.4,0.5,0.4,0.3,0.6,0.4,0.2,1,1,0.3,0.2,0.4,0.4,0.3,0.5,0.6,0.5,0.6,0.4,0.6,0.6,0.5,0.4,0.4,0.4,,0.6,0.3,0.5,0.3,0.4,0.2,0.4,0.2,0.2,,0.3,0.6,0.5,0.3,0.6,,0.7,,0.4,0.2,0.5,0.5,0.6,0.5,0.6,0.6,0.5,0.5,0.7,1,0.7,0.5,0.4,0.5,0.7,0.5,0.6,0.4,1,0.3,0.3,0.6,,0.5,0.6,0.7,0.3,0.5,0.4,0.6,0.5,0.4,0.6,0.4,0.4,0.5,0.4,0.2,0.2,0.3,0.2,0.6,0.2,0.5,0.4,0.8,0.7,0.5,0.6,0.5,0.5,0.7,0.6,0.6,0.6,0.5,0.5,0.3,0.1,0.4,0.3,0.3,0.5,0.4,0.3,0.3,0.3,0.4,0.5,0.5,0.4,0.4,0.7,0.3,0.2,0.4,0.3,0.4,0.2,0.3,0.4,0.6,0.4,0.6,0.7,0.4,0.4,0.5,0.5,0.7,0.4,0.5,0.2,0.3,0.5,0.8,0.3,0.4,0.3,0.3,0.3,0.1,0.4,0.2,,0.3,0.4,0.3,0.4,0.2,0.2,0.5,0.6,0.4,0.7,0.6,0.3,0.2,0.6,0.3,0.4,0.6,0.5,0.6,0.8,0.4,0.5,0.4,0.4,0.3,0.6,0.5,,0.4,0.5,0.2,0.3,0.5,0.7,0.6,0.4,0.8,0.4,0.4,0.4,,0.4,0.5,0.5,0.7,0.5,0.8,0.5,0.4,0.7,0.6,0.4,0.5,0.4,0.4,0.4,1.5,0.2,0.8,0.1,0.2,0.2,0.4,0.3,0.3,0.3,0.4,0.4,0.4,0.5,0.5,1.8,0.2,0.2,0.3,0.8,0.3,0.6,0.7,0.4,0.9,0.8,0.5,0.8,0.5,0.1,0.2,0.6,0.7,0.4,0.5,0.6,0.7,2.1,0.4,0.4,0.9,0.8,0.8,0.8,0.8,0.5,0.5,0.3,,0.6,0.3,0.8,1.1,0.4,0.4,0.5,0.4,0.2,0.3,0.1,0.4,0.3,0.4,0.3,1,0.4,0.5,0.6,0.4,0.6,0.5,0.4,,0.3,0.3,0.4,0.2,1.1,1.1,0.3,1.3,0.5,0.5,0.4,0.6,0.4,0.4,0.5,0.2,0.6,1.1,0.4,0.5,0.3,,0.4,0.4,0.3,0.6,0.6,0.7,,0.4,0.4,0.3,0.3,0.3,0.2,0.4,0.3,0.3,0.5,0.2,0.3,0.6,0.5,0.4,0.7,0.1,0.5,0.3
20230729,15,CO_24h,0.7,0.5,0.6,0.6,0.6,0.3,0.4,0.4,0.4,0.4,0.4,0.4,,,0.7,,0.6,0.6,0.8,,0.7,,0.2,0.5,,0.4,0.6,,0.5,0.4,0.4,0.5,0.4,0.4,0.7,,0.5,0.7,,0.8,0.7,0.5,0.2,0.2,,0.2,,0.3,0.4,0.4,0.2,0.3,0.5,0.4,,0.3,0.3,,0.4,0.2,0.6,0.6,0.5,0.5,0.5,0.4,0.5,0.6,,0.5,0.3,0.2,0.1,0.5,0.4,,0.5,0.4,0.5,0.5,0.8,,0.5,0.8,0.7,0.8,0.7,0.6,,0.5,0.7,,,0.5,0.5,0.5,0.4,0.4,0.6,0.6,,0.6,0.6,0.6,0.6,0.4,,0.5,0.5,0.1,0.3,0.5,0.4,,0.1,0.5,0.5,0.4,0.5,0.5,0.4,0.3,0.4,0.3,0.6,0.4,0.4,0.4,0.6,0.6,0.5,0.7,0.5,0.5,0.6,0.5,0.9,0.4,0.3,0.5,0.4,0.3,0.4,0.6,0.4,,0.4,0.4,0.3,0.4,0.2,0.4,0.1,0.5,0.4,0.5,0.2,0.3,0.4,0.3,,0.4,0.4,0.4,0.4,0.5,0.5,0.3,0.3,0.4,0.3,0.3,0.2,,,,0.4,0.3,,0.3,0.2,0.3,,,,0.3,,0.7,0.6,0.1,0.6,0.5,0.4,0.2,0.5,0.6,,,,0.5,0.5,,0.6,0.6,0.5,0.3,0.4,,0.5,0.6,0.5,0.6,0.7,0.3,0.3,0.3,,0.3,,0.5,0.4,,0.5,0.6,,0.4,0.5,0.5,,0.6,0.4,0.5,0.6,0.4,0.4,0.3,,,0.4,0.4,0.4,0.4,0.4,0.4,0.4,,0.4,,,0.4,,0.5,0.4,,0.5,0.4,0.3,0.3,0.4,0.3,,0.4,0.4,0.4,0.4,0.3,0.4,0.4,0.4,0.3,0.4,0.5,0.2,0.3,0.3,0.5,0.4,0.4,0.3,,,0.3,0.3,0.4,0.4,,0.2,1.2,0.5,0.3,0.6,,0.5,0.6,0.7,,0.4,0.5,0.2,0.6,,0.6,0.6,0.5,0.5,0.3,,,0.2,0.4,0.4,0.2,0.4,0.3,0.4,0.4,0.4,0.4,0.5,0.4,0.4,0.4,0.6,0.7,0.5,0.4,0.6,0.6,0.5,0.6,,0.5,0.5,0.3,0.5,0.4,0.3,0.4,0.3,0.5,0.4,0.6,0.4,0.6,0.7,,0.6,0.5,0.6,0.7,0.8,0.6,0.7,0.3,0.9,0.7,0.7,1,0.6,0.6,,0.6,0.6,0.9,0.6,0.5,0.5,0.4,0.5,0.5,0.7,0.4,0.7,,0.6,0.7,0.5,0.4,0.5,0.3,0.4,0.5,0.5,0.5,0.4,,,0.9,0.7,0.9,0.7,0.8,0.6,0.8,0.7,0.5,0.5,0.4,0.5,0.8,0.7,0.8,0.8,0.6,0.8,0.7,0.9,,0.4,0.5,0.4,0.4,0.3,,0.9,1.1,0.6,0.5,0.7,0.7,0.7,,,1,0.4,1,0.8,1,,0.4,0.4,0.4,0.6,,,0.5,0.6,0.8,0.6,0.3,0.7,0.3,0.6,0.7,0.5,0.5,,0.7,0.4,0.5,0.4,0.6,0.6,0.2,0.3,0.3,0.3,0.1,0.2,0.7,0.7,0.6,0.5,0.6,0.7,0.6,0.4,,0.7,,0.6,0.6,,0.5,,0.5,0.6,,,,,0.6,,,,0.5,0.5,0.4,0.4,0.2,0.5,0.3,,0.3,,0.4,0.2,0.3,0.4,0.5,0.5,0.5,0.3,0.4,0.4,0.3,0.5,0.4,0.5,,0.8,0.9,0.5,0.8,0.6,0.5,0.5,0.5,0.8,,0.5,0.4,0.4,0.5,0.6,0.7,0.5,0.5,0.4,0.3,0.2,0.1,0.4,0.1,0.6,0.6,0.6,,,0.5,,0.1,0.7,0.2,0.3,0.5,,0.3,0.7,,,0.2,0.3,0.3,0.1,,0.3,0.3,0.2,,0.2,0.3,0.4,0.3,0.2,0.6,0.1,0.1,0.3,0.1,,,,0.3,,,0.5,,0.5,0.3,0.2,0.4,0.2,0.3,0.4,0.2,0.2,0.4,,,,,0.6,,0.6,0.6,0.6,0.6,0.5,0.7,0.7,0.6,,0.7,0.6,0.7,0.7,0.7,0.6,0.7,0.7,0.6,1,0.6,0.6,0.6,0.7,0.6,0.6,0.6,0.5,0.7,0.8,,0.6,0.4,0.4,,0.5,0.6,,0.6,0.7,0.7,0.6,0.8,,0.6,1,,,0.2,0.2,,0.6,,0.6,0.6,0.7,0.7,0.7,0.7,,0.7,0.8,,1.2,1,,0.9,,1,0.8,1,,0.9,0.9,0.4,0.3,0.3,,0.6,0.9,0.8,0.7,1,0.5,0.6,0.6,0.6,0.4,0.6,0.4,0.6,0.3,1,2.1,0.7,0.6,0.6,0.4,0.5,0.4,0.6,0.5,0.5,0.7,0.5,0.6,0.6,0.6,0.6,0.3,0.3,,0.3,0.4,0.4,0.3,0.4,0.3,0.3,0.5,0.4,0.4,0.4,0.4,0.4,0.5,,0.6,0.5,0.4,,0.4,0.5,0.7,0.4,0.6,,0.8,0.6,0.6,,1,,0.7,0.6,0.6,0.5,0.6,0.3,0.2,,,,0.3,,0.6,,0.5,,0.7,,0.4,0.6,0.3,0.7,0.7,,0.7,,0.5,0.3,0.5,0.4,0.5,0.4,,0.5,0.6,0.5,0.5,0.4,0.4,,0.6,,,0.4,0.2,0.3,0.2,0.7,0.5,0.6,0.6,0.6,0.5,0.5,0.6,0.6,0.3,0.9,0.9,0.9,1.2,0.6,0.4,0.3,0.5,0.6,0.5,0.5,0.6,0.5,0.6,0.6,0.6,,1.2,0.7,1.2,2.3,0.5,0.6,0.6,0.6,,,,,0.4,0.5,,0.5,0.4,0.4,0.3,0.3,0.3,0.2,0.6,0.7,0.5,0.3,0.5,0.7,0.5,,0.7,0.9,,0.9,0.4,0.8,,0.6,0.5,,0.7,0.3,0.6,0.5,0.4,0.5,0.5,0.4,0.5,0.7,0.8,0.9,0.7,,0.5,0.7,0.4,0.5,0.5,0.4,0.3,0.2,0.1,,0.3,0.3,0.3,0.2,0.2,,,0.5,,,,,0.3,,,,,,,,,,,,,,,,0.3,,,,,,,,,,,,,,,,,,,,,,,,,,,,,,,,,,,,,,0.4,0.4,0.5,0.5,0.5,0.4,0.4,0.4,0.4,,,,1.3,1.2,1,1,,1.1,0.7,0.6,0.5,0.7,0.5,0.7,,0.6,0.6,1.2,,,1.4,1.3,,0.7,0.6,0.5,,0.5,,0.7,0.5,,,0.5,0.5,,,0.5,0.4,0.6,,,0.4,0.3,0.3,0.3,0.5,0.5,0.5,0.7,0.6,0.6,0.6,0.5,0.3,0.3,0.3,0.7,0.6,0.7,0.6,0.7,0.8,0.8,0.8,0.8,,0.4,0.3,0.6,,0.3,0.1,0.5,0.5,0.4,0.3,,0.2,0.5,0.6,0.6,0.1,,,,0.4,0.2,0.4,0.1,0.4,,0.3,0.4,0.6,0.8,0.4,0.4,0.5,0.5,0.5,0.4,,,0.8,0.5,0.4,0.4,0.4,0.4,,0.2,0.2,0.2,,0.3,0.2,0.3,,0.3,0.2,0.2,0.3,0.2,0.2,0.3,,0.2,0.2,0.3,0.4,0.2,0.4,0.5,0.6,,0.4,0.3,0.4,0.2,0.2,0.3,,0.5,,0.5,,,,0.1,0.2,0.2,0.4,0.6,0.5,,0.4,,0.2,0.3,0.3,0.7,0.7,0.5,0.6,,0.8,0.7,0.9,,,0.5,0.5,0.5,,0.5,0.4,0.3,,,0.7,0.5,0.2,0.4,0.3,0.2,0.4,0.5,0.4,0.4,0.5,0.8,0.5,0.5,1,,0.3,0.4,0.4,0.3,0.4,,1.2,0.6,0.9,0.9,0.6,0.6,0.6,0.7,0.6,,0.7,0.7,0.6,0.9,1.1,0.9,0.9,1,0.6,0.4,0.7,,0.7,0.4,0.4,,0.6,0.6,0.6,0.5,,0.4,0.3,0.4,,0.5,0.2,0.3,0.5,0.5,,0.3,0.3,0.2,0.3,0.8,0.3,0.4,,0.3,0.2,0.3,0.4,0.5,,0.6,0.5,0.6,0.8,0.4,0.3,0.6,0.5,0.6,0.5,0.6,0.6,,0.5,0.5,0.3,,0.6,0.6,,0.7,0.4,0.5,0.5,,0.5,0.6,0.6,0.7,0.6,0.2,0.6,0.6,0.7,0.9,0.6,0.3,0.3,0.5,0.3,0.1,0.4,0.5,0.5,0.6,0.7,0.7,0.5,0.5,0.4,0.4,0.5,0.7,0.5,0.6,0.6,0.7,0.6,0.9,0.6,0.5,0.5,0.6,0.8,1.1,0.3,0.6,0.6,0.6,0.9,0.7,1.2,0.6,0.6,0.5,0.6,0.7,0.7,0.7,0.8,0.8,0.7,0.6,0.6,0.7,0.6,0.7,0.8,0.6,0.6,0.5,0.8,0.7,,0.6,0.5,0.5,0.3,0.6,,0.3,0.5,0.3,0.2,0.2,0.4,0.4,0.4,0.5,0.6,0.5,0.7,0.8,0.3,0.5,,,,0.4,0.4,,0.4,0.2,0.4,0.4,0.4,0.5,,0.5,0.4,0.6,,,,,0.4,0.4,0.4,0.4,0.4,,,0.5,,0.3,0.3,0.8,0.7,0.8,0.7,0.3,0.5,0.8,0.5,0.6,,,,,0.4,0.3,0.3,0.4,0.3,0.4,0.6,,0.4,0.5,0.4,0.3,0.3,0.7,0.6,0.6,0.7,0.5,0.4,0.5,0.7,0.7,,0.5,0.5,0.4,0.5,0.5,0.4,0.6,0.6,0.8,,0.4,0.3,,0.3,0.5,,0.3,0.3,0.5,,0.3,,0.1,,0.5,0.4,0.5,0.6,0.6,0.5,0.6,0.8,0.7,0.7,0.3,0.5,0.6,0.4,,0.9,0.3,,0.4,0.5,0.4,,0.4,0.5,0.3,0.4,0.4,0.4,,0.4,0.3,0.1,,,,0.2,0.4,0.2,,0.4,0.5,0.5,0.4,0.5,0.4,0.4,,0.5,,,0.3,0.3,0.4,0.3,0.4,0.4,0.3,0.6,0.5,,0.3,0.3,0.4,0.3,0.2,0.3,0.3,0.4,0.7,,,0.5,0.5,,0.4,,0.6,0.4,0.3,0.4,1.2,0.1,0.6,0.8,0.5,0.5,0.6,0.4,0.6,,0.6,0.6,0.4,0.5,0.4,0.4,0.5,,0.4,,0.1,0.3,0.6,0.4,0.9,0.9,0.9,0.3,0.2,0.7,0.7,0.4,0.4,0.3,,,0.5,0.4,0.4,0.5,,0.5,0.5,0.5,0.6,,0.3,0.5,,,0.3,0.5,0.3,0.3,0.4,0.2,0.8,0.5,0.3,0.5,0.5,0.6,0.6,0.6,1,,0.5,0.5,,0.6,0.7,0.3,0.3,0.3,0.6,0.3,,0.6,0.7,0.8,0.3,0.3,0.8,0.7,0.9,,0.7,0.3,0.3,0.5,0.2,0.5,0.8,0.2,0.6,0.5,0.5,0.4,,0.3,0.1,0.8,0.4,0.4,0.5,0.5,0.5,0.5,0.1,0.4,0.4,0.5,0.6,0.6,0.4,0.5,0.5,0.6,0.3,0.5,0.2,0.5,0.4,0.5,0.5,,,0.5,0.3,0.4,0.6,0.3,0.1,0.5,0.3,0.3,0.3,0.5,0.4,0.4,0.6,0.9,0.4,0.6,0.3,,1,0.5,0.5,0.5,0.5,0.3,0.4,0.4,0.5,0.4,0.4,0.6,0.4,0.5,0.5,0.5,0.4,0.7,0.6,0.5,0.6,0.4,0.4,0.3,0.4,0.4,0.6,0.2,0.3,0.4,0.6,0.7,0.7,0.6,0.2,0.4,0.7,0.6,0.7,0.9,0.5,0.5,0.6,0.9,0.6,0.6,0.5,0.8,0.5,0.1,0.2,0.4,,0.3,0.4,0.3,0.4,0.5,0.6,0.4,0.5,0.5,0.4,0.5,0.1,0.2,0.8,0.6,0.6,0.3,0.6,0.5,0.3,0.6,0.7,0.7,0.6,0.5,0.8,0.6,0.5,0.5,0.5,0.5,,0.6,0.4,0.8,0.3,0.5,0.2,0.1,0.2,0.2,,0.3,0.6,0.5,0.4,0.7,0.8,0.8,,0.4,0.2,0.5,0.5,0.6,0.5,0.6,0.7,0.5,0.5,0.7,0.8,0.7,0.5,0.3,0.5,0.7,0.5,0.6,0.4,1,0.3,0.6,0.4,0.6,0.6,0.6,0.7,0.3,0.5,0.4,0.7,0.5,0.4,0.6,0.4,0.3,0.5,0.4,0.2,0.2,0.3,0.3,0.6,0.3,0.5,0.3,0.6,0.6,0.5,0.5,0.5,0.5,0.7,0.5,0.7,0.8,0.5,0.4,0.4,0.3,0.4,0.3,0.8,0.9,0.2,0.3,0.3,0.3,0.4,0.5,0.6,0.4,0.4,0.6,0.3,0.3,0.5,0.4,0.4,0.3,1,0.4,0.6,0.4,0.7,0.8,0.4,0.4,0.5,0.5,0.8,0.5,0.5,0.2,0.4,0.5,0.7,0.3,0.4,0.4,0.3,0.1,0.1,0.4,0.2,,0.4,0.5,0.3,0.4,0.3,0.3,0.4,0.5,0.4,0.6,0.5,0.3,0.2,0.6,0.3,0.4,0.7,0.6,0.6,0.6,0.4,0.4,0.4,0.4,0.4,0.6,0.5,,0.4,0.5,0.3,0.4,0.5,0.7,0.6,0.5,0.8,0.4,0.5,0.4,0.4,0.4,0.5,0.6,0.7,0.6,1,0.7,0.5,0.7,0.7,0.5,0.6,0.7,1.2,0.8,0.8,0.3,0.9,0.2,0.3,0.3,0.4,0.3,0.4,0.4,0.5,0.4,0.4,0.5,0.8,0.7,0.2,0.3,0.3,0.4,0.4,0.7,0.8,0.4,0.7,0.7,0.5,0.7,0.6,0.1,0.2,0.6,0.7,0.4,0.6,0.6,0.9,1.4,0.4,0.4,0.9,0.9,0.7,0.8,0.8,0.5,0.7,0.6,,0.6,0.2,0.6,0.6,0.5,0.5,0.5,0.5,0.2,0.4,0.1,0.5,0.3,0.4,0.3,0.8,0.4,0.5,0.7,0.4,0.6,0.5,0.4,,0.7,0.3,0.5,0.2,1.3,1.3,0.3,1.3,0.4,0.4,0.7,0.5,0.6,0.7,0.6,0.3,0.6,1.1,0.5,0.5,0.3,0.3,0.9,0.8,0.4,0.5,0.5,0.4,0.6,0.5,0.4,0.3,0.3,0.3,0.2,0.5,0.3,0.3,0.6,0.3,0.3,0.6,0.5,0.4,0.5,0.1,0.6,0.4
20230729,16,AQI,,32,13,14,19,20,21,,16,28,18,17,,,18,,15,21,16,,13,,10,14,,12,22,,20,40,29,22,24,20,21,,10,15,,10,10,20,19,18,,23,,16,20,18,18,22,30,37,,46,44,,58,46,52,26,23,22,22,30,26,17,,32,23,19,19,20,20,,15,17,15,15,38,,28,42,52,38,38,40,,44,46,,,47,45,45,43,,26,29,,30,20,30,42,23,,28,14,16,13,14,16,14,12,13,14,11,31,34,30,32,32,23,,38,28,30,41,40,37,,45,40,40,,48,41,46,51,,23,20,13,,,17,21,22,29,22,24,26,23,,24,,24,25,23,,16,16,16,16,14,14,10,11,12,9,12,22,,,,27,25,,42,26,26,,,,26,,20,20,15,20,17,17,19,19,22,,,,24,23,,28,27,26,22,20,,22,20,19,24,19,22,24,17,,22,,25,26,,23,20,,24,22,23,,25,29,25,17,,9,10,,,13,10,11,21,23,27,57,,19,,,26,,17,16,,20,,19,19,15,22,,28,26,22,23,22,25,29,24,16,15,20,19,18,19,18,19,18,19,,,19,20,20,17,,13,,14,16,15,,15,14,19,,20,12,9,10,,14,11,,15,28,,,29,24,25,29,29,22,14,,15,16,14,,,16,18,28,24,25,30,29,19,28,,21,17,30,29,36,30,34,29,30,53,36,29,39,68,,50,90,41,64,52,75,,77,26,18,74,48,,25,,25,26,26,29,35,27,30,30,64,46,45,43,,34,52,60,33,,33,35,39,42,45,45,,,45,41,37,33,35,39,29,29,43,43,67,,45,49,45,,34,85,40,45,,30,29,38,30,34,,39,44,33,48,100,52,44,,,45,42,67,45,42,,48,75,47,53,,,82,38,31,39,31,35,30,33,35,38,34,,29,63,30,30,35,31,41,39,37,39,36,36,35,28,,32,29,37,42,33,,39,,31,31,,80,,97,83,,,,,43,,,,53,53,32,29,115,26,26,,33,35,45,41,38,40,34,34,34,35,35,38,28,35,25,,,,,,,55,59,59,55,59,,13,10,13,7,8,7,9,20,13,15,13,11,14,10,17,17,20,,,14,,22,15,15,24,25,,20,23,,,29,57,22,17,,23,18,13,,20,22,20,22,20,18,,25,16,,,,,19,,,32,,25,13,15,13,22,22,31,12,12,25,,18,,,33,,31,43,40,22,25,20,25,26,,39,40,38,35,51,36,49,42,39,42,18,21,19,26,18,,33,29,31,27,,29,104,97,,31,26,,46,33,38,33,30,,38,24,,,23,,,34,,37,37,37,34,20,20,,19,19,,45,27,,39,,18,22,20,,28,33,,44,46,,18,21,30,26,16,16,34,22,21,20,21,21,24,15,18,20,24,20,18,25,26,22,37,25,21,19,19,19,19,15,30,22,39,,22,18,17,15,16,37,35,33,33,32,32,22,23,23,,25,28,26,,25,24,26,27,21,,26,24,23,,16,,17,16,19,18,20,15,18,,,,16,,,,13,,16,,22,18,22,36,64,,35,,,36,,32,23,24,,26,21,24,20,18,27,,35,,,28,25,,23,29,43,34,32,35,25,28,27,38,45,48,48,47,45,46,22,25,40,36,38,39,41,35,37,35,34,,47,28,49,34,27,32,30,29,,,,,47,49,,48,27,31,35,68,28,35,27,30,30,35,30,40,35,,41,39,,28,27,52,,34,34,,35,25,36,30,33,30,52,,39,60,64,55,56,,44,46,62,43,47,39,41,40,39,,40,37,40,39,42,,,27,,,,,27,,,,,,,,,,,,,,,,17,,,,,,,,,,,,,,,,,,,,,,,,,,,,,,,,,,,,,,33,16,18,16,18,18,,18,,,,,23,20,20,21,,20,40,45,43,43,50,30,,30,30,70,,,64,39,,50,48,31,,33,,42,41,,,40,29,,,50,50,47,,,25,25,43,45,45,44,44,25,26,25,28,28,26,34,26,43,35,30,36,33,20,,22,18,,30,30,19,,10,10,60,20,,26,29,33,11,29,11,30,,,31,22,22,32,20,29,36,27,35,28,32,,27,27,26,26,35,,,34,21,26,28,30,28,,18,21,21,,21,22,22,,18,19,20,19,,18,20,,15,23,14,15,,15,17,18,,18,17,16,19,25,28,,18,,18,,,,14,15,14,14,16,17,,14,,10,16,18,21,23,,19,,18,,16,,,21,20,20,,,24,21,,,18,19,22,23,22,26,23,27,29,27,27,15,24,27,19,,10,15,24,45,29,,29,28,31,34,28,29,29,29,21,,21,,47,20,20,19,15,16,20,16,16,,16,,18,,11,14,13,17,,19,17,19,,21,19,20,18,20,,22,24,22,23,19,18,17,,21,20,20,18,32,,14,14,18,19,20,21,32,33,29,28,24,15,,27,83,27,,20,21,,17,19,,27,,17,17,,61,17,32,37,,36,35,,27,31,29,29,31,29,30,29,31,30,29,35,34,36,34,39,39,38,37,37,28,27,31,28,25,21,33,33,26,,16,25,26,58,59,78,54,48,41,45,39,41,56,54,46,46,48,42,44,40,43,43,39,35,32,35,39,,63,35,36,28,25,,29,30,,,35,40,38,35,38,31,36,40,35,19,,,,,34,35,,33,,28,28,25,26,,46,44,41,,,,,32,42,40,37,41,31,,36,,26,37,35,34,31,35,25,25,23,21,25,,,,,38,40,22,23,31,30,20,,24,19,19,29,32,23,22,25,,30,22,25,25,30,,28,39,28,30,30,28,26,22,20,,26,30,,21,29,,35,33,32,,34,,27,,16,16,27,32,31,33,44,41,43,43,29,34,29,16,,50,58,,37,30,,,48,48,26,29,56,65,,25,25,47,44,,,49,58,48,,48,48,39,34,31,45,38,,38,,,36,30,32,30,239,172,114,112,25,,52,42,39,90,178,96,147,149,122,,,46,37,,30,,35,40,40,54,43,12,18,65,15,13,23,33,31,,29,22,27,27,10,19,21,,18,,17,21,83,,28,,58,38,19,23,25,34,22,29,,,24,16,23,24,,50,49,50,16,,27,22,,,36,24,24,22,25,27,28,29,24,23,26,48,40,48,29,,14,17,,99,29,33,33,38,45,26,22,32,,17,15,18,15,14,49,17,37,12,29,22,26,23,25,25,,24,25,30,,44,21,88,21,42,42,32,32,34,19,16,42,19,27,34,27,38,16,,20,18,14,31,19,28,29,,,100,25,25,24,26,26,23,27,20,,20,,,53,19,15,18,14,,21,93,95,80,67,35,49,18,19,15,16,15,13,15,18,19,24,35,60,45,46,46,26,28,15,17,12,18,27,23,42,88,45,94,46,46,26,20,25,22,26,40,44,26,19,29,104,44,44,41,21,16,,23,24,21,23,27,17,14,14,15,14,40,,18,15,22,33,34,,22,31,29,31,33,27,28,42,43,26,32,34,64,,48,32,39,25,14,21,17,17,17,,14,25,19,19,28,,37,,10,48,32,31,20,35,29,32,39,36,41,48,45,16,25,19,15,15,18,31,,14,13,34,,47,25,26,27,17,23,22,18,24,26,15,11,26,21,17,35,36,33,31,36,37,88,25,35,44,23,28,41,44,38,27,27,37,103,38,28,25,18,13,17,13,23,19,23,21,17,17,16,14,15,19,14,19,,21,18,26,34,21,23,25,27,31,47,59,53,30,40,38,12,9,22,19,32,23,15,15,14,13,24,21,,21,20,20,32,42,37,30,39,35,41,17,11,15,17,17,33,45,36,33,54,28,23,25,22,27,24,26,,15,21,43,28,27,24,31,34,33,21,25,23,,20,20,39,42,38,23,18,18,62,24,25,23,10,20,17,22,18,15,33,21,28,37,46,25,32,27,25,20,15,14,18,24,15,16,57,31,27,29,29,53,45,42,54,35,38,32,58,60,27,,46,18,32,45,42,28,26,48,36,43,35,84,70,,26,22,19,19,24,31,48,26,17,16,17,21,19,36,36,45,35,42,16,28,31,17,26,,26,19,32,91,50,29,20,46,16,14,13,32,17,37,37,33,14,,25,16,15,,12,23,22,18,15,23,,46,42,25,16,37,42,35,29,11,33,23,30,33,36,19,14,14,12,60
20230729,16,PM2.5,17,19,9,,4,14,9,13,11,19,12,6,,,7,,10,10,7,,8,,,,,2,7,,12,28,20,15,16,12,6,,4,10,,6,2,5,8,8,,8,,7,14,3,10,7,21,11,,32,9,,28,22,29,18,16,15,14,20,10,8,,22,16,5,13,13,4,,4,7,9,6,26,,17,26,32,26,26,22,,10,10,,,10,11,11,10,,13,11,,10,6,15,24,14,,12,4,9,9,7,7,7,5,8,7,6,13,13,10,9,10,7,,9,11,10,16,13,9,,12,21,18,,16,16,25,17,,11,8,6,,,3,8,4,20,2,5,,2,7,3,14,9,7,16,,7,8,7,8,8,8,,1,,,,7,,,,11,12,,12,11,12,,,,8,,2,5,7,5,5,9,2,,9,,,,7,5,,6,10,9,12,5,,8,10,8,5,8,8,12,10,,10,,11,10,,9,9,,11,10,12,,11,10,9,7,7,4,4,,,3,4,4,13,13,10,10,,12,,,18,,4,6,,14,9,11,6,6,6,,8,11,4,6,3,5,11,3,7,9,7,5,7,9,7,5,2,8,2,,,1,,2,11,5,6,5,2,,,3,5,13,,14,7,2,5,,2,,7,7,19,,,7,7,17,12,15,7,6,,4,3,4,3,5,11,3,5,,5,7,9,11,6,,,2,4,15,25,15,9,2,12,37,9,9,3,28,,27,31,22,20,26,36,23,31,18,9,54,14,12,17,,8,12,15,18,18,15,14,9,19,17,18,14,,16,36,33,17,10,23,17,15,16,27,20,,,20,19,17,11,11,14,13,11,30,29,48,,27,25,24,25,21,30,20,25,,14,13,12,14,8,,21,21,9,23,11,15,8,,,10,23,18,11,27,,28,16,13,4,,,24,15,14,19,2,12,7,12,22,14,14,,8,44,15,16,24,12,6,6,6,5,8,7,15,10,,10,17,13,28,8,,19,,9,14,,15,,16,23,,,,,17,,,,16,21,8,14,87,6,5,,5,17,15,19,19,28,18,10,13,16,14,21,11,10,3,,,,,,,14,19,9,14,22,,6,4,4,4,2,4,6,5,5,2,9,2,2,1,4,7,8,,,8,,13,10,7,10,17,,14,3,,,20,12,13,9,,10,12,9,,5,2,,2,10,12,13,17,11,,,,,8,,,9,,7,2,7,6,6,4,9,7,7,17,,12,,,8,,15,19,17,11,8,6,10,13,,15,20,17,16,22,20,34,22,14,22,7,7,10,6,6,,8,9,14,14,,10,33,40,,14,9,,15,19,10,12,16,,18,9,,,5,8,,13,,8,12,9,14,,,,2,2,,31,15,,27,,7,9,12,,6,6,7,15,5,,10,9,12,10,9,7,6,6,7,6,6,5,1,4,6,9,5,5,6,9,6,2,3,4,5,9,8,6,7,6,21,7,2,,4,7,7,8,6,5,19,9,20,14,5,8,7,8,,8,7,10,,10,12,8,4,9,,10,4,3,,10,,8,4,8,9,8,4,7,,,,9,,4,,1,,7,,15,9,5,25,26,,24,,5,7,,5,,2,,18,13,6,7,9,4,,12,,,3,8,5,10,20,17,13,18,12,12,2,9,17,28,33,33,27,29,32,6,5,6,11,26,8,11,14,12,15,12,,21,9,34,14,5,10,7,2,,,,,10,10,,9,10,8,8,22,12,22,18,21,14,19,9,15,10,,20,25,,12,16,20,,16,16,,15,6,5,10,7,12,36,5,27,41,46,39,39,,4,10,44,7,7,7,5,3,2,,11,,10,6,10,,,10,,,,,9,,,,,,,,,,,,,,,,9,,,,,,,,,,,,,,,,,,,,,,,,,,,,,,,,,,,,,,23,4,4,9,8,7,,2,,,,4,9,12,7,,,14,21,22,17,28,27,7,,16,7,51,,,46,15,,35,33,8,,8,,9,10,,,27,16,,,8,7,23,,,11,12,5,7,11,14,11,,2,4,18,15,6,11,5,11,12,12,15,14,3,,,12,,10,21,5,,3,7,7,5,16,14,3,20,6,8,1,12,,,8,9,9,10,12,16,22,4,6,5,18,,13,14,15,16,15,,,11,11,18,6,15,15,,6,3,4,,7,6,4,,10,4,3,7,,8,4,,3,8,6,10,4,1,2,1,,5,8,8,4,3,7,,4,,8,,,,,1,2,7,5,1,,2,,5,5,5,5,7,7,3,23,9,10,9,2,7,2,9,7,13,7,5,4,6,,6,6,9,16,15,7,8,7,8,16,11,7,12,12,7,,5,8,14,9,16,,17,9,17,19,13,18,15,17,13,,12,19,16,11,9,8,5,7,14,4,3,,6,,10,,2,,6,11,,8,10,1,,5,9,12,2,5,,6,4,6,5,4,5,2,,6,4,11,,5,,1,,2,6,8,2,10,3,11,4,,,,6,61,9,,6,6,,9,3,,3,,9,7,,19,5,13,15,,11,14,,15,10,,4,8,7,6,10,5,6,14,21,12,25,14,14,26,20,13,24,8,10,9,9,12,5,4,11,8,,5,2,8,37,36,39,34,18,23,26,14,22,20,27,30,32,27,19,20,20,18,16,18,20,22,18,18,,41,22,25,6,9,,2,12,,,5,10,11,6,10,8,8,7,6,13,,,,,15,14,,17,5,5,7,13,7,,11,13,12,,,,,6,7,7,7,7,5,,7,,2,14,10,8,8,8,11,8,7,5,7,,,,,9,5,7,8,8,8,12,,7,10,4,8,11,8,8,6,27,21,15,17,14,11,,19,22,13,13,13,5,6,8,11,,18,,,7,1,,5,5,3,,7,,1,,,2,4,10,8,11,7,10,9,11,11,12,10,7,,8,3,,6,10,,,12,19,7,5,25,23,,8,8,5,7,,,15,5,19,,10,6,7,8,2,4,6,,4,,,3,2,1,1,83,55,36,29,3,,14,7,14,39,52,46,49,66,40,,,8,14,,6,,4,12,7,16,17,8,,27,1,8,3,23,5,,12,8,11,7,5,6,10,,5,,7,7,4,,6,,27,4,6,8,13,18,15,6,,,9,3,14,7,,17,15,18,6,,9,,,,9,7,3,12,11,6,17,7,9,3,7,19,12,24,8,,7,11,,33,9,11,12,7,18,15,14,22,,6,9,3,4,,12,10,24,7,6,7,5,16,10,5,,6,10,7,,25,3,21,3,9,12,9,11,13,3,3,7,,18,6,8,16,9,,4,2,3,14,4,6,9,,,18,8,17,12,9,,,10,9,,11,9,13,28,9,4,5,,,8,10,10,16,7,5,20,8,4,8,7,10,7,8,8,5,10,19,17,4,11,20,12,7,6,7,5,12,8,10,22,33,28,70,21,13,14,12,17,15,14,8,22,14,11,8,52,19,14,24,1,8,,4,9,5,12,8,3,,2,5,,3,5,3,8,15,6,13,,8,11,15,5,22,8,13,13,17,10,14,10,19,,12,8,7,11,7,12,9,9,3,,7,17,13,2,7,,17,,4,4,7,4,14,23,6,20,22,14,17,23,27,8,17,9,5,5,3,,,9,7,17,,11,7,6,8,8,11,10,6,7,12,5,1,15,6,7,7,12,2,13,9,12,15,12,24,20,14,10,18,27,23,8,11,9,52,26,3,17,5,5,5,4,2,5,7,4,9,6,7,4,5,3,2,7,6,12,4,7,8,5,5,14,18,15,17,21,17,2,10,4,7,2,9,7,5,8,5,5,5,9,14,5,,13,14,14,13,4,10,4,6,7,23,8,6,7,4,3,12,17,12,23,34,16,6,7,12,6,13,18,,6,12,13,1,17,12,16,5,14,10,8,11,,8,11,13,16,17,10,4,1,28,14,9,3,3,7,1,15,9,6,9,6,2,21,12,6,9,13,2,6,1,5,9,,2,,40,10,9,7,7,37,31,17,38,7,,5,41,11,6,4,32,,14,10,14,14,9,19,20,19,8,6,13,,11,4,3,6,3,9,10,7,9,5,10,5,5,2,12,23,18,6,,13,12,9,13,,2,4,16,26,20,20,14,9,2,4,3,21,5,12,3,9,5,8,4,3,6,,8,16,11,12,7,16,10,10,2,4,11,13,9,15,8,3,23,9,5,,12,12,9,7,2,8
20230729,16,PM2.5_24h,24,15,20,19,22,22,15,18,14,27,18,19,,,12,,13,14,14,,14,,5,8,,5,12,,24,30,28,19,19,23,11,,15,20,,27,13,6,11,17,,12,,13,12,9,15,15,14,15,,24,10,,17,20,17,21,16,16,18,15,22,23,,27,10,6,12,18,17,,18,20,20,21,30,,20,29,33,29,30,26,,13,12,,,12,15,13,14,20,13,11,,10,9,13,14,14,,14,3,5,5,4,5,3,3,5,5,4,12,12,12,11,11,10,11,11,12,12,15,10,9,14,13,11,15,,12,9,18,11,7,9,6,5,6,,5,8,5,8,3,4,2,2,4,3,6,6,6,18,,8,8,7,9,7,8,1,5,2,1,,2,,,,8,10,,8,10,10,,,,11,,6,6,7,5,6,9,6,3,8,,,,7,7,,8,9,10,7,7,,8,6,6,2,5,6,7,11,,9,,9,9,,7,7,,7,8,9,,10,8,7,6,8,6,6,,,5,5,4,11,8,10,12,,7,,,9,,4,7,,12,10,10,5,6,6,,6,7,8,8,6,6,5,4,7,10,11,5,9,12,5,7,5,9,2,,,1,1,1,10,9,7,9,7,5,,8,9,12,,9,9,4,6,,6,6,10,12,10,,,6,4,4,6,7,6,13,,7,7,9,8,8,22,7,7,5,9,5,12,13,7,,6,6,6,9,9,11,6,6,9,24,8,8,3,23,,21,20,20,13,16,19,18,16,13,15,20,20,12,14,,11,14,12,14,22,17,18,11,14,17,16,17,,12,20,28,19,19,20,16,15,14,18,11,,,19,18,17,19,11,12,17,15,17,17,20,16,32,29,30,29,29,25,31,37,,15,20,16,15,13,,21,26,17,16,20,11,15,,,23,20,20,16,15,,10,11,13,11,,,15,11,6,18,7,10,8,12,17,14,7,,14,55,14,13,18,15,8,7,6,6,8,7,17,13,43,10,18,13,17,7,,19,,8,13,,17,,22,20,,,,,11,,,,18,17,23,31,99,27,17,,30,10,8,10,10,5,9,8,7,9,10,18,8,9,6,13,,28,22,16,20,14,17,12,16,17,,8,8,7,16,12,13,15,6,6,4,9,9,11,9,9,10,7,,,8,,8,6,6,5,13,,13,7,,,12,7,9,6,,4,7,6,,7,5,3,5,8,3,6,5,3,2,,,,5,,,8,,9,6,8,7,5,7,4,4,4,6,,8,,,13,,14,21,18,12,11,12,15,13,,24,27,27,23,30,22,32,30,17,27,8,10,12,12,10,15,11,10,14,18,,16,18,17,,14,14,,13,13,10,15,11,,16,10,,,9,13,,23,,21,18,16,19,10,12,,13,13,,50,32,,45,,23,24,22,,29,25,9,9,9,,8,9,10,11,13,8,7,15,12,9,10,9,12,7,10,15,8,5,18,15,10,11,11,10,11,11,10,10,12,9,13,5,8,,10,10,14,13,6,6,19,10,20,13,8,8,8,8,,9,8,9,,8,8,8,5,5,,6,8,5,,13,,13,9,10,14,10,6,5,,,,8,,6,,7,,10,,10,6,6,18,19,,18,,8,11,6,6,11,11,,14,10,6,7,13,8,,13,,,6,13,10,13,11,15,19,17,13,14,6,12,20,32,28,30,27,29,23,8,8,9,10,14,11,13,14,17,17,14,,12,8,12,16,6,6,5,2,,,,,10,11,,11,12,13,10,11,15,17,8,15,10,12,9,10,11,,18,19,,12,14,17,,14,18,,17,4,3,3,5,5,10,3,6,30,31,28,47,,17,21,42,9,14,11,12,4,10,,19,10,17,16,16,,,8,,,,,6,,,,,,,,,,,,,,,,3,,,,,,,,,,,,,,,,,,,,,,,,,,,,,,,,,,,,,,7,1,4,9,10,8,1,4,1,,,10,12,10,11,8,,18,24,27,18,23,25,21,,29,25,36,,,37,39,,27,28,19,,19,,14,16,,,22,16,,,15,13,24,,,12,12,11,7,15,10,13,16,13,14,21,15,7,10,9,11,10,9,11,13,16,15,6,15,,12,13,9,,5,2,6,8,15,14,7,8,8,11,3,9,,,8,8,9,9,7,11,8,5,6,5,11,17,8,8,10,10,8,,,12,7,8,8,13,15,,10,6,6,,9,9,5,,10,7,6,12,4,8,9,,5,9,6,5,8,5,7,6,,7,4,6,5,5,5,,3,,7,,,,2,2,4,8,5,2,,7,,7,6,6,2,2,3,4,33,9,10,10,8,3,3,9,5,12,11,8,12,3,,3,7,10,29,7,4,4,12,12,11,11,9,13,11,13,,8,7,6,6,9,,12,10,12,13,14,17,12,15,11,,11,15,14,9,10,9,9,7,8,7,6,,13,9,12,,5,4,8,11,,9,10,5,,6,7,13,6,7,,6,6,9,7,8,7,7,,7,7,11,4,8,,7,3,8,14,14,9,11,5,14,8,3,2,,7,21,9,,8,4,,10,6,8,6,,10,8,9,17,12,10,15,,13,17,12,16,15,4,16,15,7,12,11,10,7,13,15,13,15,15,14,21,15,26,21,7,13,14,13,14,8,14,14,10,11,7,9,9,26,23,27,24,15,18,16,14,17,17,25,23,25,20,22,21,20,15,17,16,20,24,21,21,,31,24,26,6,7,,4,8,6,10,6,15,15,9,14,23,20,14,21,10,4,,,,20,17,,19,5,5,7,9,7,,9,9,9,,,,,7,6,10,8,5,11,,15,,7,9,7,6,8,10,13,8,8,5,8,,,,,8,6,8,8,16,7,12,,10,7,6,12,16,6,11,6,12,7,12,17,24,19,,26,27,21,24,9,6,9,9,14,,11,8,,9,4,,5,6,5,,14,,3,,2,4,6,10,6,11,18,18,16,42,6,10,8,9,,9,6,,8,6,14,,17,22,6,6,43,44,,6,5,13,12,,,15,11,21,,15,9,14,17,3,15,8,,7,,,4,3,2,2,51,53,22,27,8,,25,8,12,19,22,40,30,38,40,,,13,12,,8,,6,26,26,26,9,9,10,15,4,10,8,26,19,,22,10,10,9,6,6,8,,4,,3,8,12,10,7,9,54,9,5,11,12,18,8,8,,,19,6,6,11,,12,14,14,12,,8,5,,,5,5,5,8,9,5,9,4,4,5,11,20,18,14,32,,11,12,,17,11,13,13,16,25,16,8,20,,8,6,3,11,5,23,5,27,4,12,3,4,15,7,5,6,7,8,10,,19,5,15,6,8,12,10,12,13,6,7,14,2,13,10,9,13,10,,5,6,3,14,6,10,9,,,21,6,19,8,8,2,9,9,9,13,12,9,12,23,4,9,14,2,,10,18,11,17,7,5,35,8,6,5,8,8,7,6,5,6,14,20,16,8,16,16,12,8,8,7,4,10,9,7,16,18,21,24,17,21,19,17,18,17,12,16,17,17,14,15,15,20,14,12,5,22,,8,8,7,5,8,5,4,5,9,7,6,7,5,15,14,10,13,11,7,14,16,10,22,11,16,30,23,11,18,13,17,,18,12,21,6,5,10,6,2,3,,4,14,15,2,11,16,16,,7,10,13,12,13,18,12,30,23,21,19,21,22,4,7,8,4,5,5,4,11,4,21,13,20,17,7,3,8,7,10,6,7,8,7,7,4,11,7,7,22,18,21,29,33,26,14,10,10,16,15,15,12,25,18,15,18,14,21,29,5,7,11,24,28,6,4,6,7,6,9,8,7,9,9,7,8,8,12,8,8,8,12,11,11,11,14,15,15,10,18,4,11,12,9,4,4,4,5,7,5,5,11,3,6,6,,10,9,9,3,5,16,14,7,9,18,6,8,8,5,8,12,16,21,19,23,12,6,8,16,10,11,11,,5,13,8,8,18,14,19,8,15,8,8,7,9,7,9,21,18,14,21,19,16,30,26,13,22,14,22,16,22,26,19,17,11,11,19,22,20,15,20,20,8,4,9,13,3,9,9,26,22,11,17,5,23,19,15,25,9,7,20,61,39,8,9,30,26,12,16,14,16,13,12,20,19,7,16,20,,8,5,8,6,6,12,9,4,3,2,12,3,8,7,7,19,21,11,3,10,8,8,7,,5,6,9,27,38,36,8,34,14,16,27,18,22,17,8,7,9,20,6,6,12,7,22,16,14,14,18,15,12,14,6,7,11,20,9,34,9,4,14,10,5,2,14,7,8,4,7,13
20230729,16,PM10,18,32,13,4,19,16,21,15,16,24,12,8,,,11,,15,14,9,,10,,3,2,,5,7,,17,33,6,21,24,16,6,,10,9,,5,4,9,19,13,,11,,16,13,18,15,18,29,37,,22,39,,65,46,54,25,21,21,17,30,26,7,,21,9,16,17,14,14,,5,10,12,9,34,,26,42,54,38,35,40,,22,19,,,20,12,20,22,,26,29,,30,20,30,42,23,,28,9,8,11,14,16,8,3,7,14,8,31,34,30,32,32,19,,38,28,26,29,40,37,,45,40,40,52,48,41,46,52,18,23,20,3,,,17,21,22,20,13,14,12,9,,18,29,10,14,13,,14,13,14,13,11,12,5,5,9,,6,22,,,,27,25,,42,17,17,,,,22,,14,18,14,12,17,12,14,5,18,,,,21,14,,18,15,19,19,17,,15,12,19,24,17,22,24,17,,22,,16,19,,23,20,,18,15,18,,15,29,25,15,10,9,,,,,4,7,21,23,27,63,,19,,,17,,12,12,,20,22,19,19,15,22,,19,19,12,12,5,14,29,10,14,12,12,7,17,14,14,12,17,17,7,,6,11,7,12,,13,22,6,,,,8,3,16,,12,12,7,10,,14,10,10,15,19,,,29,24,24,29,29,22,5,4,2,8,3,,,4,18,15,4,14,10,14,12,15,,14,10,17,12,30,20,18,17,11,13,12,29,6,43,,44,54,31,46,53,67,,44,26,16,23,48,19,21,,15,20,26,29,17,20,16,18,31,24,40,43,,33,36,34,25,,18,24,37,26,45,31,,,32,32,32,26,32,39,29,29,39,30,67,,33,37,45,35,26,53,40,41,,20,28,38,22,20,,24,20,18,33,22,16,17,,,20,31,27,18,34,,42,32,21,27,,,23,21,24,24,31,17,24,27,34,24,24,,18,75,22,26,34,23,9,15,8,15,8,16,24,28,29,20,29,16,42,18,,39,,18,31,,28,,24,33,,,,,15,,,,25,27,17,17,13,13,14,,15,30,22,41,30,33,17,21,21,19,19,38,6,17,10,,,,,,,56,63,44,36,36,,12,10,10,5,4,2,8,20,8,12,8,9,14,8,8,8,12,,,14,,22,7,7,24,14,,12,16,,,19,63,22,17,,23,11,12,,14,22,14,22,9,17,19,19,14,,,,,19,,,32,,25,9,7,9,22,22,31,12,12,24,,17,,,33,,29,43,10,18,18,15,13,21,,39,40,38,22,51,33,41,31,27,29,4,6,14,3,18,,21,21,18,25,,25,52,63,,31,21,,46,27,38,27,16,,38,11,,,23,,,17,,23,19,18,24,10,8,,7,10,,42,18,,26,,10,22,18,,28,33,22,26,9,,17,21,30,26,16,16,16,17,13,17,21,18,24,7,18,20,24,20,18,25,26,22,37,25,,11,16,12,13,9,27,12,39,,9,9,11,13,7,37,30,26,24,32,22,19,16,21,,22,28,26,,6,18,16,15,5,,14,12,8,,4,,15,3,9,8,19,10,13,,,,4,,,,5,,3,,11,12,22,36,78,,35,,19,6,6,16,7,13,,11,11,17,10,8,14,,8,,,5,9,6,5,27,43,24,25,28,24,21,17,38,30,42,42,46,44,41,9,16,17,11,18,18,20,19,20,35,18,,47,25,46,16,6,24,14,12,,,,,13,27,,12,9,25,25,85,21,22,27,22,25,28,8,28,24,,41,30,,28,17,54,,13,23,,35,23,24,25,24,29,27,,17,70,51,46,61,,29,18,48,16,27,22,14,9,16,,33,3,16,26,37,,,27,,,,,27,,,,,,,,,,,,,,,,17,,,,,,,,,,,,,,,,,,,,,,,,,,,,,,,,,,,,,,22,13,18,16,17,9,7,2,3,,,6,15,20,12,16,,9,40,44,31,38,50,9,,14,11,73,,,63,39,,38,1,23,,18,,26,22,,,25,18,,,19,27,29,,,11,11,13,16,25,34,18,25,26,11,28,28,26,34,26,43,35,30,36,33,18,28,21,17,,28,18,6,,6,8,69,20,26,14,5,20,6,29,10,30,,,22,22,15,32,12,29,36,11,16,19,15,,19,23,21,26,21,,,22,5,19,2,26,26,,5,13,12,,9,22,19,,12,16,8,13,13,16,14,,15,23,12,15,7,10,6,9,,12,17,11,2,21,10,,3,,8,,,,2,6,3,6,11,13,,4,,8,13,9,16,13,17,12,6,5,,7,11,,,15,12,15,,24,20,8,,8,8,22,8,21,26,2,9,16,26,16,10,24,27,19,,6,14,24,45,29,,29,23,29,34,28,27,25,24,21,,20,27,47,20,13,19,11,15,16,15,10,,2,7,2,,8,10,13,11,,13,13,14,,7,5,12,2,5,,9,10,4,6,8,17,15,,8,10,6,18,32,,12,13,8,17,11,7,13,13,10,10,10,13,,15,18,25,,4,12,,14,13,,10,,12,6,,71,7,20,33,21,19,22,23,22,21,11,26,18,2,11,14,15,12,24,19,30,20,26,14,21,21,18,35,10,12,12,17,15,21,23,23,14,20,9,14,15,42,44,60,58,48,29,38,29,38,62,58,44,40,48,39,35,40,32,39,39,35,28,27,31,,66,31,32,13,15,,10,7,19,,14,8,8,11,13,5,12,6,13,17,7,,,,19,25,,22,,18,24,17,19,,26,15,23,,,,,16,10,14,9,15,11,,6,,3,11,28,12,15,22,22,1,20,21,7,,,,,11,14,14,10,12,13,15,,12,11,10,13,,14,16,3,,18,8,18,25,30,,10,39,18,14,24,6,14,7,20,,19,30,,17,4,,10,16,6,,27,,2,,6,14,18,15,16,16,17,16,24,32,18,22,20,14,,14,21,,9,14,14,,15,24,10,17,61,80,,19,12,9,10,,,21,10,10,,16,5,4,31,3,14,13,,20,,,24,25,3,9,377,293,178,174,6,,53,42,25,129,305,142,243,248,193,,,27,25,,9,,23,32,37,57,43,10,8,47,5,12,4,19,7,,24,19,18,17,7,3,18,,8,,17,17,23,,14,,66,20,6,23,25,26,15,11,,,24,7,23,10,,18,29,34,11,,8,11,,,36,16,23,22,20,24,28,29,24,21,13,36,21,42,17,,11,10,,50,20,15,16,7,25,18,22,27,29,7,8,17,5,6,18,17,34,9,5,22,14,16,24,7,,10,13,28,,40,15,31,16,19,17,20,18,22,10,8,31,19,27,14,23,38,8,,15,5,14,31,12,10,14,,,21,20,7,7,17,7,12,27,18,24,12,30,14,56,5,7,7,4,,10,21,32,25,35,13,42,18,19,15,16,15,9,12,18,19,17,12,21,24,22,28,17,19,13,7,5,18,16,23,30,62,45,101,45,46,21,20,21,22,14,30,31,22,14,23,62,32,44,41,14,10,,5,8,3,15,9,4,4,4,6,2,40,4,9,,11,24,14,,4,12,15,13,33,17,17,22,30,8,14,14,22,,19,7,11,25,14,15,17,17,17,,9,22,14,9,13,,23,,4,17,13,17,12,26,15,23,32,17,20,48,31,11,20,14,7,8,8,31,6,14,8,34,,27,12,12,14,14,23,9,14,17,14,11,9,26,17,17,12,33,15,30,36,37,18,19,32,35,23,17,17,39,34,17,20,17,76,30,28,4,7,8,8,8,17,19,10,13,17,14,8,,2,5,10,19,,21,6,15,34,12,4,15,19,19,22,21,22,8,16,13,12,7,22,19,32,23,7,12,7,9,24,7,,14,17,19,32,8,16,2,13,11,34,11,11,10,7,5,14,24,27,29,45,25,8,12,22,27,24,16,,15,21,22,28,18,15,24,13,20,12,16,18,,14,20,35,25,22,22,16,3,74,22,25,23,5,20,9,12,18,4,33,6,28,37,46,24,32,7,16,8,7,6,18,4,5,7,37,18,11,9,29,54,38,18,46,14,9,24,62,69,13,8,44,5,32,45,42,28,23,36,31,30,21,11,28,,18,22,2,9,20,21,23,26,17,16,17,21,8,17,34,45,25,18,3,12,31,17,21,,20,5,32,132,50,12,4,46,3,10,3,32,10,22,37,33,14,28,14,7,8,,8,4,17,14,15,18,12,17,19,22,12,28,42,22,29,7,28,13,5,10,21,19,14,14,11,38
20230729,16,PM10_24h,39,30,39,42,24,39,33,34,28,34,32,33,,,19,,20,27,22,,18,,12,15,,10,12,,41,53,34,34,38,40,32,,31,29,,34,27,12,21,23,,27,,23,19,19,30,37,37,46,,36,25,,39,30,35,42,36,35,40,35,42,33,,48,12,15,17,24,26,,34,24,29,30,36,,33,41,56,44,42,42,,30,27,,,27,30,35,35,29,31,29,,27,20,30,28,25,,27,9,8,13,8,21,11,3,9,17,13,30,27,27,26,28,20,22,29,31,23,23,29,25,38,36,37,35,39,38,27,36,47,22,25,22,13,24,,20,22,21,24,14,12,13,11,12,12,21,10,11,31,,18,20,16,19,18,17,11,11,11,6,10,18,,,,19,21,,30,14,14,,,,18,,15,16,15,11,18,12,14,12,20,,,,19,13,,18,19,22,13,14,,16,12,15,16,13,16,20,16,,21,,17,19,,16,15,,14,12,12,,16,26,12,14,16,13,10,,,10,11,13,19,21,20,33,,11,,,15,,15,15,,20,24,22,21,19,21,,15,13,16,15,14,10,12,11,14,13,15,11,15,16,17,13,13,15,6,,5,10,8,9,,20,28,14,10,4,,10,8,19,,15,14,14,13,,17,17,15,15,11,,,22,15,18,27,16,15,14,15,15,16,18,18,22,24,22,13,15,18,16,18,16,13,,22,11,12,14,16,11,20,18,7,13,14,26,28,36,,42,42,31,37,34,40,26,24,24,34,29,49,24,24,,23,32,26,32,27,25,27,22,28,26,32,25,,26,40,40,24,30,23,23,23,25,24,21,,,36,32,36,35,30,30,27,28,31,28,28,22,50,48,47,39,46,43,48,60,,29,33,33,26,22,,31,31,23,27,27,19,21,,,38,30,35,33,22,,20,22,28,26,,,27,15,23,21,20,14,28,28,26,22,27,,25,83,20,20,25,22,14,14,11,9,16,16,25,22,27,18,25,20,27,17,,43,,19,24,,38,,28,28,,,,,14,,,,24,32,100,93,80,100,89,,103,21,16,24,21,22,20,22,21,21,20,32,16,25,18,30,,36,32,32,33,44,39,33,34,49,,17,16,15,20,18,16,20,14,13,12,15,16,19,19,17,17,19,,,8,,19,10,7,13,17,,15,13,,,13,13,16,10,,10,10,6,,16,23,16,16,12,9,10,8,7,9,,,,11,,,20,,20,13,8,15,17,19,22,8,5,10,,11,,,28,,25,35,32,16,18,21,20,18,,40,38,40,38,50,30,46,38,30,39,18,19,21,24,23,41,19,27,30,29,,29,30,31,,21,21,,22,21,23,22,19,,35,17,,,26,18,,30,,38,33,39,43,18,20,,16,18,,55,62,,66,,33,42,51,,44,43,19,24,19,,17,16,23,26,20,17,23,37,24,20,24,17,27,24,22,28,15,15,30,21,22,19,26,32,17,16,20,24,17,13,29,18,35,,18,9,10,16,14,17,27,16,20,28,21,16,14,23,,14,19,18,,5,16,14,13,11,,13,14,5,,17,,20,12,16,14,14,16,14,,,,18,,19,,23,,11,,15,11,25,31,59,,30,,23,20,20,19,16,20,,16,14,17,11,13,13,,18,,,9,22,20,23,19,31,33,29,27,21,33,20,33,34,46,49,44,53,34,18,19,15,16,19,20,20,26,27,32,23,,30,17,25,24,15,18,16,13,,,,,11,25,,13,19,24,22,20,23,21,18,20,19,24,12,25,20,,29,27,,20,20,28,,22,25,,26,5,9,11,10,10,13,,9,46,38,36,47,,80,68,151,17,26,23,22,18,16,,61,35,54,54,66,,,21,,,,,18,,,,,,,,,,,,,,,,10,,,,,,,,,,,,,,,,,,,,,,,,,,,,,,,,,,,,,,17,12,16,16,21,14,21,15,11,,,16,28,38,26,23,,21,44,62,35,45,55,35,,39,46,53,,,47,58,,36,32,31,,29,,42,34,,,38,23,,,28,33,37,,,17,19,19,19,22,23,16,34,38,34,33,32,15,20,16,30,28,23,29,25,37,42,33,37,,27,25,15,,12,6,27,28,25,18,15,18,15,38,14,24,,,21,14,10,15,9,21,21,10,7,24,15,39,9,14,18,17,11,,,19,8,17,4,23,23,,10,20,18,,16,18,16,,14,16,11,20,14,18,16,,13,15,17,20,14,11,10,12,,11,19,8,13,18,8,,8,,6,,,,6,9,5,8,12,15,,10,,14,15,11,12,15,16,17,5,15,14,13,14,,8,10,10,20,17,18,16,8,,8,11,12,37,12,25,4,16,22,19,20,13,27,31,25,,11,17,19,30,20,,23,17,21,23,28,25,24,24,21,,21,26,27,20,19,39,17,17,19,16,18,,12,11,10,,19,15,22,12,,14,14,14,,15,11,16,9,8,,15,15,13,10,17,18,15,,15,12,12,22,30,,23,23,14,29,23,20,17,17,16,18,14,21,,21,20,21,,9,10,,19,13,9,10,,15,12,12,35,20,23,32,24,23,28,25,21,28,21,26,36,21,16,23,19,20,25,23,28,23,27,16,28,22,27,34,16,19,25,30,24,23,27,24,23,18,15,21,20,48,48,55,54,27,32,26,31,33,47,42,38,35,40,42,32,47,26,29,32,35,35,34,35,,49,37,39,20,16,,12,16,18,21,18,14,15,19,21,28,31,24,33,17,22,,,,24,28,,28,,24,22,24,28,,17,17,17,,,,,17,14,15,17,15,27,,22,,11,12,19,16,18,25,17,9,15,17,8,,,,,25,18,11,9,29,16,18,,15,14,16,20,19,12,16,5,31,21,19,23,25,31,,24,34,29,33,19,9,16,15,25,,23,17,,15,8,,7,12,12,,45,,6,,6,8,16,22,21,21,27,24,25,31,12,24,23,18,,24,19,,14,17,46,,65,74,9,19,165,168,,11,10,21,22,,,26,26,39,,27,21,20,31,7,23,20,,17,,,23,10,6,6,182,161,84,102,27,,97,46,43,62,59,119,145,142,144,,,34,27,,31,,41,82,97,120,18,17,18,33,12,15,14,43,33,,34,22,18,20,12,13,15,,9,,10,12,27,17,22,23,158,29,12,40,23,28,13,13,,,41,10,16,18,,29,24,28,14,,10,10,,,17,19,22,18,14,14,18,19,13,18,18,38,24,28,54,,19,13,,33,20,19,18,77,34,24,15,32,33,23,14,13,16,10,45,9,39,13,16,14,16,16,12,6,10,10,10,33,,34,15,27,21,17,25,22,21,19,13,29,28,31,25,16,20,27,25,,18,11,11,22,13,16,14,,,29,24,19,11,17,6,18,20,11,45,11,30,14,35,9,17,10,12,,17,29,29,34,29,24,111,20,23,19,22,26,17,18,22,24,27,29,25,35,40,27,18,16,18,11,12,22,20,17,24,36,37,42,36,37,34,25,30,28,25,34,30,30,16,28,29,34,38,33,9,31,,15,11,11,11,16,7,10,10,17,16,25,15,15,17,16,17,15,14,7,18,18,22,31,24,20,26,31,13,29,22,27,,24,15,29,15,10,14,14,10,15,,9,18,14,15,17,21,22,,13,39,23,20,18,27,18,46,37,35,34,41,32,11,16,13,8,9,12,35,20,13,35,29,35,34,14,7,10,18,16,16,18,18,13,16,14,24,18,15,105,97,91,104,110,83,18,16,16,27,27,30,24,42,23,29,27,23,34,46,28,6,16,32,42,11,14,17,11,12,16,15,14,16,17,11,15,13,19,15,13,20,33,23,12,24,21,22,23,14,25,15,20,17,20,10,13,12,20,17,12,12,15,5,19,11,,14,11,14,10,14,27,4,19,14,25,14,21,18,17,14,19,25,36,34,38,21,8,16,34,26,21,20,,21,20,22,17,24,21,29,19,21,9,10,12,19,14,17,46,34,20,32,22,18,69,49,43,45,20,36,32,36,27,18,51,34,38,60,56,52,58,40,51,16,13,16,21,9,11,12,31,24,21,19,21,37,29,23,29,24,29,95,183,156,15,18,44,40,23,42,29,30,21,22,34,33,26,26,40,,14,20,13,22,15,22,22,15,8,8,10,15,25,15,19,26,21,19,19,14,40,13,17,,22,12,22,118,65,53,17,56,33,34,51,34,42,39,26,18,15,31,17,14,22,14,28,27,25,25,37,30,42,34,17,24,16,38,28,41,22,11,25,18,7,8,25,12,12,10,17,38
20230729,16,SO2,3,3,3,3,3,3,1,3,3,3,3,3,,,5,,2,4,5,,4,,3,3,,3,2,,2,3,3,3,2,1,6,,3,1,,3,2,4,2,4,,3,,2,3,1,8,4,7,9,,6,2,,4,7,10,6,7,8,8,5,3,1,,3,4,6,1,3,2,,6,4,2,4,9,,3,5,4,8,3,5,,5,6,,,7,7,6,6,,6,8,,5,7,10,8,8,,8,3,5,8,4,6,5,3,6,4,6,4,4,4,5,3,5,,4,4,3,6,5,5,,6,7,5,6,2,4,6,8,4,8,6,2,4,,2,5,6,5,4,3,3,6,4,6,4,6,8,5,,6,7,7,7,8,5,7,9,5,5,5,3,,,,6,8,,6,7,4,,,,6,,3,5,9,5,10,4,8,5,6,,,,6,4,,3,2,8,3,6,,7,5,8,4,7,8,5,4,,4,,7,5,,6,4,,4,5,6,,7,4,6,5,2,4,7,,,3,4,4,5,6,5,4,,5,,,2,,7,3,,4,2,3,5,4,4,,2,3,4,7,2,4,4,3,5,4,4,3,5,5,8,8,6,5,2,,4,2,3,3,1,3,,7,4,7,,4,5,10,,6,5,6,4,,4,7,,6,6,,,4,7,6,6,5,4,1,1,3,2,1,1,3,2,3,6,7,7,6,6,5,5,,7,6,3,4,4,1,4,2,4,3,2,5,3,4,,4,5,9,6,6,6,5,8,4,5,6,4,5,7,,5,6,5,7,5,7,5,5,5,8,5,5,,4,3,6,5,6,6,11,5,6,4,4,,,9,7,8,3,5,4,6,4,10,11,9,,4,4,6,5,5,6,5,3,,6,5,7,7,8,,5,5,4,6,6,5,6,,,6,8,5,4,10,,3,4,1,2,,,3,2,6,7,4,6,4,6,6,5,7,,6,7,8,3,8,8,7,11,8,10,9,10,8,5,3,6,5,6,2,4,,4,,4,6,,10,,3,6,,,,,6,,,,9,15,5,5,15,4,3,,7,10,4,10,13,6,3,3,4,6,6,1,6,4,7,,,,,,,5,9,9,8,8,,4,4,4,1,3,6,4,3,2,5,1,5,2,3,8,7,8,,,4,,4,2,4,1,6,,6,2,,,2,2,1,12,,10,6,7,,10,9,5,9,6,7,3,3,5,,,,,11,,,5,,4,7,7,8,5,8,7,4,4,4,,10,,,9,,9,10,10,4,4,8,4,7,,10,8,5,8,16,4,8,6,4,9,1,4,3,8,4,6,5,5,4,6,,5,3,7,,4,4,,8,5,1,5,4,,5,4,,,4,4,,4,,6,4,9,8,7,10,,5,8,,8,6,,7,,7,6,7,,8,6,11,14,15,,9,6,6,8,5,4,4,4,5,6,5,7,8,4,3,6,5,6,6,18,5,6,3,3,5,5,6,6,4,6,5,2,6,,5,5,5,4,2,4,6,4,3,4,2,3,5,2,,6,9,6,,4,10,8,9,8,,10,10,8,,3,,3,3,5,3,8,6,4,,,,2,,,,6,,3,,3,6,4,3,3,,5,,,2,4,2,7,5,,4,7,7,5,7,1,,4,,,8,4,,3,7,5,5,6,5,4,4,2,4,7,4,6,7,8,6,2,2,3,6,7,5,9,8,11,7,5,,61,6,22,6,4,4,7,3,,,,,2,3,,1,2,9,9,7,5,5,7,8,3,6,6,6,5,,4,3,,8,2,5,,6,5,,5,7,5,6,10,5,5,6,5,5,8,5,4,,5,6,3,17,49,8,6,9,3,,7,5,5,4,5,,,4,,,,,2,,,,,,,,,,,,,,,,5,,,,,,,,,,,,,,,,,,,,,,,,,,,,,,,,,,,,,,7,3,2,3,1,2,2,3,1,,,2,10,11,9,8,,8,9,11,6,5,8,6,,7,6,4,,,2,3,,11,9,3,,5,,10,13,,,4,5,,,4,4,12,,,2,2,7,10,10,6,6,4,3,4,6,3,3,8,7,14,9,5,6,9,9,5,2,3,,7,7,5,,6,4,5,6,4,3,6,4,9,6,11,6,,,5,9,7,9,10,12,6,9,3,3,4,,1,4,2,4,1,,,7,8,2,1,5,3,,6,3,4,,6,4,7,,6,8,4,7,5,2,4,,6,11,15,6,3,4,4,3,,6,5,6,7,8,5,,4,,5,,,,15,5,7,6,3,3,,3,,18,8,5,8,8,,8,3,6,2,8,9,5,4,7,3,1,2,2,2,2,,8,3,4,8,21,7,29,7,7,9,7,6,5,9,6,,2,3,3,2,2,,2,5,6,5,9,4,7,12,2,,2,2,6,3,4,4,6,4,1,5,8,,3,2,6,,6,2,4,4,,4,3,4,,2,8,6,7,5,,6,6,4,8,9,5,3,,4,5,4,4,4,,5,6,8,5,4,5,6,6,6,7,4,4,,6,8,6,,6,6,,10,4,,1,,6,4,6,9,10,4,7,5,8,6,5,4,6,4,5,6,4,4,2,2,4,4,4,6,2,6,6,6,9,12,8,8,5,4,5,5,2,11,10,7,6,5,5,5,8,6,6,5,10,10,5,7,6,22,6,6,7,9,10,10,5,13,14,9,7,6,8,6,,16,4,3,7,1,,5,8,5,,6,7,4,6,10,4,2,1,3,3,10,,,,7,8,,9,5,12,13,9,5,,8,8,7,,,,,5,6,6,6,7,1,,4,,4,7,9,10,8,8,3,4,4,4,5,,,,,5,2,5,4,5,4,1,,3,7,7,6,7,3,7,8,6,10,4,5,5,7,,5,9,5,4,8,9,5,8,17,,9,6,,8,7,,7,7,4,,8,,6,,8,8,1,5,6,8,5,7,6,8,5,5,5,7,,12,11,,8,3,7,,7,5,9,4,5,6,,4,6,7,8,,,10,4,4,,11,9,9,9,11,10,4,,5,,,6,5,5,6,6,3,4,6,5,,7,8,10,5,5,6,3,3,2,,,7,6,,5,,4,9,9,8,37,1,4,5,5,7,4,3,10,,5,2,7,2,4,2,2,,4,,6,10,3,,6,,5,7,5,5,6,8,5,3,,,1,4,6,6,,9,12,6,10,,5,5,,,1,3,6,4,8,6,2,4,5,5,5,6,6,8,7,,3,1,,5,4,10,8,4,20,3,8,4,3,3,6,4,2,4,7,3,17,4,1,1,6,4,9,5,,6,8,6,,6,4,6,3,3,5,3,4,5,4,3,7,5,2,7,3,1,4,8,3,5,7,7,8,5,4,,,8,4,4,6,8,6,7,4,7,6,3,10,6,11,6,2,4,3,,3,7,8,6,7,5,5,6,7,6,7,5,6,2,5,6,3,5,6,14,10,11,1,7,6,8,7,6,2,5,4,5,5,9,7,4,5,6,3,6,5,7,6,2,5,5,8,4,4,2,6,8,,6,9,5,4,9,1,3,2,5,3,2,3,8,4,2,7,3,,8,10,5,6,8,16,8,6,6,10,10,12,2,,2,3,4,4,6,9,8,4,4,,1,4,4,3,6,,10,,5,8,5,6,6,5,5,5,10,6,7,10,17,2,1,4,5,4,6,5,4,5,3,3,,12,4,1,6,7,4,3,5,5,6,7,3,4,2,5,4,5,1,5,5,11,5,7,5,8,5,4,5,5,8,3,4,6,7,3,1,5,4,4,4,11,4,3,6,6,3,3,4,2,5,3,3,1,10,8,4,8,6,9,8,9,8,4,3,1,2,6,5,4,7,3,4,8,3,4,6,6,4,2,6,6,,1,2,4,7,9,5,7,7,6,3,4,1,1,8,3,11,4,3,13,3,5,5,3,5,2,3,3,,8,5,7,7,6,6,10,6,5,5,5,2,,3,2,8,8,6,7,10,6,11,1,2,1,3,1,1,2,5,3,5,7,9,4,8,7,9,6,9,2,2,5,3,8,10,1,7,7,4,6,7,4,4,3,3,5,9,5,3,4,5,,7,6,6,19,7,6,10,3,6,7,4,8,9,,7,3,4,3,6,7,3,4,6,6,4,6,3,3,7,3,4,7,5,3,7,2,4,,5,6,3,7,4,7,8,4,3,2,3,3,3,5,7,3,4,8,9,6,3,,2,1,3,3,3,3,6,5,6,3,6,7,5,18,6,4,3,3,6,7,14,14,4,8,5,8
20230729,16,SO2_24h,3,3,3,3,3,3,1,3,3,3,3,3,,,5,,2,4,5,,4,,4,4,,3,2,,2,2,3,3,3,1,6,,2,3,,3,3,4,2,5,,4,,2,3,2,8,3,6,9,,5,2,,2,3,9,7,7,9,8,5,2,2,,4,5,7,2,4,2,,5,5,3,4,7,,3,7,7,8,6,4,,6,6,,,8,7,6,7,5,10,21,,6,8,14,12,11,,10,4,4,7,4,7,5,4,6,5,6,4,4,4,6,3,5,4,4,4,3,8,5,6,3,7,7,5,6,3,4,5,8,4,8,6,3,4,,2,6,6,5,4,3,3,6,11,6,4,6,7,5,,6,7,8,6,8,6,6,8,4,4,4,4,,,,6,8,,6,7,4,,,,6,,3,5,8,5,10,5,8,5,6,,,,7,5,,3,4,6,6,6,,7,5,7,4,6,7,5,3,,5,,7,5,,6,4,,4,5,6,,6,4,5,5,2,4,7,,,3,4,4,5,6,5,4,,4,,,2,,7,3,,4,2,3,5,3,4,,2,3,4,5,2,4,4,3,5,4,4,3,5,5,8,8,7,8,2,,4,2,2,3,1,3,2,8,5,7,,5,4,10,,7,5,6,4,,4,7,5,6,6,,,5,6,9,6,5,5,1,1,3,2,1,1,3,2,3,6,8,7,5,6,5,5,,6,6,3,4,4,1,4,2,4,3,2,5,4,4,,5,5,9,7,6,6,5,7,4,5,6,4,4,7,,5,6,5,7,5,7,5,5,7,11,5,6,,6,5,9,6,6,7,11,5,6,3,4,,,9,7,7,4,5,5,6,4,9,16,8,10,5,6,7,5,5,9,6,8,,7,5,8,7,8,,5,5,4,7,7,5,6,,,6,9,5,4,7,,3,3,2,2,,,3,8,5,5,3,6,4,6,6,5,4,,10,8,8,4,7,6,7,12,8,11,10,10,7,5,3,6,6,6,2,4,,4,,4,7,,8,,5,7,,,,,5,,,,13,12,5,6,14,4,4,,6,10,3,10,13,6,4,4,4,6,6,1,6,4,7,17,,14,11,15,8,7,11,9,7,8,,5,5,4,3,4,6,3,3,2,5,2,5,2,2,8,7,8,,,4,,4,2,4,1,6,,6,2,,,2,1,1,12,,9,6,7,,10,9,10,9,6,7,3,3,5,7,,,,10,,,5,,4,8,7,8,5,8,6,4,4,4,,9,,,16,,13,12,12,4,4,8,4,7,,13,10,6,8,9,4,7,7,4,11,1,5,2,7,4,6,4,5,4,6,,6,6,9,,4,4,,7,6,3,6,5,,11,5,,,3,5,,4,,8,9,10,10,8,10,,10,8,,9,8,,8,,9,7,8,,8,7,12,15,16,,7,6,5,5,3,4,4,7,5,7,5,4,6,5,4,6,5,6,6,13,13,11,3,3,5,5,6,6,4,6,5,3,7,,6,5,4,4,2,4,5,5,3,4,2,3,5,2,,6,8,6,,4,10,7,9,8,,11,10,7,,3,,3,4,5,3,8,6,4,,,,1,,2,,6,,3,,2,6,4,3,4,,6,,4,2,4,2,7,5,,9,7,9,6,7,2,,4,,,8,4,6,3,6,7,11,13,6,5,3,2,4,19,17,10,20,21,12,2,2,3,6,6,6,8,10,9,8,5,,13,7,16,7,5,5,6,3,,,,,1,2,,2,2,8,9,9,5,6,5,6,2,2,5,5,4,,4,3,,8,2,5,,6,4,,5,7,5,5,9,4,6,6,5,5,7,5,4,,20,31,4,18,26,8,11,8,3,,6,7,6,5,6,,,4,,,,,3,,,,,,,,,,,,,,,,5,,,,,,,,,,,,,,,,,,,,,,,,,,,,,,,,,,,,,,7,2,1,3,1,2,2,3,1,,,2,9,10,9,8,,8,6,8,6,5,7,10,,8,7,6,,,4,4,,15,14,3,,7,,16,20,,,5,4,,,4,4,14,,,3,3,7,10,10,5,6,3,3,6,7,4,3,6,10,8,10,4,6,11,8,5,2,4,,8,8,5,,7,5,7,6,5,4,6,3,8,6,8,5,,,6,8,7,9,10,13,6,9,7,5,6,14,6,3,3,4,1,,,9,8,4,2,5,3,,6,8,6,,6,5,6,,4,8,6,7,5,2,3,,4,4,4,8,2,3,5,4,,5,5,6,7,9,7,,5,,6,,,,2,6,8,7,3,4,,3,,8,6,6,6,6,8,6,2,10,4,7,10,5,4,7,3,2,3,4,5,2,,8,3,4,6,10,6,28,15,16,16,12,11,9,10,7,,4,6,6,3,4,,1,5,5,6,8,8,9,13,1,,3,3,7,2,4,4,5,4,3,8,9,,4,4,6,,6,2,5,4,,4,3,4,,1,8,6,7,4,,6,5,4,7,9,4,3,,4,6,4,6,5,,5,7,8,4,5,5,6,6,6,7,4,4,,7,8,5,,6,7,,10,5,5,2,,6,4,6,9,10,6,20,8,11,12,9,4,8,6,7,8,4,5,3,3,5,6,5,6,3,6,8,8,10,13,11,10,5,8,8,9,2,14,10,9,6,5,6,5,8,6,7,6,6,7,5,8,6,10,6,7,7,8,8,18,31,8,8,11,10,6,14,10,,16,4,3,6,3,,6,7,6,4,6,5,3,6,6,3,3,2,3,3,10,,,,7,8,,9,8,11,12,11,12,,7,8,6,,,,,5,5,6,6,7,2,,4,,4,6,9,11,9,12,3,4,9,5,5,,,,,3,2,4,4,27,5,2,,5,8,7,8,9,2,7,8,5,9,4,6,13,35,,11,15,6,5,7,9,5,8,15,,8,6,,7,7,,6,7,4,,8,,7,,8,8,2,6,9,8,5,7,7,8,5,5,5,8,,104,39,,6,6,7,,7,5,6,3,5,5,,5,5,7,7,,,7,5,4,,11,10,13,10,11,10,5,,5,,,6,5,4,6,6,4,4,5,5,,7,8,9,6,6,7,3,3,3,,,7,6,,5,,4,9,9,9,16,2,4,5,5,5,4,3,10,,6,2,8,2,4,2,2,,3,,6,7,3,4,7,8,11,8,4,6,6,8,5,3,,,2,4,6,6,,9,16,6,6,,5,4,,,2,3,6,4,7,6,2,4,5,5,5,6,6,7,9,,4,2,,6,4,9,6,5,16,4,7,16,3,4,6,3,2,4,17,3,23,4,2,2,6,4,8,5,8,7,8,6,,2,4,9,3,3,5,3,5,6,4,4,7,5,4,8,3,1,5,24,3,5,5,7,8,5,4,,,4,4,6,6,8,6,6,3,4,6,3,11,7,17,6,3,4,3,,5,9,7,16,43,5,7,6,7,6,7,5,7,2,5,6,3,6,8,18,12,11,2,7,7,7,7,6,2,4,5,6,6,8,8,4,6,6,4,6,7,7,14,2,7,6,8,7,7,2,6,8,,6,9,5,4,9,2,3,2,5,4,2,1,8,4,2,8,3,7,8,10,5,9,8,6,9,9,8,8,11,12,2,,3,6,6,3,6,10,8,4,6,,1,4,4,4,9,8,9,,6,7,5,7,7,7,5,5,11,33,8,10,6,2,1,3,5,4,4,5,6,4,4,3,17,14,4,2,5,6,4,5,5,5,6,6,2,5,2,7,4,6,1,6,6,9,5,8,5,8,6,5,5,6,9,3,6,7,7,2,2,5,4,5,5,8,4,3,6,6,2,3,4,2,6,3,4,2,10,8,4,19,7,11,7,9,8,5,3,2,2,6,5,6,7,3,4,9,3,4,7,6,5,2,5,6,,4,2,4,3,9,5,7,10,5,3,4,2,2,7,3,15,5,16,10,3,6,5,5,5,2,3,3,,8,5,7,8,6,6,8,5,4,5,4,1,6,4,2,12,9,6,7,13,6,9,2,2,1,3,3,3,3,4,6,6,7,9,4,8,8,10,7,9,2,4,5,3,8,12,2,7,7,5,8,7,5,4,3,3,6,9,6,6,6,4,7,7,9,6,23,10,7,10,4,7,8,7,17,14,,6,3,4,2,6,6,2,4,6,7,5,7,2,3,7,3,4,6,6,3,6,2,4,,5,6,1,8,6,7,8,5,3,2,3,3,3,8,10,4,4,15,11,8,6,4,4,3,3,3,3,3,9,6,4,3,7,5,5,10,5,4,4,5,6,7,9,11,4,8,6,10
20230729,16,NO2,11,7,12,28,28,19,21,6,13,9,31,11,,,9,,14,8,11,,14,,12,2,,2,10,,6,6,7,4,8,10,7,,6,8,,5,3,10,19,17,,11,,5,3,10,4,5,6,6,,8,9,,21,13,8,15,8,10,6,5,8,10,,4,7,6,6,3,7,,2,2,3,7,21,,5,27,22,15,14,11,,11,13,,,5,7,10,11,,19,17,,14,10,11,17,15,,7,14,14,8,10,11,9,14,5,9,10,16,10,5,6,9,5,,7,5,6,5,4,5,,6,10,8,9,10,5,6,7,10,12,10,7,4,,9,13,14,17,3,8,3,1,4,4,,6,2,5,,2,1,5,2,2,4,14,15,12,13,11,6,,,,4,7,,6,2,6,,,,8,,8,10,7,7,14,7,6,7,8,,,,2,5,,10,4,6,9,7,,6,6,10,6,5,6,2,4,,5,,6,9,,9,6,,10,7,14,,12,6,14,12,,13,10,,,2,10,9,11,7,6,6,,12,,,11,,2,8,,6,,7,10,6,9,,7,7,7,7,8,3,3,3,10,13,2,5,5,7,5,5,3,7,2,,8,7,8,8,8,8,,10,14,11,,6,13,4,,13,14,18,14,,12,18,15,14,2,,,4,10,6,4,7,8,11,5,9,11,6,7,6,9,10,9,12,7,9,8,10,14,,7,11,5,1,12,15,10,5,2,4,2,1,31,19,,28,28,32,19,36,28,,16,23,15,24,38,,27,,11,5,8,35,9,6,8,5,10,8,20,16,,5,12,15,8,7,5,5,10,10,10,8,,,18,21,26,12,10,8,16,16,9,10,16,,5,7,14,,4,15,13,13,,15,14,11,13,7,,12,12,4,7,19,5,10,,,8,16,9,10,27,,1,6,21,6,,,7,2,9,14,8,10,7,14,21,12,5,,5,10,16,21,16,15,2,9,8,5,10,8,16,11,17,9,9,9,8,4,,14,,12,17,,12,,15,20,,,,,9,,,,12,12,6,10,33,20,2,,10,6,6,9,11,4,1,6,6,5,6,12,2,4,5,,,,,,,13,16,11,8,6,,10,9,9,10,6,6,9,10,11,5,1,8,2,7,10,13,8,,,4,,6,2,1,2,1,,4,7,,,1,2,1,14,,18,6,5,,11,9,8,9,6,2,,2,2,,,,,2,,,4,,1,1,2,2,11,2,3,2,4,9,,2,,,5,,2,6,6,10,10,15,10,7,,11,11,11,12,8,7,6,7,7,7,7,9,14,6,12,8,7,7,6,3,,2,10,8,,9,10,,8,4,12,7,3,,12,6,,,3,5,,9,,13,7,8,20,6,9,,4,4,,16,11,,12,,11,18,9,,10,7,,11,9,,11,10,13,12,13,13,3,7,9,6,9,4,12,6,10,22,8,9,9,6,1,6,8,10,4,6,6,5,4,6,9,11,11,,10,6,8,5,4,12,8,9,7,9,7,11,8,6,,4,6,9,,2,7,8,10,2,,8,8,2,,11,,14,16,15,16,4,2,3,,,,3,,,,11,,2,,8,6,6,11,10,,5,,,9,13,8,4,8,,2,14,4,10,13,2,,3,,,2,2,4,3,4,4,4,7,9,5,3,4,5,7,11,12,8,10,9,5,5,5,3,4,6,8,7,6,8,6,,24,11,34,9,12,6,2,2,,,,,3,6,,2,4,6,9,12,6,10,8,4,7,6,5,10,7,,9,11,,5,4,14,,6,6,,15,2,9,8,11,11,7,6,8,14,11,12,15,,8,10,4,5,8,9,6,3,6,,4,1,8,5,3,,,19,,,,,5,,,,,,,,,,,,,,,,4,,,,,,,,,,,,,,,,,,,,,,,,,,,,,,,,,,,,,,5,2,4,6,4,3,3,4,2,,,3,18,20,20,16,,16,7,5,10,4,9,11,,10,13,9,,,10,12,,13,13,9,,5,,6,10,,,14,7,,,6,6,8,,,6,4,3,6,11,7,5,8,9,8,5,5,8,10,11,16,15,16,20,12,6,5,8,13,,9,16,5,,3,2,3,2,,4,12,5,8,12,8,11,,,2,12,9,12,5,9,4,7,20,14,9,,5,7,7,12,3,,,4,24,13,2,7,5,,3,2,2,,2,4,4,,5,2,4,3,2,8,6,,12,11,13,21,4,7,5,5,,9,4,4,3,8,6,,4,,6,,,,2,4,1,2,1,2,,3,,13,18,9,8,2,,6,5,9,14,15,7,,2,5,1,7,12,6,8,8,,10,4,9,11,18,6,3,3,5,5,4,2,5,11,3,,2,2,3,3,3,,5,2,6,6,5,2,5,7,34,,12,9,11,3,2,3,3,3,7,8,1,,12,9,6,,8,4,9,6,,4,3,6,,3,1,2,3,2,,5,2,3,2,3,6,4,,5,1,3,4,1,,12,7,6,1,3,4,10,7,9,7,8,4,,6,6,8,,2,4,,5,4,,4,,2,2,4,6,7,1,5,5,5,5,3,3,3,4,3,2,4,3,4,2,1,48,2,6,4,10,4,10,8,6,9,3,3,1,1,2,3,10,5,8,2,2,5,5,16,13,12,6,18,14,8,10,8,24,13,8,12,9,6,6,8,9,5,16,7,2,7,12,,6,2,4,6,2,,4,1,13,,7,8,8,9,12,5,7,5,6,4,4,,,,5,6,,7,13,14,12,20,5,,2,6,5,,,,,7,4,5,5,3,8,,6,,4,4,6,4,5,4,5,7,7,14,6,,,,,6,3,6,3,5,6,9,,5,10,7,6,6,5,13,11,10,7,8,8,10,11,,5,6,5,6,7,8,6,5,6,,5,7,,8,5,,3,6,5,,5,,4,,2,4,5,3,3,4,4,5,5,6,3,4,2,8,,8,10,,6,7,4,,4,4,12,8,12,10,,5,4,3,7,,,11,2,6,,6,10,4,5,3,5,12,,2,,,10,5,4,3,21,20,4,4,7,,16,5,5,3,1,1,7,10,9,,,12,9,,9,,6,2,2,9,32,6,6,18,2,14,4,4,10,,14,4,10,8,11,9,11,,6,,2,6,7,,8,,6,6,1,7,12,6,6,5,,,8,2,13,7,,15,9,10,6,,7,6,,,9,5,10,1,6,6,2,5,5,8,8,13,12,12,12,,13,5,,12,11,5,3,4,7,5,2,6,10,12,7,7,10,4,20,2,13,2,3,8,9,8,3,8,,4,4,14,,7,11,15,3,5,5,1,1,2,4,5,9,2,7,6,13,5,10,5,2,4,1,15,10,5,6,,,5,5,11,9,6,4,3,8,6,4,6,9,5,21,7,5,7,3,,3,11,8,5,14,7,7,10,10,7,8,8,4,6,10,8,4,9,5,9,4,20,5,2,1,8,5,1,8,10,7,23,33,29,26,17,12,18,24,37,4,10,6,10,6,2,14,15,11,4,5,9,,4,8,5,5,5,1,2,2,12,11,6,8,4,13,10,6,10,,13,6,4,1,6,4,9,12,7,5,10,6,3,,2,4,4,2,21,8,1,2,2,,2,6,7,8,6,,11,,10,3,4,7,2,4,3,6,3,3,8,15,7,3,4,15,5,2,5,10,10,2,7,9,,7,2,5,9,6,6,9,12,3,4,2,10,2,6,1,4,10,1,17,11,2,12,8,5,5,13,8,6,6,6,10,2,4,9,6,7,8,7,8,5,11,1,9,8,9,6,4,6,3,10,7,7,6,14,4,1,8,6,7,2,6,7,6,5,3,5,5,6,4,6,10,4,3,3,1,6,2,9,5,2,7,,6,8,4,2,8,11,4,10,1,12,6,13,5,9,2,4,8,7,8,8,4,3,7,8,4,2,3,,8,4,12,3,6,13,12,9,7,12,5,11,,4,5,13,11,12,10,12,2,29,4,9,14,2,13,6,6,8,2,2,9,12,7,4,1,2,5,4,6,2,9,21,6,13,2,9,7,4,6,4,11,7,8,8,8,2,18,6,5,4,5,24,6,20,8,2,36,9,16,21,24,4,13,9,,3,3,8,12,9,4,2,5,8,16,10,4,5,4,7,14,8,10,10,2,16,17,7,,8,4,2,2,8,10,4,7,7,9,2,10,10,12,7,6,14,9,10,7,3,,9,8,2,7,6,8,10,8,5,2,9,10,18,14,8,8,6,2,5,6,8,2,3,2,10,11
20230729,16,NO2_24h,29,6,21,27,31,30,30,17,13,17,36,18,,,13,,18,17,20,,18,,22,10,,8,16,,11,14,16,8,13,14,13,,14,19,,18,14,10,16,21,,20,,5,3,9,11,14,13,14,,17,8,,13,14,9,26,21,21,25,9,18,22,,17,19,15,21,7,12,,7,8,9,14,23,,7,23,21,23,17,27,,21,26,,,24,25,28,24,16,26,18,,16,13,14,17,16,,11,13,12,9,9,9,11,14,10,12,13,16,13,9,10,11,6,2,12,10,12,9,11,7,9,13,17,19,17,18,6,11,16,8,8,8,8,2,,8,13,7,13,6,10,6,5,6,6,12,8,6,4,,2,2,5,2,2,5,9,10,4,8,6,5,,,,6,7,,8,5,7,,,,13,,9,15,6,9,13,9,9,8,13,,,,6,7,,16,15,14,8,6,,5,7,8,5,5,6,2,3,,5,,5,7,,12,10,,11,11,13,,11,7,15,13,5,8,6,,,2,7,5,10,6,4,8,,12,,,9,,2,9,,4,4,6,6,3,4,,15,16,11,10,10,9,4,4,14,12,6,9,8,12,7,14,7,10,2,,6,7,6,5,8,6,,12,14,12,,7,8,5,,14,20,26,22,,23,26,26,24,3,,,7,9,11,8,7,9,13,6,10,12,7,8,7,9,13,16,21,18,18,19,21,18,,18,13,10,7,15,11,12,12,7,11,9,3,42,18,,26,29,21,23,29,24,22,14,15,16,15,19,21,22,,10,7,12,26,14,14,8,6,11,15,18,15,,11,25,25,11,9,7,6,9,11,12,8,,,18,15,20,18,14,11,13,18,22,23,19,22,25,25,48,22,26,19,32,39,,16,20,16,14,6,,23,40,20,17,34,17,15,,,40,32,32,20,26,,10,25,29,23,,,19,5,14,26,14,15,12,21,18,19,15,,14,12,12,18,13,16,10,17,19,10,15,14,19,12,22,11,14,14,10,8,,20,,15,18,,25,,22,28,,,,,10,,,,15,22,18,24,28,22,9,,14,12,8,13,16,9,8,15,9,8,10,9,5,14,5,35,,24,35,28,26,23,17,17,20,30,,11,10,12,6,4,7,5,10,14,8,3,8,3,10,6,8,4,,,10,,6,2,4,3,6,,7,11,,,9,10,8,20,,13,14,10,,14,11,9,9,7,3,2,2,2,7,,,,5,,,9,,6,6,4,5,12,2,3,7,6,7,,5,,,10,,6,10,12,10,11,11,12,6,,14,18,17,14,19,13,11,11,11,15,11,12,13,7,7,6,16,12,12,13,,12,11,9,,9,10,,9,6,13,6,7,,20,10,,,4,12,,23,,23,22,18,26,7,10,,4,4,,19,22,,22,,14,14,13,,13,11,21,17,10,,7,8,8,13,13,8,3,19,16,10,16,6,16,12,15,23,9,8,15,10,5,9,12,14,8,9,10,7,8,2,11,10,11,,8,10,11,9,8,9,8,17,8,9,7,12,10,9,,5,7,9,,4,11,14,11,5,,14,12,2,,8,,9,11,13,10,4,2,3,,,,5,,7,,10,,4,,10,7,9,14,19,,8,,20,20,14,13,9,14,,7,14,8,12,10,4,,6,,,2,7,10,8,4,7,14,13,14,8,4,5,8,10,19,19,19,19,13,8,8,6,16,13,11,15,17,17,19,16,,16,14,26,28,15,11,5,8,,,,,4,9,,7,4,13,10,13,14,10,14,10,16,15,11,16,12,,11,15,,11,6,18,,14,18,,17,5,6,17,13,11,11,9,10,14,17,13,12,,15,18,18,8,11,14,12,3,5,,7,3,16,10,4,,,25,,,,,6,,,,,,,,,,,,,,,,5,,,,,,,,,,,,,,,,,,,,,,,,,,,,,,,,,,,,,,9,6,6,8,5,5,4,5,2,,,4,16,17,17,14,,15,19,18,19,15,24,16,,14,18,15,,,16,20,,21,26,25,,22,,10,13,,,14,12,,,9,7,18,,,11,8,5,9,13,7,6,11,11,10,7,7,5,7,9,14,15,19,16,20,9,9,14,13,,14,15,6,,4,4,8,11,8,6,9,7,13,16,10,13,,,6,13,10,15,8,11,5,8,7,12,11,2,7,8,8,11,4,,,10,14,9,2,11,9,,5,7,9,,8,8,12,,8,8,10,9,7,6,3,,8,8,7,13,9,6,9,9,,9,3,3,4,14,10,,8,,10,,,,2,6,5,5,4,5,,5,,14,15,14,5,3,5,3,4,10,12,9,7,,3,7,3,7,10,7,6,7,,7,4,7,9,8,7,3,7,10,7,10,6,10,12,9,,3,4,4,5,5,,7,4,8,8,9,7,9,12,26,,8,13,8,3,3,3,3,4,7,8,4,,14,10,8,,9,5,10,8,,6,5,7,,5,4,3,6,5,,8,2,6,4,7,9,6,,8,4,6,10,7,,14,14,5,5,4,4,12,10,10,10,10,7,,7,9,10,,4,5,,6,4,5,6,,3,4,5,9,11,8,9,11,9,12,10,5,6,7,8,7,4,6,6,3,4,31,9,15,12,18,5,10,9,11,13,3,8,5,4,8,4,14,10,9,4,4,8,9,30,11,22,21,16,9,11,13,13,22,16,13,13,11,9,10,16,14,13,16,14,10,14,16,,11,8,11,8,9,,6,5,15,13,15,11,10,11,15,12,18,19,14,5,26,,,,11,13,,12,16,23,23,27,23,,12,9,9,,,,,9,7,9,10,10,13,,10,,14,6,11,10,12,14,5,10,14,15,8,,,,,12,7,5,5,16,17,16,,5,8,6,10,12,7,13,15,15,12,11,11,18,18,,9,10,12,13,12,12,9,10,10,,11,9,,9,10,,7,8,12,,8,,9,,4,5,10,12,13,10,18,13,13,12,2,7,5,9,,12,13,,10,11,15,,8,9,19,18,16,17,,5,4,12,21,,,18,15,31,,11,10,12,11,6,6,16,,7,,,11,9,5,6,21,19,21,24,9,,12,9,10,8,7,11,14,14,9,,,17,13,,20,,9,10,9,11,18,4,7,18,7,16,11,10,14,,29,7,13,15,6,10,11,,10,,4,10,19,11,21,21,15,11,6,14,14,10,6,10,,,20,2,12,13,,20,16,18,4,,6,10,,,11,10,12,2,10,8,4,7,6,11,7,34,17,13,24,,15,7,,18,12,9,9,6,22,11,4,9,13,19,6,4,17,5,31,3,18,7,5,13,19,12,6,8,7,7,8,11,,4,9,35,4,8,26,3,4,5,5,5,25,6,10,14,14,14,10,19,6,10,2,21,11,12,16,,,15,6,10,14,6,4,6,14,10,13,8,9,13,22,6,6,7,6,,5,22,18,12,18,14,21,8,7,7,7,10,6,7,10,6,12,24,20,11,22,18,11,5,3,8,3,1,12,7,10,21,36,27,19,23,17,12,20,27,9,11,16,12,8,18,16,15,9,5,17,16,,16,8,11,6,12,3,3,4,12,9,6,5,7,9,6,8,13,9,17,13,15,7,16,15,12,19,21,10,25,20,16,,13,10,14,5,24,12,6,5,4,,2,9,11,13,15,17,13,,13,29,8,12,5,7,4,18,8,12,10,15,14,5,6,14,7,6,6,11,9,2,11,7,45,24,4,6,11,6,6,14,12,6,9,3,4,2,6,2,7,19,9,22,11,7,19,7,7,6,19,9,13,11,8,14,13,7,10,14,10,10,15,11,21,18,3,8,9,9,10,11,7,5,7,10,9,7,13,8,6,13,9,13,5,19,17,11,12,20,12,15,13,8,14,12,5,7,9,9,11,4,13,6,3,11,,11,10,9,5,11,21,8,12,4,16,5,9,6,4,5,13,12,12,12,7,10,4,7,13,11,4,5,,8,5,19,4,9,15,22,21,14,11,9,13,3,7,3,24,15,12,10,16,3,35,13,16,17,13,20,21,20,9,4,9,16,18,25,19,20,17,22,25,9,6,16,10,10,9,4,21,16,9,13,6,12,12,15,11,14,2,15,9,10,9,12,19,13,18,11,5,25,8,17,17,21,15,24,30,,4,3,7,8,16,10,7,8,9,23,16,9,12,8,12,17,12,19,13,7,14,15,17,,10,7,3,10,17,20,4,16,12,19,16,9,29,24,9,11,24,23,23,8,4,7,21,16,10,5,18,16,31,27,5,2,8,11,16,14,11,5,11,8,5,8,14,6,4,6,14,14
20230729,16,O3,40,60,27,30,46,48,45,45,50,55,35,53,,,57,,45,66,51,,39,,30,44,,38,68,,62,68,64,57,53,62,67,,31,29,,29,30,63,45,56,,72,,35,43,39,55,70,59,69,,78,140,,126,134,147,60,72,68,70,55,66,54,,61,62,58,58,61,63,,45,52,48,46,93,,87,76,84,98,96,99,,138,147,,,148,144,144,137,,63,58,,60,56,70,62,66,,73,42,51,30,29,36,43,38,39,44,34,83,94,93,87,96,72,,70,81,96,130,105,95,,106,112,109,110,107,96,107,110,32,29,26,39,24,,37,26,21,21,70,74,83,72,74,74,63,75,80,47,,49,50,50,50,42,43,32,33,36,26,36,45,,,,73,79,,85,81,83,,,,83,,61,61,46,64,52,52,59,60,68,,,,76,71,,87,84,81,70,64,,69,63,60,67,59,64,50,52,,51,,78,81,,65,55,,74,68,73,,78,67,72,53,34,27,32,,,39,31,33,61,64,58,52,,54,,,66,,53,50,,55,49,47,19,27,21,,87,81,69,73,68,79,80,74,50,46,61,59,57,60,55,59,56,58,,,60,61,61,54,,27,29,43,49,48,,48,44,44,,44,25,28,29,,27,34,28,42,25,,,40,44,34,49,40,35,43,44,47,49,42,41,46,37,54,89,74,78,95,92,60,89,,67,52,95,92,106,96,106,91,95,117,113,84,124,174,,157,192,130,171,139,180,91,181,37,57,32,36,27,62,,77,82,72,35,109,85,96,95,171,146,142,112,,106,152,168,104,112,100,112,124,133,132,142,,,142,130,118,103,109,114,74,77,137,137,151,,143,154,142,106,106,188,118,144,,95,90,103,94,108,,124,139,103,153,200,161,138,,,143,132,173,144,132,,153,180,150,162,,,185,121,98,124,97,110,93,105,112,121,106,,90,111,93,94,98,98,130,123,116,124,113,114,111,70,69,100,74,118,114,103,,74,,98,86,,184,,197,186,,,,,137,,,,162,162,102,90,86,82,81,,103,110,143,111,120,110,108,108,108,109,111,93,89,111,77,,,,,,,164,167,167,164,167,,39,32,41,20,24,22,16,38,39,46,31,33,34,29,54,53,61,,,40,,48,43,48,35,65,,64,71,,,57,59,58,42,,27,31,36,,61,68,63,61,63,22,30,29,32,,,,,38,,,59,,56,40,48,41,32,36,41,30,33,26,,48,,,97,,98,118,126,70,78,64,80,81,,106,108,101,109,91,115,155,132,122,134,56,66,60,81,56,56,105,92,97,84,,90,208,197,,82,83,,103,105,106,103,96,,100,76,,,58,63,,106,,116,118,116,106,64,61,,59,59,,76,86,,83,,56,67,62,,63,66,140,139,147,,55,48,56,50,46,47,108,70,66,63,62,67,64,47,26,17,38,36,35,33,36,35,35,40,65,58,58,60,58,46,67,70,68,,68,56,54,48,51,50,112,103,105,96,102,68,73,72,,78,75,79,,79,75,81,84,67,,81,76,73,,51,,54,50,59,56,61,46,55,,,,50,,48,,39,,50,,59,56,57,91,97,,97,,117,115,,100,72,76,,74,66,76,64,56,84,,109,,,89,77,77,73,67,110,106,101,111,80,89,85,110,144,129,145,150,144,131,68,77,126,114,118,124,129,110,118,106,107,,83,87,85,107,84,100,93,91,,,,,148,154,,153,84,98,112,99,87,111,84,87,93,112,94,126,110,,121,122,,74,84,99,,106,108,,94,80,114,94,104,95,98,98,94,116,154,148,135,,140,145,158,137,149,123,129,125,123,,128,117,127,123,134,,,37,,,,,42,,,,,,,,,,,,,,,,38,,,,,,,,,,,,,,,,,,,,,,,,,,,,,,,,,,,,,,94,50,45,51,55,57,54,55,54,,,,67,61,61,66,,61,127,143,135,137,132,96,,96,95,133,,,101,83,,102,98,97,,104,,133,131,,,127,90,,,160,160,148,,,78,80,136,142,142,138,139,64,56,77,68,66,47,51,55,56,62,65,58,65,64,68,70,57,,93,89,60,,30,27,26,30,89,82,92,105,35,36,35,81,,,99,61,70,67,64,88,90,85,109,89,102,,84,86,81,76,111,,,108,65,78,87,96,87,,57,67,67,,66,67,70,,55,59,64,60,38,57,62,,41,46,42,32,,46,54,55,,56,54,49,59,78,87,,55,,57,,,,42,47,42,43,51,52,,44,,30,50,55,66,73,64,59,,56,55,50,,,65,61,62,,55,64,66,,,56,60,43,42,42,48,71,86,90,84,86,46,51,56,60,,31,48,54,51,52,,85,89,97,94,87,90,92,91,54,,65,72,82,44,62,48,47,50,35,50,49,,49,54,56,,35,42,38,52,,58,53,60,,65,60,62,57,63,,68,74,70,72,59,55,53,,67,63,62,38,46,,43,43,57,60,64,67,101,103,92,89,75,46,,84,88,84,,64,65,,52,60,,84,,53,53,48,62,53,100,116,114,115,111,109,86,99,91,91,99,91,94,92,98,96,91,112,108,110,107,123,122,121,118,116,88,85,97,89,80,65,105,103,83,97,51,77,82,166,167,182,161,137,129,144,124,130,108,134,146,142,143,132,140,124,135,136,77,74,89,110,123,,170,112,103,89,80,,91,96,114,,112,126,120,112,121,99,115,125,112,20,134,,,,108,109,,104,87,87,87,79,81,,147,140,130,,,,,102,132,128,116,129,99,,115,,81,116,112,106,97,109,79,78,71,66,78,,,,,119,128,68,72,97,94,64,,74,59,60,92,102,72,70,78,71,71,57,59,76,73,,72,85,89,94,93,89,83,69,36,,66,56,,65,90,,110,104,100,,107,,85,,50,50,86,100,98,103,140,130,136,135,90,108,90,50,,160,166,,117,96,151,,152,151,82,90,161,157,,77,79,149,139,,,155,166,152,,151,152,124,108,97,141,119,,120,,,114,96,101,96,96,90,128,131,78,,96,130,124,119,112,118,111,112,114,,,147,116,,94,,109,125,127,78,88,36,56,172,47,40,73,65,99,,92,68,86,84,30,58,67,,57,,37,66,186,,89,,156,119,60,63,57,107,60,91,,,54,51,56,74,,160,156,160,50,,84,69,,,42,76,74,46,77,85,35,37,44,73,81,151,128,153,91,,44,54,,199,90,105,105,121,143,82,59,73,97,52,46,57,45,42,154,36,118,37,90,34,83,69,77,80,,76,77,96,,138,67,190,65,134,134,101,101,107,58,49,134,37,75,108,84,117,49,145,64,55,37,97,60,87,92,,,200,78,62,74,82,82,71,85,61,152,64,48,,92,59,47,57,44,,67,194,196,184,173,110,154,28,34,35,33,34,40,48,32,29,74,110,168,142,147,147,81,88,46,52,37,53,86,59,134,190,144,170,147,82,81,14,44,46,83,126,138,83,58,92,207,140,98,112,65,49,,72,74,65,71,86,54,42,42,47,43,59,,57,45,52,105,106,,68,99,90,99,71,85,89,134,136,83,100,107,171,,152,101,123,36,33,65,53,32,34,,44,65,59,59,87,,117,,30,152,100,99,56,111,91,100,124,114,130,144,142,50,62,58,46,48,56,48,47,35,40,47,,148,78,83,84,52,70,68,56,76,83,48,33,47,65,48,110,113,104,97,86,118,190,80,81,139,57,88,129,138,120,84,86,116,206,65,59,60,57,41,54,40,71,52,73,66,50,52,49,44,45,60,43,42,47,63,57,82,106,67,71,79,85,98,150,167,162,95,125,119,29,27,41,54,54,53,46,47,43,24,39,67,,67,53,58,74,134,116,94,124,109,130,52,32,47,52,52,105,141,114,88,163,87,71,78,62,70,61,65,,34,62,136,86,85,74,99,108,103,67,78,73,,62,57,122,132,120,72,56,57,117,76,60,61,30,24,53,36,43,45,63,66,54,79,86,78,83,85,77,64,46,44,36,74,45,51,93,98,85,90,30,138,143,134,148,110,121,102,107,109,84,89,74,57,60,134,87,28,81,153,115,137,111,187,176,,83,68,59,58,76,97,151,45,36,30,38,49,58,114,115,113,109,134,49,87,82,48,82,,81,59,38,116,85,82,53,89,51,43,41,75,52,116,32,50,21,172,78,51,48,,32,26,69,46,40,36,160,145,134,79,50,117,76,110,76,35,104,71,94,104,115,54,42,39,38,168
20230729,16,O3_24h,103,119,119,109,114,124,87,116,104,113,108,96,,,173,,132,140,171,,134,,103,122,,141,158,,142,150,138,141,138,142,162,,136,112,,120,116,68,57,59,,74,,139,147,144,137,139,127,139,,156,150,,147,150,154,120,125,127,122,117,146,119,,151,116,103,101,158,150,,162,163,165,170,120,,122,122,123,121,123,113,,147,152,,,180,163,144,147,75,83,71,,84,66,79,74,80,,86,63,66,58,65,73,70,76,62,58,66,90,95,101,104,105,93,65,94,90,96,130,105,103,67,106,112,109,110,107,103,107,110,37,34,35,40,28,,43,34,30,29,70,74,83,72,74,74,63,75,80,54,,60,63,62,60,56,56,34,34,37,29,36,46,,,,73,79,,85,81,83,,,,83,,65,61,53,68,60,59,61,63,68,,,,76,71,,87,84,81,75,70,,74,63,60,67,59,64,50,52,,51,,78,81,,65,63,,74,68,73,,78,67,72,60,44,44,42,,,52,42,48,61,64,62,52,,54,,,74,,61,58,,55,49,47,24,27,23,,87,81,74,81,73,79,80,76,63,49,63,60,60,60,55,63,63,65,,,68,68,70,69,,49,38,68,77,72,,72,73,73,,86,95,97,101,,94,104,97,107,28,,,40,45,37,49,48,43,128,127,145,129,121,117,125,106,134,89,74,92,95,95,66,90,,67,102,95,115,106,107,109,107,100,117,120,103,163,174,,157,200,154,212,159,180,141,181,114,121,131,115,100,105,,144,140,95,121,168,166,164,167,171,146,142,124,,111,181,188,158,166,148,161,154,142,132,153,,,142,130,152,103,109,114,103,126,144,140,158,44,155,160,160,127,122,188,124,160,,108,107,127,108,108,,124,160,118,157,200,161,149,,,165,142,173,144,152,,175,190,166,170,,,203,135,98,124,97,113,96,106,114,121,106,,90,119,93,94,98,98,134,131,130,138,120,131,111,86,85,100,74,118,114,103,,84,,98,86,,195,,197,186,,,,,150,,,,173,162,102,100,113,100,93,,113,110,143,113,120,114,108,108,108,109,111,137,89,111,95,86,,100,80,94,80,164,174,171,167,167,,65,64,64,71,56,54,59,52,48,63,58,60,64,57,75,77,81,,,54,,52,45,48,41,144,,137,112,,,92,92,100,64,,69,62,59,,67,69,63,61,63,27,41,35,40,27,,,,50,,,59,,56,68,70,76,34,44,47,36,42,36,,60,,,129,,137,154,131,143,159,146,152,157,,123,115,123,121,124,115,155,132,122,136,75,79,78,196,198,174,108,94,106,90,,103,213,197,,105,110,,103,105,106,103,96,,126,80,,,93,88,,134,,155,148,146,146,119,120,,119,118,,119,114,,108,,170,156,172,,163,163,148,145,154,,85,77,87,83,79,80,108,103,112,104,107,106,86,62,62,63,57,44,54,64,63,68,62,67,114,116,110,117,115,110,90,90,94,,97,99,90,89,91,94,112,103,110,98,102,68,73,72,,78,75,79,,79,79,81,84,69,,81,87,73,,88,,102,99,96,99,128,140,148,,,,94,,98,,110,,114,,101,101,103,91,97,,97,,117,115,94,120,93,91,,136,122,124,121,124,125,,109,,,114,81,77,76,77,110,117,106,111,155,135,135,164,144,151,173,160,156,131,76,79,126,119,126,124,129,117,120,114,119,,83,92,86,107,84,100,93,93,,,,,148,154,,153,91,104,122,106,102,118,87,94,96,112,94,126,110,,121,122,,97,97,137,,120,126,,119,80,114,94,104,98,114,100,94,124,228,148,140,,149,146,158,159,155,139,148,125,128,,128,123,129,123,135,,,73,,,,,47,,,,,,,,,,,,,,,,42,,,,,,,,,,,,,,,,,,,,,,,,,,,,,,,,,,,,,,94,101,99,100,104,86,86,79,86,,,,112,106,104,108,,99,127,143,135,137,132,147,,138,130,133,,,113,109,,125,117,123,,121,,152,154,,,135,108,,,160,160,155,,,101,116,144,153,159,153,154,97,92,114,110,197,84,79,86,82,78,78,72,72,116,124,118,119,,93,89,102,,42,40,37,41,100,94,136,112,38,42,42,94,,,110,86,87,84,89,92,90,85,110,95,103,52,92,101,92,94,145,,,122,100,105,126,100,93,,87,71,69,,70,72,70,,60,60,64,60,43,58,70,,50,56,58,48,61,51,68,71,,66,54,52,59,78,87,,86,,80,,,,60,61,64,58,62,63,,64,,50,52,62,80,79,77,73,,72,72,76,,,68,68,70,,82,77,75,,,58,73,56,53,53,57,71,95,98,94,93,52,58,58,60,,60,77,76,71,62,,91,93,104,107,87,90,92,91,68,,71,72,82,66,62,50,49,50,46,60,50,,130,125,130,,106,121,114,100,,99,93,102,,103,99,104,98,100,,103,107,103,105,66,62,62,,90,81,85,68,70,,83,66,69,96,110,114,101,105,109,104,109,80,,91,92,89,,85,87,,89,79,51,94,,91,97,90,98,91,111,123,132,135,123,126,93,99,96,91,100,92,104,102,102,103,102,113,113,114,110,123,124,121,118,122,93,104,118,100,95,78,105,103,85,97,51,81,92,166,167,182,161,137,164,144,130,130,155,171,153,151,155,132,140,144,135,136,120,118,89,110,123,,178,143,160,89,81,,91,96,123,57,112,126,120,112,121,132,135,141,136,20,159,,,,108,109,,104,125,133,137,132,114,,147,140,130,,,,,113,144,142,129,140,99,,115,,87,116,130,106,102,109,86,82,81,72,81,,,,,119,128,75,75,104,103,97,,82,65,61,93,102,86,84,90,85,77,57,59,89,86,,82,93,91,94,93,89,88,84,57,,82,71,,83,90,,110,104,107,,107,,92,,52,50,86,100,98,103,158,140,147,140,90,111,98,80,,165,166,,120,118,159,,152,151,100,105,161,157,,89,88,149,139,,,168,167,161,,155,152,126,120,101,144,147,,142,,,133,117,117,111,132,117,159,151,114,,112,130,124,160,153,160,153,152,114,,,147,116,,94,,109,125,127,97,88,60,111,172,156,140,148,138,145,,118,116,86,84,48,66,73,,91,,48,111,191,34,89,26,156,128,64,72,78,107,66,92,,,144,56,59,165,,172,179,162,82,,84,74,,,42,76,74,46,77,85,37,37,45,73,88,154,128,153,121,,161,81,,214,112,105,105,132,146,108,75,85,97,71,78,71,142,125,154,40,138,53,110,47,87,146,80,109,53,101,94,102,,152,67,197,109,144,147,103,109,108,153,99,144,65,75,108,84,117,114,146,69,67,44,97,78,89,92,,,243,78,164,79,82,90,91,85,97,159,108,55,74,130,60,96,69,71,,110,194,196,184,173,120,154,33,40,38,48,44,43,56,35,35,115,142,168,168,153,160,81,88,56,60,38,53,87,63,134,190,176,170,162,152,145,116,112,120,166,149,138,111,81,104,212,140,98,144,107,154,,127,74,65,71,86,66,64,66,117,116,103,106,78,97,102,105,106,56,81,99,96,99,92,87,89,136,147,94,118,118,182,,158,101,142,44,52,65,85,36,46,,49,136,137,78,87,46,117,,50,165,107,102,85,145,123,120,127,137,142,164,142,58,67,59,49,50,56,73,80,48,98,99,87,152,78,83,84,60,72,68,62,76,83,60,36,48,71,48,113,113,115,101,99,131,190,170,93,149,117,175,142,138,184,180,89,158,206,153,85,130,109,134,165,153,71,55,73,67,85,75,52,129,122,134,127,118,114,101,90,82,107,88,74,85,88,98,157,167,166,99,130,132,107,104,44,86,54,57,76,73,64,37,46,133,,106,96,88,102,146,129,114,134,109,130,65,57,70,72,62,108,141,133,107,163,91,76,94,83,82,78,80,,45,89,139,91,102,119,99,108,103,76,82,73,51,65,57,151,163,137,121,131,132,147,167,156,170,132,130,126,117,162,134,124,141,131,159,160,151,166,160,149,118,120,91,103,104,130,103,94,112,86,99,36,140,143,134,148,110,132,116,118,114,86,89,118,164,104,150,118,90,177,157,132,137,111,187,176,,83,68,97,98,84,98,151,45,38,68,59,68,90,136,128,148,118,134,69,96,82,53,82,,101,82,38,159,107,115,123,113,82,81,133,105,115,149,65,52,79,177,94,57,118,88,122,124,106,103,88,97,166,156,134,79,132,130,88,121,87,47,104,71,94,108,122,70,46,50,63,168
20230729,16,O3_8h,41,95,37,38,37,60,61,60,81,81,53,66,,,38,,35,42,33,,34,,20,36,,30,60,,61,62,65,55,50,68,72,,26,21,,22,22,45,30,34,,43,,30,37,35,44,62,54,66,,70,120,,118,122,122,73,85,82,81,75,54,42,,50,45,45,43,48,49,,47,45,42,47,100,,96,95,87,99,92,96,,130,136,,,132,129,130,128,38,46,43,,44,44,50,46,52,,61,31,33,23,27,32,34,31,27,32,28,59,64,64,64,68,57,,51,60,68,106,86,75,,88,92,90,90,89,82,88,95,25,24,24,30,22,,30,22,20,21,49,55,61,51,54,55,49,54,57,42,,45,48,46,46,40,42,28,28,31,23,31,34,,,,44,47,,55,48,50,,,,59,,52,49,40,54,46,46,48,50,52,,,,58,57,,63,61,60,58,49,,52,43,38,41,40,44,38,41,,42,,48,47,,47,45,,53,51,52,,51,50,51,48,32,30,33,,,41,34,36,44,50,50,35,,43,,,52,,50,47,,48,42,40,17,24,19,,62,57,54,59,56,60,60,54,44,36,49,48,46,46,43,48,47,48,,,63,58,63,58,,27,30,49,57,49,,50,54,48,,58,18,24,25,,29,29,24,28,21,,,26,33,24,35,34,31,31,34,35,34,32,30,31,25,39,57,44,57,59,63,50,56,,44,55,64,74,66,79,76,73,72,82,83,70,100,120,,103,116,96,132,106,99,81,100,32,42,37,41,40,52,,66,56,51,41,60,64,61,74,114,108,104,81,,92,115,122,71,77,57,69,97,99,94,106,,,91,80,80,79,86,88,60,58,108,104,117,,107,106,110,89,93,126,92,107,,87,84,93,85,78,,85,108,90,111,96,106,103,,,109,88,99,100,90,,124,129,131,125,,,146,98,55,72,58,74,69,70,68,77,65,,67,96,76,79,80,77,104,91,89,95,89,89,75,57,57,70,50,77,60,80,,52,,71,54,,152,,137,130,,,,,114,,,,137,123,58,55,54,57,64,,59,82,97,82,88,80,82,75,78,82,85,84,65,80,71,,,,,,,133,145,134,131,136,,40,35,38,28,25,23,19,42,44,51,31,39,38,35,53,53,64,,,32,,35,31,34,27,54,,54,47,,,40,46,42,35,,29,21,27,,43,48,44,42,46,19,28,26,27,17,,,,33,,,41,,42,31,38,30,26,30,39,26,30,22,,35,,,91,,94,101,98,67,78,68,77,78,,99,92,92,92,90,91,113,97,87,96,60,64,61,70,65,62,81,73,80,76,,76,137,118,,79,82,,79,82,82,79,77,,82,63,,,42,41,,99,,117,112,115,108,82,80,,79,80,,81,86,,81,,98,92,105,,102,99,143,134,145,,47,42,49,44,42,45,99,56,52,56,48,52,47,44,23,16,37,36,32,42,38,43,44,47,54,49,46,51,49,39,77,78,74,,79,73,72,68,67,68,95,87,93,88,95,55,59,61,,58,55,58,,61,50,59,60,49,,63,54,59,,37,,42,40,46,44,43,29,39,,,,36,,33,,41,,48,,41,40,39,60,66,,68,,71,73,26,75,67,67,,67,64,72,64,66,71,,97,,,86,67,63,60,65,90,96,91,83,62,79,80,73,102,105,109,108,105,100,67,72,86,83,99,86,97,84,90,82,86,,48,54,45,61,60,78,76,77,,,,,106,109,,116,72,83,95,83,81,108,61,60,60,64,70,87,82,,65,61,,78,89,101,,106,108,,105,65,72,78,82,77,78,83,79,97,110,115,104,,125,124,132,125,128,110,117,113,113,,116,98,120,118,128,,,26,,,,,35,,,,,,,,,,,,,,,,31,,,,,,,,,,,,,,,,,,,,,,,,,,,,,,,,,,,,,,67,53,45,50,55,48,48,49,48,,,,70,65,65,70,,64,101,109,106,109,104,120,,118,116,98,,,85,75,,77,74,96,,96,,125,119,,,115,80,,,133,137,121,,,82,82,133,139,127,129,132,65,58,86,69,109,40,40,44,42,53,54,50,49,58,62,65,58,,65,62,53,,36,33,24,30,92,80,100,104,26,28,26,80,,,97,72,74,73,68,90,86,78,106,76,84,,89,92,88,85,122,,,111,69,77,94,89,81,,62,48,48,,52,50,52,,40,45,48,44,27,44,50,,34,41,38,40,51,35,37,38,,40,47,46,49,59,66,,42,,44,,,,37,39,36,33,42,44,,36,,38,42,56,69,69,68,61,,47,47,46,,,53,52,53,,62,62,60,,,40,59,44,41,45,45,51,67,67,65,67,36,36,40,38,,34,55,53,51,50,,67,72,79,83,58,59,60,61,42,,48,54,52,54,54,45,44,47,31,41,38,,37,32,34,,26,30,25,33,,36,35,45,,49,52,56,52,54,,50,55,52,53,47,42,46,,52,50,50,52,58,,57,51,54,62,63,71,72,74,71,69,69,60,,64,65,66,,58,59,,65,49,,62,,38,38,37,66,59,97,102,108,110,106,105,81,86,86,78,85,74,86,83,86,86,85,102,97,96,92,98,102,114,97,101,81,86,91,82,77,68,81,76,78,86,38,59,64,95,92,105,89,84,93,89,90,91,83,110,108,106,107,92,98,100,99,104,93,91,54,71,75,,123,97,92,76,68,,73,75,89,,93,96,95,89,96,73,96,102,93,15,104,,,,92,93,,86,78,73,74,71,68,,84,78,71,,,,,84,116,109,99,112,64,,76,,48,76,81,76,75,70,72,70,66,62,69,,,,,73,70,68,67,77,77,70,,65,44,44,78,86,65,65,61,61,61,48,48,70,66,,77,85,74,70,50,44,76,63,36,,40,37,,67,60,,79,73,90,,84,,78,,36,34,49,56,59,58,136,127,131,129,60,78,70,49,,142,144,,96,90,128,,138,134,75,78,133,128,,75,80,119,111,,,136,129,126,,134,127,112,97,73,135,114,,116,,,98,93,96,91,79,67,113,109,77,,64,107,98,102,100,111,100,99,111,,,99,79,,72,,95,90,93,46,53,36,73,114,38,37,46,59,120,,97,56,59,62,36,57,50,,43,,32,50,141,,66,,127,98,49,49,43,91,46,70,,,44,52,45,46,,133,140,122,63,,51,52,,,28,57,56,36,45,52,28,28,34,56,64,94,89,93,92,,36,35,,132,88,82,82,101,120,86,43,79,65,44,54,61,31,29,116,32,119,32,78,29,56,57,63,78,,71,68,79,,124,38,101,50,116,103,91,95,92,42,35,108,51,53,76,59,65,50,124,50,38,31,78,64,66,67,,,184,56,51,52,50,76,67,60,45,129,44,38,63,81,44,33,59,37,,56,157,140,141,133,91,123,23,30,25,37,31,33,42,24,24,88,109,141,132,120,147,61,50,43,48,29,41,61,49,96,110,103,95,103,56,59,27,46,56,75,99,106,64,62,71,126,87,76,102,47,39,,38,60,51,50,66,46,36,36,48,44,44,66,46,35,42,86,86,,76,81,78,80,78,53,73,100,94,74,89,79,128,,127,74,103,30,28,44,46,28,29,,35,54,52,44,69,,86,,32,119,66,68,66,109,74,86,97,103,95,110,97,48,56,44,36,36,46,51,45,32,52,79,,120,58,57,60,48,54,52,49,59,60,46,30,36,51,40,101,72,88,59,54,90,113,72,64,99,41,80,99,103,119,66,74,84,129,66,30,43,46,44,39,33,52,41,64,57,40,36,45,30,39,37,30,29,46,54,51,62,100,59,66,63,58,70,129,125,132,77,94,101,28,22,31,40,38,39,37,38,32,28,31,63,,41,36,41,41,114,106,91,121,84,74,52,32,46,51,52,89,97,94,92,114,58,70,69,63,70,62,64,,34,56,88,66,73,80,71,81,73,58,56,54,,50,50,119,126,111,86,62,86,105,70,53,78,23,20,28,23,35,42,59,66,48,60,60,76,82,70,66,51,32,35,32,48,36,40,66,94,50,77,24,100,89,71,104,82,117,70,101,105,63,73,92,94,62,126,86,30,74,107,77,89,84,129,123,,63,49,44,43,78,79,103,30,28,27,29,43,43,111,108,111,109,78,57,59,55,39,54,,78,63,30,110,78,81,38,83,58,52,48,66,48,114,39,36,20,149,77,41,35,60,24,22,80,76,49,68,156,138,89,57,38,109,74,98,76,38,70,51,67,93,84,41,32,34,38,125
20230729,16,O3_8h_24h,59,95,60,41,56,60,61,60,81,81,53,66,,,52,,41,42,47,,44,,27,36,,35,60,,104,96,98,103,99,108,116,,47,32,,23,27,45,40,34,,43,,56,62,61,85,84,86,95,,98,120,,118,122,122,73,85,82,81,75,66,46,,54,45,45,43,75,72,,79,82,74,82,100,,96,95,89,99,92,96,,130,136,,,132,129,130,128,38,46,43,,44,44,50,46,52,,61,48,34,26,28,32,34,31,27,32,28,59,64,64,64,68,57,68,51,60,68,106,86,75,63,88,92,90,90,89,82,88,95,25,24,24,30,22,,30,22,20,21,49,55,61,51,54,55,49,54,57,42,,45,48,46,46,40,42,28,28,31,23,31,34,,,,44,47,,55,48,50,,,,59,,52,49,40,54,46,46,48,50,52,,,,58,57,,63,61,60,58,49,,52,43,38,41,40,44,38,41,,42,,48,47,,47,45,,53,51,52,,51,50,51,48,32,30,35,,,41,34,36,48,56,53,43,,43,,,52,,50,47,,48,42,41,17,24,19,,62,57,54,59,56,60,60,54,44,36,49,48,46,46,43,48,47,48,,,63,58,63,58,,46,33,49,57,49,,50,54,48,,58,18,24,25,,29,29,24,28,21,,,26,33,24,35,34,31,52,54,56,59,54,42,54,48,57,57,44,57,59,63,50,56,,44,55,64,74,66,79,76,73,72,82,83,70,100,120,,103,116,96,132,106,99,81,100,90,98,85,96,72,87,,87,72,57,90,108,98,88,81,114,108,104,81,,92,115,122,81,86,80,80,97,99,94,106,,,91,80,92,102,99,105,98,87,108,104,117,53,107,106,110,89,93,126,92,107,,87,84,93,85,86,,85,108,90,111,96,106,103,,,109,88,99,100,90,,124,129,131,125,,,146,98,55,72,58,74,69,70,68,77,65,,67,96,76,79,80,77,104,91,89,95,90,89,75,57,57,70,50,77,60,80,,52,,71,54,,152,,137,130,,,,,114,,,,137,123,85,92,85,84,74,,74,82,97,82,88,80,82,75,78,82,85,98,65,80,71,99,,107,90,98,85,133,145,134,131,136,,40,35,38,66,53,53,59,42,44,51,52,39,51,43,64,63,70,,,32,,35,31,34,27,54,,54,47,,,40,46,42,35,,29,21,27,,43,48,44,42,46,20,34,29,27,21,,,,33,,,41,,42,31,38,30,26,30,39,26,33,26,,35,,,91,,94,101,98,107,122,121,148,120,,99,92,92,92,90,91,113,97,87,96,60,64,61,81,84,76,81,73,80,76,,76,137,118,,79,82,,79,82,82,79,77,,82,63,,,42,41,,99,,117,112,115,108,118,119,,116,116,,81,86,,81,,119,112,123,,119,114,143,134,145,,47,42,49,44,42,45,99,56,52,56,48,52,47,44,23,16,37,36,32,42,53,45,44,47,63,59,52,59,58,58,77,78,74,,79,83,78,76,74,77,95,87,93,88,95,55,59,61,,58,55,58,,61,50,59,60,49,,63,54,59,,86,,91,89,96,91,53,49,59,,,,40,,40,,84,,90,,49,52,46,60,69,,71,,71,73,36,75,71,67,,67,64,72,64,66,71,,97,,,86,67,63,60,65,90,96,91,83,62,104,83,74,102,105,109,108,105,100,67,72,86,83,99,86,97,84,90,82,86,,60,58,45,61,60,78,76,77,,,,,106,109,,116,72,83,95,83,81,108,61,60,60,64,70,87,82,,65,63,,78,89,101,,106,108,,105,65,72,78,82,77,78,83,79,97,110,115,104,,125,124,132,125,128,110,117,124,128,,116,114,120,118,128,,,26,,,,,35,,,,,,,,,,,,,,,,31,,,,,,,,,,,,,,,,,,,,,,,,,,,,,,,,,,,,,,67,53,45,50,55,48,48,49,48,,,,78,76,74,75,,67,101,109,106,109,104,122,,120,117,98,,,85,75,,77,74,96,,96,,125,119,,,115,80,,,133,137,121,,,83,82,133,139,130,134,137,65,58,86,69,109,40,40,44,42,53,54,50,49,85,87,90,76,,65,62,59,,36,33,24,30,92,80,100,104,26,28,26,80,,,97,72,74,73,68,90,86,78,106,76,84,48,89,93,88,86,126,,,111,75,80,97,89,81,,62,48,48,,52,50,52,,40,45,48,44,27,44,50,,34,41,38,40,51,35,37,38,,40,47,46,49,59,66,,42,,44,,,,37,39,36,33,42,44,,36,,38,42,56,69,69,73,63,,47,47,46,,,53,52,53,,62,62,60,,,55,59,44,41,45,45,51,67,67,65,67,36,36,40,38,,38,55,53,52,50,,67,72,79,83,58,59,60,61,42,,48,54,52,54,54,45,44,47,33,41,38,,45,43,48,,44,46,42,42,,41,40,52,,51,52,56,52,54,,52,60,52,54,47,42,46,,52,50,50,52,58,,57,51,57,62,63,71,72,74,71,69,69,60,,81,82,75,,58,59,,65,49,61,62,,46,49,39,66,59,97,102,108,110,106,105,81,86,86,78,85,75,86,84,86,86,85,102,97,96,92,98,102,114,97,101,81,86,91,82,77,68,81,76,78,86,48,59,64,95,92,105,89,84,93,89,90,91,83,110,115,106,107,92,98,100,99,104,93,91,54,71,75,,123,97,92,76,68,,73,75,89,49,93,96,95,89,96,73,96,102,93,15,104,,,,92,93,,86,78,73,74,71,68,,84,78,71,,,,,84,116,109,99,112,64,,76,,48,76,81,76,75,70,72,70,66,62,69,,,,,73,70,68,67,77,77,70,,65,44,44,78,86,72,65,70,61,61,48,48,70,66,,77,85,74,70,50,44,76,68,36,,40,37,,72,60,,79,73,90,,84,,78,,36,34,49,56,59,58,136,127,131,129,60,78,70,49,,142,144,,96,90,128,,139,136,75,78,133,128,,83,85,119,111,,,136,129,126,,134,127,112,97,73,135,114,,116,,,98,93,96,91,103,103,113,109,83,,91,112,108,118,123,111,120,122,111,,,100,94,,72,,107,90,93,82,55,53,111,114,46,43,46,102,125,,97,70,59,62,37,57,50,,43,,32,50,141,45,66,32,127,98,49,49,43,91,46,70,,,47,53,45,50,,133,140,122,63,,51,52,,,28,57,56,36,45,52,28,28,34,56,81,94,89,93,92,,49,44,,132,88,82,82,101,120,86,43,79,74,44,54,62,38,44,116,32,119,32,78,29,56,57,63,78,58,71,68,79,,124,48,101,57,116,103,91,95,92,58,44,108,51,53,76,59,70,94,124,50,38,31,78,69,66,67,,,184,56,78,52,50,83,68,60,45,129,53,38,63,81,47,39,60,37,,57,157,140,141,133,91,123,23,30,25,37,31,33,42,24,24,88,109,141,132,120,147,61,50,43,48,29,41,61,49,96,110,103,95,103,62,70,88,78,92,101,99,106,95,62,71,126,87,76,102,47,39,,42,60,51,50,66,46,36,36,84,85,52,66,46,88,91,86,86,53,76,81,78,80,78,53,73,100,94,74,89,79,128,,127,74,103,30,28,44,46,28,29,,35,54,52,44,69,56,86,,40,119,69,68,66,109,86,86,97,103,95,110,97,48,56,44,36,36,46,51,45,32,93,79,89,120,58,57,60,48,54,52,49,59,60,46,30,36,51,40,101,92,91,90,83,90,113,104,64,99,74,112,99,103,119,97,74,84,129,99,43,54,55,64,39,34,52,41,64,57,40,36,45,52,51,49,43,44,86,54,51,62,100,59,66,63,58,70,129,125,132,77,94,101,38,22,31,40,38,39,37,38,32,28,31,63,,41,36,41,41,114,106,91,121,84,74,59,54,65,61,52,89,97,94,92,114,58,70,69,63,70,62,64,,34,56,88,84,73,80,71,81,73,58,56,54,50,50,50,119,126,111,112,116,132,105,103,84,94,29,32,29,23,70,77,121,93,54,60,60,76,82,77,66,59,53,35,82,53,44,46,69,94,50,77,24,100,89,77,104,82,132,94,115,106,63,73,92,110,66,126,86,67,116,107,83,89,84,129,123,,63,49,94,92,78,79,103,30,28,27,29,43,43,111,108,111,109,78,57,59,55,39,54,,78,63,30,120,78,81,52,83,58,52,48,66,48,114,39,36,20,149,77,41,52,60,24,38,80,76,51,69,156,138,89,57,60,109,74,98,76,38,70,51,67,93,84,41,32,34,38,125
20230729,16,CO,,0.5,0.6,0.6,0.5,0.3,0.4,,0.4,0.4,0.5,0.4,,,0.6,,0.6,0.5,0.7,,0.6,,0.1,0.4,,0.4,0.5,,0.4,0.3,0.3,0.4,0.3,0.2,0.5,,0.3,0.6,,0.6,0.6,0.2,0.3,0.3,,0.2,,0.3,0.4,0.3,0.2,0.4,0.5,0.3,,0.3,0.4,,0.6,0.4,0.8,0.4,0.4,0.4,0.4,0.5,0.3,0.2,,0.3,0.2,0.1,,0.4,0.4,,0.4,0.2,0.3,0.4,0.8,,0.5,0.7,0.6,1,0.6,0.6,,0.4,0.6,,,0.5,0.5,0.5,0.3,,0.9,0.8,,0.8,0.8,0.8,0.9,0.7,,0.5,0.6,0.4,0.4,0.5,0.4,,0.1,0.6,0.5,0.4,0.5,0.5,0.4,0.4,0.4,0.3,,0.4,0.4,0.4,0.6,0.6,0.5,,0.5,0.6,0.6,0.5,0.6,0.6,0.4,0.5,,0.3,0.4,0.7,0.4,,0.4,0.4,0.3,0.5,0.3,0.4,0.1,0.5,0.4,0.6,0.2,0.3,0.4,0.4,,0.5,0.4,0.4,0.5,0.5,0.5,0.4,0.4,0.4,0.4,0.3,0.2,,,,0.4,0.3,,0.3,0.2,0.3,,,,0.2,,0.7,0.5,0.4,0.6,0.4,0.4,0.2,0.5,0.5,,,,0.4,0.4,,0.6,0.3,0.4,0.3,0.4,,0.5,0.7,0.5,0.6,0.7,0.3,0.4,0.3,,0.3,,0.5,0.5,,0.5,0.5,,0.4,0.5,0.7,,0.7,0.4,0.5,0.4,0.5,0.4,0.3,,,0.5,0.4,0.4,0.3,0.4,0.5,0.3,,0.4,,,0.5,,0.4,0.4,,0.5,0.4,0.3,0.4,0.4,0.3,,0.3,0.4,0.3,0.4,0.4,0.3,0.4,0.4,0.3,0.4,0.5,0.2,0.3,0.3,0.5,0.4,0.4,0.3,,,0.3,0.2,0.5,0.4,,0.2,0.2,0.5,0.3,0.6,,0.5,0.6,0.3,,0.4,0.4,0.1,0.4,,0.5,0.5,0.4,0.5,0.3,,,0.3,0.4,0.4,0.2,0.5,0.3,0.3,0.4,0.4,0.4,0.5,0.4,0.4,0.4,0.5,0.6,0.4,0.3,0.4,0.4,0.4,0.5,,0.5,0.5,0.3,0.5,0.4,0.3,0.5,0.3,0.5,0.5,0.6,0.4,0.8,0.7,,0.7,0.6,0.7,0.8,0.9,0.7,0.9,0.4,0.9,0.7,0.6,1,0.6,0.8,,0.6,0.6,0.9,0.7,0.6,0.4,0.4,0.6,0.5,0.7,0.4,0.7,,0.6,0.6,0.6,0.5,0.5,0.3,0.4,0.5,0.5,0.6,0.5,,,0.9,0.6,1,0.6,0.8,0.6,0.8,0.7,0.4,0.5,0.5,,0.7,0.6,0.7,0.8,0.5,0.8,0.7,0.8,,0.4,0.4,0.3,0.4,0.3,,0.9,0.8,0.4,0.5,0.5,0.6,0.7,,,0.7,0.3,0.7,0.6,0.9,,0.4,0.3,0.3,0.5,,,0.4,0.6,0.7,0.4,0.3,0.7,0.4,0.5,1,0.6,0.4,,0.5,0.6,0.6,0.4,0.6,0.6,0.2,0.2,0.2,0.2,0.1,0.2,0.6,0.6,0.4,0.4,0.6,0.7,0.7,0.3,,0.7,,0.6,0.6,,0.4,,0.3,0.5,,,,,0.6,,,,0.4,0.5,0.3,0.2,0.1,0.6,0.3,,0.3,,0.5,0.2,0.4,0.5,0.4,0.4,0.4,0.3,0.4,0.5,0.3,0.5,0.4,,,,,,,0.6,0.5,0.4,0.5,0.7,,0.5,0.3,0.4,0.5,0.5,0.6,0.5,0.5,0.3,0.3,0.2,0.1,0.4,,0.6,0.6,0.6,,,0.5,,0.1,0.7,0.1,0.3,0.5,,0.3,0.7,,,0.1,0.2,0.2,,,0.4,0.1,0.2,,0.2,0.3,0.4,0.4,0.2,0.6,0.1,0.2,0.4,,,,,0.3,,,0.5,,0.5,0.1,0.3,0.2,0.1,0.3,0.4,0.2,0.2,0.4,,,,,0.5,,0.5,0.6,0.6,0.6,0.5,0.7,0.7,0.5,,0.6,0.5,0.6,0.6,0.6,0.5,0.6,0.7,0.6,0.7,0.6,0.6,0.6,0.7,0.6,0.6,0.6,0.5,0.7,0.7,,0.5,0.5,0.5,,0.5,0.6,,0.8,0.8,0.8,1.1,0.9,,0.7,1,,,0.2,0.1,,0.5,,0.5,0.5,0.4,0.4,0.7,0.7,,0.6,0.7,,0.6,0.7,,0.6,,0.7,0.7,0.7,,0.6,0.6,,0.4,0.4,,0.5,0.9,0.8,0.6,0.9,0.6,0.8,0.2,0.5,0.3,0.6,0.4,0.4,0.2,0.7,1.8,0.6,0.6,0.3,0.4,0.5,0.4,0.3,0.5,0.4,0.6,0.4,0.5,0.6,0.6,0.5,0.2,0.2,,0.2,0.3,0.4,0.3,0.4,0.3,0.4,0.5,0.4,0.4,0.3,0.5,0.4,0.5,,0.6,0.6,0.5,,0.4,0.5,0.7,0.4,0.6,,0.8,0.6,0.9,,1.2,,1.4,1.3,0.9,1.2,0.6,0.3,0.2,,,,0.3,,0.6,,0.5,,0.6,,0.4,0.6,0.3,0.9,0.9,,1,,0.4,0.3,0.4,0.4,0.4,0.4,,0.4,0.7,0.5,0.6,0.4,0.6,,0.6,,,0.4,0.2,0.2,0.1,0.7,0.5,0.4,0.5,0.5,0.5,0.5,0.6,0.6,0.3,0.7,0.7,0.6,0.8,0.6,0.3,0.3,0.5,0.5,0.4,0.5,0.6,0.5,0.5,0.5,0.5,,2.4,0.6,3,1,0.3,0.5,0.4,0.5,,,,,0.5,0.5,,0.5,0.4,0.3,0.3,0.3,0.2,0.2,0.6,0.6,0.5,0.4,0.4,0.9,0.6,,0.7,1,,0.9,0.4,0.9,,0.6,0.4,,0.7,0.4,0.7,0.6,0.6,0.6,0.7,0.5,0.7,0.8,0.9,1,1,,0.3,0.6,0.3,0.5,0.5,0.4,0.3,0.2,0.1,,0.3,0.2,0.3,0.2,0.2,,,0.3,,,,,0.4,,,,,,,,,,,,,,,,0.3,,,,,,,,,,,,,,,,,,,,,,,,,,,,,,,,,,,,,,0.4,0.3,0.5,0.4,0.5,0.4,0.3,0.4,0.4,,,,2.3,1.9,1.8,1.6,,1.3,0.7,0.6,0.5,0.7,0.5,0.6,,0.5,0.5,1.3,,,1.4,0.8,,0.7,0.6,0.5,,0.5,,0.6,0.4,,,0.5,0.4,,,0.6,0.4,0.5,,,0.3,0.3,0.3,0.3,0.5,0.5,0.5,0.6,0.4,0.8,0.4,0.4,0.4,0.5,0.5,1,0.7,0.8,0.7,0.8,0.8,0.7,0.6,0.6,,0.5,0.2,0.5,,0.2,0.1,0.4,0.4,0.3,0.5,,0.2,0.4,0.5,0.5,0.1,,,,0.5,0.2,0.4,0.1,0.4,0.1,0.2,0.5,0.2,0.3,,0.4,0.5,0.5,0.5,0.5,,,0.7,0.5,0.4,0.4,0.4,0.4,,0.1,0.2,0.2,,0.3,0.2,0.3,,0.3,0.2,0.1,0.2,0.2,0.3,0.3,,0.5,0.5,0.3,0.4,0.3,0.6,0.4,0.5,,0.4,0.3,0.4,0.1,0.1,0.2,,0.5,,0.4,,,,0.2,0.2,0.2,0.4,0.5,0.5,,0.4,,0.3,0.2,0.4,0.8,0.8,0.6,0.7,,0.8,0.7,1.6,,,0.5,0.5,0.5,,0.5,0.4,0.3,,,0.6,0.5,0.2,0.4,0.4,0.2,0.4,0.4,0.3,0.3,0.4,1.1,0.5,0.6,0.5,,0.6,0.4,0.4,0.5,0.4,,1.1,0.6,0.7,0.8,0.6,0.7,0.5,0.7,0.7,,0.8,,0.7,0.4,1.1,1,0.8,1,0.6,0.4,0.8,,0.5,0.4,0.4,,0.6,0.6,0.5,0.6,,0.5,0.4,0.5,,0.5,0.1,0.3,0.4,0.4,,0.3,0.3,0.2,0.3,0.8,0.3,0.4,,0.2,0.3,0.3,0.4,0.4,,0.5,0.5,0.6,0.7,0.3,0.2,0.6,0.6,0.5,0.5,0.5,0.6,,0.5,0.5,0.3,,0.6,0.5,,0.8,0.4,,0.5,,0.6,0.6,,0.6,0.6,0.2,0.5,0.5,0.6,0.6,0.5,0.2,0.2,0.2,0.3,,0.4,0.5,0.6,0.6,0.6,0.8,0.6,0.5,0.5,0.3,0.5,0.6,0.4,0.6,0.4,0.4,0.5,0.4,0.5,0.4,0.5,0.5,0.8,0.7,0.3,0.5,0.3,0.5,1,0.9,1.3,0.7,0.8,1,0.6,0.8,0.8,1,0.8,0.8,0.8,0.6,0.6,0.6,0.5,0.7,0.8,0.7,0.6,0.4,0.6,0.6,,0.8,0.4,0.5,0.3,0.5,,0.2,0.5,0.3,,0.2,0.4,0.4,0.4,0.5,0.5,0.4,0.5,0.6,0.2,0.4,,,,0.4,0.4,,0.4,0.3,0.6,0.4,0.4,0.2,,0.5,0.4,0.6,,,,,0.3,0.4,0.4,0.4,0.3,,,0.4,,0.2,0.3,0.6,0.5,0.6,0.3,0.3,0.5,0.5,0.4,0.5,,,,,0.3,0.2,0.3,0.4,0.3,0.3,0.4,,0.3,0.5,0.5,0.2,0.2,0.7,0.6,0.6,0.5,0.4,0.5,0.5,0.7,0.6,,0.4,0.4,0.3,0.3,0.4,0.4,0.6,0.7,0.8,,0.4,0.3,,0.3,0.4,,0.2,0.2,0.4,,0.1,,0.1,,0.4,0.4,0.4,0.6,0.4,0.4,0.5,0.8,0.6,0.7,0.3,0.4,0.5,0.4,,0.5,0.1,,0.4,0.4,0.2,,0.3,0.4,0.4,0.4,0.4,0.7,,0.4,0.3,0.1,,,,0.1,0.3,0.2,,0.5,0.2,0.5,0.4,0.5,0.5,0.6,,0.5,,,0.3,0.5,0.5,0.4,0.5,0.5,0.2,0.3,0.5,,0.3,0.3,0.4,0.3,0.3,0.2,0.3,0.4,0.6,,,0.4,0.5,,0.4,,0.5,0.4,0.3,0.4,3.1,0.2,0.6,0.9,0.6,0.8,0.7,0.2,0.5,,0.6,0.5,0.4,0.4,0.3,0.4,0.5,,0.3,,0.1,0.4,0.5,,0.6,,0.1,0.1,0.1,0.6,0.9,0.3,0.4,0.3,,,0.2,0.3,0.4,0.4,,0.5,0.4,0.5,1.1,,0.4,0.5,,,0.4,0.5,0.3,0.4,0.4,0.2,0.8,0.5,0.3,0.4,0.4,0.5,0.5,0.6,0.8,,0.4,0.5,,0.7,0.6,0.3,0.2,0.4,0.4,0.1,,0.5,0.9,0.8,0.3,0.4,0.6,0.7,0.3,,0.7,0.2,0.3,0.4,0.2,0.5,0.8,0.1,,0.5,0.5,0.3,,0.5,0.2,0.6,0.4,0.4,0.3,0.5,0.4,0.5,0.1,0.4,0.3,0.2,0.6,0.4,0.4,0.6,0.4,0.5,0.2,0.4,0.2,0.5,0.4,0.4,0.4,,,0.6,0.3,0.3,0.7,0.4,0.1,0.4,0.2,0.5,0.2,0.5,,0.3,0.6,0.9,0.4,0.5,0.3,,0.7,0.7,0.6,0.4,0.4,0.3,0.3,0.4,0.5,0.4,0.4,0.6,0.4,0.5,0.5,0.5,0.4,0.5,0.6,0.4,0.5,0.4,0.2,0.3,0.4,0.4,0.6,0.2,0.2,0.6,0.6,0.5,0.7,0.7,0.4,0.6,0.6,0.6,0.7,0.9,0.4,0.5,0.7,0.9,0.6,0.5,0.5,0.8,0.7,0.1,,0.2,,0.1,0.4,0.2,0.4,0.4,0.6,0.4,0.5,0.5,0.3,0.5,0.3,0.2,1.1,1.3,0.3,0.2,,0.4,0.3,0.5,0.6,0.5,0.5,0.4,0.6,0.5,0.4,0.4,0.4,0.4,,0.6,0.4,0.4,0.3,0.4,0.2,0.4,0.2,0.1,,0.3,0.6,0.5,0.3,0.6,,0.9,,0.4,0.2,0.5,0.4,0.6,0.5,0.6,0.6,0.5,0.4,0.8,0.8,0.7,0.5,0.4,0.5,0.7,0.5,0.6,0.4,1,0.2,0.3,0.5,,0.5,0.6,0.7,0.3,0.5,0.4,0.7,0.5,0.3,0.6,0.4,0.4,0.5,0.4,0.2,0.2,0.3,0.2,0.6,0.3,0.4,0.5,0.8,0.7,0.5,0.5,0.5,0.5,0.7,0.6,0.6,0.6,0.5,0.5,0.3,0.1,0.4,0.3,0.4,0.4,0.6,0.3,0.3,0.3,0.4,0.7,0.5,0.4,0.4,0.6,0.2,0.3,0.4,0.3,0.4,0.2,0.2,0.4,0.6,0.4,0.6,0.6,0.4,0.4,0.5,0.5,0.7,0.4,0.5,0.1,0.3,0.5,0.8,0.3,0.3,0.3,0.3,0.2,0.1,0.4,0.2,,0.4,0.3,0.3,0.4,0.2,0.2,0.5,0.6,0.3,0.7,0.6,0.3,0.2,0.6,0.3,0.4,0.6,0.5,0.6,0.9,0.4,0.4,0.4,0.4,0.2,0.6,0.5,,0.4,0.5,0.3,0.3,0.4,0.7,0.6,0.4,0.7,0.4,0.4,0.4,,0.4,0.5,0.5,0.6,0.6,0.9,0.5,0.4,0.7,0.6,0.3,0.5,0.7,1.2,0.3,1.1,0.2,0.8,0.2,0.2,0.3,0.3,0.4,0.3,0.3,0.4,0.3,0.4,0.4,0.3,1.6,0.2,0.4,0.2,0.7,0.2,0.5,0.7,0.4,0.8,0.7,0.5,0.8,0.5,0.2,0.2,0.6,0.7,0.4,0.4,0.8,0.6,1.9,0.4,0.4,0.9,0.9,0.8,0.8,0.8,0.5,0.5,0.4,,0.6,0.3,0.8,1.1,0.4,0.4,0.4,0.4,0.2,0.3,,0.4,0.2,0.4,0.3,0.9,0.4,0.5,0.5,0.4,0.6,0.5,0.4,,0.3,0.3,0.4,0.2,1.1,1.1,0.3,1.1,0.4,0.4,0.4,0.6,0.4,0.4,0.6,0.2,0.5,,0.4,0.5,0.3,,1.1,0.6,0.3,0.5,0.5,0.5,,0.4,0.4,0.3,0.3,0.3,0.2,0.3,0.3,0.3,0.5,0.3,0.3,0.6,0.5,0.4,0.6,0.1,0.5,0.2
20230729,16,CO_24h,0.7,0.5,0.6,0.6,0.6,0.3,0.4,0.4,0.4,0.4,0.5,0.4,,,0.7,,0.6,0.6,0.8,,0.6,,0.2,0.5,,0.4,0.6,,0.5,0.4,0.4,0.5,0.4,0.4,0.7,,0.5,0.7,,0.8,0.7,0.5,0.2,0.2,,0.2,,0.3,0.4,0.4,0.2,0.3,0.5,0.4,,0.3,0.3,,0.4,0.2,0.6,0.5,0.5,0.5,0.5,0.4,0.4,0.6,,0.5,0.3,0.2,0.1,0.4,0.4,,0.5,0.4,0.5,0.5,0.8,,0.5,0.8,0.7,0.8,0.7,0.6,,0.5,0.7,,,0.5,0.5,0.5,0.4,0.4,0.7,0.6,,0.6,0.6,0.6,0.6,0.5,,0.5,0.5,0.1,0.3,0.5,0.4,,0.1,0.5,0.5,0.4,0.5,0.5,0.4,0.3,0.4,0.3,0.6,0.4,0.4,0.4,0.6,0.6,0.5,0.7,0.5,0.5,0.6,0.5,0.9,0.4,0.3,0.5,0.4,0.3,0.4,0.6,0.4,,0.4,0.4,0.3,0.4,0.2,0.4,0.1,0.5,0.4,0.5,0.2,0.3,0.4,0.3,,0.4,0.4,0.4,0.4,0.5,0.5,0.3,0.3,0.4,0.3,0.3,0.2,,,,0.4,0.3,,0.3,0.2,0.3,,,,0.3,,0.7,0.6,0.1,0.6,0.5,0.4,0.2,0.5,0.6,,,,0.4,0.4,,0.6,0.5,0.5,0.3,0.4,,0.5,0.6,0.5,0.6,0.7,0.3,0.3,0.3,,0.3,,0.5,0.4,,0.5,0.6,,0.4,0.5,0.5,,0.6,0.4,0.5,0.6,0.4,0.4,0.3,,,0.4,0.4,0.4,0.4,0.4,0.4,0.4,,0.4,,,0.4,,0.5,0.4,,0.5,0.4,0.3,0.3,0.4,0.3,,0.4,0.4,0.4,0.4,0.3,0.4,0.4,0.4,0.3,0.4,0.5,0.2,0.3,0.3,0.5,0.4,0.4,0.3,,,0.3,0.3,0.4,0.4,,0.2,1,0.5,0.3,0.6,,0.5,0.6,0.7,,0.4,0.4,0.2,0.6,,0.6,0.6,0.5,0.5,0.3,,,0.2,0.4,0.4,0.2,0.4,0.3,0.4,0.4,0.4,0.4,0.5,0.4,0.4,0.4,0.6,0.7,0.5,0.4,0.6,0.6,0.4,0.6,,0.5,0.5,0.3,0.5,0.4,0.3,0.4,0.3,0.5,0.4,0.6,0.5,0.7,0.7,,0.6,0.5,0.6,0.7,0.8,0.6,0.7,0.3,0.9,0.7,0.7,1,0.6,0.6,,0.6,0.6,0.9,0.6,0.5,0.5,0.4,0.5,0.5,0.7,0.4,0.7,,0.6,0.7,0.5,0.4,0.5,0.3,0.4,0.5,0.5,0.5,0.4,,,0.9,0.7,0.9,0.7,0.8,0.6,0.8,0.7,0.5,0.5,0.4,0.5,0.8,0.7,0.8,0.8,0.6,0.8,0.7,0.9,,0.4,0.5,0.4,0.4,0.3,,0.9,1.1,0.6,0.5,0.7,0.7,0.7,,,1,0.4,0.9,0.8,1,,0.4,0.4,0.4,0.6,,,0.5,0.6,0.8,0.6,0.3,0.7,0.3,0.6,0.7,0.5,0.5,,0.7,0.4,0.6,0.4,0.6,0.6,0.2,0.3,0.3,0.3,0.1,0.2,0.7,0.7,0.6,0.5,0.6,0.7,0.6,0.4,,0.8,,0.6,0.6,,0.5,,0.5,0.6,,,,,0.6,,,,0.5,0.5,0.4,0.4,0.2,0.5,0.3,,0.3,,0.4,0.2,0.3,0.4,0.5,0.5,0.5,0.3,0.4,0.4,0.3,0.5,0.4,0.6,,0.8,0.9,0.5,0.8,0.6,0.5,0.5,0.5,0.8,,0.5,0.4,0.4,0.5,0.6,0.7,0.5,0.5,0.4,0.3,0.2,0.1,0.4,0.1,0.6,0.6,0.6,,,0.5,,0.1,0.7,0.2,0.3,0.5,,0.3,0.7,,,0.2,0.3,0.3,0.1,,0.3,0.3,0.2,,0.2,0.3,0.4,0.3,0.2,0.6,0.1,0.1,0.3,0.1,,,,0.3,,,0.5,,0.5,0.3,0.2,0.4,0.2,0.3,0.4,0.2,0.2,0.4,,,,,0.6,,0.6,0.6,0.7,0.6,0.5,0.7,0.7,0.6,,0.7,0.6,0.7,0.7,0.7,0.6,0.7,0.7,0.6,1,0.6,0.6,0.6,0.7,0.6,0.6,0.6,0.6,0.7,0.8,,0.6,0.4,0.4,,0.5,0.6,,0.6,0.7,0.7,0.6,0.8,,0.6,1,,,0.2,0.2,,0.6,,0.6,0.6,0.7,0.7,0.7,0.8,,0.7,0.8,,1.2,1,,0.9,,1,0.8,0.9,,0.8,0.9,0.4,0.3,0.3,,0.6,0.9,0.8,0.7,1,0.5,0.6,0.6,0.6,0.4,0.6,0.4,0.6,0.3,1,2.1,0.7,0.6,0.6,0.4,0.5,0.4,0.6,0.5,0.5,0.7,0.5,0.6,0.6,0.6,0.5,0.3,0.3,,0.3,0.4,0.4,0.3,0.4,0.3,0.4,0.5,0.4,0.4,0.4,0.4,0.4,0.5,,0.6,0.5,0.4,,0.4,0.5,0.7,0.4,0.6,,0.8,0.6,0.6,,1,,0.8,0.7,0.6,0.5,0.6,0.3,0.2,,,,0.3,,0.6,,0.5,,0.7,,0.4,0.6,0.3,0.7,0.7,,0.7,,0.5,0.3,0.5,0.4,0.5,0.4,,0.5,0.6,0.5,0.5,0.4,0.5,,0.6,,,0.4,0.2,0.3,0.2,0.7,0.5,0.6,0.6,0.6,0.5,0.5,0.6,0.6,0.3,0.8,0.8,0.9,1,0.6,0.4,0.3,0.5,0.6,0.5,0.5,0.6,0.5,0.6,0.6,0.6,,1.3,0.7,1.3,2.2,0.5,0.6,0.6,0.6,,,,,0.4,0.5,,0.5,0.4,0.4,0.3,0.3,0.3,0.2,0.6,0.7,0.5,0.3,0.5,0.7,0.5,,0.7,1,,0.9,0.4,0.8,,0.6,0.5,,0.7,0.3,0.6,0.5,0.4,0.5,0.5,0.4,0.5,0.7,0.8,0.9,0.8,,0.5,0.7,0.4,0.5,0.5,0.4,0.3,0.2,0.1,,0.3,0.3,0.3,0.2,0.2,,,0.5,,,,,0.4,,,,,,,,,,,,,,,,0.3,,,,,,,,,,,,,,,,,,,,,,,,,,,,,,,,,,,,,,0.4,0.4,0.5,0.5,0.5,0.4,0.4,0.4,0.4,,,,1.4,1.3,1.1,1.1,,1.1,0.7,0.6,0.6,0.7,0.5,0.7,,0.6,0.6,1.2,,,1.4,1.3,,0.7,0.6,0.5,,0.5,,0.7,0.5,,,0.5,0.5,,,0.5,0.4,0.6,,,0.3,0.3,0.3,0.3,0.5,0.5,0.5,0.7,0.6,0.6,0.5,0.5,0.3,0.3,0.3,0.6,0.6,0.7,0.6,0.7,0.8,0.8,0.7,0.7,,0.4,0.3,0.6,,0.3,0.1,0.5,0.5,0.4,0.3,,0.2,0.5,0.5,0.6,0.1,,,,0.4,0.2,0.4,0.1,0.4,,0.3,0.4,0.6,0.8,0.4,0.4,0.5,0.5,0.5,0.4,,,0.8,0.5,0.4,0.4,0.4,0.4,,0.2,0.2,0.2,,0.3,0.2,0.3,,0.3,0.2,0.2,0.3,0.2,0.2,0.3,,0.2,0.2,0.3,0.4,0.2,0.4,0.5,0.6,,0.4,0.3,0.4,0.2,0.2,0.3,,0.5,,0.5,,,,0.1,0.2,0.2,0.4,0.6,0.5,,0.4,,0.2,0.3,0.3,0.7,0.7,0.5,0.6,,0.9,0.7,0.9,,,0.5,0.5,0.5,,0.5,0.4,0.3,,,0.7,0.5,0.2,0.4,0.3,0.2,0.4,0.5,0.4,0.4,0.5,0.9,0.5,0.5,1,,0.3,0.4,0.4,0.3,0.4,,1.2,0.6,0.9,0.9,0.6,0.6,0.6,0.7,0.6,,0.7,0.7,0.6,0.8,1.1,1,0.9,1,0.6,0.4,0.7,,0.7,0.4,0.4,,0.6,0.6,0.6,0.5,,0.4,0.3,0.4,,0.5,0.2,0.3,0.5,0.5,,0.3,0.3,0.2,0.3,0.8,0.3,0.4,,0.3,0.2,0.3,0.4,0.5,,0.6,0.5,0.6,0.8,0.4,0.3,0.6,0.5,0.6,0.5,0.6,0.6,,0.5,0.5,0.3,,0.6,0.6,,0.7,0.4,0.5,0.5,,0.5,0.6,0.6,0.7,0.6,0.2,0.6,0.6,0.7,0.9,0.6,0.3,0.3,0.4,0.3,0.1,0.4,0.5,0.5,0.7,0.7,0.8,0.5,0.5,0.4,0.4,0.5,0.7,0.5,0.6,0.6,0.7,0.6,0.9,0.6,0.5,0.5,0.6,0.8,1,0.3,0.6,0.6,0.6,0.9,0.7,1.2,0.6,0.6,0.5,0.6,0.7,0.7,0.7,0.8,0.8,0.7,0.6,0.6,0.7,0.6,0.7,0.8,0.6,0.6,0.5,0.8,0.7,,0.6,0.5,0.5,0.3,0.6,,0.3,0.5,0.3,0.2,0.2,0.4,0.4,0.4,0.5,0.6,0.5,0.7,0.8,0.3,0.5,,,,0.4,0.4,,0.4,0.2,0.4,0.4,0.4,0.5,,0.5,0.4,0.6,,,,,0.4,0.4,0.4,0.4,0.4,,,0.5,,0.3,0.3,0.8,0.7,0.8,0.6,0.3,0.5,0.8,0.5,0.6,,,,,0.4,0.3,0.3,0.4,0.3,0.4,0.6,,0.4,0.5,0.5,0.3,0.3,0.7,0.6,0.6,0.7,0.5,0.4,0.5,0.7,0.7,,0.5,0.5,0.4,0.5,0.5,0.4,0.6,0.6,0.8,,0.4,0.3,,0.4,0.5,,0.3,0.3,0.5,,0.3,,0.1,,0.5,0.4,0.5,0.6,0.6,0.5,0.6,0.8,0.7,0.7,0.3,0.5,0.6,0.4,,0.9,0.3,,0.4,0.5,0.4,,0.4,0.5,0.3,0.5,0.4,0.4,,0.4,0.3,0.1,,,,0.2,0.4,0.3,,0.4,0.5,0.5,0.4,0.5,0.4,0.5,,0.5,,,0.3,0.3,0.4,0.3,0.4,0.5,0.3,0.6,0.5,,0.3,0.3,0.4,0.3,0.3,0.3,0.3,0.4,0.7,,,0.5,0.5,,0.4,,0.6,0.4,0.3,0.4,1.3,0.1,0.6,0.8,0.5,0.5,0.6,0.3,0.6,,0.6,0.6,0.4,0.5,0.4,0.4,0.5,,0.4,,0.1,0.3,0.6,0.4,0.9,0.9,0.9,0.3,0.1,0.7,0.7,0.4,0.4,0.3,,,0.5,0.4,0.4,0.4,,0.5,0.5,0.5,0.7,,0.3,0.4,,,0.3,0.5,0.3,0.3,0.4,0.2,0.8,0.5,0.3,0.5,0.5,0.6,0.6,0.6,1,,0.5,0.5,,0.6,0.7,0.3,0.3,0.3,0.6,0.3,,0.6,0.7,0.8,0.3,0.3,0.8,0.7,0.9,,0.7,0.3,0.3,0.5,0.2,0.5,0.8,0.2,0.6,0.5,0.5,0.4,,0.3,0.1,0.8,0.4,0.4,0.5,0.5,0.5,0.5,0.1,0.4,0.4,0.5,0.6,0.6,0.4,0.6,0.5,0.6,0.3,0.5,0.2,0.5,0.4,0.5,0.5,,,0.5,0.3,0.4,0.6,0.3,0.1,0.5,0.3,0.3,0.3,0.5,0.4,0.4,0.6,0.9,0.4,0.6,0.3,,1,0.5,0.5,0.5,0.5,0.3,0.4,0.4,0.5,0.4,0.4,0.6,0.4,0.5,0.5,0.5,0.4,0.7,0.6,0.5,0.6,0.4,0.4,0.3,0.4,0.4,0.6,0.2,0.3,0.4,0.6,0.7,0.7,0.7,0.3,0.4,0.7,0.6,0.7,0.9,0.5,0.5,0.6,0.9,0.6,0.6,0.5,0.8,0.6,0.1,0.2,0.4,,0.3,0.4,0.3,0.4,0.5,0.6,0.4,0.5,0.5,0.4,0.5,0.1,0.2,0.8,0.6,0.6,0.3,0.6,0.5,0.3,0.6,0.7,0.7,0.6,0.5,0.7,0.6,0.4,0.5,0.5,0.5,,0.6,0.4,0.8,0.3,0.5,0.2,0.1,0.2,0.2,,0.3,0.6,0.5,0.4,0.7,0.9,0.8,,0.4,0.2,0.5,0.5,0.6,0.5,0.6,0.7,0.5,0.5,0.7,0.8,0.7,0.5,0.3,0.5,0.7,0.5,0.6,0.4,1,0.3,0.6,0.4,0.6,0.6,0.6,0.7,0.3,0.5,0.4,0.7,0.5,0.4,0.6,0.4,0.3,0.5,0.4,0.2,0.2,0.3,0.3,0.6,0.3,0.5,0.3,0.6,0.6,0.5,0.5,0.5,0.5,0.7,0.5,0.7,0.8,0.5,0.4,0.4,0.3,0.4,0.3,0.8,0.9,0.2,0.3,0.3,0.3,0.4,0.5,0.6,0.4,0.4,0.7,0.3,0.3,0.5,0.4,0.4,0.3,1,0.4,0.6,0.4,0.7,0.8,0.4,0.4,0.5,0.5,0.8,0.5,0.5,0.2,0.4,0.5,0.7,0.3,0.4,0.4,0.3,0.1,0.1,0.4,0.2,,0.4,0.5,0.3,0.4,0.3,0.3,0.4,0.5,0.4,0.7,0.5,0.3,0.2,0.6,0.3,0.4,0.7,0.6,0.6,0.6,0.4,0.4,0.4,0.4,0.4,0.6,0.5,,0.4,0.5,0.3,0.4,0.4,0.7,0.6,0.5,0.8,0.4,0.5,0.4,0.4,0.4,0.5,0.6,0.7,0.6,1,0.7,0.5,0.7,0.7,0.5,0.6,0.6,1.2,0.8,0.9,0.2,0.9,0.2,0.3,0.3,0.4,0.3,0.4,0.4,0.5,0.4,0.4,0.5,0.8,0.8,0.2,0.2,0.3,0.4,0.4,0.7,0.8,0.4,0.8,0.7,0.5,0.8,0.6,0.1,0.2,0.6,0.7,0.4,0.6,0.6,0.9,1.4,0.4,0.4,0.9,0.9,0.8,0.8,0.8,0.5,0.7,0.6,,0.6,0.2,0.6,0.6,0.5,0.5,0.5,0.5,0.2,0.4,0.1,0.4,0.3,0.4,0.3,0.8,0.4,0.5,0.7,0.4,0.6,0.5,0.4,,0.7,0.3,0.5,0.2,1.4,1.3,0.3,1.4,0.4,0.4,0.7,0.5,0.6,0.7,0.6,0.3,0.7,1.1,0.5,0.5,0.3,0.3,0.9,0.8,0.4,0.5,0.6,0.4,0.6,0.5,0.4,0.3,0.3,0.3,0.2,0.5,0.3,0.3,0.6,0.3,0.3,0.6,0.5,0.4,0.5,0.1,0.6,0.4
20230729,17,AQI,,21,13,11,12,25,29,14,18,29,19,18,,,12,,12,16,14,,12,,9,14,,14,19,,23,28,29,16,19,19,20,,16,20,,13,14,18,15,17,,22,,18,16,15,33,24,32,40,,52,,,43,49,45,32,30,33,22,26,27,22,,20,23,16,19,19,20,,15,16,15,15,35,,27,36,45,33,35,33,,45,47,,,47,46,46,43,38,28,25,,39,18,22,31,22,,21,12,19,18,19,17,15,10,13,18,10,40,32,33,30,34,26,,48,27,31,39,41,35,,51,41,53,,53,39,51,53,16,22,16,12,,,16,16,17,19,24,26,29,25,,26,,25,27,22,,14,15,14,15,12,12,13,13,11,9,11,27,,,,36,28,,46,29,29,,,,26,,24,25,14,18,22,15,19,15,19,,,,22,21,,26,25,26,22,21,,21,20,27,24,24,20,24,17,,23,,25,25,,29,23,,18,23,22,,24,18,28,20,,10,10,,,12,8,10,21,24,28,59,,20,,,20,,14,12,,23,,20,19,15,21,,27,26,22,26,25,22,34,19,15,14,18,18,16,18,19,17,16,17,,,19,19,18,18,,12,,12,15,15,,15,15,19,,18,15,17,17,,22,12,,18,22,,,27,29,27,27,22,24,13,,14,14,13,12,,16,16,28,20,27,24,30,18,20,,22,17,32,31,35,30,38,31,29,50,37,29,53,48,,44,57,29,92,60,75,,88,33,20,75,48,,25,,24,25,26,26,29,25,31,26,45,47,48,41,,41,84,90,35,,35,40,38,39,47,42,,,46,42,36,31,34,35,34,34,53,53,57,52,45,43,43,56,40,58,35,40,,27,28,32,26,33,,40,40,32,50,113,55,39,,,44,43,47,40,39,,46,62,44,49,,,74,38,34,37,44,37,29,30,39,41,35,,30,62,30,30,32,32,40,40,38,40,36,38,35,18,,29,32,35,37,26,,41,,22,26,,84,,101,90,,,,,42,,,,43,47,29,26,102,29,27,,33,37,42,36,37,38,37,34,37,37,38,36,31,35,24,,,57,,,50,51,59,64,57,58,,12,10,13,7,6,7,9,13,12,14,12,11,11,9,17,15,19,,,14,,16,15,16,14,19,,19,20,,,17,17,18,19,,19,18,18,,21,24,22,20,21,17,,25,25,31,,,,17,,,24,,18,14,16,17,24,24,29,18,18,29,,17,,,57,,27,30,43,26,21,22,24,22,,50,42,29,30,48,38,55,39,35,39,16,20,18,25,22,,31,28,30,26,,28,57,64,,24,24,,39,48,33,36,34,,46,26,,,19,19,,34,,36,38,36,34,17,17,,17,16,,69,40,,58,,16,26,18,,18,28,41,40,45,,18,20,35,23,13,17,31,20,20,26,24,17,27,13,22,21,18,12,26,15,14,18,20,,,19,19,20,19,16,20,20,22,,20,17,16,15,15,34,36,30,32,51,27,22,24,23,,27,27,27,,27,20,22,24,15,,16,17,21,,17,,18,17,20,20,36,14,19,,,,15,,,,13,,,,16,16,20,30,60,,35,,,34,,26,25,24,,,20,21,20,20,24,,35,,,32,24,,24,19,90,33,32,30,25,31,27,25,53,50,49,58,46,73,21,23,38,36,40,36,40,31,35,33,32,,49,31,46,37,26,31,32,30,,,,,50,50,,64,26,30,33,30,27,33,26,28,32,31,24,39,36,,40,,,29,32,43,,46,45,,42,26,,36,32,30,40,,65,58,59,,62,,45,46,51,43,46,40,41,40,39,,41,37,39,37,55,,,32,,,,,29,,,,,,,,,,,,,,,,22,,,,,,,,,,,,,,,,,,,,,,,,,,,,,,,,,,,,,,39,16,17,11,21,18,,17,,,,,24,,21,20,,20,42,53,43,43,48,29,,29,29,60,,,47,26,,52,57,29,,32,,42,43,,,38,29,,,65,64,50,,,24,25,43,45,45,44,44,24,29,23,29,21,20,40,17,51,35,28,41,29,18,,22,42,,29,39,23,,10,9,26,20,,31,37,35,10,61,26,34,,,30,19,22,30,20,39,31,24,31,35,26,,24,26,28,29,32,,,33,17,32,22,30,27,,19,,21,,22,22,22,,18,20,20,19,40,19,22,,15,23,12,35,,14,16,17,,20,18,18,18,27,30,,18,,18,,,,14,15,15,13,16,16,,13,,18,24,17,28,21,21,,,31,26,21,,,19,16,,,18,22,22,,,16,17,14,13,26,32,27,31,34,30,33,15,26,28,24,,14,20,29,33,23,,26,44,30,34,32,26,25,26,22,,19,,31,16,19,17,14,18,22,18,16,,18,,,,13,15,15,17,,19,18,,,20,18,20,18,18,,21,23,22,23,18,15,15,,22,19,20,18,18,,15,15,20,20,20,21,31,31,28,28,21,15,,29,84,30,,19,19,,21,16,,18,,21,20,,51,17,33,37,,37,36,,27,30,,55,31,30,32,30,34,33,29,36,35,35,31,38,40,36,39,38,26,26,30,27,26,20,33,35,27,,19,29,31,64,59,70,62,53,43,52,42,41,37,45,42,49,46,38,33,33,46,47,40,31,32,36,38,,54,38,36,31,27,,30,32,,,33,41,39,37,38,31,35,36,34,13,,,,,35,34,,33,28,25,26,25,25,,44,43,40,,,,,34,41,43,38,44,30,,37,,27,36,33,32,30,33,27,25,22,23,25,,,,,42,43,21,22,29,32,20,,22,20,21,27,30,23,20,24,,25,32,25,25,24,,25,37,27,29,58,28,26,24,26,,25,,,21,27,,34,32,33,,34,,28,,16,15,29,34,35,32,45,41,43,43,30,33,29,17,,46,50,,31,28,48,,47,48,26,27,62,64,,26,26,48,45,,,50,62,47,,49,,40,87,29,44,36,,39,,,35,30,31,30,146,97,61,67,25,,36,41,40,76,78,92,142,140,121,,,,37,,34,,33,40,40,43,38,12,16,73,17,10,14,20,30,,25,20,28,26,10,15,20,,18,,17,19,75,,28,,54,37,21,20,26,32,18,29,,,21,15,23,15,,42,44,49,16,,27,23,,,27,21,20,22,26,26,26,29,17,21,28,45,36,45,45,,13,18,,60,26,33,35,37,47,26,26,29,,20,15,22,12,15,45,19,36,24,29,22,28,20,25,29,,27,27,31,,44,21,89,,44,40,32,33,34,23,17,40,21,24,23,28,40,18,,18,18,22,30,20,28,30,,,107,24,20,17,26,27,24,31,16,49,19,,,52,15,14,19,13,,24,101,98,92,75,35,49,16,20,14,17,15,16,16,,17,28,35,58,43,47,46,26,29,14,15,12,16,27,22,45,95,60,68,40,35,26,21,26,26,24,38,43,34,17,29,105,43,48,36,15,15,,15,25,23,22,29,17,13,12,14,13,,,18,16,17,26,28,,23,25,29,33,29,26,30,47,44,26,40,35,57,,44,32,37,27,19,25,22,17,22,,17,20,18,20,30,,34,,8,47,32,30,25,36,27,29,47,30,43,52,55,13,28,15,14,14,24,,13,19,13,22,,50,27,27,29,14,26,24,16,22,25,13,17,25,20,18,36,34,33,32,,38,95,25,30,43,27,30,35,44,39,27,26,39,79,36,24,19,18,12,17,15,22,17,25,22,16,22,14,13,17,18,16,15,,19,17,20,32,24,21,26,36,30,48,49,68,29,38,37,18,12,17,17,24,21,14,17,17,13,24,,,20,17,24,22,41,37,29,37,34,41,20,12,15,15,18,30,42,34,48,47,34,22,22,26,23,24,23,,18,22,31,27,52,21,37,33,32,19,24,18,,17,20,38,40,40,21,15,17,65,24,25,29,12,11,16,15,19,15,37,25,34,39,29,25,26,25,25,19,13,15,16,22,16,15,55,31,28,27,27,59,43,40,52,34,38,31,87,63,28,,36,17,39,47,42,30,26,47,38,46,30,93,69,,29,31,20,19,24,31,54,25,19,15,18,18,17,37,36,43,30,36,13,20,32,18,26,,25,,29,94,49,49,26,45,15,16,14,17,15,37,31,28,15,65,23,18,17,13,20,19,26,18,18,19,50,47,44,,20,37,30,33,28,,32,22,30,33,35,27,15,19,11,48
20230729,17,PM2.5,20,13,9,,,17,15,7,12,19,13,12,,,4,,2,6,4,,3,,1,1,,2,6,,16,15,20,3,13,12,7,,11,6,,9,2,5,6,10,,9,,12,7,5,23,10,22,14,,36,24,,30,18,28,22,16,14,14,18,11,15,,13,16,5,13,3,3,,,6,8,6,24,,16,22,27,22,24,17,,11,11,,,11,11,12,10,26,13,10,,11,4,11,17,10,,9,7,13,12,10,8,10,6,9,12,6,13,14,11,9,10,9,,14,13,10,16,14,9,,13,18,20,,18,17,22,17,10,10,9,8,,,5,8,3,13,2,5,2,2,5,3,,12,7,15,,7,7,6,7,8,7,2,7,2,4,,5,,,,11,14,,11,18,7,,,,8,,5,5,7,5,5,7,7,2,10,,,,7,6,,6,11,10,7,7,,8,9,8,5,7,8,9,9,,9,,1,11,,11,10,,11,15,14,,12,6,13,10,7,6,4,,,2,4,4,14,10,11,13,,9,,,12,,4,6,,13,9,12,6,6,6,,7,10,7,10,9,5,12,4,5,9,5,2,7,7,2,2,5,10,2,,,2,3,3,9,4,6,7,7,2,,6,5,13,,12,10,2,10,,9,7,10,12,14,,,7,7,10,7,12,10,7,,3,3,4,3,5,11,3,2,,7,8,12,11,2,,2,3,7,15,24,11,11,3,14,35,10,8,4,25,,22,32,20,23,27,35,30,29,22,10,55,14,13,16,,6,12,13,16,15,13,12,10,19,22,19,17,,18,36,30,17,11,24,19,14,16,26,21,,,18,18,19,13,13,15,14,11,37,37,40,31,26,22,23,28,22,25,20,22,,17,16,11,16,7,,22,19,12,21,19,17,6,,,10,23,16,7,21,,5,16,28,10,,,20,15,17,21,18,9,7,12,22,17,12,,9,38,17,13,22,13,8,5,6,6,6,6,16,8,,11,16,13,24,9,,23,,9,16,,20,,19,17,,,,,22,,,,13,18,4,12,76,12,5,,5,14,16,17,20,20,23,13,14,20,18,23,12,10,7,,,6,,,14,14,24,9,14,17,,5,3,4,3,3,4,6,5,6,3,8,5,2,2,5,8,10,,,7,,10,10,7,7,7,,9,6,,,6,9,9,12,,7,12,12,,12,2,2,7,12,9,15,17,17,9,,,,11,,,9,,5,2,8,7,2,7,11,12,12,20,,9,,,19,,8,20,25,10,8,6,10,11,,17,15,19,15,21,19,34,24,19,27,8,7,9,17,8,,12,16,16,17,,8,28,37,,14,12,,12,18,9,11,16,,19,10,,,3,9,,13,,18,17,11,22,,,,2,2,,48,22,,41,,7,10,8,,5,6,8,18,3,,10,9,12,8,6,8,6,5,7,5,5,4,1,4,10,11,5,5,6,8,6,5,2,,5,8,8,6,6,5,13,2,2,,4,6,6,8,7,7,16,12,16,13,5,7,8,7,,8,8,10,,11,13,8,2,5,,5,4,5,,9,,8,6,10,14,8,8,9,,,,4,,,,1,,,,,6,2,20,25,,24,,5,12,2,,2,5,,15,14,6,8,13,6,,11,,,8,7,8,8,8,19,14,18,12,8,2,7,17,37,35,29,35,29,53,6,5,8,12,24,10,11,13,12,14,12,,24,9,32,14,5,8,6,2,,,,,12,11,,10,10,14,9,6,14,3,12,12,12,14,13,15,13,,20,,,15,19,28,,18,15,,15,5,6,25,9,11,28,8,47,41,42,,39,,4,11,22,7,7,7,6,3,10,,8,4,7,10,6,,,12,,,,,9,,,,,,,,,,,,,,,,12,,,,,,,,,,,,,,,,,,,,,,,,,,,,,,,,,,,,,,27,5,5,7,5,5,,2,,,,7,12,12,7,2,,14,27,32,18,21,18,9,,12,6,25,,,22,13,,36,40,9,,8,,8,10,,,20,10,,,7,17,17,,,14,16,8,7,17,10,9,,,3,17,14,4,9,5,12,12,12,18,12,,10,,11,,12,27,4,,,6,8,5,18,14,1,3,6,9,1,12,,,13,10,15,17,10,15,20,11,7,24,18,,13,15,16,18,18,,,11,8,22,5,15,15,,7,5,4,,10,8,5,,8,8,1,8,28,7,7,,4,12,6,1,10,5,3,4,,4,11,8,7,5,7,,5,,8,,,,,5,5,5,8,1,,3,,5,5,7,9,7,7,3,23,13,10,8,2,1,5,8,6,13,4,3,3,7,,10,8,6,2,12,9,13,19,4,13,12,7,15,15,13,,6,11,9,5,11,,18,9,15,19,13,17,16,18,14,,10,14,14,8,10,9,4,6,9,4,2,,3,,,,,,6,11,,5,8,2,,4,2,11,,4,,7,4,7,3,2,4,,,5,5,9,,3,,2,,3,6,9,3,7,3,11,4,,,,5,62,12,,7,5,,8,2,,2,,11,9,,18,2,15,25,,14,12,,15,5,,6,7,6,10,13,4,9,11,23,16,13,16,14,26,20,13,25,7,9,10,7,8,5,4,15,8,,8,2,5,38,34,43,38,15,24,27,17,24,13,28,22,29,24,19,18,18,20,18,18,12,22,18,16,,38,22,25,6,6,,2,10,,,4,17,17,7,11,8,7,6,6,9,,,,,17,14,,18,5,5,5,2,5,,12,14,14,,,,,7,7,6,5,5,5,,7,,2,14,10,8,9,8,15,4,6,2,9,,,,,5,8,7,7,6,7,12,,9,7,,6,12,7,6,7,27,14,22,17,9,8,,11,25,15,14,12,11,5,2,18,,17,8,,7,2,,5,3,3,,9,,,,3,2,4,8,11,11,8,11,9,11,11,11,8,6,,8,2,,5,9,10,,10,18,7,5,23,22,,7,7,8,6,,,10,4,20,,15,,11,64,2,5,6,,5,,,3,2,1,1,16,18,28,26,2,,12,12,14,39,45,44,51,61,40,,,,9,,13,,3,8,18,14,17,8,,26,2,7,2,14,2,,11,7,11,7,5,5,9,,5,,5,13,2,,8,,24,5,6,7,14,15,12,7,,,6,3,12,4,,16,13,15,1,,9,2,,,12,4,5,12,8,5,15,5,9,3,7,15,10,16,25,,1,12,,31,10,13,12,5,14,18,9,20,,4,5,7,3,,6,11,25,7,11,7,4,13,9,4,,6,9,6,,27,4,25,3,9,12,9,10,9,5,3,12,,13,6,8,16,12,,3,4,4,15,5,6,8,,,17,2,9,9,9,2,,10,9,7,13,11,13,36,10,3,6,,,10,12,9,19,6,4,19,7,5,9,7,9,8,4,7,7,16,17,15,4,14,23,13,3,7,7,2,10,8,10,25,37,33,49,17,17,15,14,18,16,9,6,25,17,11,8,63,20,27,16,7,2,,4,10,5,8,8,5,2,4,5,,3,4,4,11,9,7,9,,7,12,16,3,17,14,12,15,16,7,28,8,19,,14,11,8,10,5,17,7,7,5,,7,14,11,,8,,11,,5,4,11,9,17,11,8,19,26,12,19,26,27,7,19,9,7,6,3,,4,10,6,9,,10,5,5,11,6,11,4,6,6,10,4,1,11,6,12,5,11,5,11,8,5,12,15,21,19,16,10,15,22,14,9,10,12,58,25,2,9,6,8,6,2,4,7,9,4,5,5,8,5,4,4,2,3,,3,10,5,12,6,9,9,25,21,16,17,24,,10,4,12,5,7,5,5,5,2,4,5,9,9,2,,14,11,16,7,4,13,5,6,7,22,8,6,8,5,4,12,18,6,33,31,14,8,5,15,6,11,16,,5,5,10,3,36,4,21,,15,12,9,10,,8,11,16,16,13,6,10,2,23,2,3,17,6,5,5,10,13,7,22,8,2,18,14,17,4,12,8,6,1,5,6,,8,1,39,9,4,5,7,29,28,14,36,7,9,2,37,15,6,5,25,,9,16,16,13,9,17,22,20,6,5,13,,11,3,3,6,6,18,10,9,7,5,12,2,,2,2,29,20,18,,9,14,9,9,,2,,14,26,16,34,18,9,2,11,4,6,3,17,18,5,10,8,4,4,5,3,14,13,18,12,10,13,10,10,8,,14,15,16,23,10,3,16,8,3,,12,14,10,12,3,9
20230729,17,PM2.5_24h,24,16,21,19,22,22,15,18,14,27,18,19,,,11,,12,13,14,,12,,4,6,,4,11,,24,30,28,18,19,22,10,,14,19,,25,12,6,10,16,,12,,12,12,9,16,14,14,15,,25,10,,18,20,18,21,16,16,18,15,22,23,,26,9,6,11,17,16,,17,19,19,20,30,,20,28,33,29,29,26,,13,12,,,12,15,13,14,20,13,11,,10,9,13,14,14,,14,3,5,4,4,4,3,3,5,5,3,12,12,12,11,11,10,11,11,12,12,15,10,10,14,13,11,16,,13,9,18,11,7,9,6,5,6,,5,8,5,8,3,4,2,2,5,3,7,7,6,19,,7,8,7,9,7,8,1,5,2,2,,3,,,,9,10,,8,10,10,,,,11,,6,6,7,5,6,9,6,3,8,,,,7,7,,7,9,10,7,7,,8,6,6,2,5,6,7,11,,9,,9,9,,7,7,,7,8,9,,10,7,7,6,8,6,6,,,5,5,4,11,8,10,12,,7,,,9,,4,7,,12,9,10,5,6,6,,6,7,7,8,7,6,6,4,7,10,11,5,9,12,5,7,5,9,2,,,1,1,1,10,9,7,9,7,5,,8,9,12,,9,9,3,6,,6,5,10,12,10,,,6,4,5,6,7,6,12,,7,6,8,7,8,21,7,6,4,9,5,12,12,6,,6,6,6,9,10,11,6,6,9,25,8,8,3,23,,21,21,21,14,17,20,19,17,13,15,21,20,12,14,,11,15,12,14,22,17,18,11,15,17,16,17,,13,21,28,20,18,21,16,15,14,19,12,,,19,18,17,19,11,12,17,15,18,18,21,17,31,29,30,30,29,25,31,37,,16,20,16,15,13,,22,26,17,16,21,11,15,,,23,21,20,16,15,,10,12,14,11,,,16,11,7,18,7,10,8,12,17,14,7,,13,49,15,13,18,15,8,7,6,6,8,7,17,13,44,10,18,14,18,7,,20,,9,13,,17,,22,20,,,,,11,,,,18,17,21,31,98,27,17,,30,10,8,11,10,6,9,8,7,10,11,18,8,9,6,14,,25,24,16,18,14,17,12,16,17,,8,8,7,16,12,13,14,6,6,4,9,9,10,9,8,10,7,,,8,,8,6,6,5,13,,13,7,,,11,7,9,6,,4,7,7,,8,5,3,5,9,4,6,6,4,3,,,,6,,,9,,8,6,8,7,5,7,4,4,5,7,,8,,,14,,14,21,19,12,11,12,15,13,,24,26,26,23,30,22,31,30,17,27,8,10,12,13,10,15,11,10,14,18,,15,18,18,,14,14,,13,13,10,14,12,,16,11,,,8,13,,24,,21,18,16,20,10,12,,13,13,,51,32,,45,,22,24,21,,28,24,9,10,9,,8,9,10,11,12,8,7,14,12,8,9,8,11,7,10,15,8,5,18,14,10,10,10,10,10,11,10,9,11,9,13,5,8,,10,10,13,12,6,6,19,10,20,13,8,8,8,8,,9,8,9,,8,8,8,5,5,,6,8,5,,13,,13,8,10,14,9,6,5,,,,8,,6,,7,,10,,9,6,6,18,19,,19,,8,11,6,5,11,10,,15,11,6,7,13,8,,13,,,6,12,10,13,11,16,19,17,13,13,5,11,19,34,29,31,27,29,25,8,8,9,10,14,11,13,14,17,17,15,,13,8,13,16,6,6,6,2,,,,,10,11,,11,12,13,10,11,15,16,8,14,10,12,9,11,12,,18,20,,12,14,17,,14,18,,17,4,3,4,5,5,10,3,8,31,32,29,46,,17,21,42,9,14,11,12,4,10,,18,9,16,16,15,,,8,,,,,6,,,,,,,,,,,,,,,,3,,,,,,,,,,,,,,,,,,,,,,,,,,,,,,,,,,,,,,8,1,3,8,10,7,1,4,1,,,10,12,10,11,8,,18,25,28,18,24,25,20,,28,24,37,,,38,39,,28,29,19,,19,,14,16,,,22,16,,,15,14,24,,,12,12,11,7,15,9,13,15,12,13,21,15,7,10,8,11,11,9,11,13,15,15,6,15,,12,14,9,,5,2,6,8,16,14,6,7,8,12,3,9,,,8,7,9,9,7,11,9,5,6,6,11,16,8,9,10,10,8,,,12,7,8,8,13,15,,10,6,6,,9,9,5,,10,8,6,12,5,8,9,,5,9,6,5,8,5,7,6,,7,4,6,5,5,5,,3,,7,,,,2,2,4,8,5,2,,6,,7,5,6,3,2,3,4,32,9,10,10,8,3,3,9,5,13,11,8,11,4,,3,7,10,29,8,5,4,12,11,11,12,9,13,11,14,,7,7,6,6,8,,13,10,13,14,15,17,13,16,12,,11,15,14,9,11,9,9,7,8,7,6,,13,9,12,,5,4,8,11,,9,9,5,,6,7,13,5,7,,6,6,9,7,8,7,6,,7,7,10,4,8,,6,3,7,14,14,9,11,4,14,8,3,2,,7,23,9,,7,5,,10,6,8,5,,10,8,9,17,12,10,16,,13,17,12,16,15,4,16,15,7,12,12,10,7,13,15,14,16,15,14,21,16,26,22,6,13,14,13,14,8,13,14,10,11,7,8,9,27,24,28,25,15,18,15,13,17,16,26,23,25,21,22,20,20,15,17,16,20,24,21,21,,32,24,26,6,7,,4,8,6,10,6,15,16,9,14,23,20,14,21,10,4,,,,21,17,,19,5,5,6,8,7,,9,9,9,,,,,7,6,10,8,6,11,,15,,7,10,7,6,9,10,13,8,7,5,8,,,,,8,6,8,8,16,7,12,,10,6,6,12,16,6,11,6,12,8,13,17,24,19,,26,27,21,23,9,6,9,9,14,,12,8,,9,4,,5,5,5,,14,,2,,2,4,6,10,6,11,18,18,16,41,6,10,8,8,,9,6,,8,6,15,,17,23,6,6,43,44,,6,5,13,12,,,15,11,22,,15,9,14,19,3,15,8,,7,,,4,3,2,2,51,53,23,27,8,,26,8,12,20,24,41,31,40,40,,,13,12,,8,,6,25,26,26,9,9,10,16,4,9,7,26,18,,22,10,10,9,6,6,8,,4,,3,8,12,10,8,10,53,9,5,11,12,18,8,8,,,19,6,7,10,,13,15,14,12,,9,4,,,5,5,5,8,9,5,9,4,4,5,11,20,18,14,32,,10,12,,18,11,13,13,16,25,16,8,21,,8,6,3,10,5,23,6,27,5,12,3,4,15,8,5,6,7,8,10,,19,5,15,6,9,12,10,12,13,6,7,14,2,14,10,9,14,10,,5,6,3,14,6,10,9,,,20,6,18,8,8,2,8,9,9,13,11,9,12,24,4,9,14,2,,10,17,11,16,7,5,35,8,6,5,8,8,7,6,5,6,14,21,17,8,17,16,12,8,8,7,3,10,8,7,17,20,22,25,17,21,20,17,18,18,12,15,17,17,14,15,17,20,15,12,6,21,,8,8,6,6,8,5,4,5,9,6,6,7,5,15,14,10,13,11,7,14,16,10,21,11,15,29,23,11,17,13,18,,18,12,21,6,5,10,6,2,3,,4,14,15,2,10,16,16,,7,10,13,12,13,18,11,30,24,20,18,22,22,5,7,8,5,5,5,4,11,5,20,13,20,17,7,3,8,7,10,6,7,8,7,6,4,11,7,7,22,18,20,28,32,26,14,10,10,17,15,15,12,25,18,15,18,14,23,29,5,6,11,23,27,5,4,6,7,6,9,8,7,9,9,7,7,7,12,8,7,8,12,11,11,11,14,15,16,10,19,4,11,12,9,4,4,4,5,7,5,5,10,3,6,6,,10,9,9,3,5,16,13,7,10,18,6,7,9,5,8,12,16,21,20,23,12,6,8,16,10,11,11,,5,13,9,7,19,14,19,7,15,8,8,7,8,7,9,21,18,14,20,18,15,30,25,12,22,13,21,16,21,25,18,17,11,10,19,21,20,15,20,20,8,3,9,13,2,9,8,27,21,11,17,5,24,20,15,26,9,7,20,60,38,8,9,30,25,11,16,15,16,13,13,20,20,7,16,21,,8,5,8,7,6,13,10,4,3,2,12,3,7,7,7,20,22,12,3,10,9,8,7,,5,7,9,28,38,36,8,34,13,16,27,18,22,17,9,7,9,20,6,6,11,7,22,15,15,14,18,15,13,14,6,8,10,20,10,34,9,4,14,10,5,2,14,7,8,4,7,13
20230729,17,PM10,25,21,13,2,10,21,29,9,17,29,14,16,,,9,,4,16,4,,4,,4,6,,5,7,,15,28,5,16,19,16,7,,12,20,,4,5,5,6,12,,16,,18,13,15,12,16,30,40,,21,32,,37,49,45,20,30,33,16,21,27,8,,13,7,16,13,17,20,,4,5,10,5,30,,24,36,45,33,33,33,,17,24,,,21,15,27,21,27,28,25,,39,17,22,31,14,,15,9,13,12,19,17,9,,8,15,10,40,32,33,28,34,15,,48,27,30,27,41,35,,52,41,56,50,56,39,51,56,16,22,16,9,18,,16,16,17,15,17,17,17,14,,21,29,14,22,20,,13,13,14,11,11,12,13,13,11,4,11,27,,,,36,28,,46,19,22,,,,22,,24,25,14,12,22,12,19,12,16,,,,20,13,,19,15,20,14,15,,14,14,27,24,24,19,24,17,,23,,15,19,,29,23,,18,18,20,,17,18,28,19,12,10,4,,,2,6,10,21,24,28,67,,20,,,15,,12,12,,23,21,20,19,15,21,,15,21,18,20,18,20,34,13,5,14,12,5,9,14,19,7,6,14,10,,7,10,16,11,,12,25,7,,7,,4,5,19,,10,12,17,17,,22,12,17,15,22,,,27,29,27,27,22,24,7,7,6,6,12,12,,16,3,11,13,8,14,13,18,6,,16,12,17,13,33,17,31,16,20,12,13,29,9,39,,40,58,28,55,56,64,,43,33,20,21,48,16,21,,13,21,26,26,17,20,16,22,44,39,48,41,,22,46,40,29,,30,30,24,39,47,28,,,32,31,33,28,26,33,34,34,53,38,50,53,43,33,36,61,40,36,35,39,,21,25,32,22,15,,17,16,21,36,25,19,12,,,27,32,26,17,19,,18,27,39,32,,,23,21,34,22,44,17,24,29,36,27,27,,19,73,26,23,31,22,6,8,10,17,11,12,23,18,36,21,32,26,37,20,,41,,16,24,,34,,25,29,,,,,14,,,,23,32,4,16,12,20,14,,10,27,20,9,29,16,20,28,22,21,24,36,7,19,11,,,22,,,18,51,66,39,34,36,,12,9,10,4,6,3,8,13,12,14,,9,10,6,11,10,8,,,9,,14,9,5,14,14,,7,12,,,17,17,18,19,,19,11,14,,17,20,19,17,19,17,22,22,14,31,,,,17,,,24,,14,12,14,17,24,24,29,12,15,27,,17,,,63,,21,29,41,26,21,22,24,17,,50,42,29,23,48,38,41,39,27,31,14,14,15,14,16,,25,28,27,20,,21,43,63,,23,23,,39,48,33,36,34,,46,8,,,18,12,,19,,25,26,22,33,9,10,,2,11,,87,40,,54,,7,26,15,,15,28,25,23,16,,18,20,35,23,13,17,17,16,20,26,24,13,27,8,22,21,18,9,26,15,14,18,20,10,,11,15,12,13,8,19,14,22,,5,8,7,13,10,34,23,27,24,52,20,17,10,20,,13,22,18,,7,17,16,14,8,,13,14,7,,5,,16,3,12,10,36,13,19,,,,6,,,,6,,,,,9,20,17,70,,25,,27,4,2,23,5,10,,11,10,19,13,14,14,,20,,,8,9,6,3,6,130,23,32,21,18,31,16,25,31,43,49,66,46,61,8,16,18,11,20,16,21,18,21,33,18,,49,26,42,19,8,22,15,12,,,,,15,25,,14,17,23,23,6,27,30,26,27,15,17,10,37,28,,30,,,29,28,43,,46,45,,42,14,7,16,32,23,27,,28,66,63,58,74,,25,18,51,15,24,24,16,13,15,,39,3,36,21,60,,,32,,,,,29,,,,,,,,,,,,,,,,22,,,,,,,,,,,,,,,,,,,,,,,,,,,,,,,,,,,,,,20,16,16,10,21,8,3,7,3,,,10,18,,12,16,,7,42,56,30,42,48,7,,12,7,69,,,47,26,,52,2,26,,13,,26,25,,,21,13,,,25,34,29,,,15,12,25,21,27,29,11,24,29,8,29,21,20,40,17,51,35,28,41,29,18,,22,42,,29,20,12,,4,7,26,20,28,16,9,17,10,71,26,34,,,12,19,12,30,8,39,31,15,24,25,12,,24,26,28,29,30,,,33,8,28,2,26,25,,8,18,14,,14,14,17,,6,11,4,16,11,10,12,,15,23,9,35,11,14,5,13,,10,18,18,7,16,10,,2,,5,,,,6,2,3,6,5,6,,9,,18,24,2,28,10,9,,9,31,26,17,19,,6,12,,12,,6,6,14,,14,5,14,2,26,32,11,20,9,25,20,14,26,28,24,,4,20,29,33,23,,24,44,30,34,32,26,24,20,22,,19,28,31,16,13,17,10,18,22,13,10,,9,12,1,,9,10,14,14,,12,3,,,,5,8,2,2,,10,11,5,7,4,2,,,10,8,8,18,18,,6,15,13,15,20,16,12,14,14,6,15,13,,16,20,30,,2,5,,21,10,,10,,14,10,,51,17,12,37,28,23,20,26,19,23,17,59,13,12,13,14,14,14,25,13,21,20,27,12,22,21,18,36,10,13,11,12,15,20,21,35,10,,12,14,13,45,45,69,73,56,42,53,31,35,37,43,24,49,46,38,26,31,23,45,40,31,26,17,38,,55,37,30,26,10,,9,12,17,,12,13,12,14,25,6,9,10,12,10,13,,,,17,23,,20,22,9,22,14,16,,25,16,25,,,,,13,12,15,9,14,10,,5,,16,10,28,11,14,20,14,8,11,19,5,,,,,13,12,14,12,28,13,15,,12,13,,9,8,13,17,9,,23,14,20,11,6,,9,37,19,20,66,28,15,9,15,,18,,,18,5,,10,10,7,,30,,4,,6,8,7,28,23,18,14,17,19,22,8,19,18,3,,16,30,,11,18,13,,28,27,15,20,73,78,,18,12,10,12,,,20,8,16,,27,8,5,32,5,23,23,,18,,,20,25,12,7,242,144,72,83,4,,36,35,23,102,105,133,233,230,192,,,12,27,,34,,23,30,32,43,38,11,3,47,8,10,6,14,5,,23,18,19,18,7,2,16,,3,,17,13,21,,15,,58,22,4,20,26,22,13,12,,,21,4,23,5,,18,22,32,6,,7,9,,,27,17,20,22,20,19,26,29,17,15,16,30,18,34,45,,4,18,,49,22,17,17,5,27,18,26,21,16,20,15,22,3,4,14,19,36,24,6,22,19,9,20,5,,11,11,25,,44,5,28,,14,17,21,17,11,23,17,23,21,24,14,16,21,7,,6,5,22,24,14,10,13,,,21,16,19,5,16,11,8,31,14,23,7,35,14,49,15,9,6,6,,11,25,30,30,31,15,41,16,20,14,17,15,16,16,18,17,28,16,11,20,33,31,20,9,14,7,9,16,19,22,34,70,59,75,40,35,24,21,24,26,13,33,43,34,9,24,79,32,48,34,7,4,,7,16,6,16,10,1,6,8,7,2,,,8,15,14,11,13,,6,8,15,8,29,17,16,26,37,6,19,15,22,,17,12,10,27,19,12,22,17,22,,7,9,6,14,13,,14,,8,19,16,20,21,20,20,28,38,22,23,53,60,11,16,15,10,9,24,22,13,19,5,22,,18,17,9,16,12,26,11,14,14,13,10,17,25,16,17,14,33,14,32,,38,27,18,28,34,27,17,28,34,21,16,20,22,74,30,19,10,14,10,9,3,12,17,11,7,10,22,5,7,17,5,9,7,,4,4,19,32,14,4,17,19,22,20,22,30,21,15,10,15,7,17,17,24,21,12,17,17,12,24,9,,17,17,24,22,9,18,3,18,17,36,10,12,12,10,6,12,27,26,28,42,22,10,17,26,23,24,20,,18,13,12,20,14,15,37,10,22,13,16,18,,15,20,36,30,29,21,5,7,79,14,25,29,4,10,15,11,8,4,37,21,34,39,29,24,26,17,22,7,8,6,16,5,5,2,53,19,14,11,27,68,41,23,38,18,13,27,124,76,13,7,35,1,39,47,42,30,26,29,37,32,22,23,24,,19,31,3,12,24,22,30,25,19,15,13,18,11,16,29,36,24,18,10,9,32,18,15,,9,,29,137,49,37,25,45,3,16,5,10,5,27,31,28,14,25,17,5,15,6,13,4,25,14,18,15,19,19,16,20,16,34,30,29,28,7,31,12,4,11,21,27,9,19,11,44
20230729,17,PM10_24h,40,30,39,42,23,39,33,33,28,34,32,33,,,18,,18,26,21,,15,,10,12,,8,12,,40,52,33,34,37,39,30,,29,28,,32,26,12,20,22,,26,,22,18,17,29,36,37,46,,36,26,,39,32,36,41,36,35,39,36,42,32,,47,12,15,17,23,25,,32,23,28,28,35,,32,41,56,44,42,42,,30,28,,,27,30,35,35,29,32,29,,27,20,30,28,25,,26,9,8,12,8,21,10,,8,16,12,30,27,26,26,28,19,22,29,31,23,24,30,25,39,38,37,37,40,40,27,37,47,22,25,22,13,23,,20,22,21,24,14,12,14,11,12,13,21,11,11,30,,18,20,16,19,18,17,11,11,11,6,10,19,,,,20,21,,31,15,14,,,,18,,15,16,15,10,18,11,14,12,20,,,,19,13,,18,18,22,13,14,,16,12,16,16,14,16,20,16,,22,,17,20,,16,15,,14,13,12,,16,25,13,14,16,13,10,,,10,10,13,19,21,20,33,,11,,,15,,15,14,,20,23,22,21,19,21,,15,13,16,15,14,10,12,11,14,13,14,11,15,16,17,13,13,15,6,,5,11,8,9,,20,27,13,9,4,,10,8,19,,14,13,14,13,,17,16,15,15,11,,,23,16,19,27,17,16,13,15,14,15,18,17,22,23,21,14,15,17,16,17,16,13,,20,11,12,14,17,11,20,18,8,13,14,26,27,36,,42,43,31,38,35,42,26,25,24,34,29,48,24,24,,22,32,26,31,27,24,26,22,29,27,34,26,,25,41,41,23,30,22,23,22,25,24,22,,,36,32,36,36,30,31,28,28,33,29,29,24,49,48,47,40,46,42,47,58,,29,32,34,26,22,,31,31,24,27,28,19,22,,,37,31,36,33,22,,21,22,28,26,,,28,16,23,21,22,14,28,28,27,23,27,,25,81,20,20,25,22,13,14,11,10,15,16,26,22,28,18,26,20,28,18,,43,,20,25,,38,,28,28,,,,,13,,,,24,32,97,91,79,98,87,,100,21,16,22,21,21,21,22,21,22,21,31,16,25,18,31,,35,33,33,32,45,40,32,34,50,,16,15,15,18,17,15,19,14,13,11,14,15,18,18,16,17,18,,,8,,19,10,7,14,17,,15,13,,,12,12,16,11,,10,11,6,,16,23,16,16,12,9,10,8,8,10,,,,11,,,21,,20,12,8,15,17,19,22,8,6,11,,11,,,31,,25,35,32,16,18,21,19,18,,41,38,39,37,50,30,45,38,29,39,19,19,20,23,24,42,19,27,30,28,,29,31,32,,21,21,,23,22,23,22,20,,37,17,,,25,18,,30,,38,34,39,43,17,19,,15,17,,56,62,,66,,32,42,50,,43,43,20,24,19,,17,16,23,26,20,16,22,36,23,20,24,17,27,23,22,28,15,14,30,20,21,18,26,30,16,16,19,23,17,13,29,18,32,,17,9,9,15,13,17,28,17,21,29,21,17,14,23,,14,19,18,,5,16,14,13,11,,13,14,5,,16,,20,12,16,14,15,16,13,,,,17,,18,,22,,10,,14,10,24,31,62,,30,,23,20,20,20,16,20,,16,14,17,11,14,13,,18,,,9,22,20,22,18,33,33,29,27,20,32,19,32,34,46,50,45,53,36,17,18,15,16,20,20,20,26,27,33,23,,32,17,26,24,15,19,16,13,,,,,11,25,,13,19,24,22,19,23,22,19,21,19,24,12,25,21,,28,28,,20,20,29,,23,26,,27,6,9,11,11,11,13,,10,49,41,38,49,,79,66,150,17,26,23,22,16,14,,60,29,53,52,65,,,22,,,,,18,,,,,,,,,,,,,,,,10,,,,,,,,,,,,,,,,,,,,,,,,,,,,,,,,,,,,,,18,13,16,15,20,13,20,15,11,,,15,28,38,25,22,,21,45,64,36,46,56,33,,38,44,55,,,48,58,,37,31,31,,30,,42,34,,,37,22,,,29,33,38,,,18,19,20,20,22,22,16,33,36,26,31,31,15,20,16,30,28,23,29,25,36,43,32,38,,27,24,14,,12,6,28,28,26,18,14,18,15,39,15,24,,,20,14,10,16,9,21,21,10,8,23,15,39,10,14,18,17,11,,,19,9,18,4,23,23,,10,20,19,,16,18,17,,14,16,11,20,14,17,16,,13,15,16,20,14,11,10,12,,11,19,8,13,18,8,,7,,6,,,,6,8,5,8,12,15,,10,,14,16,11,12,15,15,16,5,16,15,14,15,,8,11,10,20,17,17,16,8,,8,11,12,35,12,26,4,16,22,19,19,14,27,31,25,,10,17,20,30,19,,23,19,22,24,29,25,24,24,21,,21,27,28,20,19,39,16,17,19,16,18,,12,11,9,,19,15,22,12,,14,14,13,,15,10,16,8,7,,15,14,13,10,15,16,14,,15,11,11,23,29,,22,23,14,29,23,20,18,17,16,18,14,20,,21,20,21,,9,10,,19,13,9,10,,14,12,12,36,20,23,33,24,24,29,26,21,28,21,26,33,21,16,23,19,20,26,23,28,24,27,16,29,23,27,35,16,19,25,30,24,23,27,25,23,18,15,22,20,49,49,57,56,27,31,25,30,33,45,42,38,36,40,41,31,46,25,29,33,35,35,34,35,,51,36,38,20,16,,12,16,19,21,18,14,15,19,22,28,31,24,33,17,22,,,,24,28,,28,22,24,23,24,28,,18,17,17,,,,,17,14,15,16,15,26,,21,,11,13,20,16,18,25,17,8,15,17,8,,,,,24,19,11,9,30,16,18,,15,14,15,20,19,12,16,5,31,21,19,23,25,30,,24,35,29,33,20,10,16,14,25,,23,17,,15,8,,7,12,12,,46,,6,,6,8,16,24,22,22,27,24,25,31,12,24,24,18,,24,19,,14,17,46,,64,73,10,19,165,169,,12,10,20,22,,,26,26,39,,27,21,20,31,6,23,21,,17,,,23,10,6,6,191,166,87,104,26,,96,45,41,65,63,123,152,149,156,,,32,27,,31,,40,82,97,118,19,17,18,34,11,14,13,42,31,,34,21,18,19,11,12,15,,8,,10,12,26,17,22,24,156,29,12,40,23,28,13,13,,,41,10,15,17,,28,25,28,14,,10,10,,,18,18,22,18,14,14,19,20,14,17,18,39,24,28,54,,18,13,,34,21,20,18,76,35,24,15,32,32,23,14,13,14,10,45,9,39,13,15,15,17,17,13,6,10,10,11,33,,34,15,28,21,18,26,23,21,19,13,28,28,31,25,16,20,27,23,,16,10,12,22,13,16,14,,,28,23,19,10,17,6,17,21,12,45,10,31,14,36,9,16,10,11,,17,29,30,34,28,24,111,20,23,19,22,26,17,18,22,24,28,29,25,34,40,28,18,16,17,10,12,22,21,18,25,38,38,45,36,37,34,25,30,28,24,34,31,30,16,28,30,34,39,33,9,30,,14,11,10,11,16,7,10,10,16,15,25,14,15,16,16,17,15,14,7,17,18,22,31,24,20,26,31,13,28,21,27,,24,15,29,16,10,14,14,10,15,,10,18,14,15,17,21,21,,13,39,23,20,18,27,17,45,38,34,33,42,32,11,16,13,8,9,12,34,19,14,34,30,36,34,14,7,10,17,16,15,18,17,13,16,14,25,17,15,104,96,89,103,112,83,19,16,17,28,28,29,24,40,24,29,26,22,37,45,27,6,16,32,41,10,14,17,11,12,16,15,14,14,16,11,14,12,19,14,12,21,33,23,12,24,21,22,23,15,26,16,20,17,19,10,14,12,20,18,12,12,14,5,19,11,,14,10,14,10,14,26,4,20,14,27,13,21,18,17,13,19,25,35,33,38,21,8,17,34,25,22,20,,21,19,22,18,23,21,29,18,21,9,10,12,18,14,17,47,34,21,31,22,18,70,47,42,45,18,35,31,35,26,18,50,34,38,60,56,51,57,39,51,15,12,15,20,9,10,11,33,24,21,19,22,38,30,22,31,25,25,94,184,154,15,18,45,39,24,42,30,30,21,23,35,34,26,27,40,,14,20,13,21,15,22,22,16,9,8,11,14,24,15,20,27,21,19,19,12,39,13,17,,21,12,23,122,66,53,17,57,32,34,50,33,41,39,27,19,14,31,17,14,22,13,27,25,26,25,37,30,42,34,17,24,15,38,28,41,22,11,25,17,7,8,25,12,13,10,17,38
20230729,17,SO2,3,3,3,3,3,3,1,3,3,3,3,3,,,5,,2,4,4,,4,,3,3,,3,2,,2,1,3,3,2,1,6,,3,1,,3,2,4,2,5,,4,,2,3,1,8,4,7,9,,6,,,3,1,10,6,7,9,7,5,3,3,,4,4,7,3,3,2,,6,4,2,4,8,,4,6,5,8,4,6,,5,6,,,7,7,6,5,6,6,7,,6,6,7,8,5,,8,4,5,8,4,7,5,3,6,5,6,4,4,4,5,3,5,,4,4,2,8,5,6,,6,7,5,6,2,4,6,8,4,8,6,3,,,2,6,6,5,4,3,3,6,3,6,4,6,8,5,,6,7,7,7,8,5,7,9,6,5,5,4,,,,6,8,,6,7,4,,,,6,,3,4,9,5,9,4,8,5,6,,,,5,5,,3,2,8,3,6,,7,6,8,5,6,8,5,4,,5,,6,5,,6,4,,4,6,7,,7,4,6,5,,4,7,,,3,4,4,5,6,5,5,,4,,,1,,7,3,,4,,3,5,4,4,,2,4,4,6,3,4,4,3,5,4,4,3,5,5,8,7,7,7,2,,4,2,3,3,1,3,2,7,5,7,,5,5,11,,7,5,6,4,,4,7,,6,6,,,5,7,6,6,5,5,1,1,3,2,3,1,3,2,3,6,8,7,5,6,5,5,,8,6,3,4,4,1,4,2,4,3,2,5,3,4,,4,6,9,6,7,6,5,8,3,5,6,4,4,6,,5,6,5,7,4,6,5,5,5,8,5,6,,4,4,5,4,6,6,11,6,6,4,4,,,8,8,8,3,4,4,6,4,7,11,6,9,4,5,6,5,5,5,6,2,,6,5,7,7,8,,5,5,4,6,6,5,6,,,5,8,5,4,6,,3,3,1,2,,,3,2,5,7,4,5,4,5,6,7,6,,8,8,8,3,7,7,7,12,8,11,9,10,8,5,3,6,6,6,2,5,,4,,4,7,,8,,3,5,,,,,6,,,,7,12,5,5,15,4,4,,6,10,3,10,13,5,4,3,5,6,8,2,7,4,7,,,11,,,7,5,11,8,7,7,,4,5,4,1,4,6,3,3,2,5,1,5,2,2,8,7,8,,,4,,4,2,4,1,6,,6,2,,,2,1,1,13,,10,6,6,,8,9,7,9,6,8,3,3,5,22,,,,11,,,5,,3,8,7,8,5,8,7,3,4,4,,6,,,9,,9,10,12,4,4,8,3,8,,6,7,4,6,6,4,7,6,4,5,1,3,3,8,4,6,5,5,5,6,,5,3,6,,4,4,,7,6,2,5,4,,4,4,,,4,4,,4,,6,6,9,8,7,10,,5,8,,8,7,,7,,7,6,7,,7,6,11,12,14,,9,7,6,5,3,4,4,4,5,5,6,10,9,4,3,6,5,6,6,6,5,14,3,2,5,5,6,6,4,6,5,2,6,,5,5,5,4,2,4,6,6,2,4,3,3,5,3,,7,9,6,,4,9,8,8,8,,10,15,6,,3,,3,3,5,3,8,5,3,,,,1,,3,,6,,,,3,6,4,3,2,,5,,6,2,4,2,8,5,,4,6,7,5,7,1,,4,,,7,4,,3,6,4,5,6,4,4,4,2,4,7,5,6,7,7,6,2,2,4,5,7,5,6,6,7,7,5,,42,7,36,7,4,4,7,3,,,,,2,1,,1,1,8,8,7,5,5,6,7,3,4,6,5,3,,4,,,8,2,4,,6,4,,5,7,6,5,10,6,5,6,5,5,8,5,4,,5,5,3,18,47,7,6,9,3,,8,7,5,4,5,,,4,,,,,3,,,,,,,,,,,,,,,,6,,,,,,,,,,,,,,,,,,,,,,,,,,,,,,,,,,,,,,7,3,1,3,1,2,2,3,2,,,2,12,13,10,8,,9,10,12,7,5,8,6,,7,6,4,,,2,3,,11,9,3,,5,,11,13,,,4,5,,,4,5,11,,,2,2,8,10,10,6,6,4,3,4,6,3,3,6,9,12,8,5,6,9,9,5,2,3,,7,7,5,,6,4,5,6,5,3,6,3,8,6,8,6,,,5,9,6,9,10,13,6,8,3,4,5,,1,4,3,4,1,,,8,8,9,2,5,3,,6,3,4,,5,4,7,,7,8,4,7,5,2,4,,8,12,6,6,3,5,4,3,,9,5,6,7,8,6,,4,,5,,,,3,5,7,7,3,3,,3,,9,8,6,8,8,7,7,2,11,4,6,9,5,4,6,3,1,2,2,2,2,,8,2,3,5,32,4,29,11,12,10,12,7,6,8,6,,3,3,3,2,3,,1,5,9,6,7,5,7,11,2,,2,2,7,3,4,4,5,4,1,5,9,,4,2,5,,5,2,5,4,,4,3,4,,1,7,6,7,4,,6,6,5,8,9,5,3,,3,5,3,6,4,,4,6,7,4,4,5,6,6,6,7,4,4,,5,10,7,,6,8,,10,4,,3,,6,4,6,9,10,4,6,6,8,6,6,3,5,5,4,5,4,4,2,2,4,4,4,5,1,5,6,6,9,11,8,8,6,5,5,5,2,9,10,6,6,6,6,5,7,6,6,6,12,9,6,8,6,8,6,6,6,9,6,5,4,15,18,7,7,5,8,6,,10,4,2,8,2,,5,8,6,,6,6,4,6,10,3,1,3,1,3,10,,,,9,10,,11,5,10,10,8,5,,7,8,6,,,,,6,6,6,7,7,4,,4,,4,6,11,9,7,14,3,4,3,4,5,,,,,8,2,4,4,4,4,1,,3,8,7,6,7,2,8,8,5,10,4,5,4,6,,6,10,5,4,7,8,5,8,15,,8,6,,7,8,,6,7,4,,10,,6,,9,8,1,5,7,8,5,7,6,8,5,5,5,7,,11,10,,7,4,7,,7,4,9,4,6,5,,5,5,7,8,,,9,2,4,,11,7,14,8,11,9,4,,6,,,6,5,5,6,6,4,4,6,5,,6,7,11,6,6,6,3,3,2,,,7,6,,5,,4,9,9,8,44,3,4,5,6,6,4,3,10,,5,2,8,2,4,2,2,,3,,6,10,3,,6,,1,7,5,4,6,8,5,3,,,2,4,5,6,,6,10,6,7,,5,5,,,1,3,5,5,8,6,2,4,5,5,5,6,5,7,7,,3,1,,5,4,10,7,4,17,2,5,7,2,3,5,4,2,4,6,3,18,4,1,4,6,4,9,5,,8,8,6,,3,4,6,2,3,5,3,5,5,4,3,6,5,3,7,3,1,4,8,3,5,6,7,8,5,4,,,5,5,4,6,8,6,6,4,7,6,3,6,7,11,7,2,4,3,,4,8,8,6,8,5,5,6,7,6,7,5,6,2,,6,3,5,7,15,11,10,2,7,6,7,7,7,2,4,4,5,7,9,7,4,6,5,3,6,5,7,6,2,5,5,8,3,5,2,6,8,,6,9,5,5,9,1,3,2,5,3,2,3,8,4,2,7,4,,8,10,6,6,7,8,8,7,8,9,11,12,2,,2,2,2,4,6,9,7,4,4,,1,4,4,3,7,,10,,5,9,5,6,6,5,5,5,9,4,8,10,14,2,1,4,7,4,5,5,4,5,3,3,,11,4,1,6,7,5,3,5,5,6,6,3,5,2,5,3,5,3,5,4,10,5,8,5,8,5,4,4,4,8,3,4,7,7,3,2,5,4,4,4,10,3,3,6,6,3,3,4,1,6,3,3,1,,8,3,8,6,9,8,9,8,4,3,4,2,6,5,3,6,3,3,8,3,4,6,6,4,1,6,,,4,2,4,4,7,5,7,7,6,4,4,1,3,8,3,12,6,2,9,3,5,6,2,5,2,3,3,,8,4,7,8,7,6,11,6,5,5,5,2,,4,2,9,8,6,6,11,6,11,3,1,1,3,1,3,2,5,3,5,7,10,3,8,7,10,6,9,2,3,4,3,8,10,1,7,6,4,7,7,5,4,4,3,5,9,4,4,4,5,5,6,6,5,19,7,6,11,3,7,7,4,10,8,,7,3,4,3,6,7,1,4,6,8,6,7,3,3,8,4,4,7,5,3,6,2,4,,5,6,3,7,4,7,8,4,3,2,3,3,3,6,6,3,4,7,9,9,3,4,3,1,3,3,3,3,6,7,6,3,7,8,4,18,5,,2,3,5,7,7,18,4,8,4,7
20230729,17,SO2_24h,3,3,3,3,3,3,1,3,3,3,3,3,,,5,,2,4,5,,4,,4,4,,3,2,,2,2,3,3,3,1,6,,2,3,,3,3,4,2,5,,4,,2,3,2,8,3,6,9,,5,2,,2,3,9,7,7,9,8,5,2,2,,4,5,7,2,4,2,,5,4,3,4,7,,3,7,7,8,6,4,,6,6,,,8,7,6,7,5,10,21,,6,8,14,12,11,,10,4,4,7,4,7,5,4,6,5,6,4,4,4,6,3,5,4,4,4,3,8,5,6,3,7,7,5,6,3,4,5,8,4,8,6,3,4,,2,6,6,5,4,3,3,6,11,6,4,6,7,5,,6,7,7,6,8,6,6,8,4,4,4,4,,,,6,8,,6,7,4,,,,6,,3,5,8,5,10,5,8,5,6,,,,7,5,,3,4,6,6,6,,7,5,7,4,6,7,5,3,,5,,7,5,,6,4,,4,5,6,,6,4,5,5,2,4,7,,,3,4,4,5,6,5,4,,4,,,2,,7,3,,4,2,3,5,3,4,,2,3,4,5,2,4,4,3,5,4,4,3,5,5,8,8,7,8,2,,4,2,2,3,1,3,2,8,5,7,,5,4,10,,7,5,6,4,,4,7,5,6,6,,,5,7,9,6,5,5,1,1,3,2,1,1,3,2,3,6,8,7,5,6,5,5,,6,6,3,4,4,1,4,2,4,3,2,5,4,4,,5,5,9,7,6,6,5,7,4,5,6,4,4,7,,5,6,5,7,5,7,5,5,7,11,5,6,,6,5,9,6,6,7,11,5,6,3,4,,,9,7,7,4,5,5,6,4,9,16,8,10,5,6,7,5,5,8,6,8,,7,5,8,7,8,,5,5,4,7,7,5,6,,,6,9,5,4,7,,3,3,2,2,,,3,8,5,6,3,6,4,6,6,5,4,,10,8,8,4,7,6,7,13,8,11,10,10,7,5,3,6,6,6,2,4,,4,,4,7,,8,,5,7,,,,,5,,,,13,13,5,6,14,4,4,,6,10,3,10,13,6,4,4,4,6,6,1,6,4,7,17,,15,12,15,8,7,11,9,7,8,,5,5,4,3,4,6,3,3,2,5,2,5,2,2,8,7,8,,,4,,4,2,4,1,6,,6,2,,,2,1,1,12,,9,6,6,,10,9,10,9,6,7,3,3,5,7,,,,10,,,5,,4,8,7,8,5,8,6,4,4,4,,9,,,16,,13,13,12,4,4,8,4,7,,13,10,6,8,9,4,7,7,4,11,1,5,2,7,4,6,4,5,4,6,,6,6,8,,4,4,,7,6,3,6,5,,11,5,,,3,5,,4,,8,9,10,10,8,10,,10,8,,9,8,,8,,9,6,8,,8,7,12,15,16,,7,6,5,5,3,4,4,7,5,7,5,5,7,5,4,6,5,6,6,12,13,11,3,3,5,5,6,6,4,6,5,3,7,,6,5,4,4,2,4,5,5,3,4,2,3,5,2,,6,8,6,,4,10,7,9,8,,11,10,7,,3,,3,4,5,3,8,6,4,,,,1,,2,,6,,3,,2,6,4,3,4,,6,,4,2,4,2,7,5,,8,7,9,6,7,2,,4,,,8,4,6,3,6,7,11,13,6,5,3,2,4,19,16,10,18,20,12,2,2,3,6,6,6,8,10,10,9,5,,14,7,17,7,5,5,6,3,,,,,1,2,,2,2,8,9,9,5,6,5,6,2,2,5,5,4,,4,3,,8,2,5,,6,4,,5,7,5,5,9,4,6,6,5,5,7,5,4,,20,30,4,18,26,8,11,8,3,,6,7,6,5,6,,,4,,,,,3,,,,,,,,,,,,,,,,5,,,,,,,,,,,,,,,,,,,,,,,,,,,,,,,,,,,,,,7,2,1,3,1,2,2,3,1,,,2,9,10,9,8,,8,7,8,6,5,7,10,,7,7,6,,,4,4,,15,14,3,,7,,16,20,,,5,4,,,4,4,14,,,3,3,7,10,10,5,6,3,3,6,7,4,3,6,10,8,10,4,6,11,8,5,2,4,,8,8,5,,7,5,7,6,5,3,6,3,8,6,8,5,,,6,8,7,9,10,13,6,9,7,5,6,14,6,3,3,4,1,,,9,8,4,2,5,3,,6,8,6,,6,5,7,,4,8,6,7,5,2,4,,4,4,4,8,2,3,5,4,,5,5,6,7,9,7,,5,,6,,,,2,6,8,7,3,4,,3,,8,7,5,6,6,8,6,2,10,4,7,10,5,4,7,3,2,3,4,4,2,,8,3,4,6,11,6,29,15,16,16,13,11,9,10,7,,4,6,6,3,4,,1,5,5,6,8,8,9,13,1,,3,3,7,2,4,4,5,4,3,8,8,,4,4,6,,6,2,5,4,,4,3,4,,1,8,6,7,4,,6,6,4,8,9,5,3,,4,6,4,5,5,,5,7,8,4,5,5,6,6,6,7,4,4,,7,8,5,,6,7,,10,5,5,2,,6,4,6,9,10,6,19,8,11,12,9,4,8,6,7,8,4,5,3,3,5,6,5,6,3,6,8,8,10,13,11,10,5,8,8,9,2,14,10,9,6,5,6,5,8,6,7,6,6,7,5,8,6,9,6,7,7,8,8,18,31,8,9,11,10,6,15,11,,16,4,3,6,3,,6,7,6,4,6,5,3,6,6,3,3,3,3,3,10,,,,7,8,,9,8,11,12,11,12,,7,8,6,,,,,5,5,6,6,7,2,,4,,4,6,10,11,9,13,3,4,9,5,5,,,,,4,2,4,4,27,5,2,,5,8,7,8,9,2,7,8,5,9,4,6,13,35,,11,15,6,5,7,9,5,8,15,,8,6,,7,7,,6,7,4,,8,,7,,8,8,2,6,9,8,5,7,7,8,5,5,5,8,,102,38,,6,6,7,,7,5,6,3,5,5,,5,5,7,7,,,7,5,4,,11,10,14,10,11,10,5,,5,,,6,5,4,6,6,4,4,5,5,,8,8,9,6,6,7,3,3,3,,,7,6,,5,,4,9,9,9,18,2,4,5,5,5,4,3,10,,6,2,8,2,4,2,2,,3,,6,7,3,4,7,8,10,8,4,6,6,8,5,3,,,2,4,6,6,,9,16,6,6,,5,4,,,2,3,6,4,7,6,2,4,5,5,5,6,6,7,9,,4,2,,6,4,9,6,5,16,4,7,16,3,4,5,3,2,4,17,3,23,4,2,2,6,4,8,5,8,7,8,6,,2,4,9,3,3,5,3,5,6,4,4,7,5,4,8,3,1,5,24,3,5,5,7,8,5,4,,,4,4,6,6,8,6,6,3,4,6,3,11,7,17,6,3,4,3,,5,9,7,15,42,5,7,6,7,6,7,5,7,2,5,6,3,6,8,18,13,11,2,7,7,7,7,6,2,4,5,6,6,8,8,4,6,6,4,6,7,7,14,2,7,6,8,7,8,2,6,8,,6,9,5,4,9,2,3,2,5,4,2,1,8,4,2,8,3,7,8,10,5,9,8,7,8,9,8,8,11,12,2,,3,6,6,4,6,10,8,4,5,,1,4,4,4,9,8,9,,6,7,5,7,7,7,5,5,11,32,8,10,6,2,1,3,5,4,4,5,6,4,4,3,18,14,4,2,5,6,4,5,5,5,6,6,2,5,2,7,4,6,2,6,6,9,5,8,5,8,6,5,5,6,9,3,6,7,7,2,2,5,4,5,5,8,4,3,6,6,2,3,4,2,6,3,4,2,10,8,4,19,7,11,7,9,8,5,3,2,2,6,5,6,7,3,4,9,3,4,7,6,5,2,6,6,,4,2,4,3,9,5,7,10,5,3,4,2,2,7,3,15,5,16,10,3,6,5,4,5,2,3,3,,8,5,7,8,7,6,8,5,4,5,4,1,6,4,2,12,9,6,7,13,6,9,2,2,1,3,3,3,3,4,6,5,7,9,4,8,8,10,7,9,2,4,5,3,8,12,1,7,7,5,8,7,5,4,3,3,6,9,6,6,6,4,7,7,9,6,23,10,7,10,4,7,8,7,17,14,,6,3,4,2,6,6,2,4,6,7,5,7,2,3,7,3,4,6,6,3,6,2,4,,5,6,2,8,6,7,8,5,3,2,3,3,3,8,9,3,4,15,11,8,5,4,4,3,3,3,3,3,8,6,4,3,7,6,5,10,5,4,4,5,6,7,9,12,4,8,6,10
20230729,17,NO2,16,5,12,21,21,21,27,4,13,8,24,11,,,12,,12,17,7,,11,,18,1,,3,11,,5,5,4,4,6,5,7,,7,9,,7,4,16,30,25,,12,,2,2,8,5,5,6,8,,7,,,17,9,9,17,7,12,6,4,8,10,,5,8,9,8,2,8,,2,2,2,8,18,,5,22,17,15,15,18,,9,12,,,6,8,10,11,8,19,17,,15,7,10,16,13,,7,17,20,12,14,11,16,17,5,12,10,16,9,8,8,10,6,,13,7,6,5,5,8,,6,12,9,8,11,4,6,8,8,10,9,8,,,8,14,10,15,4,9,3,1,4,5,13,6,3,4,,2,2,4,2,2,4,12,14,11,11,11,4,,,,4,6,,6,2,4,,,,9,,8,12,5,8,12,6,9,7,8,,,,2,6,,12,6,8,9,6,,5,6,10,6,5,6,4,3,,5,,6,8,,15,10,,16,15,17,,13,8,17,12,10,13,8,,,2,15,11,12,8,8,13,,9,,,13,,2,10,,7,6,10,13,6,12,,7,7,10,11,8,4,5,5,8,12,3,5,6,7,4,5,3,6,2,,9,9,10,8,8,7,,15,18,11,,9,12,6,,15,12,20,17,,16,20,18,14,2,,,6,11,2,6,7,8,13,8,13,12,8,8,7,12,12,10,13,9,8,8,11,15,,11,12,5,1,12,9,7,5,2,5,2,2,29,24,,27,35,41,26,29,28,22,19,16,20,14,31,,19,,9,5,5,29,12,6,7,10,21,25,31,13,,6,26,21,9,9,7,8,8,9,10,7,,,18,17,27,11,10,10,15,16,9,10,15,9,8,7,14,31,5,12,16,8,,17,15,9,15,5,,10,9,4,9,22,6,9,,,8,18,7,8,22,,2,4,14,5,,,5,2,8,13,9,11,7,15,15,13,6,,8,11,17,21,20,19,2,9,9,5,8,7,20,13,21,11,13,13,10,7,,15,,20,15,,14,,16,24,,,,,10,,,,11,11,14,14,33,19,2,,8,6,8,8,12,3,4,9,7,4,8,1,3,4,5,,,10,,,5,22,18,11,8,7,,11,8,9,8,9,12,10,10,13,5,1,6,1,8,9,14,9,,,4,,6,4,2,2,1,,4,7,,,3,3,1,12,,17,4,5,,9,10,7,11,7,1,,2,2,7,,,,2,,,5,,3,1,2,2,12,2,3,3,4,9,,1,,,8,,5,8,10,12,18,14,10,11,,18,17,18,13,12,8,5,7,6,6,10,10,13,6,7,6,8,8,8,3,,1,13,9,,7,8,,12,5,13,10,2,,6,5,,,2,5,,9,,14,8,8,18,8,10,,5,5,,17,16,,17,,12,22,10,,10,7,17,19,11,,13,14,19,13,12,20,3,8,13,7,11,5,15,9,15,21,8,6,14,7,2,10,8,10,4,6,8,5,5,5,14,14,15,,15,6,8,6,6,13,8,10,7,10,6,11,9,6,,4,6,10,,3,13,12,8,2,,22,14,1,,11,,14,16,15,15,4,2,4,,,,4,,,,12,,,,10,8,8,9,9,,4,,,10,16,7,7,11,,,19,10,7,11,2,,5,,,1,3,6,4,5,5,5,11,10,5,3,3,3,7,10,12,9,10,12,6,3,5,5,6,7,10,7,7,8,7,,33,10,34,9,10,7,1,2,,,,,4,6,,2,4,7,10,11,8,9,11,6,7,6,6,11,6,,8,,,5,4,13,,11,13,,14,2,7,10,11,9,7,7,9,14,14,10,11,,9,10,5,5,7,8,8,4,6,,4,1,6,8,3,,,17,,,,,5,,,,,,,,,,,,,,,,5,,,,,,,,,,,,,,,,,,,,,,,,,,,,,,,,,,,,,,5,3,3,8,6,4,3,4,2,,,4,19,20,21,16,,18,8,5,11,5,10,12,,11,14,10,,,9,11,,24,14,14,,8,,8,9,,,16,8,,,8,8,7,,,9,5,3,6,11,6,5,9,10,9,5,5,7,14,9,16,15,18,23,14,6,5,8,10,,12,14,4,,4,2,3,1,,4,15,6,9,14,8,12,,,2,13,12,14,4,11,8,8,23,15,13,,9,10,12,18,4,,,5,34,30,2,6,5,,3,,1,,2,3,5,,7,4,4,3,2,9,6,,14,14,12,27,6,12,8,9,,8,5,4,3,8,5,,4,,6,,,,2,4,1,4,2,3,,5,,14,21,12,12,4,10,4,6,19,17,8,9,,4,8,1,12,13,6,6,8,,12,5,8,10,24,13,4,7,8,7,6,3,5,8,5,,2,4,4,4,14,,4,2,8,21,5,4,6,8,34,,18,10,11,2,2,2,3,4,6,9,2,,11,10,7,,8,4,8,7,,4,3,7,,4,2,1,4,4,,5,2,4,2,5,9,5,,3,1,2,10,5,,8,7,5,1,2,3,10,8,9,8,5,2,,5,6,7,,2,4,,7,4,,7,,2,4,,15,10,1,5,8,5,6,3,2,3,5,5,3,5,4,4,2,2,47,3,8,4,14,4,10,12,6,9,2,3,2,2,2,3,8,6,7,2,1,6,5,6,11,11,10,13,15,8,11,8,13,14,5,10,10,5,4,7,10,6,16,8,2,7,14,,6,2,4,6,2,,4,2,6,,6,5,8,9,11,6,4,6,4,5,5,,,,4,6,,6,15,14,11,15,5,,1,6,4,,,,,7,5,4,7,4,18,,6,,6,3,7,4,4,5,6,7,4,10,2,,,,,7,3,6,4,7,5,9,,5,8,6,10,6,6,20,12,10,10,7,8,9,10,,4,5,5,6,6,10,6,4,6,,5,10,,8,6,,2,5,5,,6,,3,,2,4,5,4,4,4,4,4,5,6,3,4,2,8,,7,9,,7,8,4,,5,5,16,15,12,8,,5,4,3,8,,,9,4,6,,7,9,4,6,3,4,17,,2,,,7,5,4,2,18,12,5,5,8,,19,5,6,4,2,1,8,10,8,,,12,8,,9,,11,2,2,10,34,12,7,22,1,17,11,2,11,,25,4,10,8,11,11,12,,7,,2,8,5,,9,,6,6,1,7,10,4,6,5,,,8,3,7,9,,15,9,10,5,,6,7,,,14,6,11,1,6,6,6,6,5,8,5,16,10,9,17,,10,6,,19,9,7,4,4,6,6,2,5,10,13,11,12,9,3,42,2,16,2,4,8,8,8,5,6,,6,4,11,,4,13,17,4,6,5,1,3,1,5,3,9,1,11,6,10,5,11,5,4,6,2,18,9,6,6,,,6,8,9,13,6,3,4,8,6,5,7,5,6,26,7,5,7,4,,4,10,8,5,13,9,8,9,9,7,8,9,5,7,10,8,5,9,4,10,6,17,6,2,1,7,4,2,9,12,8,26,43,32,27,20,19,19,28,36,4,7,9,12,5,2,14,16,13,3,8,8,,7,8,6,5,6,2,2,5,15,12,6,6,4,15,10,10,13,,11,8,5,1,8,4,8,15,5,7,14,5,3,,2,6,3,2,20,8,1,2,2,,1,4,6,8,6,,4,,14,5,5,7,7,4,3,6,4,2,9,14,8,5,4,19,7,4,8,17,15,2,7,5,,8,4,6,9,6,6,9,13,3,6,2,9,2,6,2,4,13,2,16,12,2,15,9,6,5,15,8,6,6,5,9,1,4,11,6,10,7,7,8,7,8,3,8,9,8,5,5,9,6,7,10,6,7,15,7,3,13,6,7,4,7,7,8,4,4,5,6,6,3,6,8,4,3,6,2,7,2,10,4,3,6,,8,4,3,1,8,11,4,9,1,11,6,13,7,11,2,5,7,8,8,7,6,3,8,8,6,3,5,,9,2,11,2,6,15,12,7,10,11,6,12,,7,6,12,12,14,10,16,2,35,4,7,13,4,10,7,5,7,3,2,9,10,10,3,3,2,5,6,10,6,6,16,9,10,5,7,7,5,7,4,14,8,7,10,9,2,23,8,5,5,5,14,7,21,10,4,35,11,14,22,22,3,11,8,,4,7,8,11,10,4,3,6,8,14,10,7,7,4,7,14,8,12,12,4,16,18,5,,6,3,3,3,10,14,4,11,5,12,2,9,9,12,6,9,17,10,12,5,2,12,12,8,4,6,9,8,11,7,6,2,9,10,11,14,7,13,8,1,2,7,8,2,5,2,11,24
20230729,17,NO2_24h,29,6,21,27,31,31,30,17,13,17,36,18,,,13,,17,17,20,,17,,21,9,,8,16,,11,14,15,8,13,14,13,,14,18,,18,13,11,17,22,,19,,5,3,9,11,14,13,14,,17,8,,14,14,9,26,21,21,25,9,17,22,,16,18,15,21,7,12,,7,7,9,13,24,,7,23,21,23,17,27,,21,26,,,24,25,28,24,16,27,18,,17,13,14,17,16,,11,14,13,9,9,9,11,14,10,13,13,16,12,9,10,11,6,2,12,10,12,9,11,7,9,13,16,18,16,17,6,11,16,8,8,8,8,2,,8,13,7,13,5,10,6,5,6,6,12,8,6,4,,2,2,5,2,2,4,9,10,4,8,7,5,,,,6,7,,8,5,7,,,,13,,9,14,6,9,13,9,9,7,12,,,,5,6,,16,14,13,8,6,,5,7,8,6,5,6,2,3,,4,,5,7,,12,10,,11,11,13,,11,7,15,12,5,8,7,,,2,7,6,10,7,4,8,,12,,,9,,2,9,,4,4,7,7,3,4,,15,16,11,10,10,9,5,4,13,12,6,8,8,12,7,13,7,10,2,,7,8,6,5,8,6,,12,14,12,,7,9,5,,13,19,26,22,,23,26,26,24,3,,,7,9,10,8,7,9,13,6,10,12,7,8,7,9,13,16,21,18,18,18,20,18,,18,13,10,7,15,11,12,12,7,11,9,3,41,18,,27,30,23,24,30,25,22,14,15,16,16,19,22,22,,9,7,12,27,14,13,8,6,11,15,19,15,,11,26,25,11,9,7,6,9,11,12,8,,,18,15,21,18,14,12,13,18,22,23,19,22,24,25,47,23,25,19,32,38,,16,20,16,14,6,,23,40,19,17,33,17,14,,,40,31,31,20,26,,10,25,29,23,,,19,5,14,26,14,16,12,21,19,19,15,,14,12,12,18,13,16,10,17,19,10,15,13,18,12,22,11,14,14,10,8,,20,,15,18,,25,,22,28,,,,,10,,,,16,22,18,23,29,22,9,,14,12,9,13,16,9,8,15,9,8,10,7,5,14,5,37,,22,37,29,21,23,17,17,20,30,,12,10,12,6,4,7,5,10,15,8,2,8,3,10,6,8,5,,,10,,6,2,4,3,6,,7,11,,,9,9,8,20,,13,14,10,,14,11,9,9,7,3,2,2,2,7,,,,5,,,9,,6,6,4,5,12,2,3,6,6,8,,5,,,11,,6,10,12,10,11,11,12,7,,14,17,17,14,19,13,11,11,11,15,12,13,13,7,7,6,16,12,12,13,,12,11,9,,9,10,,9,7,13,7,7,,19,10,,,4,12,,23,,23,22,18,26,7,10,,5,4,,20,22,,22,,14,15,13,,13,10,21,17,10,,7,8,9,13,13,8,3,19,16,10,16,6,16,12,16,23,9,8,15,10,5,9,12,13,8,8,10,7,8,2,11,10,12,,9,9,11,9,8,9,8,16,8,9,7,12,10,9,,5,7,9,,4,11,14,11,5,,15,12,2,,8,,9,11,13,10,4,2,3,,,,5,,7,,10,,4,,10,7,9,14,18,,8,,20,20,14,13,9,14,,7,14,8,12,10,4,,6,,,2,7,9,8,4,7,14,13,14,8,4,5,7,10,18,18,18,18,13,8,8,6,16,13,11,15,17,17,19,16,,17,14,27,28,15,12,5,7,,,,,4,9,,7,4,13,10,13,14,10,14,9,15,15,11,16,12,,11,15,,11,6,17,,14,18,,18,5,6,17,13,11,11,9,10,14,17,13,12,,15,18,18,8,10,13,12,3,5,,7,2,16,10,4,,,25,,,,,6,,,,,,,,,,,,,,,,5,,,,,,,,,,,,,,,,,,,,,,,,,,,,,,,,,,,,,,9,5,6,8,5,5,4,5,2,,,4,16,18,17,14,,15,19,18,19,16,24,16,,14,18,15,,,16,20,,21,26,25,,22,,10,13,,,14,12,,,9,7,18,,,11,8,5,9,13,7,5,11,11,10,7,7,5,7,9,14,15,19,16,20,9,9,14,13,,14,15,6,,4,4,8,11,8,6,10,7,13,17,10,13,,,6,13,10,15,8,11,5,8,8,12,12,2,7,8,7,11,4,,,10,15,10,2,11,9,,4,7,8,,7,8,11,,8,8,9,9,6,6,3,,8,8,8,13,8,7,9,9,,9,3,3,4,14,10,,8,,10,,,,2,6,5,5,4,5,,5,,14,16,14,5,3,5,3,4,10,13,9,7,,3,7,3,7,10,7,6,7,,7,4,7,10,9,7,4,7,10,7,10,6,9,12,9,,3,4,4,4,5,,7,4,9,9,9,7,9,12,27,,9,13,8,3,3,3,3,4,7,8,4,,14,10,8,,9,5,10,8,,6,5,7,,5,4,3,6,5,,7,2,6,4,7,9,6,,8,4,6,10,7,,13,14,5,5,4,4,12,10,10,10,10,7,,7,9,10,,4,5,,6,4,5,6,,3,5,5,10,12,8,9,11,9,12,10,5,6,7,8,7,4,6,6,3,4,32,10,15,12,18,6,10,9,11,13,3,8,5,4,8,4,14,10,9,4,4,8,9,30,12,22,21,16,10,11,13,13,22,16,13,13,12,9,10,16,14,13,16,14,9,14,16,,11,8,11,7,9,,6,5,14,13,15,11,11,11,15,12,18,19,14,5,26,,,,11,13,,12,16,23,23,27,23,,11,9,9,,,,,9,7,9,10,10,13,,10,,14,6,11,10,12,14,5,10,14,15,8,,,,,12,7,5,5,16,16,15,,5,8,6,10,12,7,13,15,15,12,10,11,18,18,,9,10,11,13,12,12,9,10,10,,11,9,,9,10,,7,8,12,,8,,9,,4,5,10,12,13,10,18,13,13,12,2,7,5,9,,12,13,,10,11,15,,8,9,19,18,16,17,,5,4,12,21,,,18,15,31,,11,10,12,11,6,6,16,,7,,,11,9,5,6,21,19,21,24,9,,13,9,10,8,7,11,14,14,9,,,17,13,,20,,9,9,8,11,19,4,7,18,7,16,11,10,14,,29,7,13,14,6,10,10,,10,,4,10,19,12,21,22,15,11,6,14,15,10,6,10,,,20,2,12,13,,20,16,18,5,,6,10,,,11,9,12,2,9,8,4,7,6,11,7,33,16,13,24,,15,7,,19,12,9,9,6,22,11,4,9,13,19,7,5,17,5,32,3,18,7,5,13,19,12,6,8,8,7,8,11,,4,10,34,4,8,26,3,4,5,5,5,25,6,10,14,14,14,10,19,6,10,2,21,11,12,16,,,15,7,10,14,6,4,6,13,10,13,8,9,13,22,6,6,7,5,,5,22,18,12,18,13,21,8,7,7,7,10,6,7,10,7,12,24,20,11,22,18,11,5,3,8,3,1,12,7,10,23,37,28,20,23,17,12,20,28,9,10,16,12,8,17,16,15,10,5,17,16,,16,8,11,6,12,3,3,4,12,9,6,6,7,9,6,8,13,9,17,13,15,7,16,14,12,19,21,9,25,20,16,,13,10,14,4,24,12,6,5,4,,2,8,11,13,15,17,13,,14,29,8,12,5,7,4,17,8,12,10,15,14,5,6,14,7,6,6,11,10,2,11,7,47,24,4,6,10,6,6,14,12,5,8,3,4,2,6,2,7,19,8,22,11,6,19,7,7,6,19,9,13,11,8,14,13,7,10,14,10,9,15,11,21,18,3,8,9,9,10,10,7,5,7,10,9,7,13,8,6,13,8,13,5,18,17,11,12,20,12,15,13,8,14,12,4,7,9,9,11,4,13,6,3,11,,11,10,9,5,11,21,8,12,4,16,5,10,6,4,5,13,12,12,12,8,10,4,7,13,11,4,5,,8,5,19,4,9,15,21,21,14,11,9,13,3,6,3,24,15,12,10,17,2,35,12,16,17,13,20,20,20,9,4,9,16,18,25,18,20,17,21,25,9,6,16,11,10,9,4,20,16,9,13,6,12,12,15,11,14,2,16,9,9,9,12,19,13,19,11,5,26,8,17,17,21,15,24,30,,4,3,7,8,15,10,7,8,9,23,16,8,12,8,12,17,12,19,13,7,14,15,16,,10,7,3,10,17,20,4,16,12,19,16,9,29,24,9,11,24,23,22,7,4,8,21,16,10,5,18,16,31,27,5,2,8,11,16,14,10,6,11,8,5,8,14,6,4,6,14,15
20230729,17,O3,35,53,31,31,37,46,37,44,49,57,36,55,,,37,,37,36,44,,36,,23,43,,44,58,,54,55,57,48,46,58,64,,46,41,,40,42,56,30,52,,69,,44,49,45,54,75,66,72,,80,130,,118,128,134,60,76,69,69,59,61,59,,61,44,42,44,59,61,,46,50,48,47,92,,84,82,91,92,92,88,,141,150,,,148,145,146,136,50,62,55,,58,57,66,61,68,,66,36,38,26,27,41,31,32,38,41,32,90,96,95,96,101,81,,80,83,99,123,99,106,,105,107,110,110,106,101,102,112,28,26,25,30,25,,28,25,22,21,76,82,91,79,80,83,68,80,84,42,,44,45,44,46,37,38,33,33,35,28,35,42,,,,75,79,,86,90,92,,,,83,,53,49,41,55,46,46,47,48,59,,,,68,65,,81,80,81,69,66,,67,64,60,66,62,64,47,50,,51,,79,80,,66,59,,47,73,69,,74,50,66,62,27,23,32,,,38,23,27,54,57,55,38,,47,,,61,,43,37,,47,47,40,21,28,22,,84,81,69,81,77,70,69,60,45,43,56,55,50,55,48,53,50,52,,,59,59,57,55,,32,28,38,48,45,,46,45,47,,48,33,30,36,,28,35,18,36,25,,,36,40,40,44,43,34,40,44,44,44,40,38,43,34,50,88,63,84,75,96,56,63,,68,54,100,97,108,94,121,97,90,115,116,86,162,153,,138,165,79,193,168,180,170,190,54,59,58,47,61,80,,75,79,80,46,92,77,97,82,144,148,119,117,,130,187,192,111,122,109,128,119,122,127,133,,,146,134,115,97,107,112,80,76,125,136,112,139,142,136,136,112,106,166,108,126,,84,89,84,81,103,,126,127,100,159,225,164,122,,,139,136,149,126,122,,145,169,139,156,,,179,121,82,116,103,118,92,94,122,131,109,,95,118,96,95,100,101,128,127,120,125,113,121,111,52,46,90,64,109,105,82,,85,,69,82,,187,,201,192,,,,,134,,,,137,149,92,82,87,91,85,,104,118,132,113,118,120,118,106,117,116,120,105,98,111,75,,,165,,,158,156,167,171,165,166,,35,32,39,22,18,15,16,35,36,43,31,33,34,28,52,48,60,,,43,,51,44,51,37,58,,58,64,,,44,47,48,41,,32,34,37,,66,75,70,62,65,20,30,29,31,17,,,,36,,,52,,56,42,50,40,31,35,39,30,31,23,,47,,,83,,85,95,137,60,62,58,71,70,,83,82,90,96,86,101,164,121,109,124,49,62,57,71,70,67,98,87,95,82,,89,165,171,,74,76,,79,87,88,76,87,,81,82,,,58,60,,108,,114,120,113,107,54,54,,52,50,,93,90,,88,,51,50,57,,57,61,131,127,141,,43,34,40,38,36,32,99,64,58,53,58,54,57,41,17,15,35,36,21,34,33,28,33,36,66,60,58,62,59,51,61,64,62,,62,52,49,45,46,46,113,95,102,89,86,69,75,73,,86,84,86,,86,64,68,76,48,,50,54,66,,54,,56,52,62,58,62,44,54,,,,45,,42,,40,,,,50,51,49,96,97,,101,,,108,,81,77,74,,74,56,65,64,64,76,,110,,,100,76,74,74,59,110,104,99,96,80,85,84,80,156,136,138,158,141,167,66,72,120,115,126,114,128,97,111,93,100,,86,97,95,118,82,98,100,96,,,,,159,160,,171,83,96,105,96,85,103,80,88,100,98,76,122,114,,127,,,92,102,127,,81,85,,84,83,119,105,102,93,110,106,104,114,138,143,124,,141,147,160,136,145,126,130,126,124,,131,118,122,117,132,,,43,,,,,43,,,,,,,,,,,,,,,,37,,,,,,,,,,,,,,,,,,,,,,,,,,,,,,,,,,,,,,109,41,54,35,42,55,52,54,47,,,,63,59,58,64,,55,127,150,135,135,135,91,,90,92,107,,,86,80,,84,94,92,,101,,133,136,,,121,91,,,172,171,158,,,75,78,137,143,142,138,139,59,50,72,63,66,34,33,32,47,60,62,55,62,56,61,61,54,,82,82,71,,29,25,24,26,98,98,117,109,32,33,29,79,,,95,49,55,62,61,86,83,74,98,72,75,,70,77,69,66,102,,,104,50,56,69,93,85,,58,70,66,,69,69,70,,56,62,62,58,36,58,69,,34,42,38,24,,40,50,52,,63,51,49,57,85,93,,56,,56,,,,44,46,46,40,49,50,,40,,43,40,52,64,67,66,60,,55,59,67,,,59,50,51,,57,68,69,,,51,54,41,39,34,41,85,97,106,93,104,47,54,55,57,,42,45,50,48,47,,82,89,95,66,74,73,78,78,55,,39,62,70,42,59,43,44,48,39,57,50,,55,52,55,,40,47,45,54,,60,56,58,,62,57,62,56,57,,67,72,70,72,55,46,48,,70,58,64,31,38,,45,42,63,61,55,65,98,99,88,88,65,45,,91,93,93,,59,59,,48,51,,56,,65,62,57,58,48,105,116,114,118,114,113,85,96,106,91,97,95,100,94,106,104,91,115,111,109,98,120,126,113,124,120,83,83,93,86,83,61,104,97,84,101,60,91,98,171,167,176,163,98,137,113,133,131,100,144,134,135,140,114,104,105,146,148,74,85,79,113,118,,150,119,103,97,86,,96,102,110,,104,129,123,116,120,98,109,113,107,20,130,,,,110,107,,104,87,79,82,78,80,,138,136,128,,,,,106,131,137,121,140,93,,117,,84,113,105,102,94,103,85,79,70,71,78,,,,,133,136,65,68,92,100,61,,69,61,66,86,96,71,61,75,60,80,57,58,78,75,,77,88,86,91,67,61,83,74,33,,62,47,,65,84,,107,102,103,,107,,87,,49,48,90,106,112,102,141,131,136,136,94,105,92,53,,146,158,,97,88,152,,150,153,82,84,159,157,,83,82,153,143,,,157,169,150,,156,151,125,118,92,138,115,,122,,,112,93,97,93,100,97,129,130,80,,94,130,125,119,116,118,113,116,118,,,143,118,,103,,105,126,127,83,98,34,49,178,53,31,44,50,93,,78,64,88,81,30,46,61,,56,,35,48,180,,88,,161,118,66,57,56,102,57,92,,,55,46,51,48,,134,138,155,49,,85,71,,,36,67,59,45,83,83,32,37,41,65,88,142,113,143,98,,41,56,,168,81,104,109,118,148,80,54,81,97,53,41,44,38,48,141,35,91,40,91,38,87,61,77,90,,86,84,98,,128,67,191,61,138,126,102,104,106,58,46,127,33,68,72,88,125,49,147,57,55,35,96,61,89,96,,,214,75,61,54,83,84,76,86,50,154,58,51,,84,48,43,58,41,,74,202,198,193,180,112,156,27,34,31,32,28,31,30,26,29,81,111,166,135,149,145,81,92,38,48,38,50,86,54,144,196,168,167,110,82,83,25,45,60,76,121,135,92,54,90,209,135,79,113,45,46,,45,79,71,70,92,53,41,37,43,41,57,,56,50,54,81,87,,73,78,90,103,75,82,94,148,139,81,103,110,165,,138,100,116,34,31,70,58,32,35,,52,56,56,61,95,,108,,20,149,100,93,48,113,84,92,148,96,137,143,139,39,58,40,42,44,50,40,40,35,40,48,,158,86,86,92,44,73,74,49,68,80,41,34,44,64,49,114,107,105,101,90,121,196,80,83,137,63,94,109,139,124,86,83,122,166,65,74,60,57,38,52,47,70,47,80,69,50,50,43,39,49,56,51,46,46,59,52,64,96,74,66,81,94,88,152,154,174,91,121,118,39,36,39,50,49,49,44,51,40,34,37,60,,59,45,46,62,130,117,91,118,107,131,61,34,45,46,55,96,134,106,93,150,106,68,69,62,65,48,52,,26,68,98,86,83,67,96,105,102,58,74,57,,54,51,119,126,125,63,47,54,105,76,51,62,38,35,50,45,49,47,82,78,65,66,76,72,75,79,79,60,41,45,47,68,49,48,107,98,88,85,30,120,137,127,147,108,121,99,105,107,88,92,84,54,58,136,76,35,80,150,120,147,94,194,175,,91,62,62,60,74,99,163,41,36,39,34,56,52,117,113,137,93,114,41,62,77,36,82,,77,56,38,115,80,94,55,82,47,41,42,54,46,116,35,43,24,172,73,57,53,41,39,40,77,45,43,36,157,150,139,75,47,116,78,105,78,26,100,68,95,104,110,60,48,45,34,153
20230729,17,O3_24h,97,119,117,95,110,112,85,103,102,113,108,91,,,148,,121,130,157,,134,,98,107,,116,146,,135,145,138,135,138,141,155,,105,100,,98,95,68,57,56,,74,,136,147,144,137,139,127,139,,156,150,,147,150,154,108,123,120,122,117,146,119,,139,116,103,101,124,142,,162,163,163,170,118,,122,122,111,115,122,112,,147,152,,,175,161,146,147,65,76,66,,78,66,70,66,72,,76,63,63,56,62,65,68,70,59,58,62,90,96,97,99,101,91,63,80,83,99,130,105,106,66,106,112,110,110,107,103,107,112,37,34,35,40,28,,43,30,30,27,76,82,91,79,80,83,68,80,84,54,,60,63,62,60,56,56,33,34,37,28,36,46,,,,75,79,,86,90,92,,,,83,,65,61,53,68,60,59,61,63,68,,,,76,71,,87,84,81,75,70,,74,64,60,67,62,64,50,52,,51,,79,81,,66,63,,74,73,73,,78,67,72,62,44,44,42,,,52,42,48,61,64,62,52,,54,,,74,,61,58,,55,49,47,22,28,23,,87,81,74,81,77,79,80,76,63,49,63,60,60,60,55,63,63,65,,,68,68,70,69,,49,38,68,77,72,,72,73,73,,86,80,82,77,,68,85,85,86,28,,,40,44,40,49,46,38,128,127,145,129,121,117,125,106,134,89,74,92,95,96,66,90,,68,79,100,115,108,107,121,107,100,117,120,101,163,174,,157,200,154,212,168,180,170,190,114,121,131,115,100,102,,144,140,95,121,168,153,164,147,171,148,142,124,,130,187,192,150,166,148,143,154,136,132,143,,,146,134,152,103,109,114,103,126,144,140,158,139,155,160,160,127,122,188,120,160,,108,107,127,108,108,,126,160,118,159,225,164,149,,,165,142,173,144,152,,175,190,166,170,,,203,135,98,124,103,118,96,106,122,131,109,,95,119,96,95,100,101,132,127,120,134,113,121,111,86,85,100,74,118,114,103,,85,,98,86,,195,,201,192,,,,,147,,,,173,162,102,99,113,100,92,,113,118,143,113,120,120,118,108,117,116,120,137,98,111,93,81,,168,75,91,163,164,168,171,167,167,,65,64,64,71,56,54,59,52,46,60,58,60,64,57,75,70,75,,,52,,52,45,51,41,144,,137,107,,,62,66,67,42,,50,41,46,,67,75,70,62,65,27,41,35,40,27,,,,46,,,59,,56,44,50,46,33,40,42,31,40,32,,51,,,129,,137,154,137,143,159,146,152,157,,123,115,123,121,124,115,164,132,122,136,75,79,78,196,198,174,108,94,106,90,,103,213,197,,105,110,,103,105,106,103,96,,126,82,,,81,79,,125,,146,143,138,142,119,119,,119,116,,109,101,,99,,170,153,172,,162,163,148,145,154,,70,61,73,68,70,63,108,92,93,99,98,106,83,62,62,63,57,44,54,59,63,60,56,60,114,116,110,117,115,110,90,90,94,,97,99,90,84,91,94,113,103,105,98,102,69,75,73,,86,84,86,,86,79,81,84,69,,81,87,73,,87,,102,99,96,91,128,140,148,,,,82,,84,,109,,71,,101,101,100,96,97,,101,,117,115,93,120,89,87,,136,122,124,121,124,125,,110,,,114,81,77,74,77,110,117,106,111,96,135,105,138,156,151,173,160,156,167,76,79,126,119,126,124,129,117,120,114,119,,86,97,95,118,84,100,100,96,,,,,159,160,,171,91,104,122,106,102,118,87,94,100,112,94,126,114,,127,60,,97,102,137,,120,126,,119,83,119,105,104,98,110,106,104,124,215,148,140,,149,147,160,158,155,138,148,126,128,,131,123,129,123,135,,,66,,,,,47,,,,,,,,,,,,,,,,38,,,,,,,,,,,,,,,,,,,,,,,,,,,,,,,,,,,,,,109,94,99,100,104,69,72,69,73,,,,108,103,100,104,,96,127,150,135,137,135,147,,138,130,133,,,113,108,,125,116,123,,121,,145,146,,,135,108,,,172,171,158,,,98,106,144,153,150,147,149,89,82,114,96,197,64,69,61,74,74,76,70,68,115,124,112,119,,93,89,101,,42,40,37,40,100,98,123,112,38,41,39,94,,,110,81,82,84,80,92,90,85,110,95,103,50,92,96,92,90,136,,,122,100,105,126,100,93,,87,71,69,,70,72,70,,56,62,64,60,39,58,70,,48,53,56,48,57,47,67,71,,64,54,52,59,85,93,,80,,77,,,,60,60,60,58,62,63,,61,,50,52,62,80,79,77,73,,72,72,76,,,68,68,70,,82,77,75,,,58,73,56,53,53,57,85,97,106,94,104,48,54,56,60,,56,77,76,71,62,,91,93,104,107,87,90,92,91,68,,65,72,82,66,62,50,49,50,43,57,50,,130,119,128,,106,121,114,100,,99,93,98,,102,69,74,70,72,,103,107,103,105,64,58,60,,80,79,79,68,70,,83,66,66,95,110,102,101,105,109,104,109,80,,91,93,93,,83,83,,89,79,87,89,,91,97,90,95,91,111,123,132,135,123,126,93,99,106,91,100,95,104,102,106,104,102,115,113,114,110,123,126,121,124,122,93,104,118,100,95,78,105,103,85,101,60,91,98,171,167,182,163,137,137,144,133,131,135,171,153,151,155,132,140,144,146,148,120,118,89,113,123,,178,143,149,97,86,,96,102,123,126,112,129,123,116,121,132,135,141,136,20,159,,,,110,109,,104,125,133,137,132,114,,147,140,130,,,,,113,144,142,129,140,99,,117,,87,116,130,106,102,109,86,82,81,72,78,,,,,133,136,75,75,104,103,97,,82,65,66,93,102,85,81,81,85,80,57,59,89,86,,82,93,91,94,93,89,88,84,57,,81,71,,83,90,,110,104,107,,107,,92,,50,50,90,106,112,103,158,140,147,140,94,111,98,80,,165,166,,120,118,159,,152,153,100,105,161,157,,85,87,153,143,,,168,169,161,,156,152,126,120,99,143,145,,142,,,130,115,116,108,126,116,159,148,114,,112,130,125,148,142,160,152,152,118,,,147,118,,103,,109,126,127,97,98,60,111,178,144,120,137,137,145,,118,116,88,84,48,66,73,,82,,44,109,191,31,89,71,161,128,66,67,76,107,66,92,,,144,56,59,145,,172,179,162,82,,85,74,,,42,76,74,46,83,85,37,37,45,73,88,154,128,153,109,,145,81,,214,112,105,109,132,148,106,62,85,97,71,78,71,131,125,154,40,138,50,110,46,87,146,80,109,52,101,94,100,,152,67,197,108,144,147,103,108,108,153,86,144,65,75,108,88,125,112,147,69,66,41,97,78,89,96,,,243,78,118,79,83,90,87,86,96,159,108,51,74,124,60,87,69,69,,110,202,198,193,180,120,156,33,38,38,48,44,43,56,35,34,115,138,168,149,149,160,81,92,56,60,38,53,87,63,144,196,176,170,162,152,145,116,112,110,132,148,138,111,81,104,212,140,98,140,104,147,,116,79,71,71,92,66,63,61,113,112,100,105,75,95,98,105,106,55,81,99,96,103,92,87,94,148,147,94,118,118,182,,158,101,142,44,38,70,61,36,43,,52,136,137,62,95,44,117,,40,165,107,102,85,145,102,105,148,137,142,164,142,58,67,59,49,50,56,73,80,43,98,99,82,158,86,86,92,60,73,74,62,76,83,60,36,48,71,49,114,113,115,101,99,131,196,170,93,149,117,152,137,139,184,180,89,158,206,142,74,115,109,133,148,137,71,55,80,69,77,71,52,129,89,134,127,118,111,72,67,82,107,88,74,85,94,98,157,167,174,99,130,132,74,86,44,81,54,57,52,51,45,37,42,133,,100,68,64,74,146,128,113,134,109,131,65,57,70,61,62,108,141,133,107,163,106,75,94,83,82,78,80,,45,89,139,86,102,110,99,108,103,76,82,73,52,65,57,142,153,137,116,118,132,144,161,152,170,108,97,110,107,162,134,124,141,131,159,160,147,162,146,146,115,120,88,103,104,130,100,107,112,88,99,32,140,143,134,148,110,132,116,118,114,88,92,110,164,99,147,118,90,177,157,132,147,111,194,176,,91,68,97,98,84,99,163,45,37,50,40,59,81,133,128,148,118,134,69,89,82,53,82,,95,82,38,159,107,94,123,113,82,81,124,103,110,142,65,52,61,177,94,57,118,88,110,95,106,96,86,92,166,156,139,79,132,130,88,121,87,47,104,71,95,108,122,60,48,45,63,168
20230729,17,O3_8h,41,94,37,38,42,60,60,61,79,81,53,66,,,41,,37,44,35,,37,,21,38,,32,62,,59,61,64,54,49,66,68,,30,25,,26,24,49,32,38,,48,,32,39,36,47,66,59,68,,74,129,,125,129,131,76,90,86,85,80,58,46,,54,48,48,46,52,53,,46,45,42,46,100,,100,94,88,101,93,102,,137,143,,,142,138,137,134,43,51,47,,49,48,54,48,57,,65,32,34,23,27,33,34,32,29,34,29,66,72,71,71,76,63,,57,63,76,113,92,80,,94,98,96,97,96,87,93,101,26,25,25,31,23,,30,24,22,22,56,61,68,58,60,61,51,60,64,44,,47,49,48,48,41,43,30,30,33,25,33,37,,,,51,54,,63,57,59,,,,67,,55,51,43,57,49,48,50,53,55,,,,63,64,,70,67,67,60,55,,58,49,44,47,46,49,42,44,,45,,55,56,,52,50,,55,57,57,,57,53,56,54,32,31,34,,,43,34,36,48,53,53,38,,45,,,56,,51,48,,49,44,40,18,25,20,,69,62,59,66,62,64,63,58,47,40,53,52,49,50,46,52,50,51,,,62,58,61,56,,27,30,49,57,51,,52,54,49,,59,21,26,28,,31,31,24,31,22,,,29,36,28,38,36,33,33,36,38,36,34,32,34,27,42,64,50,64,65,71,54,60,,48,56,71,80,75,84,86,79,78,90,91,75,117,136,,114,129,96,151,123,118,101,120,32,44,38,41,40,54,,66,58,53,37,65,68,66,77,125,120,114,88,,100,136,143,78,84,64,77,103,105,102,113,,,103,90,88,82,89,92,62,59,121,118,130,90,117,116,118,97,100,138,96,115,,90,89,97,89,84,,98,119,97,117,124,122,114,,,122,103,115,112,103,,138,147,143,142,,,164,106,63,84,69,85,78,79,82,89,78,,73,99,82,84,87,84,107,102,100,104,95,96,83,59,58,76,54,85,72,83,,60,,73,62,,167,,154,148,,,,,121,,,,144,134,61,61,60,61,66,,68,91,106,91,98,90,90,83,85,90,92,89,75,87,73,,,163,,,146,139,151,146,143,143,,40,36,39,27,24,22,19,44,43,52,32,39,38,35,53,53,65,,,35,,38,35,38,30,58,,58,52,,,43,49,46,36,,30,23,30,,48,54,50,47,50,21,29,28,29,18,,,,36,,,45,,46,33,40,32,28,32,39,28,32,23,,39,,,98,,101,110,112,66,76,68,77,77,,101,95,97,97,94,96,125,104,94,105,61,68,64,71,65,62,84,76,82,78,,80,152,134,,83,85,,82,86,86,82,84,,90,71,,,48,47,,108,,121,119,120,112,76,77,,72,73,,85,90,,86,,91,86,97,,95,93,142,136,147,,48,42,50,45,42,45,100,61,56,58,52,55,52,46,23,17,38,37,33,43,38,42,43,46,57,53,50,55,53,42,76,77,74,,77,69,68,63,63,64,100,90,95,90,94,59,64,67,,65,62,65,,67,54,64,64,50,,61,56,61,,40,,44,42,48,47,46,31,40,,,,40,,36,,41,,,,44,43,42,69,73,,75,,79,84,,81,72,71,,72,67,74,67,68,76,,102,,,90,72,69,67,65,97,104,98,88,66,79,82,75,116,117,123,124,118,115,69,76,95,94,108,97,109,93,101,91,96,,53,62,52,76,69,86,84,84,,,,,112,122,,131,79,92,103,91,81,108,68,68,71,75,71,98,92,,78,,,81,91,110,,106,109,,104,69,82,85,88,83,84,90,86,104,122,126,116,,129,131,139,132,136,117,124,115,114,,119,103,121,118,130,,,28,,,,,38,,,,,,,,,,,,,,,,33,,,,,,,,,,,,,,,,,,,,,,,,,,,,,,,,,,,,,,75,55,50,52,57,52,51,52,51,,,,71,65,66,71,,65,110,122,116,121,116,116,,114,113,104,,,89,80,,83,80,101,,104,,129,125,,,122,85,,,142,145,132,,,82,82,136,142,133,132,134,66,59,87,70,109,41,42,45,45,56,57,51,54,61,65,67,60,,70,68,57,,34,32,26,32,93,86,105,105,28,30,28,82,,,99,70,74,73,70,89,86,78,106,81,87,,87,90,85,82,118,,,111,68,76,93,92,83,,62,55,55,,59,57,58,,45,50,52,49,30,48,56,,35,43,40,39,51,38,41,42,,45,50,49,51,66,74,,46,,48,,,,39,41,39,36,46,47,,39,,40,46,57,67,67,68,62,,52,52,52,,,57,56,57,,67,67,65,,,42,59,44,41,44,46,60,76,78,74,77,40,41,44,44,,36,56,56,53,51,,74,80,88,87,63,64,66,66,48,,52,55,60,56,56,47,46,48,33,43,41,,39,35,38,,28,33,29,38,,41,40,50,,54,56,61,56,58,,53,58,55,56,51,46,46,,58,55,56,51,56,,56,52,56,64,66,76,79,80,76,74,71,60,,70,71,72,,61,62,,67,51,46,64,,43,43,42,70,61,102,109,113,117,112,111,85,91,92,85,92,82,92,89,93,93,92,109,106,106,100,108,113,114,108,111,86,93,97,88,84,69,86,83,81,91,44,69,75,116,113,124,109,90,102,95,99,99,90,120,116,115,116,101,104,105,113,117,96,97,62,82,86,,138,104,95,81,73,,79,84,100,99,98,107,105,98,104,83,105,112,102,16,118,,,,98,98,,93,86,81,82,79,76,,97,92,84,,,,,94,125,121,110,124,75,,89,,58,87,90,82,78,80,78,73,68,65,73,,,,,91,86,68,68,86,86,74,,70,50,50,82,92,68,65,66,66,69,53,53,76,73,,77,86,79,79,57,52,80,65,40,,47,42,,69,68,,88,81,94,,92,,81,,42,39,59,68,70,70,143,131,136,134,69,89,79,53,,140,152,,104,97,137,,142,142,81,81,140,138,,75,79,130,122,,,138,144,140,,144,135,119,106,80,136,118,,120,,,104,94,97,93,85,74,118,117,77,,70,118,109,111,108,114,103,102,112,,,113,88,,80,,100,98,102,51,60,36,67,132,42,39,48,58,116,,101,60,67,68,36,58,54,,48,,34,50,160,,75,,137,106,54,54,48,98,50,78,,,47,51,48,49,,139,148,133,64,,59,58,,,30,62,60,39,53,60,30,30,36,61,69,108,99,109,97,,38,39,,148,90,90,91,104,128,86,47,80,73,48,54,59,33,32,127,34,119,34,82,30,65,61,70,84,,77,73,86,,132,44,123,54,125,113,95,100,97,44,39,117,49,60,79,68,77,50,132,54,42,33,85,66,74,77,,,202,62,54,54,58,79,72,68,48,139,48,42,63,85,45,37,60,40,,60,175,157,154,144,99,134,25,32,27,38,31,34,42,25,26,90,112,151,136,130,150,67,59,44,50,31,44,69,52,108,129,120,113,108,61,63,24,43,56,78,106,118,67,65,77,148,98,80,108,50,41,,41,65,57,56,73,50,39,39,48,44,49,77,51,36,44,90,91,,76,85,85,88,83,62,80,113,109,78,96,89,145,,137,84,112,32,30,50,48,30,32,,39,58,56,49,76,,95,,31,134,76,75,67,116,76,92,111,112,104,119,110,49,57,45,38,39,46,52,48,34,51,77,,130,64,63,66,48,62,57,52,63,66,47,32,39,56,44,102,77,90,62,59,98,133,73,72,108,42,83,104,112,130,68,76,91,144,62,38,47,50,42,42,37,58,44,66,61,44,40,47,33,42,41,34,32,46,59,55,64,102,65,68,71,68,76,139,139,146,84,104,109,30,25,34,44,42,43,39,41,34,30,33,67,,46,40,44,47,122,112,93,125,90,87,52,32,46,51,53,97,107,100,97,129,68,70,75,68,74,64,66,,33,60,98,71,78,85,79,86,80,62,62,56,,53,51,127,135,115,81,61,78,114,72,53,73,27,23,31,27,37,41,64,70,52,62,63,78,83,74,70,54,34,39,34,52,37,44,71,103,58,83,26,109,102,82,117,91,116,75,102,104,72,78,91,86,63,131,92,28,75,117,86,101,92,149,140,,70,54,47,46,78,88,117,34,30,28,31,47,48,116,109,120,109,90,56,64,62,40,61,,80,64,32,113,81,84,40,86,59,51,48,67,49,120,42,40,22,161,78,44,38,60,27,25,83,74,48,66,156,144,100,63,39,116,77,105,78,38,78,58,75,96,95,46,36,37,39,138
20230729,17,O3_8h_24h,59,95,60,41,56,60,61,61,81,81,53,66,,,52,,41,44,47,,44,,27,38,,35,62,,104,96,98,103,99,108,116,,47,32,,26,27,49,40,38,,48,,56,62,61,85,84,86,95,,98,129,,125,129,131,76,90,86,85,80,66,46,,54,48,48,46,75,72,,79,82,74,82,100,,100,95,89,101,93,102,,137,143,,,142,138,137,134,43,51,47,,49,48,54,48,57,,65,48,34,26,28,33,34,32,29,34,29,66,72,71,71,76,63,68,57,63,76,113,92,80,63,94,98,96,97,96,87,93,101,26,25,25,31,23,,30,24,22,22,56,61,68,58,60,61,51,60,64,44,,47,49,48,48,41,43,30,30,33,25,33,37,,,,51,54,,63,57,59,,,,67,,55,51,43,57,49,48,50,53,55,,,,63,64,,70,67,67,60,55,,58,49,44,47,46,49,42,44,,45,,55,56,,52,50,,55,57,57,,57,53,56,54,32,31,35,,,43,34,36,48,56,53,43,,45,,,56,,51,48,,49,44,41,18,25,20,,69,62,59,66,62,64,63,58,47,40,53,52,49,50,46,52,50,51,,,63,58,63,58,,46,33,49,57,51,,52,54,49,,59,21,26,28,,31,31,24,31,22,,,29,36,28,38,36,33,52,54,56,59,54,42,54,48,57,64,50,64,65,71,54,60,,48,56,71,80,75,84,86,79,78,90,91,75,117,136,,114,129,96,151,123,118,101,120,90,98,85,96,72,87,,87,72,57,90,108,98,88,81,125,120,114,88,,100,136,143,81,86,80,80,103,105,102,113,,,103,90,92,102,99,105,98,87,121,118,130,90,117,116,118,97,100,138,96,115,,90,89,97,89,86,,98,119,97,117,124,122,114,,,122,103,115,112,103,,138,147,143,142,,,164,106,63,84,69,85,78,79,82,89,78,,73,99,82,84,87,84,107,102,100,104,95,96,83,59,58,76,54,85,72,83,,60,,73,62,,167,,154,148,,,,,121,,,,144,134,85,92,85,84,74,,74,91,106,91,98,90,90,83,85,90,92,98,75,87,73,97,,163,86,96,146,139,151,146,143,143,,40,36,39,66,53,53,59,44,44,52,52,39,51,43,64,63,70,,,35,,38,35,38,30,58,,58,52,,,43,49,46,36,,30,23,30,,48,54,50,47,50,21,34,29,29,21,,,,36,,,45,,46,33,40,32,28,32,39,28,33,26,,39,,,98,,101,110,112,107,122,121,148,120,,101,95,97,97,94,96,125,104,94,105,61,68,64,81,84,76,84,76,82,78,,80,152,134,,83,85,,82,86,86,82,84,,90,71,,,48,47,,108,,121,119,120,112,118,119,,116,116,,85,90,,86,,119,112,123,,119,114,143,136,147,,48,42,50,45,42,45,100,61,56,58,52,55,52,46,23,17,38,37,33,43,53,45,44,47,63,59,52,59,58,58,77,78,74,,79,83,78,76,74,77,100,90,95,90,95,59,64,67,,65,62,65,,67,54,64,64,50,,63,56,61,,86,,91,89,96,91,53,49,59,,,,40,,40,,84,,78,,49,52,46,69,73,,75,,79,84,36,81,72,71,,72,67,74,67,68,76,,102,,,90,72,69,67,65,97,104,98,88,66,104,83,75,116,117,123,124,118,115,69,76,95,94,108,97,109,93,101,91,96,,60,62,52,76,69,86,84,84,,,,,112,122,,131,79,92,103,91,81,108,68,68,71,75,71,98,92,,78,54,,81,91,110,,106,109,,105,69,82,85,88,83,84,90,86,104,122,126,116,,129,131,139,132,136,117,124,124,128,,119,114,121,118,130,,,28,,,,,38,,,,,,,,,,,,,,,,33,,,,,,,,,,,,,,,,,,,,,,,,,,,,,,,,,,,,,,75,55,50,52,57,52,51,52,51,,,,78,76,74,75,,67,110,122,116,121,116,122,,120,117,104,,,89,80,,83,80,101,,104,,129,125,,,122,85,,,142,145,132,,,83,82,136,142,133,134,137,66,59,87,70,109,41,42,45,45,56,57,51,54,85,87,90,76,,70,68,59,,36,33,26,32,93,86,105,105,28,30,28,82,,,99,72,74,73,70,90,86,78,106,81,87,46,89,93,88,86,126,,,111,75,80,97,92,83,,62,55,55,,59,57,58,,45,50,52,49,30,48,56,,35,43,40,40,51,38,41,42,,45,50,49,51,66,74,,46,,48,,,,39,41,39,36,46,47,,39,,40,46,57,69,69,73,63,,52,52,52,,,57,56,57,,67,67,65,,,55,59,44,41,45,46,60,76,78,74,77,40,41,44,44,,38,56,56,53,51,,74,80,88,87,63,64,66,66,48,,52,55,60,56,56,47,46,48,33,43,41,,45,43,48,,44,46,42,42,,41,40,52,,54,56,61,56,58,,53,60,55,56,51,46,46,,58,55,56,52,58,,57,52,57,64,66,76,79,80,76,74,71,60,,81,82,75,,61,62,,67,51,48,64,,46,49,42,70,61,102,109,113,117,112,111,85,91,92,85,92,82,92,89,93,93,92,109,106,106,100,108,113,114,108,111,86,93,97,88,84,69,86,83,81,91,48,69,75,116,113,124,109,90,102,95,99,99,90,120,116,115,116,101,104,105,113,117,96,97,62,82,86,,138,104,95,81,73,,79,84,100,99,98,107,105,98,104,83,105,112,102,16,118,,,,98,98,,93,86,81,82,79,76,,97,92,84,,,,,94,125,121,110,124,75,,89,,58,87,90,82,78,80,78,73,68,65,73,,,,,91,86,68,68,86,86,74,,70,50,50,82,92,72,65,70,66,69,53,53,76,73,,77,86,79,79,57,52,80,68,40,,47,42,,72,68,,88,81,94,,92,,81,,42,39,59,68,70,70,143,131,136,134,69,89,79,53,,142,152,,104,97,137,,142,142,81,81,140,138,,83,85,130,122,,,138,144,140,,144,135,119,106,80,136,118,,120,,,104,94,97,93,103,103,118,117,83,,91,118,109,118,123,114,120,122,112,,,113,94,,80,,107,98,102,82,60,53,111,132,46,43,48,102,125,,101,70,67,68,37,58,54,,48,,34,50,160,43,75,10,137,106,54,54,48,98,50,78,,,47,53,48,50,,139,148,133,64,,59,58,,,30,62,60,39,53,60,30,30,36,61,81,108,99,109,97,,49,44,,148,90,90,91,104,128,86,47,80,74,48,54,62,38,44,127,34,119,34,82,30,65,61,70,84,58,77,73,86,,132,48,123,57,125,113,95,100,97,58,44,117,51,60,79,68,77,94,132,54,42,33,85,69,74,77,,,202,62,78,54,58,83,72,68,48,139,53,42,63,85,47,39,60,40,,60,175,157,154,144,99,134,25,32,27,38,31,34,42,25,26,90,112,151,136,130,150,67,59,44,50,31,44,69,52,108,129,120,113,108,62,70,88,78,92,101,106,118,95,65,77,148,98,80,108,50,41,,42,65,57,56,73,50,39,39,84,85,52,77,51,88,91,90,91,52,76,85,85,88,83,62,80,113,109,78,96,89,145,,137,84,112,32,30,50,48,30,32,,39,58,56,49,76,55,95,,40,134,76,75,67,116,86,92,111,112,104,119,110,49,57,45,38,39,46,52,48,34,93,79,86,130,64,63,66,48,62,57,52,63,66,47,32,39,56,44,102,92,91,90,83,98,133,104,72,108,74,112,104,112,130,97,76,91,144,99,43,54,55,64,42,37,58,44,66,61,44,40,47,52,51,49,43,44,86,59,55,64,102,65,68,71,68,76,139,139,146,84,104,109,38,25,34,44,42,43,39,41,34,30,33,67,,46,40,44,47,122,112,93,125,90,87,59,54,65,61,53,97,107,100,97,129,68,70,75,68,74,64,66,,34,60,98,84,78,85,79,86,80,62,62,56,50,53,51,127,135,115,112,116,132,114,103,84,94,29,32,31,27,70,77,121,93,54,62,63,78,83,77,70,59,53,39,82,53,44,46,71,103,58,83,26,109,102,82,117,91,132,94,115,106,72,78,92,110,66,131,92,67,116,117,86,101,92,149,140,,70,54,94,92,78,88,117,34,30,28,31,47,48,116,109,120,109,90,57,64,62,40,61,,80,64,32,120,81,84,52,86,59,52,48,67,49,120,42,40,22,161,78,44,52,60,27,38,83,76,51,69,156,144,100,63,60,116,77,105,78,38,78,58,75,96,95,46,36,37,39,138
20230729,17,CO,,0.5,0.6,0.6,0.4,0.3,0.4,0.2,0.4,0.4,0.4,0.4,,,0.6,,0.4,0.6,0.6,,0.5,,0.2,0.4,,0.4,0.4,,0.4,0.2,0.2,0.4,0.2,0.2,0.5,,0.5,0.7,,0.7,0.7,0.2,0.3,0.3,,0.2,,0.3,0.4,0.3,0.2,0.4,0.5,0.3,,0.3,0.4,,0.5,0.3,0.7,0.5,0.5,0.6,0.4,0.5,0.2,0.2,,0.2,0.2,0.1,,0.3,0.3,,0.3,0.2,0.2,0.5,0.8,,0.5,0.8,0.5,0.8,0.6,0.6,,0.4,0.6,,,0.5,0.5,0.5,0.3,0.5,0.8,0.7,,0.7,0.5,0.5,0.8,0.4,,0.3,0.6,0.4,0.4,0.6,0.4,,0.1,0.6,0.6,0.4,0.5,0.5,0.4,0.4,0.4,0.3,,0.5,0.4,0.5,0.7,0.6,0.5,,0.5,0.6,0.6,0.5,0.5,0.5,0.3,0.5,0.4,0.3,0.4,0.6,0.4,,0.4,0.4,0.3,0.5,0.3,0.4,0.1,0.5,0.4,0.6,0.2,0.3,0.4,0.4,,0.5,0.4,0.4,0.5,0.5,0.5,0.4,0.5,0.4,0.4,0.4,0.2,,,,0.4,0.3,,0.3,0.2,0.3,,,,0.2,,0.7,0.5,0.4,0.6,0.5,0.4,0.2,0.5,0.6,,,,0.4,0.5,,0.7,0.3,0.4,0.3,0.4,,0.5,0.7,0.5,0.6,0.7,0.3,0.4,0.3,,0.3,,0.5,0.5,,0.5,0.5,,0.4,0.6,0.7,,0.7,0.4,0.5,0.4,0.5,0.4,0.3,,,0.4,0.5,0.4,0.4,0.4,0.5,0.4,,0.4,,,0.5,,0.5,0.4,,0.5,,0.5,0.4,0.4,0.3,,0.3,0.4,0.4,0.4,0.4,0.4,0.4,0.4,0.3,0.4,0.5,0.2,0.3,0.3,0.5,0.4,0.4,0.3,,,0.3,0.3,0.5,0.4,,0.2,0.4,0.6,0.4,0.6,,0.5,0.6,0.3,,0.4,0.3,0.2,0.5,,0.6,0.5,0.5,0.5,0.3,,,0.3,0.4,0.4,0.2,0.4,0.3,0.4,0.5,0.4,0.4,0.5,0.4,0.4,0.4,0.6,0.6,0.4,0.3,0.4,0.4,0.4,0.5,,0.5,0.5,0.3,0.5,0.4,0.3,0.3,0.3,0.5,0.5,0.6,0.4,0.8,0.7,,0.7,0.6,0.7,0.8,0.8,0.7,0.9,0.5,0.9,0.7,0.6,1,0.6,0.7,,0.6,0.6,1,0.7,0.5,0.4,0.3,0.6,0.6,0.7,0.4,0.7,,0.6,0.7,0.6,0.5,0.6,0.3,0.5,0.5,0.5,0.5,0.4,,,0.9,0.6,1,0.6,0.8,0.6,0.8,0.7,0.4,0.6,0.5,0.5,0.7,0.6,0.7,0.8,0.5,0.8,0.6,0.8,,0.5,0.4,0.3,0.4,0.3,,0.8,0.7,0.4,0.5,0.6,0.6,0.7,,,0.7,0.3,0.6,0.6,0.8,,0.3,0.3,0.3,0.5,,,0.4,0.6,0.7,0.4,0.4,0.7,0.3,0.4,1.1,0.4,0.4,,0.5,0.5,0.6,0.4,0.6,0.6,0.2,0.2,0.2,0.2,0.1,0.2,0.7,0.6,0.6,0.4,0.6,0.7,0.7,0.4,,0.8,,0.6,0.6,,0.4,,0.2,0.5,,,,,0.6,,,,0.3,0.4,0.3,0.2,0.2,0.5,0.3,,0.3,,0.5,0.1,0.4,0.5,0.4,0.4,0.4,0.3,0.4,0.4,0.3,0.5,0.4,,,0.6,,,0.8,0.6,0.5,0.4,0.5,0.8,,0.5,0.4,0.4,0.5,0.6,0.7,0.5,0.5,0.4,0.3,0.2,0.1,0.4,,0.6,0.6,0.6,,,0.5,,0.1,0.7,0.1,0.3,0.5,,0.3,0.7,,,0.1,0.2,0.2,,,0.3,,0.2,,0.2,0.3,0.4,0.3,0.2,0.6,0.1,0.1,0.4,0.4,,,,0.3,,,0.5,,0.5,0.1,0.3,0.2,0.1,0.3,0.4,0.2,0.2,0.4,,,,,0.6,,0.6,0.5,0.6,0.6,0.5,0.6,0.7,0.6,,0.6,0.5,0.6,0.6,0.6,0.5,0.6,0.6,0.6,0.7,0.6,0.6,0.6,0.7,0.6,0.6,0.6,0.5,0.7,0.7,,0.5,0.5,0.5,,0.5,0.5,,0.9,0.9,1.2,1,0.9,,0.7,1,,,0.2,0.1,,0.5,,0.5,0.5,0.4,0.5,0.7,0.7,,0.6,0.7,,0.8,0.9,,0.8,,0.7,0.7,0.7,,0.5,0.6,0.5,0.4,0.5,,0.6,1,0.9,0.7,0.9,0.6,0.7,0.2,0.5,0.2,0.6,0.3,0.4,0.2,1.2,1.7,0.6,0.6,0.6,0.4,0.5,0.4,0.4,0.5,0.5,0.6,0.4,0.6,0.6,0.6,0.5,0.3,0.3,,0.3,0.3,0.4,0.3,0.4,0.3,0.3,0.5,0.4,0.4,0.2,0.4,0.5,0.5,,0.6,0.6,0.5,,0.4,0.5,0.7,0.3,0.8,,0.7,0.6,0.5,,1.2,,1.3,1.2,0.8,1,0.6,0.3,0.2,,,,0.3,,0.7,,0.5,,,,0.4,0.6,0.3,0.9,0.9,,1,,,0.3,0.5,0.3,0.4,0.4,,0.4,0.6,0.5,0.5,0.4,0.6,,0.6,,,0.4,0.2,0.3,0.1,0.7,0.6,0.5,0.5,0.5,0.5,0.4,0.6,0.6,0.4,0.7,0.7,0.7,0.8,0.7,0.3,0.2,0.5,0.5,0.4,0.5,0.6,0.5,0.6,0.5,0.6,,2.8,0.7,3,0.9,0.3,0.5,0.4,0.5,,,,,0.5,0.4,,0.5,0.3,0.3,0.3,0.3,0.2,0.2,0.6,0.6,0.4,0.3,0.4,0.7,0.5,,0.7,,,1,0.5,0.9,,0.7,0.5,,0.7,0.4,,0.6,0.6,0.6,0.6,0.5,0.7,0.8,0.9,1,0.9,,0.3,0.6,0.3,0.5,0.6,0.4,0.3,0.2,0.1,,0.3,0.2,0.3,0.2,0.2,,,0.3,,,,,0.4,,,,,,,,,,,,,,,,0.3,,,,,,,,,,,,,,,,,,,,,,,,,,,,,,,,,,,,,,0.4,0.3,0.5,0.4,0.5,0.4,0.4,0.5,0.5,,,,2.4,1.9,2.1,1.5,,1.5,0.7,0.6,0.5,0.6,0.5,0.6,,0.5,0.5,1.1,,,1,0.8,,0.7,0.6,0.6,,0.5,,0.7,0.5,,,0.4,0.4,,,0.6,0.5,0.5,,,0.3,0.3,0.3,0.3,0.5,0.5,0.5,0.6,0.4,0.8,0.4,0.4,0.3,0.3,0.3,0.8,0.7,0.8,0.7,0.8,0.6,0.7,0.6,0.6,,0.6,0.2,0.6,,0.2,0.1,0.4,0.5,0.2,0.5,,0.2,0.4,0.5,0.5,0.1,,,,0.4,0.3,0.6,0.2,0.4,0.1,0.3,0.5,0.2,0.5,,0.5,0.5,0.5,0.6,0.5,,,0.7,0.6,0.5,0.4,0.4,0.4,,0.1,0.2,0.2,,0.3,0.2,0.3,,0.3,0.2,0.1,0.2,0.2,0.3,0.3,,0.5,0.5,0.3,0.4,0.3,0.7,0.4,0.5,,0.4,0.4,0.4,0.2,0.1,0.3,,0.5,,0.4,,,,0.2,0.2,0.2,0.4,0.5,0.5,,0.4,,0.3,0.2,0.5,0.8,0.8,0.5,0.6,,1.9,1.3,0.8,,,0.6,0.6,0.5,,0.6,0.4,0.3,,,0.8,0.4,0.2,0.4,0.4,0.2,0.4,0.8,0.6,0.6,0.6,1.1,0.5,0.6,0.6,,0.7,0.4,0.5,0.4,0.3,,1.1,0.6,0.7,0.8,0.6,0.6,0.5,0.7,0.6,,0.8,,0.7,0.4,1.2,1,0.9,1.1,0.6,0.4,0.8,,0.6,0.4,0.4,,0.5,0.6,0.5,0.6,,0.5,0.4,0.5,,0.6,0.1,0.3,0.5,0.4,,0.3,0.3,0.1,0.3,0.8,0.3,0.4,,0.2,0.2,0.3,0.6,0.4,,0.5,0.4,0.6,0.6,0.3,0.2,0.6,0.6,0.6,0.5,0.5,0.6,,0.5,0.4,0.3,,0.6,0.6,,0.6,0.4,,0.5,,0.5,0.6,0.7,0.7,0.6,0.2,0.5,0.7,0.6,0.6,0.5,0.2,0.2,0.3,0.3,,0.3,0.5,0.6,0.6,0.7,0.8,0.6,0.5,0.5,0.4,0.5,0.6,0.4,0.5,0.4,0.3,0.5,0.4,0.5,0.4,0.5,0.4,0.7,0.7,0.4,0.5,0.4,0.5,0.9,0.9,1.2,0.7,0.9,0.9,0.4,0.8,0.7,0.6,0.9,0.7,0.7,0.6,0.5,0.6,0.5,0.7,0.9,0.6,0.6,0.5,0.6,0.5,,0.6,0.4,0.5,0.3,0.4,,0.2,0.5,0.3,,0.2,0.3,0.4,0.4,0.5,0.5,0.4,0.5,0.6,0.2,0.4,,,,0.4,0.4,,0.4,0.4,0.4,0.2,0.3,0.2,,0.5,0.4,0.6,,,,,0.4,0.4,0.4,0.4,0.3,,,0.4,,0.2,0.3,0.7,0.5,0.6,0.6,0.3,0.5,0.5,0.4,0.5,,,,,0.4,0.2,0.3,0.4,0.3,0.3,0.4,,0.3,0.6,0.5,0.2,0.2,0.7,0.7,0.6,0.6,0.4,0.4,0.5,0.6,0.6,,0.4,0.4,0.3,0.2,0.4,0.4,0.6,0.6,0.8,,0.5,0.4,,0.3,0.4,,0.2,0.2,0.4,,0.1,,0.1,,0.4,0.4,0.4,0.6,0.5,0.4,0.5,0.7,0.6,0.6,0.3,0.4,0.5,0.4,,0.5,0.1,,0.4,0.4,0.2,,0.3,0.4,0.4,0.5,0.4,0.3,,0.4,0.3,0.1,,,,,0.2,0.2,,0.5,0.2,0.5,0.4,0.5,0.4,0.5,,0.5,,,0.3,0.5,0.5,0.4,0.4,0.4,0.2,0.3,0.5,,0.3,0.3,0.4,0.3,0.4,0.2,0.3,0.4,0.6,,,0.4,0.4,,0.4,,0.5,0.4,0.3,0.3,3,0.3,0.6,0.9,0.6,0.3,0.7,0.1,0.5,,0.6,0.5,0.4,0.4,0.4,0.4,0.5,,0.4,,0.1,0.4,0.5,,0.6,,0.3,0.1,0.1,0.5,0.8,0.3,0.4,0.3,,,0.2,0.4,0.4,0.3,,0.4,0.4,0.5,0.6,,0.4,0.5,,,0.4,0.5,0.3,0.4,0.4,0.2,0.9,0.5,0.3,0.4,0.5,0.5,0.5,0.6,0.9,,0.3,0.6,,0.7,0.6,0.3,0.2,0.4,0.4,0.1,,0.5,0.8,0.9,0.3,0.4,0.5,0.7,0.3,,0.7,0.2,0.3,0.4,0.3,0.5,0.8,,,0.4,0.5,0.3,,0.4,0.2,0.6,0.4,0.4,0.3,0.5,0.4,0.5,0.1,0.4,0.3,0.2,0.6,0.4,0.4,0.6,0.4,0.4,0.2,0.4,0.2,0.5,0.4,0.4,0.4,,,0.4,0.3,0.3,0.7,0.4,0.1,0.4,0.2,0.4,0.2,0.5,,0.3,0.6,0.9,0.4,0.5,0.3,,0.7,0.5,0.5,0.4,0.4,0.2,0.3,0.4,0.5,0.4,0.4,0.6,0.4,0.5,0.5,0.5,0.4,0.5,0.5,0.3,0.5,0.4,0.3,0.3,0.4,0.4,0.6,0.2,0.2,0.5,0.6,0.6,0.8,0.7,0.4,0.6,0.7,0.6,0.7,0.9,0.4,0.5,0.7,0.9,0.6,0.5,0.5,0.8,1.2,0.1,,0.2,,0.1,0.4,0.3,0.4,0.4,0.6,0.4,0.5,0.5,0.4,,0.3,0.2,1.3,1.2,0.3,0.2,,0.4,0.3,0.5,0.6,0.6,0.5,0.4,0.6,0.5,0.4,0.4,0.4,0.4,,0.5,0.4,0.4,0.3,0.4,0.2,0.4,0.2,0.1,,0.3,0.6,0.5,0.3,0.6,,0.7,,0.4,0.2,0.5,0.4,0.5,0.5,0.6,0.6,0.6,0.5,0.8,0.8,0.7,0.5,0.4,0.5,0.7,0.5,0.6,0.3,1,0.2,0.3,0.4,,0.5,0.6,0.7,0.3,0.5,0.4,0.6,0.5,0.4,0.6,0.4,0.4,0.4,0.4,0.2,0.2,0.3,0.2,0.5,0.3,0.4,0.5,0.7,0.7,0.5,0.5,0.5,0.5,0.7,0.5,0.7,0.6,0.5,0.5,0.4,0.8,0.3,0.3,0.6,0.5,0.1,0.3,0.3,0.3,0.4,0.5,0.5,0.4,0.4,0.7,0.3,0.2,0.3,0.3,0.4,0.3,0.2,0.4,0.6,0.4,0.6,0.7,0.4,0.4,0.5,0.5,0.7,0.4,0.5,0.2,0.3,0.5,0.8,0.4,0.4,0.3,0.4,0.2,0.1,0.4,0.1,,0.3,0.4,0.3,0.3,0.2,0.3,0.5,0.6,0.3,0.6,0.5,0.3,0.2,0.6,0.3,0.4,0.6,0.5,0.6,0.7,0.4,0.4,0.4,0.4,0.2,0.6,0.5,,0.4,0.5,0.2,0.3,0.5,0.7,0.5,0.4,0.8,0.5,0.5,0.4,,0.4,0.5,0.5,0.7,0.6,0.9,0.6,0.4,0.7,0.6,0.3,0.5,1,0.6,0.3,0.7,0.2,0.9,0.3,0.3,0.3,0.3,0.3,0.3,0.3,0.4,0.3,0.5,0.5,0.4,1.6,0.2,0.3,0.2,0.8,0.2,0.6,0.7,0.5,0.7,0.6,0.5,0.8,0.5,0.2,0.2,0.6,0.7,0.4,,0.5,0.6,1.9,0.4,0.4,0.9,0.9,0.8,0.8,0.8,0.5,0.5,0.2,,0.6,0.4,0.8,1,0.4,0.4,0.5,0.4,0.2,0.2,,0.4,0.3,0.4,0.3,1.1,0.4,0.5,0.5,0.4,0.6,0.5,0.3,,0.4,0.3,0.4,0.2,0.9,1.2,0.3,1,0.4,0.4,0.4,0.5,0.4,0.5,0.6,0.3,0.6,0.6,0.4,0.5,0.2,0.5,1.6,0.8,0.3,0.5,0.5,0.4,0.4,0.4,0.4,0.4,0.3,0.2,0.2,0.3,0.3,0.4,0.5,0.3,0.3,0.6,0.5,0.4,0.5,0.1,0.6,0.2
20230729,17,CO_24h,0.7,0.5,0.6,0.6,0.6,0.3,0.4,0.4,0.4,0.4,0.5,0.4,,,0.7,,0.6,0.6,0.8,,0.6,,0.2,0.5,,0.4,0.6,,0.5,0.4,0.4,0.5,0.4,0.4,0.7,,0.5,0.7,,0.8,0.7,0.5,0.2,0.2,,0.2,,0.3,0.4,0.4,0.2,0.3,0.5,0.4,,0.3,0.3,,0.4,0.2,0.6,0.5,0.5,0.5,0.5,0.5,0.4,0.5,,0.5,0.3,0.2,0.1,0.4,0.4,,0.5,0.4,0.5,0.5,0.8,,0.5,0.8,0.7,0.8,0.7,0.6,,0.5,0.7,,,0.5,0.5,0.5,0.4,0.4,0.7,0.6,,0.6,0.6,0.6,0.7,0.5,,0.5,0.5,0.1,0.3,0.5,0.4,,0.1,0.5,0.5,0.4,0.5,0.5,0.4,0.3,0.4,0.3,0.6,0.4,0.4,0.4,0.6,0.6,0.5,0.7,0.5,0.5,0.6,0.5,0.9,0.4,0.3,0.5,0.4,0.3,0.4,0.6,0.4,,0.4,0.4,0.3,0.4,0.2,0.4,0.1,0.5,0.4,0.5,0.2,0.3,0.4,0.3,,0.4,0.4,0.4,0.4,0.5,0.5,0.3,0.3,0.4,0.3,0.3,0.2,,,,0.4,0.3,,0.3,0.2,0.3,,,,0.3,,0.7,0.6,0.1,0.6,0.5,0.4,0.2,0.5,0.6,,,,0.4,0.4,,0.6,0.5,0.5,0.3,0.4,,0.5,0.6,0.5,0.6,0.7,0.3,0.3,0.3,,0.3,,0.5,0.4,,0.5,0.6,,0.4,0.5,0.5,,0.6,0.4,0.5,0.6,0.4,0.4,0.3,,,0.4,0.4,0.4,0.4,0.4,0.4,0.4,,0.4,,,0.4,,0.5,0.4,,0.5,0.4,0.4,0.3,0.4,0.3,,0.4,0.4,0.4,0.4,0.3,0.4,0.4,0.4,0.3,0.4,0.5,0.2,0.3,0.3,0.5,0.4,0.4,0.3,,,0.3,0.3,0.4,0.4,,0.2,0.9,0.5,0.3,0.6,,0.5,0.6,0.7,,0.4,0.4,0.2,0.6,,0.6,0.6,0.5,0.5,0.3,,,0.2,0.4,0.4,0.2,0.4,0.3,0.4,0.4,0.4,0.4,0.5,0.4,0.4,0.4,0.6,0.7,0.5,0.4,0.6,0.5,0.4,0.6,,0.5,0.5,0.3,0.5,0.4,0.3,0.4,0.3,0.5,0.4,0.6,0.5,0.7,0.7,,0.6,0.5,0.6,0.7,0.8,0.6,0.8,0.3,0.9,0.7,0.7,1,0.6,0.7,,0.6,0.6,0.9,0.6,0.5,0.5,0.4,0.5,0.5,0.7,0.4,0.7,,0.6,0.7,0.5,0.4,0.5,0.3,0.4,0.5,0.5,0.5,0.4,,,0.9,0.7,0.9,0.7,0.8,0.6,0.8,0.7,0.5,0.5,0.5,0.5,0.8,0.7,0.8,0.8,0.6,0.8,0.7,0.9,,0.4,0.5,0.4,0.4,0.3,,0.9,1.1,0.6,0.5,0.7,0.7,0.7,,,1,0.4,0.9,0.8,1,,0.4,0.4,0.4,0.6,,,0.5,0.6,0.8,0.6,0.3,0.7,0.3,0.6,0.7,0.5,0.5,,0.7,0.4,0.6,0.4,0.6,0.6,0.2,0.3,0.3,0.3,0.1,0.2,0.7,0.7,0.6,0.5,0.6,0.7,0.6,0.4,,0.8,,0.6,0.6,,0.5,,0.5,0.6,,,,,0.6,,,,0.5,0.5,0.4,0.3,0.2,0.5,0.3,,0.3,,0.5,0.2,0.3,0.5,0.5,0.5,0.5,0.3,0.4,0.4,0.3,0.5,0.4,0.6,,0.7,0.9,0.5,0.8,0.6,0.5,0.5,0.5,0.8,,0.5,0.4,0.4,0.5,0.6,0.7,0.5,0.5,0.4,0.3,0.2,0.1,0.4,0.1,0.6,0.6,0.6,,,0.5,,0.1,0.7,0.2,0.3,0.5,,0.3,0.7,,,0.2,0.3,0.3,0.1,,0.3,0.3,0.2,,0.2,0.3,0.4,0.3,0.2,0.6,0.1,0.1,0.3,0.1,,,,0.3,,,0.5,,0.5,0.3,0.2,0.4,0.2,0.3,0.4,0.2,0.2,0.4,,,,,0.6,,0.6,0.6,0.7,0.6,0.5,0.7,0.7,0.6,,0.7,0.6,0.7,0.6,0.7,0.6,0.6,0.7,0.6,1,0.6,0.6,0.6,0.7,0.6,0.6,0.6,0.6,0.7,0.8,,0.6,0.4,0.4,,0.5,0.6,,0.6,0.7,0.7,0.7,0.9,,0.6,1,,,0.2,0.2,,0.6,,0.6,0.6,0.7,0.7,0.7,0.8,,0.7,0.8,,1.1,1,,0.9,,1,0.9,0.9,,0.8,0.8,0.4,0.3,0.4,,0.6,0.9,0.8,0.7,1,0.5,0.6,0.6,0.6,0.4,0.6,0.4,0.6,0.3,1,2.2,0.6,0.6,0.6,0.4,0.5,0.4,0.6,0.5,0.5,0.7,0.5,0.6,0.6,0.6,0.5,0.3,0.3,,0.3,0.4,0.5,0.3,0.4,0.3,0.4,0.5,0.4,0.4,0.3,0.4,0.4,0.5,,0.6,0.5,0.4,,0.4,0.5,0.7,0.4,0.6,,0.8,0.6,0.6,,1,,0.8,0.7,0.6,0.5,0.6,0.3,0.2,,,,0.3,,0.6,,0.5,,0.6,,0.4,0.6,0.3,0.7,0.7,,0.8,,0.5,0.3,0.5,0.4,0.5,0.4,,0.5,0.6,0.5,0.5,0.4,0.5,,0.6,,,0.4,0.2,0.3,0.2,0.7,0.5,0.6,0.6,0.6,0.5,0.5,0.6,0.6,0.3,0.8,0.8,0.9,1,0.6,0.4,0.3,0.5,0.6,0.5,0.5,0.6,0.5,0.6,0.6,0.6,,1.4,0.7,1.4,2.2,0.4,0.6,0.6,0.6,,,,,0.5,0.5,,0.5,0.4,0.4,0.3,0.3,0.3,0.2,0.6,0.7,0.5,0.3,0.5,0.7,0.5,,0.7,1,,0.9,0.4,0.8,,0.6,0.5,,0.7,0.3,0.6,0.5,0.4,0.5,0.5,0.4,0.5,0.7,0.8,0.9,0.8,,0.5,0.7,0.4,0.5,0.5,0.4,0.3,0.2,0.1,,0.3,0.3,0.3,0.2,0.2,,,0.5,,,,,0.4,,,,,,,,,,,,,,,,0.3,,,,,,,,,,,,,,,,,,,,,,,,,,,,,,,,,,,,,,0.4,0.4,0.5,0.5,0.5,0.4,0.4,0.4,0.4,,,,1.4,1.3,1.1,1.1,,1.1,0.7,0.6,0.6,0.7,0.5,0.7,,0.6,0.6,1.2,,,1.5,1.3,,0.7,0.6,0.5,,0.5,,0.7,0.5,,,0.5,0.5,,,0.5,0.4,0.6,,,0.3,0.3,0.3,0.3,0.5,0.5,0.5,0.7,0.5,0.6,0.5,0.5,0.3,0.3,0.3,0.6,0.6,0.8,0.6,0.7,0.8,0.8,0.7,0.7,,0.4,0.3,0.5,,0.3,0.1,0.5,0.5,0.4,0.3,,0.2,0.5,0.5,0.6,0.1,,,,0.4,0.2,0.4,0.1,0.4,,0.3,0.4,0.6,0.8,0.4,0.4,0.5,0.5,0.5,0.4,,,0.8,0.5,0.4,0.4,0.4,0.4,,0.1,0.2,0.2,,0.3,0.2,0.3,,0.3,0.2,0.2,0.3,0.2,0.2,0.3,,0.2,0.2,0.3,0.4,0.2,0.4,0.5,0.6,,0.4,0.3,0.4,0.2,0.2,0.3,,0.5,,0.5,,,,0.1,0.2,0.2,0.4,0.6,0.5,,0.4,,0.2,0.2,0.3,0.7,0.7,0.5,0.6,,0.9,0.8,0.9,,,0.5,0.5,0.5,,0.5,0.4,0.3,,,0.7,0.5,0.2,0.4,0.3,0.2,0.4,0.5,0.4,0.4,0.5,0.9,0.5,0.5,1,,0.3,0.4,0.4,0.3,0.4,,1.2,0.6,0.9,0.9,0.7,0.6,0.6,0.7,0.6,,0.7,0.7,0.6,0.8,1.1,1,0.9,1,0.6,0.4,0.7,,0.7,0.4,0.4,,0.6,0.6,0.5,0.5,,0.4,0.3,0.4,,0.5,0.2,0.3,0.5,0.5,,0.3,0.3,0.2,0.3,0.8,0.3,0.4,,0.3,0.2,0.3,0.4,0.5,,0.6,0.5,0.6,0.8,0.4,0.3,0.6,0.5,0.6,0.5,0.6,0.6,,0.5,0.5,0.3,,0.6,0.6,,0.7,0.4,0.5,0.5,,0.6,0.6,0.6,0.7,0.6,0.2,0.6,0.6,0.7,0.9,0.6,0.3,0.3,0.4,0.3,0.1,0.4,0.5,0.6,0.7,0.7,0.8,0.6,0.5,0.4,0.4,0.5,0.7,0.5,0.6,0.6,0.7,0.6,0.9,0.6,0.5,0.5,0.6,0.8,1,0.3,0.6,0.5,0.6,0.9,0.7,1.2,0.6,0.6,0.5,0.6,0.7,0.7,0.7,0.8,0.8,0.7,0.6,0.6,0.7,0.6,0.7,0.8,0.6,0.6,0.5,0.8,0.7,,0.6,0.5,0.5,0.3,0.6,,0.3,0.5,0.3,0.2,0.2,0.4,0.4,0.4,0.5,0.6,0.5,0.7,0.8,0.3,0.5,,,,0.4,0.4,,0.4,0.2,0.4,0.4,0.4,0.5,,0.5,0.4,0.6,,,,,0.4,0.4,0.4,0.4,0.4,,,0.5,,0.3,0.3,0.8,0.7,0.8,0.6,0.3,0.5,0.8,0.5,0.6,,,,,0.4,0.2,0.3,0.4,0.3,0.4,0.6,,0.4,0.5,0.5,0.3,0.3,0.7,0.6,0.6,0.7,0.5,0.4,0.5,0.7,0.7,,0.5,0.5,0.4,0.5,0.5,0.4,0.6,0.6,0.8,,0.4,0.3,,0.4,0.5,,0.3,0.3,0.5,,0.3,,0.1,,0.5,0.4,0.5,0.6,0.6,0.5,0.6,0.8,0.7,0.7,0.3,0.5,0.6,0.4,,0.9,0.3,,0.4,0.5,0.4,,0.4,0.5,0.3,0.5,0.4,0.4,,0.4,0.3,0.1,,,,0.2,0.4,0.3,,0.4,0.4,0.5,0.4,0.5,0.5,0.5,,0.5,,,0.3,0.3,0.4,0.3,0.4,0.5,0.3,0.6,0.5,,0.3,0.3,0.4,0.3,0.3,0.3,0.3,0.4,0.7,,,0.5,0.5,,0.4,,0.6,0.4,0.3,0.4,1.4,0.1,0.6,0.8,0.5,0.4,0.6,0.3,0.6,,0.6,0.6,0.4,0.4,0.4,0.4,0.5,,0.4,,0.1,0.3,0.6,0.4,0.9,0.9,0.9,0.3,0.1,0.7,0.7,0.4,0.4,0.3,,,0.5,0.4,0.4,0.4,,0.5,0.5,0.5,0.7,,0.4,0.5,,,0.3,0.5,0.3,0.3,0.4,0.2,0.8,0.5,0.3,0.5,0.4,0.6,0.6,0.6,1,,0.5,0.5,,0.6,0.7,0.3,0.3,0.3,0.6,0.3,,0.6,0.7,0.8,0.3,0.3,0.7,0.7,0.9,,0.7,0.3,0.3,0.5,0.2,0.5,0.8,0.2,0.6,0.5,0.5,0.4,,0.3,0.1,0.7,0.4,0.4,0.5,0.5,0.5,0.5,0.1,0.4,0.4,0.5,0.6,0.6,0.4,0.6,0.5,0.6,0.3,0.5,0.2,0.5,0.4,0.5,0.5,,,0.5,0.3,0.4,0.7,0.3,0.1,0.5,0.3,0.3,0.3,0.5,0.4,0.4,0.6,0.9,0.4,0.6,0.3,,0.9,0.5,0.5,0.5,0.5,0.3,0.4,0.4,0.5,0.4,0.4,0.6,0.4,0.5,0.5,0.5,0.4,0.7,0.6,0.5,0.6,0.4,0.4,0.3,0.4,0.4,0.6,0.2,0.3,0.4,0.6,0.7,0.7,0.7,0.3,0.4,0.7,0.6,0.7,0.9,0.5,0.5,0.6,0.9,0.6,0.6,0.5,0.8,0.6,0.1,0.2,0.4,,0.3,0.4,0.3,0.4,0.5,0.6,0.4,0.5,0.5,0.4,0.5,0.1,0.2,0.8,0.7,0.6,0.3,0.6,0.5,0.3,0.6,0.7,0.7,0.6,0.5,0.7,0.6,0.5,0.5,0.5,0.5,,0.6,0.4,0.8,0.3,0.5,0.2,0.2,0.2,0.2,,0.3,0.6,0.5,0.4,0.7,0.9,0.8,,0.4,0.2,0.5,0.5,0.6,0.5,0.6,0.7,0.5,0.5,0.7,0.8,0.7,0.5,0.3,0.5,0.7,0.5,0.6,0.4,1,0.3,0.6,0.4,0.6,0.6,0.6,0.7,0.3,0.5,0.4,0.7,0.5,0.4,0.6,0.4,0.3,0.5,0.4,0.1,0.2,0.3,0.3,0.6,0.3,0.5,0.4,0.6,0.6,0.5,0.5,0.5,0.5,0.7,0.5,0.7,0.8,0.5,0.5,0.4,0.3,0.4,0.3,0.8,0.8,0.2,0.3,0.3,0.3,0.4,0.5,0.6,0.4,0.5,0.7,0.3,0.2,0.5,0.4,0.4,0.3,1,0.4,0.6,0.4,0.7,0.8,0.4,0.4,0.5,0.5,0.8,0.5,0.5,0.2,0.4,0.5,0.7,0.3,0.4,0.4,0.3,0.1,0.1,0.4,0.2,,0.4,0.5,0.3,0.4,0.3,0.3,0.4,0.6,0.4,0.7,0.5,0.3,0.2,0.6,0.3,0.4,0.7,0.6,0.6,0.6,0.4,0.4,0.4,0.4,0.4,0.6,0.5,,0.4,0.5,0.3,0.4,0.4,0.7,0.6,0.5,0.8,0.4,0.5,0.4,0.4,0.4,0.5,0.6,0.7,0.6,1,0.7,0.5,0.7,0.7,0.4,0.6,0.7,1.2,0.7,0.9,0.2,0.9,0.2,0.3,0.3,0.4,0.3,0.4,0.4,0.5,0.4,0.4,0.5,0.7,0.8,0.2,0.2,0.3,0.4,0.4,0.7,0.8,0.4,0.8,0.7,0.5,0.8,0.6,0.1,0.2,0.6,0.7,0.4,0.6,0.6,0.9,1.5,0.4,0.4,0.9,0.9,0.8,0.8,0.8,0.5,0.7,0.6,,0.6,0.2,0.6,0.7,0.5,0.5,0.5,0.5,0.2,0.4,0.1,0.4,0.3,0.4,0.3,0.9,0.4,0.5,0.7,0.4,0.6,0.5,0.4,,0.7,0.3,0.5,0.2,1.4,1.3,0.3,1.4,0.4,0.4,0.7,0.5,0.6,0.7,0.6,0.3,0.7,1.1,0.5,0.5,0.3,0.3,1,0.7,0.4,0.5,0.6,0.4,0.6,0.5,0.4,0.3,0.3,0.3,0.2,0.5,0.3,0.3,0.6,0.3,0.3,0.6,0.5,0.4,0.5,0.1,0.6,0.4
20230729,18,AQI,11,13,15,,10,19,34,,15,17,12,19,,,10,,14,19,12,,14,,15,14,,20,16,,20,19,32,16,16,16,20,,18,18,,16,19,19,13,18,,20,,14,16,15,15,20,23,37,,48,,,43,42,39,17,26,25,28,24,18,28,,29,19,13,15,24,24,,15,16,15,15,29,,25,33,35,29,25,31,,44,45,,,47,46,44,42,39,27,20,,25,17,17,24,16,,23,13,25,18,16,17,16,11,19,22,11,42,34,35,32,36,28,,31,33,30,37,50,43,,53,46,57,,52,,48,54,18,23,14,16,,,18,16,15,17,24,26,29,26,,27,22,26,27,22,,13,13,14,12,16,13,12,15,15,9,17,22,,,,27,26,,39,28,29,,,,23,,19,26,16,15,27,14,14,13,15,,,,18,16,,21,23,,19,17,,18,23,22,24,22,23,19,16,,22,,25,25,,28,26,,18,20,19,,16,18,28,24,,11,10,,,11,9,11,27,31,33,56,,27,,,17,,12,12,,19,,20,18,15,19,,24,22,20,21,20,23,33,19,15,13,17,18,15,17,15,16,16,16,,,16,19,17,16,,9,11,20,18,15,,15,15,19,,19,22,34,22,,29,25,,24,28,,,24,31,27,29,29,24,14,,15,16,13,13,,,16,23,19,23,19,25,18,20,,21,18,30,32,33,26,39,30,29,,37,28,42,35,,32,38,28,92,42,,47,84,40,25,72,43,23,26,,24,20,26,31,25,22,25,22,37,37,47,49,,39,48,55,40,,34,33,44,38,45,40,,,37,33,31,36,32,35,35,24,38,39,32,35,44,40,41,,32,45,35,33,,25,23,25,24,32,,40,47,32,49,110,59,39,,,48,40,45,36,34,,43,50,41,44,,,50,42,27,40,30,31,31,32,35,40,32,,30,55,33,30,32,33,40,40,36,40,34,35,31,18,,23,28,32,38,26,,38,,19,27,,93,,97,93,,,,,41,,,,42,41,23,23,107,25,26,,34,36,34,36,39,48,42,36,40,40,41,36,32,34,23,57,,54,,57,52,53,58,65,51,55,,12,9,12,7,7,10,9,12,12,14,13,11,12,9,15,19,18,,,14,,22,15,14,12,19,,17,15,,,20,24,23,22,,14,20,19,,20,24,21,22,29,12,,20,17,,,,,22,,,,,15,12,15,12,22,19,34,18,22,29,,18,,,42,,29,32,56,17,21,16,21,20,,39,27,35,32,36,31,49,43,42,39,19,18,22,24,24,,29,26,30,31,,26,45,50,,19,23,,23,27,26,22,55,,29,25,,,17,,,33,,37,38,36,34,16,16,,16,15,,,53,,55,,15,26,18,,16,18,38,39,43,,16,10,25,20,10,16,31,22,35,17,21,16,35,13,20,33,13,20,20,14,12,10,27,24,21,18,18,20,19,17,20,19,22,,20,15,14,16,12,39,32,24,26,21,29,23,24,23,,30,29,34,,29,17,20,19,18,,19,15,21,,17,,18,17,20,19,26,23,18,,,,16,,,,14,,15,,15,,19,28,28,,,,,30,,34,27,27,,28,20,21,18,25,23,,34,,,33,19,,22,16,31,29,32,29,22,28,27,27,59,44,46,59,55,83,23,25,38,36,39,36,31,27,30,32,31,,32,29,46,39,25,33,32,29,,,,,74,73,,85,26,31,33,30,28,32,27,31,33,31,27,36,35,,38,36,,38,32,55,,33,30,,27,25,35,46,34,32,37,,48,69,58,46,46,,,48,65,41,43,40,41,39,39,,46,37,32,34,54,,,29,,,,,29,,,,,,,,,,,,,,,,17,,,,,,,,,,,,,,,,,,,,,,,,,,,,,,,,,,,,,,42,12,17,21,20,18,,18,,,,,26,22,23,19,,19,40,54,40,45,44,26,,26,26,45,,,32,25,,51,,30,,30,,40,40,,,34,29,,,75,75,47,,,25,24,43,44,44,43,44,,28,21,24,24,10,33,10,30,30,31,44,27,16,18,17,15,,30,35,24,,9,9,27,62,38,31,35,33,12,40,13,34,,,25,19,19,23,13,30,29,22,27,17,26,,28,31,45,34,37,,,36,20,30,27,28,27,,20,24,22,,24,23,22,,18,23,19,17,11,19,21,,16,16,14,19,,16,14,15,,17,17,20,15,27,30,,17,,17,,,,15,15,15,11,16,16,,13,,17,24,16,23,28,21,17,,23,16,19,,,16,15,,,19,21,21,,,21,18,25,32,20,18,25,32,34,30,33,15,29,29,24,,15,29,26,33,40,,25,38,30,32,36,27,26,26,25,,28,,26,20,20,19,14,17,20,18,17,,22,,18,,13,16,15,17,,18,17,16,,18,17,19,17,17,,20,22,23,23,17,14,15,,21,18,19,20,25,,13,17,19,18,23,21,25,26,25,26,17,14,,29,65,29,,16,19,,16,14,16,15,,21,21,,37,22,33,37,,37,37,,28,33,33,96,,30,34,32,34,34,29,34,35,36,33,36,43,35,38,40,26,27,29,26,26,19,33,35,29,,15,30,31,59,49,62,55,43,40,46,48,46,32,47,48,43,44,34,32,35,44,51,27,25,37,27,32,,58,38,38,32,28,,30,34,33,36,36,39,39,39,39,30,34,35,33,12,40,,,,35,34,,33,20,25,25,22,26,,45,41,39,,,,,35,44,45,40,46,20,,36,,30,33,32,31,29,33,28,25,22,24,25,,,,,40,40,20,21,29,30,21,,22,15,26,26,30,23,19,22,,36,32,26,25,25,,22,37,32,28,18,26,25,22,17,,20,16,,21,28,,33,31,30,,33,,29,,16,16,30,34,34,33,44,42,44,43,30,30,28,18,,45,45,,28,28,47,,47,48,26,29,56,,,25,27,48,44,,,53,70,48,,50,49,41,58,29,42,35,,34,,,35,30,30,29,74,65,59,65,24,,32,41,40,66,65,98,130,127,112,,,44,37,,32,,34,39,40,30,33,12,15,37,22,11,9,22,27,,26,19,24,23,10,13,15,,17,,22,,52,,28,,53,36,21,18,24,34,13,30,,,20,14,26,11,,40,42,42,18,,27,18,,,27,17,18,19,26,26,23,24,17,17,28,44,33,43,39,,11,16,,68,22,35,35,36,47,29,19,30,,22,15,23,10,16,67,22,30,19,29,22,29,18,23,30,,25,24,31,,46,18,,17,43,40,32,32,33,26,15,39,21,25,22,24,36,17,,,15,17,30,19,30,31,,,106,24,56,16,26,28,26,27,,47,22,,,58,26,15,16,13,,25,106,87,95,68,35,48,18,20,17,19,17,22,23,,16,27,36,57,40,45,45,23,29,15,12,17,16,23,16,49,93,69,55,35,29,29,22,30,28,25,42,35,27,23,26,65,35,39,52,15,13,,12,26,22,21,30,17,12,12,16,15,,,18,16,20,20,23,,20,25,32,33,26,29,30,47,42,21,36,30,79,,47,30,36,30,19,22,24,19,27,,14,18,16,18,27,,33,,13,48,25,24,23,36,26,28,68,28,50,46,40,10,28,16,14,15,18,25,22,24,10,21,55,44,28,26,29,13,25,24,13,19,21,12,22,24,17,15,35,33,34,30,32,39,101,22,32,49,26,24,27,38,37,24,24,35,80,26,28,18,19,15,15,18,19,15,27,22,15,20,31,15,15,19,17,16,,18,16,22,26,28,22,36,31,28,49,55,52,26,40,40,20,18,14,17,14,14,17,15,13,15,24,,,56,20,24,23,40,38,28,37,34,40,16,11,16,13,15,27,33,34,38,53,35,21,23,34,22,22,20,,18,21,32,28,52,21,30,33,35,23,20,20,,15,21,38,36,37,23,16,17,64,22,17,72,16,15,23,23,18,16,39,21,18,,47,39,42,27,51,18,12,14,17,18,22,14,52,32,30,26,29,52,44,36,51,37,39,36,87,64,30,,35,16,42,42,31,31,30,42,36,36,25,94,72,,31,27,21,19,21,30,70,26,18,27,16,16,15,33,35,57,32,35,18,15,27,20,23,,21,,28,98,48,52,25,33,16,20,13,18,14,37,23,,29,54,21,17,17,12,28,18,26,14,18,16,47,46,43,23,22,38,31,48,28,,28,21,30,29,31,25,19,17,11,59
20230729,18,PM2.5,7,3,6,,,13,18,3,9,8,6,13,,,,,4,5,2,,5,,1,1,,1,5,,14,10,22,2,8,5,6,,11,11,,10,2,6,9,10,,12,,7,5,3,9,7,13,17,,33,21,,18,29,22,5,4,13,14,15,9,19,,20,13,5,10,8,7,,,4,4,5,20,,14,20,20,18,13,15,,11,12,,,11,13,13,11,27,12,9,,9,4,9,13,9,,9,6,17,12,10,10,11,7,13,15,6,16,15,12,11,13,9,,11,13,11,17,15,17,,14,15,22,,18,,20,17,12,13,6,4,7,,5,6,4,2,5,5,5,5,5,2,7,9,9,13,,8,6,6,7,11,8,3,10,4,3,,5,,,,12,12,,15,7,14,,,,8,,7,5,7,5,5,5,5,,10,,,,6,7,,7,11,10,12,5,,8,9,8,5,5,8,5,9,,9,,,12,,11,11,,11,14,12,,11,7,14,12,,7,4,,,3,4,4,17,17,14,15,,8,,,10,,4,6,,13,12,13,5,5,5,,8,11,7,8,6,6,12,5,2,9,9,,5,9,1,2,2,7,3,,,5,4,6,9,3,2,14,12,7,,8,10,10,,13,12,15,12,,12,17,20,15,19,,,9,7,5,12,10,7,7,,1,2,4,2,5,,3,5,,12,10,12,12,3,,5,3,6,15,16,12,13,2,12,29,9,11,3,20,,16,20,17,29,22,,25,27,25,13,52,12,13,16,,6,10,8,20,13,11,11,8,19,21,19,19,,18,33,24,17,8,22,16,16,16,22,22,,,18,19,19,14,15,16,14,12,24,27,21,22,25,23,27,29,22,24,19,21,,12,12,9,13,6,,16,17,9,18,18,12,10,,,9,21,12,10,12,,27,20,2,27,,,17,14,9,20,21,12,7,12,24,24,14,,10,22,16,15,22,15,6,5,6,6,6,5,18,9,,11,19,16,26,10,,26,,7,14,,20,,16,19,,,,,14,,,,13,11,4,7,80,14,5,,8,12,15,16,20,18,29,13,17,24,21,22,13,11,5,8,,7,,8,15,14,17,31,14,19,,2,3,4,4,4,5,6,4,6,2,9,,3,4,6,13,12,,,7,,11,10,6,6,9,,9,2,,,12,7,7,12,,4,12,12,,5,5,2,7,12,7,11,14,11,7,,,,9,,,5,,7,3,10,8,15,13,7,12,15,15,,12,,,29,,7,19,32,4,7,5,8,7,,19,14,12,11,15,18,34,19,9,19,12,8,10,6,7,,11,16,12,15,,6,27,28,,12,16,,9,12,8,8,18,,20,10,,,3,11,,17,,16,16,10,17,,,,,3,,,25,,38,,5,10,11,,6,6,8,17,2,,6,4,11,7,4,6,6,11,11,9,6,7,7,3,9,19,6,5,4,9,7,2,3,9,5,8,9,6,6,6,10,2,2,,3,9,7,9,7,12,14,9,14,9,8,9,9,9,,11,11,10,,11,11,9,8,5,,8,2,3,,10,,8,8,9,12,9,16,10,,,,3,,,,2,,5,,5,4,5,11,16,,20,,4,7,5,,4,11,,19,13,5,10,10,5,,10,,,12,8,10,7,9,16,16,19,12,6,2,7,10,42,29,31,37,32,61,6,6,11,8,21,14,11,13,12,14,13,,16,8,32,16,8,7,6,5,,,,,16,12,,14,7,14,9,11,9,18,13,14,7,15,14,17,13,,18,19,,17,21,24,,18,14,,18,6,7,32,14,12,24,10,33,44,41,32,24,,19,16,31,6,6,7,6,5,10,,9,7,11,7,7,,,12,,,,,9,,,,,,,,,,,,,,,,9,,,,,,,,,,,,,,,,,,,,,,,,,,,,,,,,,,,,,,29,5,2,2,13,9,,2,,,,6,14,9,14,9,,13,21,24,26,29,29,8,,11,7,10,,,14,15,,32,30,8,,7,,10,8,,,19,10,,,14,14,24,,,17,11,8,7,12,9,7,,,3,16,13,4,11,6,11,11,14,20,10,,9,,10,,13,24,5,,,,9,3,19,11,2,2,5,9,2,14,,,12,13,13,14,7,14,14,7,5,5,18,,14,16,17,19,18,,,16,7,17,3,13,14,,10,5,3,,9,13,7,,8,5,5,7,6,6,10,,5,7,8,5,4,1,2,4,,7,6,6,10,7,,,4,,7,,,,4,4,1,7,9,5,,4,,8,11,8,9,6,5,6,23,16,10,7,4,5,6,9,6,12,2,3,1,9,,12,12,17,22,14,9,6,16,14,11,14,10,17,11,15,,9,8,18,23,20,,17,13,12,14,10,16,16,17,13,,16,13,15,8,11,8,9,7,2,7,5,,15,,1,,,,6,8,,5,6,3,,6,,9,,3,,5,6,10,2,3,4,1,,4,5,10,5,,,,,8,3,16,3,5,5,11,4,,,,8,47,16,,7,5,,7,4,3,1,,12,11,10,12,7,15,18,,14,20,,16,8,,20,7,6,8,8,12,8,10,14,15,25,17,13,30,21,13,28,6,9,13,6,17,6,4,12,8,,9,5,7,40,34,43,39,16,23,30,19,28,12,31,27,27,19,19,18,19,19,18,13,15,23,17,15,,41,23,26,8,9,,5,6,5,7,3,15,22,16,12,8,8,7,7,8,5,,,,19,13,,15,5,2,5,9,,,12,14,20,,,,,6,7,8,6,5,6,,7,,1,14,9,8,10,8,19,3,6,5,9,,,,,9,8,8,9,6,4,12,,7,3,16,12,10,7,9,3,16,25,22,18,9,10,,12,25,22,17,12,8,7,2,6,,10,11,,10,3,,5,4,3,,1,,4,,2,2,5,8,11,11,8,11,11,12,12,10,9,5,,8,2,,4,13,14,,11,18,7,6,21,,,9,7,8,12,,,7,4,18,,16,1,9,23,2,4,6,,6,,,3,2,1,2,16,38,21,23,,,9,13,12,34,40,50,43,57,39,,,6,8,,6,,5,12,13,13,18,4,2,20,3,5,,15,2,,9,6,10,7,5,5,8,,2,,5,7,21,,8,,27,4,6,7,13,13,9,7,,,7,3,13,3,,10,10,12,12,,10,2,,,12,1,7,9,6,2,13,7,9,8,8,20,9,15,23,,1,7,,49,11,9,10,2,13,20,12,21,,4,7,8,4,,9,13,21,5,9,5,8,7,4,3,,4,6,5,,21,3,20,4,12,5,8,9,10,6,3,7,,13,6,7,14,2,,5,3,7,15,8,6,8,,,20,4,18,11,10,,6,10,12,13,15,,12,40,10,3,7,,,9,8,8,19,6,3,20,8,5,8,7,9,8,8,5,2,18,17,11,11,17,24,12,2,8,6,5,8,8,11,28,39,41,35,15,18,13,15,20,18,6,13,9,9,16,7,46,21,26,17,10,1,,2,12,8,5,10,5,5,4,4,2,5,5,4,10,14,4,8,,7,11,16,3,10,13,13,16,18,6,25,10,58,,14,11,9,10,9,9,5,7,10,,7,12,9,,12,,11,,9,8,8,4,16,16,11,19,43,17,22,22,25,7,19,10,8,8,3,,15,9,5,8,12,7,9,6,15,7,8,15,5,6,8,5,3,8,6,7,2,15,6,14,8,16,17,9,22,25,14,10,13,19,11,9,8,17,59,18,2,5,13,10,6,1,6,9,11,5,6,5,11,4,5,6,7,3,5,,4,6,6,8,15,16,14,19,18,6,24,2,12,8,12,12,7,5,7,4,7,5,5,10,9,,,9,14,12,7,7,14,6,8,9,21,11,5,5,4,5,12,17,9,26,37,12,10,5,17,8,8,8,,6,8,18,5,36,1,14,5,13,16,10,10,,6,8,16,13,9,5,1,2,23,,2,52,6,10,6,16,12,6,16,4,,,9,13,4,13,15,5,2,5,8,,15,8,36,9,3,5,7,18,25,7,27,7,8,,37,10,6,5,24,6,14,13,16,14,12,19,23,19,4,11,11,,13,3,3,7,12,11,11,12,12,2,11,5,2,2,1,21,22,18,,10,13,10,10,,2,,13,30,7,33,17,8,7,13,4,5,4,21,6,,20,7,5,4,5,5,19,12,18,6,10,11,10,12,8,5,15,18,18,33,12,3,10,11,4,1,12,17,8,9,5,11
20230729,18,PM2.5_24h,24,15,20,19,21,22,15,18,14,27,18,18,,,10,,10,12,12,,10,,3,4,,3,10,,24,29,28,18,19,22,10,,14,18,,24,11,6,10,16,,12,,11,11,8,16,14,14,16,,26,11,,18,21,19,20,16,16,18,16,22,23,,26,10,6,11,16,15,,16,18,18,19,30,,20,28,32,29,29,25,,14,12,,,12,15,13,14,20,13,11,,10,9,13,14,14,,14,2,5,4,4,4,3,3,5,5,3,12,12,12,10,11,9,11,11,12,11,15,11,10,14,13,11,16,,13,10,19,12,7,10,6,5,6,,5,8,5,8,3,4,2,2,5,3,7,6,6,19,,7,7,7,9,7,8,2,6,2,2,,3,,,,9,11,,9,10,10,,,,10,,6,5,7,4,6,9,6,3,7,,,,7,7,,7,9,9,7,7,,8,6,7,2,5,6,7,11,,10,,8,10,,7,7,,7,8,10,,10,7,7,6,8,6,6,,,5,5,4,11,8,10,11,,7,,,9,,4,7,,12,9,10,5,6,6,,6,7,7,8,7,6,6,4,7,10,11,4,9,12,5,7,5,9,2,,,1,1,2,10,8,6,9,7,5,,8,8,12,,9,9,4,6,,6,6,10,12,11,,,7,4,5,7,7,6,11,,6,6,8,6,8,20,7,6,4,9,5,12,12,6,,6,6,6,9,10,11,7,6,9,26,9,8,3,23,,21,22,21,15,17,20,19,18,14,15,23,19,12,14,,11,15,12,14,21,16,18,10,15,18,17,17,,13,21,29,20,18,21,17,16,14,20,12,,,19,18,17,19,11,12,17,15,19,19,21,18,31,29,30,29,28,25,30,37,,16,20,16,15,13,,22,26,17,16,21,11,15,,,22,21,20,16,15,,12,12,14,12,,,16,11,7,18,8,10,8,12,18,14,7,,13,42,15,13,18,15,8,7,6,6,8,7,17,13,46,10,18,14,19,7,,20,,9,13,,17,,22,20,,,,,11,,,,17,17,20,31,99,27,17,,29,10,8,11,11,7,10,8,8,11,11,18,8,9,6,13,,23,25,17,18,14,17,12,16,18,,7,7,6,15,11,12,14,6,6,4,9,8,10,9,8,10,7,,,7,,8,7,6,5,13,,13,7,,,12,7,9,6,,4,7,7,,8,5,3,5,9,4,6,6,4,3,,,,6,,,9,,8,6,8,6,6,8,5,4,5,7,,9,,,14,,14,22,20,12,11,11,14,13,,24,26,26,22,30,22,32,29,17,27,8,10,11,12,11,16,11,10,14,19,,15,19,19,,14,14,,12,13,10,14,12,,17,11,,,7,13,,24,,21,18,16,20,9,11,,12,13,,51,32,,45,,22,24,21,,28,23,9,10,9,,8,8,9,11,12,8,6,14,12,8,9,8,11,7,10,16,7,5,17,14,10,10,10,10,10,10,10,9,11,8,13,5,8,,10,10,13,12,6,6,19,11,20,13,8,8,8,8,,8,8,9,,8,8,8,6,5,,6,8,4,,13,,13,8,10,13,9,6,5,,,,8,,6,,7,,10,,9,6,6,18,19,,19,,8,11,6,5,11,11,,15,11,6,7,13,8,,13,,,6,12,10,12,10,16,19,17,13,12,5,11,18,35,30,31,28,29,26,8,8,9,10,14,12,13,15,17,17,15,,13,8,14,16,6,6,6,2,,,,,11,11,,12,12,13,10,11,15,16,9,14,10,13,10,11,12,,18,20,,12,14,17,,14,18,,17,4,3,5,5,6,11,3,9,32,34,30,45,,17,21,43,9,14,11,12,4,10,,18,9,16,15,14,,,9,,,,,6,,,,,,,,,,,,,,,,3,,,,,,,,,,,,,,,,,,,,,,,,,,,,,,,,,,,,,,9,1,3,8,10,7,1,4,1,,,10,12,11,11,8,,18,25,28,19,24,26,19,,27,23,37,,,38,39,,28,29,19,,19,,14,16,,,22,16,,,15,14,24,,,12,12,11,7,14,10,13,14,12,11,20,15,7,10,8,11,11,9,12,13,15,15,5,15,,12,14,8,,5,2,7,8,16,14,6,7,8,12,3,10,,,8,7,9,9,7,11,8,5,6,6,11,16,8,9,10,11,9,,,11,7,9,8,13,15,,10,6,6,,9,9,5,,10,8,6,12,5,8,9,,5,9,6,5,7,5,6,6,,7,4,6,5,5,5,,3,,7,,,,2,2,4,7,5,2,,6,,7,6,6,3,2,4,4,32,9,10,10,7,3,3,9,5,13,11,8,11,4,,4,7,10,29,8,5,5,12,11,12,12,9,13,11,14,,7,7,7,7,8,,13,10,13,14,15,17,13,16,12,,12,15,15,9,10,8,9,7,8,7,5,,12,9,11,,4,3,8,11,,8,8,5,,6,7,13,5,6,,6,6,9,7,8,7,6,,7,7,10,4,8,,6,3,7,14,14,8,11,4,13,8,3,2,,7,24,9,,7,5,,10,6,8,5,,10,8,8,17,12,10,16,,13,17,12,16,14,4,16,15,7,12,12,10,7,14,16,14,16,16,14,22,16,25,23,6,13,15,13,14,8,13,14,10,11,8,8,9,28,24,29,26,14,18,14,13,16,16,26,23,25,20,22,20,20,15,17,16,20,24,21,21,,33,24,25,6,7,,4,8,6,10,6,16,16,10,14,23,20,14,21,10,4,,,,21,17,,19,5,5,6,9,7,,9,10,10,,,,,7,6,10,8,6,11,,15,,7,10,7,6,9,10,14,8,7,5,9,,,,,8,6,8,8,16,7,12,,10,6,6,13,16,6,11,6,13,9,13,17,24,19,,26,28,21,23,9,6,9,9,14,,12,8,,9,4,,5,5,5,,14,,2,,2,4,6,10,6,11,17,17,15,39,7,10,9,8,,9,6,,8,6,15,,17,23,6,6,43,45,,6,5,12,12,,,15,11,22,,15,9,15,19,2,15,8,,7,,,4,3,2,2,51,54,23,28,8,,26,8,12,21,26,43,32,41,40,,,13,12,,8,,6,25,26,26,9,9,10,16,3,8,6,25,17,,22,10,10,9,6,6,8,,4,,3,8,13,10,8,10,53,9,5,11,12,18,8,8,,,18,6,7,9,,13,14,14,12,,9,4,,,5,5,5,8,9,5,10,4,5,5,11,20,18,15,32,,9,11,,19,11,13,13,16,25,16,8,21,,8,6,3,9,4,23,6,27,5,12,3,5,15,7,4,6,7,8,10,,19,5,16,6,9,12,10,12,13,6,7,14,2,14,10,9,14,9,,5,6,4,14,7,10,9,,,20,6,18,8,9,2,8,9,9,13,12,9,12,25,4,9,13,2,,10,17,11,16,7,5,36,8,6,5,8,8,7,6,5,5,15,21,17,8,17,16,12,8,8,7,4,10,8,7,17,21,23,26,17,22,20,17,19,18,12,15,17,17,14,15,18,20,15,13,6,20,,8,8,6,6,8,5,4,5,9,6,5,7,5,14,14,10,13,11,7,14,16,10,21,12,15,29,23,10,17,12,20,,18,12,22,7,5,10,6,2,4,,5,14,15,2,10,16,16,,7,10,13,11,13,18,10,29,25,20,18,21,22,5,8,8,5,5,5,4,11,5,20,13,20,16,7,3,8,7,10,6,6,8,7,6,4,11,7,8,22,19,20,28,32,26,14,10,11,17,15,14,13,25,18,16,18,14,25,29,5,6,11,23,27,4,4,6,7,6,9,8,7,8,9,6,6,6,12,7,7,8,12,10,12,12,14,15,16,10,19,4,12,12,9,4,4,4,5,7,5,4,10,3,6,5,,10,9,9,3,5,16,13,7,10,19,6,7,8,5,8,13,16,20,21,24,12,6,8,16,10,11,11,,5,12,9,7,20,14,19,7,15,9,8,7,8,7,9,21,19,14,20,18,15,30,24,11,23,12,20,15,21,23,18,17,11,10,19,21,20,15,20,20,8,3,9,13,2,9,8,28,21,10,16,5,24,21,15,27,9,7,20,60,37,8,9,30,25,12,16,15,16,12,13,20,20,7,16,21,,8,5,8,7,6,13,10,5,3,2,11,3,8,7,7,20,22,12,3,10,9,8,8,,5,7,10,29,37,36,9,33,13,16,26,17,21,18,9,7,10,20,5,6,11,7,22,14,15,14,18,15,13,14,6,7,10,20,10,34,9,4,14,10,5,2,15,8,8,5,7,14
20230729,18,PM10,8,8,8,,8,15,34,6,15,17,5,18,,,5,,9,19,3,,9,,10,6,,10,6,,2,19,11,16,16,14,9,,17,12,,6,3,4,12,16,,12,,13,16,6,8,10,23,37,,14,33,,43,37,39,17,26,25,28,24,18,11,,18,7,13,14,24,24,,4,4,5,3,26,,25,33,35,29,21,31,,17,22,,,22,17,32,25,28,27,20,,25,16,17,24,13,,23,11,17,12,16,17,10,2,9,15,11,42,34,35,32,36,21,,31,33,30,24,50,43,,55,46,63,56,54,,48,57,18,23,14,16,16,,18,16,15,17,19,19,14,14,,18,7,13,14,22,,13,13,14,12,13,13,12,10,15,9,17,22,,,,27,26,,39,19,24,,,,22,,19,26,16,7,27,14,14,12,15,,,,18,12,,17,16,20,17,12,,16,19,14,19,17,22,19,16,,22,,18,20,,28,26,,18,20,19,,16,18,28,24,,11,10,,,8,6,11,27,31,33,62,,27,,,15,,12,12,,19,24,20,18,15,19,,16,22,16,16,12,23,33,15,9,9,9,2,12,9,12,5,5,7,6,,11,13,13,15,,8,11,7,5,5,,4,10,19,,14,22,34,22,,29,24,24,24,24,,,24,31,27,29,29,24,,,6,7,3,,,6,15,11,18,14,17,17,12,5,,21,12,16,14,28,19,24,11,17,8,14,28,9,35,,32,38,25,58,42,,47,41,40,25,20,43,19,24,,15,16,25,31,18,20,15,19,31,34,47,49,,18,39,60,40,,31,28,44,38,45,33,,,30,33,30,36,30,35,35,24,38,29,27,33,44,39,39,37,25,41,35,26,,25,23,25,24,18,,18,13,21,32,32,25,16,,,18,38,24,21,14,,40,24,2,28,,,29,20,27,34,17,22,29,24,31,29,29,,30,59,27,26,31,24,4,10,9,12,14,17,25,18,39,21,28,14,29,17,,34,,12,27,,32,,29,29,,,,,11,,,,16,21,9,20,19,17,12,,9,24,15,26,39,48,27,25,26,26,29,36,8,22,18,20,,26,,22,20,56,56,80,51,36,,10,9,9,5,6,4,9,10,9,3,4,7,12,4,14,14,13,,,12,,22,12,5,12,19,,7,11,,,20,24,23,22,,12,20,19,,7,20,17,12,29,12,24,17,17,22,,,,22,,,10,,15,12,12,9,22,19,34,12,17,29,,17,,,37,,21,32,62,11,9,10,14,10,,39,22,35,18,36,26,36,24,22,24,16,17,22,20,24,,17,26,30,31,,23,43,50,,15,16,,18,27,26,13,60,,26,18,,,11,,,22,,30,23,31,34,7,7,,3,9,,68,56,,60,,8,26,18,,13,17,29,27,18,,16,10,25,20,9,16,17,22,35,11,21,16,35,6,20,33,13,20,20,14,12,10,27,24,9,11,16,13,13,8,20,6,22,,17,10,13,16,11,39,24,19,18,17,29,13,10,17,,30,28,34,,8,10,3,18,18,,11,12,8,,7,,15,3,11,11,26,21,18,,,,6,,7,,6,,12,,4,9,19,20,19,,,,22,15,19,24,5,9,,13,15,18,15,11,14,,21,,,9,17,10,7,12,31,24,32,24,8,28,22,27,39,42,46,67,59,80,22,19,20,13,29,12,24,20,22,32,19,,31,20,26,24,11,24,15,13,,,,,18,28,,18,16,14,17,11,22,19,27,21,14,25,11,33,25,,28,36,,38,32,59,,33,13,,25,24,27,36,27,21,26,,27,88,44,36,46,,77,48,80,8,22,20,14,12,16,,46,3,26,27,58,,,29,,,,,29,,,,,,,,,,,,,,,,17,,,,,,,,,,,,,,,,,,,,,,,,,,,,,,,,,,,,,,21,11,17,21,20,6,,6,5,,,9,25,14,22,10,,15,40,58,35,45,44,5,,9,7,45,,,32,23,,51,,24,,18,,27,29,,,34,18,,,32,34,25,,,15,14,23,21,26,34,8,24,28,6,24,24,,33,7,30,30,31,44,27,8,16,16,3,,30,21,13,,,9,27,74,38,18,14,14,12,40,13,34,,,16,19,13,23,7,30,29,10,25,17,18,,28,31,45,34,37,,,36,15,30,2,24,22,,7,17,17,,14,22,19,,13,23,5,12,11,8,14,,16,3,14,19,14,16,1,7,,6,17,20,12,16,11,,4,,8,,,,4,8,6,4,4,7,,7,,17,24,16,23,28,21,16,10,14,10,15,24,,12,6,,11,1,5,7,18,,21,7,12,2,16,18,4,26,23,20,25,13,29,29,24,,15,29,26,33,40,,22,38,30,32,36,27,26,26,25,,28,31,26,20,20,19,14,17,20,18,12,,7,24,18,,7,7,15,14,,7,,4,,3,2,5,7,2,,12,12,8,6,5,5,7,,7,10,5,20,25,,5,17,11,12,20,16,16,16,13,12,8,10,,13,25,8,,3,10,,16,5,7,12,,17,14,12,37,22,23,29,39,28,29,30,19,22,16,141,24,13,16,12,16,13,27,15,20,14,29,12,28,20,18,39,13,10,15,16,16,19,21,35,15,,11,14,10,44,40,71,56,43,40,46,41,39,32,47,31,24,41,34,21,35,44,51,27,23,37,26,32,,49,38,30,10,11,,8,9,16,36,9,11,9,15,28,7,11,16,13,12,11,,,,19,22,,18,19,19,17,14,20,,25,19,34,,,,,14,17,10,12,19,12,,5,,13,10,26,10,14,20,16,8,14,24,12,,,,,15,11,16,14,22,12,15,,14,11,26,10,20,14,19,3,,26,23,25,12,14,,14,37,22,28,15,26,17,9,17,,20,,,16,3,,3,7,11,,6,,11,,12,7,19,16,20,15,18,22,18,25,23,17,19,2,,34,10,,11,23,27,,30,46,13,15,61,,,17,16,18,17,,,14,9,10,,33,10,10,65,3,18,19,,31,,,24,17,12,8,98,80,68,79,2,,26,23,16,81,80,146,210,204,174,,,18,24,,30,,26,28,25,30,33,7,4,37,10,8,2,9,2,,20,19,18,18,6,,15,,5,,22,14,36,,13,,56,24,12,18,24,18,10,11,,,20,6,26,6,,18,14,29,14,,8,10,,,27,16,18,19,22,17,23,24,17,11,11,33,13,30,39,,4,6,,71,11,14,17,7,24,13,19,22,19,22,15,23,3,16,18,22,30,19,7,22,10,11,23,4,,9,10,14,,46,4,31,8,17,9,17,12,11,26,14,17,21,25,10,24,35,5,,3,8,17,30,15,12,12,,,30,24,62,9,17,8,2,27,8,24,5,,17,66,26,8,6,6,,11,22,32,37,26,15,42,18,20,17,19,17,22,23,20,16,27,26,10,21,26,37,19,13,15,7,17,13,15,16,37,69,64,59,35,29,28,22,30,28,12,42,20,24,14,24,63,33,39,54,,3,,4,13,5,18,10,,11,8,6,2,,6,8,15,15,17,16,,6,7,13,10,24,15,18,32,32,6,32,9,50,,19,12,11,30,19,15,24,19,27,,14,14,9,2,18,,26,,7,23,21,24,16,21,15,27,77,22,40,46,40,10,18,16,13,13,18,25,20,24,6,21,31,23,16,19,13,13,20,18,13,15,9,10,22,24,17,9,9,31,5,24,8,30,36,20,30,44,26,19,21,27,17,24,18,17,72,25,28,5,14,12,8,3,15,12,21,15,13,20,31,1,3,17,10,7,,,3,22,23,20,17,36,22,24,23,15,30,20,18,9,20,17,14,17,8,14,17,15,12,9,24,7,,61,20,24,23,10,18,3,18,19,27,13,11,10,13,8,22,25,24,32,45,19,13,12,34,22,22,20,,18,4,6,16,5,12,22,10,18,14,16,20,,15,21,38,25,28,23,16,7,77,12,15,27,10,14,23,23,14,4,39,10,18,,47,39,42,12,52,7,7,6,11,6,5,8,41,16,21,13,29,53,44,20,52,18,14,22,124,78,12,7,33,3,42,32,31,31,30,36,36,32,24,31,27,,19,27,5,12,21,21,32,26,17,27,14,14,8,12,24,64,23,23,18,14,27,20,17,,8,,28,146,48,54,13,33,10,20,4,8,7,30,23,,27,25,19,5,13,11,14,14,24,6,18,12,17,22,26,17,14,38,31,38,28,7,28,16,5,,23,19,19,17,11,68
20230729,18,PM10_24h,39,29,38,41,23,38,34,32,28,33,32,33,,,17,,16,24,19,,14,,8,9,,7,12,,39,51,31,33,36,37,29,,28,27,,30,24,12,19,22,,25,,20,18,15,28,36,37,46,,35,26,,40,32,36,40,36,35,39,35,41,32,,46,12,15,16,23,24,,30,22,27,26,35,,32,41,55,44,41,43,,30,28,,,27,30,35,35,29,32,29,,27,20,30,28,24,,26,9,8,12,8,20,10,1,8,16,12,29,27,26,25,28,19,21,29,30,22,25,32,27,40,39,39,39,42,41,28,38,48,22,25,21,12,23,,20,22,20,23,14,12,14,11,12,14,21,10,11,29,,17,19,16,18,17,16,11,11,11,6,10,19,,,,21,21,,32,15,14,,,,18,,14,16,15,10,18,11,13,11,19,,,,19,12,,18,18,21,14,14,,16,13,16,17,14,17,20,16,,22,,17,20,,16,16,,14,13,12,,16,25,13,14,15,13,9,,,9,10,13,19,21,20,34,,12,,,15,,14,14,,20,23,22,21,18,21,,15,13,17,15,14,10,13,11,13,13,14,10,15,16,17,12,12,15,6,,5,11,8,9,,19,25,12,8,4,,9,8,19,,14,13,15,13,,17,17,16,16,12,,,23,17,20,27,18,16,11,13,13,13,16,14,20,21,20,14,15,16,16,18,15,12,,20,11,12,14,17,11,20,18,8,12,14,26,26,36,,41,43,31,40,35,42,28,26,25,34,29,47,24,24,,22,31,26,31,27,23,26,22,30,28,35,27,,25,41,43,23,30,22,23,22,26,23,22,,,37,32,36,36,30,31,28,28,33,30,28,24,49,48,47,40,45,43,47,57,,29,32,34,27,22,,31,31,24,28,28,20,22,,,37,31,35,33,23,,22,23,28,27,,,29,16,23,22,21,15,28,28,27,23,27,,25,78,20,20,26,22,13,14,11,10,15,16,26,22,29,19,26,20,29,18,,44,,20,25,,38,,29,29,,,,,13,,,,25,32,95,90,78,96,85,,97,22,17,22,21,23,21,22,21,22,21,31,15,25,18,30,,36,34,34,32,46,42,33,34,50,,16,15,14,17,16,15,18,13,13,11,14,14,18,17,16,16,18,,,8,,19,11,7,14,17,,14,13,,,12,13,16,11,,10,11,7,,16,23,16,16,14,9,11,9,8,10,,,,12,,,21,,20,12,8,15,18,20,23,8,6,11,,11,,,31,,25,35,34,16,17,21,18,17,,41,38,38,36,50,30,45,37,29,38,19,20,21,23,24,42,18,28,30,28,,30,32,33,,20,20,,22,22,23,22,22,,37,17,,,22,18,,30,,38,34,40,43,17,18,,14,17,,57,62,,66,,31,41,49,,42,42,20,25,19,,17,16,23,25,19,16,22,35,23,19,23,15,27,21,21,29,14,14,30,20,20,17,25,29,16,16,19,23,17,13,28,17,32,,17,9,9,14,13,17,28,17,21,29,22,16,14,23,,14,19,19,,5,15,13,13,11,,13,14,6,,16,,20,11,16,14,15,16,13,,,,16,,17,,21,,10,,14,10,24,31,61,,31,,23,19,20,20,15,19,,16,14,17,11,14,13,,18,,,9,22,19,22,19,31,33,28,26,19,31,18,30,35,46,51,46,53,38,17,19,15,16,21,20,21,26,27,33,24,,32,17,26,24,15,20,17,13,,,,,12,25,,14,19,24,22,19,24,22,19,21,19,24,12,25,21,,28,29,,21,20,31,,24,26,,27,6,10,12,11,11,14,,10,52,42,39,50,,80,67,151,17,26,22,22,13,12,,59,19,51,51,64,,,23,,,,,19,,,,,,,,,,,,,,,,11,,,,,,,,,,,,,,,,,,,,,,,,,,,,,,,,,,,,,,18,13,16,15,19,13,17,13,10,,,15,27,38,25,22,,21,46,66,37,47,57,31,,36,43,56,,,49,57,,38,32,31,,30,,42,34,,,37,22,,,30,33,38,,,17,18,20,20,22,22,15,31,35,21,30,29,14,20,15,29,28,23,30,26,35,42,31,36,,26,24,14,,11,6,29,31,26,19,13,18,15,40,15,25,,,18,14,10,16,9,21,20,10,9,23,14,39,11,15,19,17,12,,,20,9,18,4,23,23,,10,21,19,,16,19,17,,14,16,11,20,14,16,16,,13,15,16,20,14,11,9,11,,10,19,9,14,18,8,,7,,6,,,,6,9,5,7,12,15,,10,,14,16,11,12,14,16,16,6,16,15,14,15,,8,11,10,20,17,17,16,9,,9,11,12,33,12,25,4,17,22,20,19,14,28,32,25,,11,18,21,31,19,,23,20,22,25,30,26,25,25,22,,21,27,28,20,19,39,16,17,20,16,17,,11,11,9,,18,14,21,12,,12,12,13,,14,10,15,8,7,,14,14,12,10,14,15,13,,14,11,10,23,30,,22,23,14,28,23,20,18,16,15,18,13,20,,20,20,21,,8,9,,19,13,9,9,,14,12,12,36,21,22,32,25,24,29,25,21,28,22,31,28,20,16,23,18,20,26,24,28,24,27,16,29,23,27,36,16,19,24,29,24,23,27,25,22,19,15,22,20,50,49,57,57,28,30,25,29,32,44,43,37,35,41,41,31,46,26,30,32,35,36,34,35,,52,36,38,19,16,,12,16,19,22,18,14,15,19,23,28,31,24,33,17,22,,,,24,28,,28,20,24,23,23,28,,18,17,18,,,,,17,15,15,16,16,25,,21,,11,13,20,16,18,26,17,9,15,18,8,,,,,23,19,11,9,30,15,18,,16,14,15,20,20,12,15,5,31,21,19,23,25,29,,24,35,29,32,20,11,15,14,24,,23,16,,15,8,,7,12,12,,45,,6,,7,8,16,24,22,22,27,23,24,31,13,24,24,16,,24,18,,14,17,45,,65,74,10,19,165,174,,12,10,20,21,,,26,26,39,,28,20,20,33,6,23,21,,18,,,23,10,6,6,193,167,89,106,25,,95,44,39,67,66,127,158,156,159,,,32,27,,31,,40,82,97,115,20,17,17,34,9,12,11,41,30,,34,21,18,19,11,11,14,,8,,11,11,28,16,22,25,156,29,12,39,23,28,13,13,,,40,10,16,15,,28,25,28,14,,11,10,,,18,18,21,18,15,14,19,20,14,17,18,39,24,29,54,,16,13,,36,20,20,18,75,35,24,15,32,32,23,14,14,12,10,45,10,39,13,15,15,17,16,14,6,10,10,11,33,,35,14,28,20,18,26,22,21,18,13,27,28,30,25,16,20,28,22,,16,10,12,22,13,16,15,,,28,23,20,10,17,6,16,21,11,44,10,31,14,38,9,15,10,11,,17,28,30,33,28,24,111,20,23,19,22,25,17,18,22,23,28,30,25,34,40,28,18,16,17,10,12,22,21,18,26,40,39,46,37,36,34,25,31,28,23,34,31,30,16,29,32,35,38,34,9,29,,14,11,10,12,15,6,10,10,15,14,25,14,14,16,16,17,15,14,7,17,18,22,31,24,20,27,32,13,27,21,28,,24,15,28,16,11,14,14,10,16,,10,18,14,13,17,21,21,,12,39,23,20,17,27,16,44,39,34,33,43,32,11,17,13,8,9,13,33,20,14,33,30,37,34,14,8,11,17,16,14,17,17,12,15,14,26,17,15,102,95,85,102,110,83,20,16,17,29,28,28,24,40,24,29,27,22,39,44,27,6,16,31,40,9,14,17,11,12,16,15,14,12,14,10,13,11,19,13,11,21,33,23,12,25,21,22,24,16,26,16,20,17,20,10,14,12,20,18,12,12,14,5,20,11,,15,11,14,10,14,26,4,20,14,27,13,20,17,16,13,18,25,34,33,39,22,8,16,34,24,22,21,,21,18,22,18,22,21,29,18,21,9,10,12,17,14,17,47,34,22,31,21,17,71,46,40,44,17,34,30,34,25,17,50,33,37,60,56,51,56,38,51,14,11,15,20,9,10,10,34,24,21,19,22,40,31,22,32,25,21,93,185,152,15,18,45,37,24,43,30,30,21,24,36,34,27,28,41,,15,21,13,21,16,22,23,16,10,9,11,14,22,15,20,29,22,20,19,12,37,13,17,,20,12,24,126,66,53,16,57,32,34,49,32,41,40,27,20,15,32,17,14,21,13,27,24,26,25,37,30,41,34,17,23,14,38,27,41,21,10,25,17,7,8,25,13,13,11,16,40
20230729,18,SO2,3,3,3,3,3,3,1,,3,3,3,3,,,5,,2,4,5,,4,,3,3,,3,2,,2,1,3,3,2,1,5,,3,2,,1,2,4,2,5,,4,,2,3,1,8,4,6,9,,7,,,2,3,9,7,7,8,7,4,3,1,,4,4,7,1,3,2,,5,4,3,4,7,,4,6,4,10,3,5,,5,6,,,7,7,6,5,5,7,5,,5,5,7,6,4,,7,4,4,8,4,7,5,4,6,5,6,4,4,4,5,2,5,,4,3,2,8,5,6,,6,7,5,5,2,,6,8,4,7,6,2,4,,2,5,6,5,4,4,3,6,4,6,3,6,8,5,,6,7,7,7,8,5,7,9,6,4,5,4,,,,6,8,,6,8,4,,,,6,,3,5,9,5,10,4,8,5,6,,,,5,5,,3,2,,3,6,,7,6,8,5,7,8,5,3,,4,,5,6,,7,4,,4,6,6,,7,4,6,5,,4,7,,,2,4,4,5,6,5,5,,4,,,2,,7,3,,4,,3,5,4,4,,2,3,4,6,2,4,4,3,5,4,4,3,5,5,8,7,7,8,2,,4,2,3,3,1,1,2,8,5,7,,5,5,11,,7,5,6,5,,6,9,,6,6,,,4,7,6,6,5,4,1,1,3,2,1,1,3,2,2,6,8,7,6,6,6,5,,6,6,3,4,4,1,4,2,4,3,2,5,4,4,,5,5,8,6,7,,6,8,3,5,6,4,4,7,,5,6,5,7,4,6,4,4,5,8,5,5,,4,3,5,5,6,6,11,5,6,3,5,,,9,7,6,3,4,4,6,5,6,9,6,8,5,5,7,5,4,6,6,3,,7,5,8,7,8,,5,5,4,6,6,5,5,,,6,8,5,4,6,,3,3,1,2,,,4,2,5,6,3,5,4,5,6,7,5,,6,8,9,4,7,7,7,13,8,11,9,10,8,5,3,6,5,6,2,5,,4,,4,6,,8,,3,6,,,,,5,,,,6,10,5,4,15,4,3,,6,10,3,10,13,6,6,3,5,6,10,2,7,4,7,15,,9,,8,6,5,7,12,9,6,,4,4,4,1,4,6,4,3,2,5,1,5,1,2,8,7,8,,,4,,3,2,4,1,6,,7,2,,,4,1,1,11,,8,6,6,,8,9,7,9,7,7,4,3,6,11,,,,11,,,5,,4,7,7,7,5,8,6,4,4,4,,6,,,10,,8,8,11,4,4,8,3,7,,8,8,6,13,5,4,7,5,4,4,1,2,3,8,4,6,4,5,4,6,,5,4,7,,4,4,,6,5,2,7,4,,7,4,,,4,4,,4,,6,6,9,8,7,10,,4,8,,8,6,,7,,7,6,7,,7,6,11,12,14,,8,7,6,5,2,5,5,4,5,8,5,8,7,4,2,6,5,6,6,4,5,17,3,2,6,5,6,7,4,6,5,3,8,,5,5,5,4,2,4,6,5,2,4,2,3,5,2,,7,9,6,,4,10,8,10,8,,10,15,7,,3,,3,3,5,3,8,5,4,,,,1,,3,,6,,3,,1,,4,3,3,,5,,6,2,5,2,8,5,,4,6,7,5,7,1,,4,,,7,4,,3,7,4,5,7,4,4,4,2,4,6,5,5,7,7,6,2,2,4,5,7,6,4,7,7,7,5,,24,6,30,7,4,5,7,3,,,,,1,1,,1,1,8,8,7,5,5,6,7,2,2,5,4,4,,4,3,,8,2,5,,6,4,,5,7,6,5,10,4,5,5,5,5,7,5,3,,5,5,3,16,31,6,6,9,3,,7,7,5,4,5,,,4,,,,,4,,,,,,,,,,,,,,,,5,,,,,,,,,,,,,,,,,,,,,,,,,,,,,,,,,,,,,,7,3,1,3,1,2,2,3,1,,,2,14,15,11,8,,9,8,11,4,5,10,6,,7,6,5,,,2,3,,10,8,3,,5,,10,12,,,4,5,,,5,5,12,,,3,2,8,10,10,5,6,5,3,4,7,4,3,6,10,12,8,5,6,9,9,5,2,3,,6,7,6,,6,5,6,7,5,3,5,2,8,6,8,5,,,6,9,7,9,9,13,6,8,3,4,5,,3,4,2,4,1,,,8,6,4,1,5,3,,6,3,4,,6,4,7,,6,8,4,7,5,2,4,,4,4,6,8,3,4,4,3,,7,6,6,6,8,7,,4,,4,,,,3,5,7,14,2,3,,2,,21,8,5,7,7,7,6,2,7,4,6,9,5,4,7,3,1,2,2,3,2,,8,3,4,6,32,8,29,18,17,15,13,6,6,7,6,,3,33,35,9,15,,2,5,10,5,4,5,7,12,1,,2,2,7,3,4,4,4,4,2,5,8,,4,2,6,,5,2,4,4,,4,3,4,,1,8,6,7,4,,6,6,4,8,9,5,3,,4,6,4,10,4,,4,6,7,5,4,5,6,5,6,8,4,4,,8,10,7,,6,9,,7,3,5,1,,6,4,6,9,10,4,6,5,8,6,6,3,6,5,4,5,4,4,2,2,4,4,4,5,1,6,6,6,9,11,9,7,6,4,5,5,3,8,8,7,6,5,7,5,7,5,7,6,28,13,5,11,9,7,6,6,6,8,7,4,4,8,11,7,7,5,8,6,,8,4,3,8,2,,5,8,5,3,6,6,4,6,10,2,3,3,1,3,9,,,,10,11,,11,5,8,9,9,4,,7,8,6,,,,,6,6,6,7,8,5,,4,,4,6,11,12,10,11,3,5,5,6,5,,,,,8,3,4,5,5,4,1,,2,7,7,6,7,2,8,8,5,9,4,7,4,6,,6,9,8,4,7,7,5,8,12,,9,6,,8,7,,6,7,4,,10,,6,,8,8,1,5,6,8,5,8,7,8,6,5,5,7,,11,10,,6,5,6,,7,4,9,5,6,,,5,5,7,8,,,10,1,4,,11,7,15,9,11,8,5,,6,,,6,4,4,6,5,4,4,6,5,,5,7,11,7,6,6,3,3,2,,,7,6,,5,,4,9,9,8,38,3,4,5,6,7,4,3,10,,5,2,7,2,5,2,2,,4,,6,9,3,,6,,5,7,5,4,5,9,5,3,,,2,4,5,6,,4,10,5,7,,6,5,,,3,2,6,4,8,6,2,4,5,5,5,6,5,7,7,,3,2,,5,3,10,7,4,15,3,4,4,2,3,5,4,2,4,6,3,18,4,2,2,6,4,9,3,,6,8,6,,2,4,7,2,3,5,3,5,5,4,3,7,5,3,7,3,1,3,8,,5,6,8,8,5,4,,,4,4,4,7,8,6,7,4,8,6,1,9,6,45,6,2,4,3,,4,6,7,7,12,4,5,6,7,6,8,5,6,2,5,5,3,5,6,13,8,11,3,7,6,7,7,6,2,5,4,6,7,8,7,5,6,6,2,6,6,7,6,1,6,5,7,6,1,2,6,8,,6,9,6,4,9,1,3,2,5,2,2,3,9,5,2,7,3,,9,11,6,6,8,6,7,7,8,7,13,12,2,,2,3,2,4,6,9,7,3,5,,1,4,4,3,7,,12,,6,9,5,5,6,5,5,5,8,5,12,9,7,2,1,4,5,4,3,5,4,6,3,3,12,10,4,1,6,7,4,3,5,5,6,6,3,5,2,5,3,4,1,4,5,12,5,8,5,9,6,4,4,4,8,3,4,7,7,3,3,5,4,4,4,10,4,3,6,6,3,3,3,1,6,3,3,3,,8,4,8,6,9,8,9,8,4,3,4,1,6,5,3,6,4,3,8,4,4,6,5,4,2,6,9,,4,3,4,6,6,5,7,7,6,3,4,1,3,7,3,25,3,3,8,3,5,6,3,5,2,3,3,,8,5,6,9,7,6,8,6,5,4,5,2,,3,2,9,8,6,6,12,7,9,3,1,1,3,3,4,2,5,2,5,7,10,3,8,7,9,7,9,2,2,4,3,8,9,1,10,7,5,7,7,5,4,4,2,5,9,4,3,4,5,5,7,6,6,17,7,6,10,3,7,7,4,23,8,,7,3,4,1,6,6,3,4,6,8,5,7,3,3,7,2,4,6,4,3,6,3,4,,5,6,1,7,4,7,8,4,3,2,3,3,3,6,6,,4,10,9,9,4,4,4,1,3,3,3,3,6,8,6,2,7,8,4,19,6,,3,4,6,6,7,12,4,8,4,6
20230729,18,SO2_24h,3,3,3,3,3,3,1,3,3,3,3,3,,,5,,2,4,5,,4,,4,4,,3,2,,2,2,3,3,3,1,5,,2,3,,3,3,4,2,5,,4,,2,3,2,8,4,6,9,,5,2,,2,3,9,7,7,9,8,5,2,2,,4,5,7,2,4,2,,5,4,3,4,7,,3,7,6,8,6,4,,6,6,,,8,7,6,7,5,10,21,,6,8,14,12,11,,10,4,4,7,4,7,5,4,6,4,6,4,4,4,6,3,5,4,4,3,3,8,5,6,3,7,7,5,6,3,4,5,8,4,8,6,3,4,,2,6,6,5,4,3,3,6,10,6,4,6,7,5,,6,7,7,6,8,6,6,8,5,4,4,4,,,,6,8,,6,7,4,,,,6,,3,5,8,5,10,5,8,5,6,,,,6,5,,3,4,6,6,6,,7,5,7,4,6,7,5,3,,5,,7,5,,6,4,,4,5,6,,6,4,6,5,2,4,7,,,3,4,4,5,6,5,4,,4,,,2,,7,3,,4,2,3,5,4,4,,2,3,4,5,2,4,4,3,5,4,4,3,5,5,8,8,7,8,2,,4,2,2,3,1,3,2,8,5,7,,5,4,10,,7,5,6,4,,4,7,5,6,6,,,5,7,8,6,5,5,1,1,3,2,1,1,3,2,3,6,8,7,5,6,5,5,,6,6,3,4,4,1,4,2,4,3,2,5,4,4,,5,5,9,7,6,6,5,7,4,5,6,4,4,7,,5,6,5,7,5,7,5,5,7,11,5,6,,6,5,9,6,6,7,11,5,6,3,4,,,9,7,7,4,5,5,6,4,9,16,8,10,5,6,7,5,5,8,6,8,,7,5,8,7,8,,5,5,4,7,7,5,6,,,6,9,5,4,7,,3,3,2,2,,,3,8,5,6,3,6,4,6,6,5,4,,10,8,8,4,7,7,7,13,8,11,10,10,7,5,3,6,6,6,2,5,,4,,4,7,,8,,5,7,,,,,5,,,,13,13,5,6,14,4,4,,6,10,3,10,13,6,4,4,4,6,7,1,6,4,7,16,,15,12,15,8,7,11,9,7,8,,5,5,4,2,4,6,3,3,2,5,2,5,2,2,8,7,8,,,4,,4,2,4,1,6,,6,2,,,2,1,1,12,,9,6,6,,10,9,9,9,6,7,3,3,5,7,,,,10,,,5,,4,8,7,8,5,8,6,4,4,4,,9,,,17,,13,12,12,4,4,8,4,7,,13,10,6,9,9,4,7,7,4,11,1,4,2,8,4,6,4,5,4,6,,6,6,8,,4,4,,7,6,3,6,5,,11,5,,,3,5,,4,,8,9,10,10,8,10,,9,8,,9,8,,8,,9,6,8,,8,7,12,15,16,,7,6,5,5,3,4,4,7,5,7,5,5,7,5,4,6,5,6,6,12,13,12,3,2,5,5,6,6,4,6,5,3,7,,6,5,4,4,2,4,5,5,3,4,2,3,5,2,,6,8,6,,4,10,7,9,8,,10,10,7,,3,,3,4,5,3,8,6,4,,,,1,,2,,6,,3,,2,6,4,3,4,,6,,4,2,4,2,7,5,,8,7,8,6,7,2,,4,,,8,4,6,3,6,7,10,13,6,5,3,2,4,18,14,10,17,19,12,2,2,3,6,7,6,8,10,10,9,5,,15,7,18,7,5,5,6,3,,,,,1,2,,1,2,8,9,9,5,6,5,6,2,2,5,5,4,,4,3,,8,2,5,,6,4,,5,7,5,5,9,4,6,5,5,5,7,5,4,,20,29,4,18,27,8,11,8,3,,7,7,6,5,6,,,4,,,,,3,,,,,,,,,,,,,,,,5,,,,,,,,,,,,,,,,,,,,,,,,,,,,,,,,,,,,,,7,2,1,3,1,2,2,3,1,,,2,10,11,9,8,,8,7,8,6,5,7,10,,7,7,6,,,4,4,,15,14,3,,7,,16,20,,,5,4,,,4,4,14,,,3,3,7,10,10,5,6,3,3,6,7,4,3,6,10,8,10,5,6,11,8,5,2,4,,8,8,5,,7,5,7,6,4,3,6,3,8,6,8,5,,,6,9,7,9,10,13,6,9,6,5,6,14,6,3,3,4,1,,,9,8,4,2,5,3,,6,7,6,,6,5,6,,4,8,6,7,5,2,4,,4,4,5,8,2,4,4,4,,5,5,6,7,9,7,,5,,6,,,,2,6,8,7,3,4,,3,,8,7,5,6,6,8,6,2,10,4,7,10,5,4,7,3,2,3,4,4,2,,8,3,4,6,12,6,29,15,16,16,13,11,9,10,7,,4,7,7,3,4,,1,5,6,6,8,8,8,13,1,,3,3,7,2,4,4,5,4,3,8,8,,3,3,6,,6,2,5,4,,4,3,4,,1,8,6,7,4,,6,6,4,8,9,5,3,,4,6,4,5,5,,5,7,8,4,5,5,6,6,6,7,4,4,,7,8,5,,6,7,,10,5,5,2,,6,4,6,9,10,6,19,8,11,12,9,4,8,6,7,8,4,5,3,3,5,6,5,6,3,6,8,8,10,13,11,10,5,8,8,9,2,14,10,9,6,5,6,5,8,6,7,6,7,7,5,8,6,9,6,7,7,8,8,18,31,8,9,11,10,6,15,11,,16,4,3,6,3,,6,7,6,4,6,5,3,6,6,3,3,3,3,3,10,,,,7,8,,9,8,11,12,11,11,,7,8,6,,,,,5,5,6,6,7,2,,4,,4,6,10,11,9,13,3,4,8,5,5,,,,,4,2,4,4,27,5,2,,5,8,7,8,9,2,7,8,5,9,4,6,13,35,,10,15,6,5,7,9,5,8,15,,9,6,,7,7,,6,7,4,,8,,7,,8,8,2,6,9,8,5,7,7,8,5,5,5,8,,101,37,,6,6,7,,7,5,6,3,5,5,,5,5,7,7,,,7,5,4,,11,10,14,10,11,10,5,,5,,,6,5,4,6,6,4,4,5,5,,8,8,9,6,6,7,3,3,2,,,7,6,,5,,4,9,9,9,19,2,4,5,5,5,4,3,10,,6,2,8,2,4,2,2,,3,,6,7,3,4,7,8,10,8,4,6,6,9,5,3,,,2,4,6,6,,9,16,6,7,,5,4,,,2,3,6,4,7,6,2,4,5,5,5,6,6,7,9,,4,2,,6,4,9,6,5,16,4,7,15,3,4,5,3,2,4,17,3,23,4,2,2,6,4,8,5,8,7,8,6,,2,4,9,3,3,6,3,5,6,4,4,7,5,4,8,3,1,5,25,3,5,5,7,8,5,4,,,4,4,6,6,8,6,6,3,4,6,3,11,7,18,6,3,4,3,,5,9,7,14,42,5,7,6,7,6,7,5,7,2,5,6,3,6,8,18,13,11,2,7,7,7,7,6,2,4,5,6,6,8,8,4,6,6,4,6,7,7,14,2,7,6,8,7,8,2,6,8,,6,9,5,4,9,2,3,2,5,4,2,1,8,4,2,8,3,7,8,10,5,8,8,7,8,9,8,8,11,12,2,,3,6,6,4,6,10,8,4,5,,1,4,4,4,9,8,10,,6,7,5,7,7,7,5,5,11,31,8,10,6,2,1,4,5,4,4,5,6,4,4,3,19,14,4,2,5,6,4,5,5,5,6,6,2,5,2,7,4,6,2,6,6,9,5,8,5,8,6,4,5,6,9,3,6,7,7,2,2,5,4,5,5,9,4,3,6,6,2,3,4,2,6,3,4,2,10,8,4,18,7,11,7,9,8,5,3,2,2,6,5,6,7,3,4,9,3,4,7,6,5,2,6,7,,4,2,4,3,8,5,7,10,6,3,4,2,2,7,3,16,5,16,10,3,6,5,4,5,2,3,3,,8,5,7,8,7,6,8,5,5,5,4,1,6,4,2,12,9,6,7,13,6,9,2,2,1,3,3,3,3,5,6,5,7,9,4,8,7,10,7,9,2,4,4,3,8,12,1,7,7,5,8,7,5,4,3,3,6,9,6,5,6,4,7,7,9,6,23,10,7,10,4,7,8,7,18,14,,6,3,4,2,6,6,2,4,6,7,5,7,2,3,7,3,4,6,6,3,6,3,4,,5,6,2,8,6,7,8,5,3,2,3,3,3,8,9,3,4,15,10,8,5,4,4,2,3,3,3,3,8,6,5,3,7,6,5,10,6,4,4,5,6,7,9,12,4,8,6,10
20230729,18,NO2,8,5,10,9,19,14,24,4,14,6,17,16,,,12,,27,21,12,,27,,17,5,,3,11,,2,7,4,2,7,8,6,,12,10,,10,5,15,23,35,,20,,2,2,7,2,6,3,5,,5,,,16,9,9,16,10,13,7,6,10,10,,5,8,11,10,2,6,,2,2,5,6,17,,6,28,19,20,15,21,,9,14,,,6,9,14,13,12,17,16,,11,7,10,16,13,,8,17,20,6,8,7,10,17,7,21,8,17,9,9,11,11,6,,11,10,7,5,9,10,,7,16,12,11,12,6,7,9,11,15,10,11,2,,11,12,10,15,5,10,5,2,8,6,12,6,3,5,,1,2,5,1,2,4,14,16,13,13,13,4,,,,5,8,,7,2,6,,,,12,,9,14,5,9,12,6,10,6,13,,,,4,8,,13,8,10,10,8,,6,7,10,7,6,7,2,5,,5,,7,10,,21,16,,18,20,19,,15,9,23,15,7,13,11,,,1,9,8,15,13,8,15,,15,,,12,,3,10,,6,10,10,13,8,9,,8,10,10,10,10,5,6,4,9,12,4,5,7,7,4,5,2,7,2,,13,9,12,8,10,15,7,14,22,12,,11,14,8,,16,17,23,22,,17,26,22,19,2,,,6,13,4,8,8,9,13,6,10,12,8,8,9,11,14,9,14,12,12,10,20,40,,18,10,5,2,8,22,10,6,2,,2,1,30,24,,28,31,27,33,31,,24,21,17,18,16,22,14,14,,7,9,5,35,8,5,11,6,16,23,28,16,,7,28,25,12,13,9,8,9,10,11,9,,,20,20,24,14,12,10,14,17,8,10,13,10,8,10,19,,5,18,14,13,,11,14,9,12,6,,8,11,4,9,21,8,9,,,8,23,8,8,18,,2,4,18,5,,,6,2,8,16,9,9,8,16,18,14,12,,11,14,17,25,22,20,1,10,10,5,14,10,23,15,17,16,13,15,11,7,,15,,20,20,,16,,18,23,,,,,8,,,,11,12,29,23,35,32,8,,8,6,7,9,15,5,5,8,8,8,13,1,3,6,6,11,,11,,9,6,21,18,19,13,8,,9,8,7,9,6,15,14,10,15,5,1,6,1,8,10,16,10,,,5,,6,4,6,3,3,,4,8,,,5,4,3,13,,4,5,6,,10,10,8,8,8,2,,2,2,10,,,,3,,,6,,4,4,3,2,12,1,2,5,4,11,,2,,,10,,6,7,14,12,11,14,12,8,,24,24,26,17,8,15,4,10,8,9,7,13,17,5,6,4,6,8,6,2,,2,22,8,,8,8,,8,3,12,7,2,,8,7,,,2,6,,12,,15,9,10,22,8,10,,5,5,,15,16,,16,,12,8,10,,10,6,22,18,14,,12,11,18,12,11,14,5,22,18,14,12,9,19,6,14,30,9,10,9,8,2,11,13,14,5,8,10,6,5,4,8,16,19,,13,6,10,7,9,12,8,14,7,20,11,10,12,8,,5,8,10,,4,9,15,8,2,,14,14,1,,11,,14,13,14,14,4,2,4,,,,3,,,,11,,2,,12,,10,9,8,,2,,20,10,11,12,6,11,,8,12,6,7,6,1,,3,,,2,7,,6,7,5,6,12,11,4,2,3,4,9,10,13,9,10,14,4,3,5,4,5,9,16,13,8,9,10,,20,13,25,13,10,9,1,4,,,,,4,11,,2,4,8,10,10,8,11,11,5,8,9,5,12,5,,8,15,,5,5,15,,16,11,,19,2,6,13,13,12,8,6,10,17,11,9,8,,,10,4,5,7,9,7,5,6,,5,2,13,17,3,,,16,,,,,5,,,,,,,,,,,,,,,,6,,,,,,,,,,,,,,,,,,,,,,,,,,,,,,,,,,,,,,6,6,3,14,6,4,4,4,1,,,4,21,21,23,15,,17,9,5,12,7,13,14,,14,17,11,,,9,12,,23,18,7,,8,,7,12,,,16,8,,,9,8,9,,,11,5,4,7,10,6,5,9,12,9,6,6,8,17,12,19,16,21,25,16,7,5,11,10,,10,16,5,,4,4,8,7,9,4,13,7,10,18,16,11,,,4,20,16,22,7,12,15,10,24,20,14,,12,12,13,20,5,,,5,24,11,2,8,5,,2,5,2,,3,4,7,,7,5,6,4,2,7,5,,2,4,10,11,4,5,10,8,,8,5,9,6,9,7,,5,,7,,,,2,4,2,12,3,4,,6,,24,22,16,12,7,11,4,8,14,23,13,16,,6,10,4,11,13,8,5,8,,16,5,10,12,34,13,4,10,10,10,7,2,7,6,7,,6,9,11,17,17,,4,3,9,16,7,5,7,12,37,,10,16,10,3,4,3,3,6,7,9,4,,16,11,7,,11,5,9,6,,5,3,8,,6,2,2,5,4,,6,1,6,3,6,11,7,,5,2,3,13,2,,9,10,5,3,3,2,10,9,10,9,9,4,,5,6,6,,9,5,,8,4,4,9,,2,7,,18,11,2,6,8,5,9,4,2,5,7,4,5,5,6,4,3,2,48,4,8,5,13,4,12,16,6,9,2,4,2,2,3,3,10,5,8,4,2,4,8,5,10,12,10,33,25,15,14,11,13,14,7,7,8,5,4,7,11,5,14,11,4,6,9,,7,3,4,7,3,,4,2,4,13,7,11,9,10,13,5,4,8,5,4,5,,,,4,7,,7,40,12,12,22,4,,2,9,5,,,,,7,5,5,7,4,31,,8,,2,3,8,7,7,5,5,7,6,10,2,,,,,7,3,6,5,5,7,10,,5,7,4,14,8,7,22,15,12,9,10,9,12,12,,5,5,6,10,12,11,9,5,9,,5,10,,8,5,,2,5,5,,5,,4,,2,3,5,4,4,5,4,5,5,8,3,4,3,8,,8,9,,7,8,6,,6,6,15,15,11,,,6,4,4,10,,,9,2,6,,7,9,5,6,4,4,13,,25,,,7,5,4,2,17,12,6,7,8,,15,6,5,4,2,3,8,11,11,,,12,8,,8,,12,3,2,11,32,11,8,22,5,19,17,5,13,,18,7,12,10,9,12,13,,7,,2,9,5,,8,,4,6,3,9,11,5,6,6,,,9,3,17,22,,16,10,10,8,,8,9,,,15,8,12,1,7,7,6,6,6,10,5,18,10,9,14,,11,4,,24,8,7,6,4,7,7,2,5,9,12,8,9,15,5,22,3,18,5,4,10,7,8,5,5,,6,4,11,,3,19,,6,7,5,1,1,2,6,3,8,2,13,6,12,4,11,5,6,8,2,22,12,8,6,,,9,8,6,12,7,2,4,12,9,7,9,6,8,37,10,4,11,5,,8,14,8,6,13,9,8,10,10,10,9,12,5,9,,8,5,12,6,12,5,19,9,2,2,8,3,2,11,14,10,28,48,33,29,18,15,14,25,34,3,8,6,11,11,2,15,22,9,4,15,7,,8,10,8,5,7,3,3,4,11,9,6,6,4,10,7,14,16,,16,9,5,2,8,4,9,16,11,6,22,6,3,,2,9,3,3,21,8,2,3,2,,4,5,6,8,9,,8,,16,3,8,9,8,5,3,5,7,4,12,12,7,6,5,23,5,1,4,16,13,2,8,6,14,8,3,8,10,9,7,9,13,4,6,2,9,2,7,2,4,21,4,20,11,2,19,7,6,6,15,9,7,5,5,9,3,4,14,7,19,6,6,10,8,12,5,6,11,10,6,7,11,4,4,9,9,7,,7,3,11,7,11,2,10,8,7,5,4,5,15,7,4,6,13,5,4,6,5,8,3,9,5,2,,,8,5,5,2,8,11,5,10,1,12,10,20,6,12,5,5,7,10,13,6,5,4,5,7,18,4,4,,9,4,12,3,7,15,14,9,10,18,6,16,,9,5,15,13,14,12,21,2,28,4,9,16,3,8,11,12,7,1,1,6,11,15,5,10,7,9,9,10,8,10,13,11,10,10,10,8,6,9,4,12,12,9,13,9,1,17,8,6,4,7,23,6,22,8,5,27,11,15,25,24,2,15,11,,6,10,6,11,12,6,4,5,8,14,10,7,9,6,7,10,15,12,12,14,20,21,9,,11,4,2,3,12,14,4,11,5,14,3,6,9,14,7,10,20,12,12,6,4,15,14,13,4,5,12,8,14,9,6,2,8,11,15,16,8,8,8,4,2,4,11,1,6,4,13,37
20230729,18,NO2_24h,29,6,21,27,31,31,30,17,13,16,36,17,,,13,,17,17,20,,17,,21,8,,8,16,,11,14,15,8,13,14,13,,13,17,,17,12,11,18,23,,20,,5,3,9,11,14,13,14,,17,8,,14,14,9,25,20,20,25,9,17,22,,16,18,15,20,7,11,,6,7,9,13,24,,7,24,21,23,17,27,,21,26,,,24,25,28,24,16,27,18,,17,13,14,17,16,,12,14,13,9,9,9,11,14,10,13,13,16,12,9,10,11,6,2,12,10,11,9,11,7,9,12,16,17,16,16,5,11,15,8,8,8,8,2,,8,13,7,13,5,10,5,4,6,6,11,7,5,4,,2,2,5,2,2,4,9,10,5,8,7,5,,,,6,7,,8,5,7,,,,12,,8,13,6,8,12,8,8,7,12,,,,4,6,,16,14,13,8,6,,5,7,8,6,5,5,2,3,,4,,5,7,,12,10,,12,12,13,,11,7,15,12,5,8,7,,,2,7,6,10,7,4,9,,12,,,9,,2,9,,4,4,7,7,3,4,,14,16,11,10,10,8,5,4,13,12,6,8,8,12,7,12,6,10,2,,7,8,6,5,8,6,7,12,14,12,,7,9,5,,13,20,27,22,,23,27,26,24,3,,,7,9,9,8,7,9,13,6,10,12,7,8,7,9,13,16,21,18,18,18,20,20,,18,13,10,7,15,11,12,12,7,11,9,3,40,19,,27,31,23,25,31,26,23,15,15,16,16,19,22,23,,9,7,12,27,13,12,8,5,12,16,20,15,,11,27,26,11,9,7,6,9,11,12,8,,,18,16,21,18,14,12,14,19,22,23,19,22,24,25,46,23,24,19,31,38,,16,20,16,14,6,,23,38,19,16,33,16,14,,,38,30,30,19,26,,10,25,30,23,,,19,5,14,26,13,15,12,21,18,18,15,,14,12,13,18,13,16,9,17,19,10,14,13,19,12,22,11,14,14,10,8,,20,,15,18,,26,,22,28,,,,,10,,,,16,22,18,23,29,23,10,,14,12,8,13,15,9,8,15,9,8,10,5,5,14,5,30,,21,39,25,21,23,18,18,20,30,,11,10,12,6,4,7,5,10,15,8,2,8,3,10,6,9,5,,,10,,6,2,4,3,6,,7,11,,,9,9,8,19,,13,14,10,,14,11,9,9,7,3,2,2,2,7,,,,5,,,9,,6,6,4,5,12,2,3,6,6,8,,4,,,11,,6,10,12,10,11,11,12,7,,15,17,17,14,18,13,11,11,11,15,12,13,13,7,6,6,16,12,12,12,,11,12,9,,9,10,,9,7,13,7,7,,19,10,,,4,12,,23,,24,22,18,27,7,10,,5,4,,20,22,,22,,14,15,13,,13,10,21,17,10,,7,8,9,13,13,8,3,19,16,10,16,6,17,11,16,24,9,8,14,10,5,9,12,13,8,8,10,7,8,2,11,10,12,,9,9,11,8,8,9,8,16,8,10,7,11,10,8,,5,7,9,,4,11,14,11,4,,15,12,2,,8,,9,11,13,10,4,2,3,,,,5,,7,,10,,3,,10,7,9,14,18,,8,,20,20,14,13,8,14,,7,14,8,12,10,4,,6,,,2,8,9,8,4,7,13,14,14,8,4,5,7,10,17,18,17,17,13,8,8,6,16,13,12,15,17,17,19,16,,17,14,27,28,15,12,5,7,,,,,4,10,,7,4,13,10,13,14,10,14,9,15,15,11,16,11,,11,15,,11,6,17,,14,17,,17,5,6,18,13,11,10,9,10,14,16,13,12,,15,18,18,8,10,13,12,3,5,,7,3,16,10,4,,,25,,,,,6,,,,,,,,,,,,,,,,5,,,,,,,,,,,,,,,,,,,,,,,,,,,,,,,,,,,,,,9,5,6,8,5,5,4,5,2,,,4,16,18,18,14,,15,19,18,19,16,24,16,,14,18,15,,,16,20,,22,26,25,,22,,10,13,,,14,11,,,9,7,18,,,11,8,5,9,13,7,5,11,11,10,7,7,5,7,9,14,16,20,17,20,9,8,14,13,,14,15,6,,4,4,8,11,8,6,10,7,13,17,10,13,,,6,13,10,16,8,11,5,8,9,13,12,2,7,8,7,11,4,,,10,15,10,2,11,9,,4,7,8,,7,7,11,,8,8,9,9,6,6,3,,8,8,8,13,8,7,9,9,,9,4,3,4,13,10,,8,,10,,,,2,6,5,5,4,5,,5,,14,16,14,6,3,6,3,4,10,13,9,8,,3,7,3,7,10,7,6,7,,8,4,7,10,10,7,4,7,10,8,10,6,9,12,9,,3,4,4,4,5,,7,4,9,9,9,7,9,12,28,,9,13,8,3,3,3,3,5,7,8,3,,14,10,8,,9,5,10,8,,6,4,7,,6,4,3,6,5,,7,2,6,4,7,9,6,,7,4,6,10,7,,14,15,5,5,4,4,12,10,10,10,10,6,,7,9,10,,4,5,,6,4,5,6,,3,5,5,10,12,8,9,11,9,12,10,5,6,7,8,7,4,6,6,3,4,33,10,15,12,18,6,10,10,10,13,2,8,5,4,8,4,14,10,9,5,4,8,9,30,11,22,21,18,10,11,13,13,22,17,13,13,12,9,10,16,14,13,16,14,9,14,15,,11,8,11,7,9,,6,5,14,13,15,11,11,12,16,12,18,19,14,5,26,,,,11,13,,12,17,23,22,27,23,,11,9,9,,,,,9,7,8,10,10,14,,10,,14,6,11,10,12,14,5,10,14,15,8,,,,,12,7,6,5,15,16,15,,5,8,6,10,12,7,14,15,15,12,11,11,18,18,,9,10,11,13,12,11,9,10,10,,11,9,,9,10,,7,8,12,,8,,9,,3,5,10,12,13,10,18,13,13,12,2,7,5,9,,12,13,,10,11,15,,8,9,19,18,16,17,,5,4,12,21,,,18,15,31,,11,10,12,11,6,6,17,,8,,,11,9,5,6,21,19,21,24,9,,13,9,10,8,7,11,13,14,9,,,17,13,,19,,10,9,8,11,20,5,7,19,7,16,11,10,13,,29,7,13,14,7,10,10,,10,,4,10,19,12,21,23,14,11,6,14,15,10,6,10,,,20,2,12,13,,20,16,18,5,,6,9,,,11,9,11,2,9,8,4,6,6,10,7,32,16,13,24,,15,7,,19,12,9,9,6,22,11,4,9,13,19,7,5,17,5,33,3,17,7,5,12,19,12,6,8,8,7,8,12,,4,10,34,5,8,26,3,4,5,5,5,25,6,10,14,13,13,10,19,6,10,2,20,11,12,16,,,15,7,10,14,6,4,6,13,10,13,8,9,13,24,7,6,8,5,,5,23,18,12,18,13,22,8,7,7,7,10,5,6,10,7,12,24,20,11,22,18,10,5,2,8,3,1,12,7,10,24,38,28,21,23,17,12,21,29,8,10,16,12,9,17,16,16,10,5,17,16,,15,8,11,6,11,3,3,4,12,9,6,6,7,9,6,8,13,9,17,13,14,7,16,14,12,19,20,9,24,19,16,,13,10,14,4,24,11,6,4,4,,2,8,11,13,14,18,13,,13,29,8,12,5,7,4,16,8,12,10,15,14,5,6,14,7,6,6,11,10,2,11,7,46,24,4,6,10,6,6,14,12,4,8,2,4,2,6,2,7,20,8,22,11,6,19,7,7,6,19,9,13,11,8,14,12,7,11,14,10,9,15,11,20,17,4,8,9,9,10,10,7,5,7,10,9,7,13,8,6,13,8,12,5,18,16,11,12,20,12,15,13,8,14,12,4,7,9,8,11,4,13,6,3,11,,11,10,9,5,11,21,8,12,4,17,6,11,6,5,5,13,12,12,12,8,10,4,7,13,11,4,5,,8,5,19,4,9,15,21,20,13,11,9,13,3,6,3,24,15,12,11,17,2,36,12,16,17,12,19,20,20,9,4,9,16,18,25,18,20,17,21,25,9,6,16,11,10,9,4,19,16,8,13,6,12,12,14,11,14,2,16,9,9,9,12,19,13,19,11,5,26,8,17,18,22,15,24,30,,4,4,7,8,14,10,7,8,9,22,15,8,13,8,12,16,12,19,13,7,14,15,16,,10,7,3,10,17,20,4,16,11,19,15,9,29,24,9,11,24,23,21,7,4,8,21,15,10,5,18,16,31,27,5,2,8,11,16,13,10,6,11,8,4,8,14,6,4,6,14,16
20230729,18,O3,33,41,45,41,28,50,37,42,45,50,36,43,,,30,,15,25,36,,12,,45,44,,62,49,,43,49,45,39,38,50,64,,55,55,,49,60,58,38,40,,61,,43,50,47,45,61,59,66,,74,120,,112,125,122,51,65,58,71,54,52,51,,53,42,40,42,60,60,,45,51,47,46,86,,68,73,81,84,80,79,,140,144,,,148,145,138,133,50,56,47,,58,52,54,52,50,,60,39,39,36,36,49,43,34,32,30,34,86,95,94,94,101,88,,79,85,94,116,86,105,,101,98,103,105,99,96,100,107,22,22,24,26,24,,25,27,23,23,76,83,92,81,81,84,69,81,85,32,,34,36,34,36,29,30,28,27,31,22,29,42,,,,75,79,,87,88,90,,,,73,,45,40,34,46,38,37,39,41,45,,,,56,51,,66,73,71,58,54,,55,71,68,74,68,72,47,50,,51,,80,80,,40,62,,34,58,46,,48,40,38,68,30,21,28,,,33,28,29,47,47,53,31,,37,,,52,,37,31,,43,34,36,22,22,24,,75,69,63,66,63,64,62,58,45,41,54,55,47,52,46,51,50,51,,,51,58,54,51,,28,32,40,48,47,,47,42,49,,45,31,31,33,,30,35,7,37,26,,,35,38,29,42,42,32,42,46,45,49,40,41,42,36,49,71,58,72,60,79,49,29,,52,57,96,101,104,82,122,93,92,107,117,79,132,109,,78,94,89,193,128,162,143,187,57,65,51,58,72,82,,74,62,83,46,80,70,80,69,117,118,98,96,,122,153,153,111,120,107,105,114,119,101,126,,,117,103,97,99,100,106,78,72,112,111,102,111,123,128,129,129,99,142,99,104,,71,70,74,67,102,,128,150,102,155,219,167,122,,,151,128,142,113,106,,135,158,131,138,,,158,133,82,126,93,99,98,101,104,126,101,,95,118,104,93,102,103,128,125,113,127,106,111,99,45,51,71,63,100,91,82,,92,,59,60,,194,,197,194,,,,,130,,,,132,130,72,71,88,79,83,,106,114,106,115,118,117,132,113,125,125,130,99,102,108,72,165,,163,,165,161,152,166,167,159,164,,36,28,38,21,19,15,13,36,38,43,32,34,34,28,47,42,52,,,42,,44,41,44,35,54,,54,47,,,43,46,45,37,,42,34,37,,61,74,65,70,62,22,32,28,33,,,,,36,,,,,47,36,44,35,30,36,40,31,33,22,,40,,,85,,92,76,122,52,65,50,67,63,,84,84,83,100,90,98,133,137,134,122,59,56,49,76,74,66,90,81,88,78,,81,144,131,,60,61,,71,74,70,68,60,,77,79,,,53,55,,105,,116,120,114,104,51,49,,49,48,,96,93,,90,,46,49,52,,51,56,121,123,136,,34,29,32,30,31,26,99,55,59,52,57,51,50,41,16,7,31,30,27,28,32,26,29,33,65,57,56,61,59,52,60,58,53,,61,47,42,38,38,39,102,76,83,65,77,73,76,73,,93,91,93,,92,53,63,60,52,,59,48,67,,54,,56,53,64,60,64,48,56,,,,49,,47,,43,,47,,47,46,44,87,87,,86,,,95,,108,84,86,,72,64,66,57,77,71,,106,,,103,60,67,69,51,99,92,85,92,69,83,84,72,161,140,146,155,142,178,73,79,119,114,123,115,99,84,94,88,97,,100,91,96,122,79,103,101,92,,,,,179,178,,188,82,97,103,96,88,100,85,98,104,98,84,115,110,,119,114,,84,97,101,,78,96,,86,80,112,101,108,101,117,104,103,87,121,113,99,,140,146,156,130,137,126,131,123,124,,129,118,102,108,131,,,38,,,,,45,,,,,,,,,,,,,,,,37,,,,,,,,,,,,,,,,,,,,,,,,,,,,,,,,,,,,,,117,36,53,43,54,57,52,55,49,,,,54,50,48,58,,50,121,140,127,130,126,81,,83,82,91,,,85,80,,75,84,94,,94,,126,126,,,104,91,,,180,180,150,,,69,76,135,140,140,136,139,50,41,65,54,51,30,23,29,32,59,58,50,54,49,56,52,48,,70,66,74,,28,22,17,20,96,97,112,104,28,28,16,69,,,80,32,45,38,40,79,74,68,85,52,62,,64,70,67,60,95,,,93,62,71,84,89,85,,62,74,70,,74,72,68,,56,62,58,54,34,59,65,,45,50,42,44,,46,44,48,,54,51,47,46,86,93,,52,,52,,,,46,46,46,33,49,49,,39,,40,29,49,54,59,58,54,,55,51,60,,,49,45,46,,60,66,66,,,44,48,35,34,26,38,77,101,107,96,105,46,52,58,53,,40,38,42,35,37,,68,73,83,89,59,59,60,58,52,,45,54,64,31,53,40,38,43,43,57,53,,51,53,56,,39,50,46,53,,56,53,50,,55,54,59,54,54,,64,69,71,72,52,43,45,,65,56,60,26,38,,41,40,60,56,54,66,80,81,79,81,52,42,,90,93,92,,51,58,,43,43,51,48,,66,65,63,51,51,104,118,113,116,117,115,87,104,105,96,92,93,107,102,106,107,92,108,110,106,103,115,124,111,121,121,83,84,90,83,83,58,104,100,91,104,48,96,99,167,152,169,149,64,90,88,151,146,97,140,152,137,140,104,101,112,118,109,78,77,74,85,86,,149,117,106,100,87,,96,108,105,106,113,124,124,122,123,96,108,112,105,20,127,,,,112,108,,105,57,79,80,70,81,,144,131,124,,,,,110,140,142,128,146,64,,113,,94,104,101,98,92,103,74,79,69,70,77,,,,,125,126,61,67,91,96,66,,68,48,50,82,93,71,52,69,55,65,50,54,77,77,,69,88,80,76,44,46,80,70,32,,63,45,,66,87,,105,99,94,,103,,91,,50,50,95,106,106,104,139,132,138,136,95,93,87,57,,143,144,,88,87,149,,149,151,83,90,158,,,80,84,151,140,,,162,176,151,,157,154,129,116,92,134,109,,107,,,109,93,94,90,100,97,131,127,75,,101,130,127,117,112,116,114,116,116,,,140,116,,102,,108,124,128,91,91,37,47,114,68,27,26,43,86,,83,59,75,73,30,40,47,,54,,33,43,161,,87,,158,115,66,49,51,106,41,96,,,48,44,39,23,,125,133,134,42,,85,55,,,30,52,49,47,83,81,31,35,42,53,88,139,103,135,101,,34,51,,174,68,109,110,113,148,77,46,77,88,59,42,33,29,51,173,33,73,39,91,36,92,56,73,94,,80,76,98,,121,57,171,54,135,126,100,100,104,60,48,124,32,70,68,73,113,52,145,54,47,33,94,58,96,98,,,211,70,60,49,83,88,83,75,43,149,51,51,,70,37,48,49,40,,80,211,189,196,174,109,152,24,32,23,27,26,26,23,21,29,71,113,165,128,142,144,71,90,34,36,34,49,72,47,156,194,175,161,74,92,91,30,56,71,80,113,111,86,58,81,172,111,67,111,42,40,,36,82,69,66,94,52,37,38,51,47,52,,55,49,54,64,72,,62,79,102,105,81,92,96,149,134,67,112,94,155,,150,96,115,38,29,70,49,31,34,,43,54,50,57,84,,104,,16,151,78,76,46,113,82,87,174,88,158,137,110,31,53,29,43,45,51,42,46,34,32,45,164,139,87,83,92,32,77,76,40,58,66,36,32,43,54,45,112,103,106,95,100,122,202,68,77,156,64,76,85,119,118,76,76,111,171,46,49,55,58,37,46,57,60,46,84,68,48,49,36,47,46,60,52,50,44,55,49,51,82,89,61,84,98,77,155,164,161,83,127,126,30,33,42,52,44,42,39,44,39,35,37,49,,44,41,43,51,127,120,88,117,106,125,40,35,51,39,45,84,105,108,89,135,112,65,73,61,57,62,63,,28,65,100,89,77,66,95,105,111,52,62,46,,38,45,114,113,118,56,36,54,115,68,53,65,51,39,51,42,49,50,79,67,53,60,72,66,65,84,76,55,38,44,52,55,51,42,100,102,95,83,29,96,124,113,126,116,123,113,102,104,94,92,76,51,50,132,81,46,74,134,98,115,78,195,177,,97,58,66,59,67,96,176,39,34,33,34,49,48,104,109,106,81,112,37,43,41,26,71,,67,60,37,116,81,94,57,82,50,33,40,55,43,116,34,33,24,163,67,53,54,37,43,47,68,42,35,32,148,146,135,71,48,92,65,81,66,30,86,67,94,92,97,51,37,39,31,137
20230729,18,O3_24h,89,119,106,88,99,99,85,96,102,113,98,91,,,135,,118,130,136,,113,,70,84,,82,130,,135,138,135,133,133,141,147,,103,93,,88,93,68,57,56,,74,,126,140,137,137,137,127,139,,156,150,,147,150,154,108,123,116,122,117,146,107,,132,116,103,101,120,120,,161,163,163,164,118,,122,112,109,115,109,112,,147,152,,,160,153,146,147,65,71,66,,76,58,70,62,70,,76,50,59,51,50,57,63,67,54,57,54,90,96,95,96,101,91,62,80,85,99,130,105,106,64,106,112,110,110,107,103,107,112,37,34,35,40,28,,43,30,30,27,76,83,92,81,81,84,69,81,85,54,,60,63,62,60,56,56,33,34,37,28,36,46,,,,75,79,,87,90,92,,,,83,,65,61,53,68,60,59,61,63,68,,,,76,71,,87,84,81,75,70,,74,71,68,74,68,72,50,52,,51,,80,81,,66,63,,74,73,73,,78,67,72,68,44,44,42,,,52,42,48,61,64,62,52,,54,,,74,,61,58,,55,49,47,22,28,24,,87,81,74,81,77,79,80,76,63,49,63,60,60,60,55,63,63,65,,,68,68,70,69,,49,38,68,77,72,,72,73,73,,86,52,53,44,,51,59,58,78,28,,,40,44,40,49,44,36,113,118,112,128,99,93,125,105,128,89,74,92,95,96,66,90,,68,67,100,105,108,107,122,99,100,117,120,90,163,174,,157,200,151,212,168,180,170,190,114,121,131,115,96,102,,144,140,95,121,152,129,162,126,171,148,142,124,,130,187,192,147,148,141,128,139,133,132,142,,,146,134,152,103,109,114,103,126,144,140,158,139,155,160,160,129,122,188,120,160,,108,107,127,108,108,,128,160,118,159,225,167,149,,,165,142,173,144,152,,175,190,166,170,,,203,135,98,126,103,118,98,106,122,131,109,,95,119,104,95,102,103,130,127,120,127,113,121,111,86,85,100,74,118,114,103,,92,,98,86,,195,,201,194,,,,,138,,,,173,162,102,99,103,97,92,,113,118,143,115,120,120,132,113,125,125,130,137,102,111,92,179,,170,69,174,163,164,168,171,165,167,,65,55,60,71,56,54,59,52,46,60,58,60,64,57,75,70,75,,,44,,52,45,51,41,144,,137,89,,,62,66,63,42,,44,34,43,,67,75,70,70,65,27,40,35,39,25,,,,42,,,59,,56,44,50,44,33,38,42,31,38,28,,51,,,129,,137,154,137,143,159,146,152,157,,123,115,123,121,124,115,164,137,134,136,75,79,78,196,198,174,108,94,106,90,,103,213,197,,105,110,,103,105,106,103,96,,126,82,,,68,67,,122,,139,137,135,141,119,119,,119,116,,99,100,,92,,161,151,163,,156,161,148,145,154,,65,56,63,58,51,61,108,92,93,97,98,103,83,54,31,25,43,44,42,52,63,56,51,54,114,116,108,117,115,110,90,86,94,,97,99,90,84,84,93,113,103,105,98,102,73,76,73,,93,91,93,,92,75,81,84,69,,81,87,73,,87,,102,99,96,91,128,140,148,,,,82,,84,,102,,108,,92,97,100,96,97,,101,,117,115,88,120,86,86,,136,116,124,121,115,125,,110,,,103,79,77,74,77,110,117,106,111,85,135,105,110,161,151,173,160,156,178,76,79,126,119,126,124,129,117,120,114,119,,100,97,96,122,84,103,101,96,,,,,179,178,,188,91,104,122,106,102,118,87,98,104,112,94,126,114,,127,126,,92,102,137,,120,126,,119,83,119,105,108,101,117,106,104,124,154,148,140,,149,147,160,149,155,133,146,126,128,,131,123,129,123,135,,,55,,,,,47,,,,,,,,,,,,,,,,38,,,,,,,,,,,,,,,,,,,,,,,,,,,,,,,,,,,,,,117,76,65,69,76,62,63,66,62,,,,105,101,97,101,,89,127,150,135,137,135,147,,138,130,133,,,107,107,,110,107,123,,121,,139,146,,,135,93,,,180,180,158,,,88,96,144,153,150,147,148,82,76,114,94,197,56,56,60,58,71,70,68,66,115,124,112,107,,93,89,101,,42,40,34,40,100,98,123,112,38,41,39,94,,,110,81,82,83,80,92,90,85,110,95,103,49,92,96,92,90,136,,,122,100,105,126,100,93,,87,74,70,,74,72,70,,56,62,64,60,39,59,70,,46,53,54,48,51,47,57,62,,63,54,52,59,86,93,,60,,61,,,,55,55,53,49,62,63,,55,,50,52,62,80,79,77,73,,72,72,76,,,68,68,70,,82,77,75,,,58,73,56,53,53,57,85,101,107,96,105,47,54,58,60,,53,77,76,71,62,,91,93,104,107,87,90,92,91,68,,65,72,82,66,62,50,49,50,43,57,53,,129,114,123,,106,117,110,85,,82,77,74,,76,69,74,70,72,,94,106,93,98,64,58,60,,74,74,71,68,70,,83,66,66,81,95,96,101,105,109,104,109,80,,91,93,93,,72,75,,89,66,62,89,,91,97,90,95,88,111,123,132,135,123,126,93,104,106,96,100,95,107,102,106,107,102,115,113,114,110,123,126,121,124,122,93,104,118,100,95,78,105,103,91,104,60,96,99,171,167,182,163,137,137,144,151,146,134,171,152,151,155,132,140,144,146,148,120,118,89,113,123,,178,127,126,100,87,,96,108,123,126,113,129,124,122,123,132,125,137,136,20,159,,,,112,109,,105,125,133,137,132,114,,147,140,130,,,,,113,144,142,129,146,99,,117,,94,116,130,106,102,109,86,82,81,72,78,,,,,133,136,75,75,104,103,97,,82,65,66,93,102,75,76,81,85,80,57,59,89,86,,82,93,91,94,93,89,88,74,57,,70,62,,83,90,,110,104,104,,107,,92,,50,50,95,106,112,104,158,140,147,140,95,111,98,80,,165,166,,117,118,159,,152,153,89,98,161,108,,84,87,153,143,,,168,176,161,,157,154,129,119,99,143,131,,132,,,127,111,114,102,126,116,159,137,94,,107,130,127,143,138,155,152,152,118,,,147,118,,103,,109,126,128,97,98,60,111,178,117,91,124,134,145,,118,112,88,84,48,66,73,,58,,40,93,191,76,89,71,161,128,66,67,76,107,66,96,,,134,56,59,145,,172,179,162,82,,85,74,,,42,76,74,47,83,85,37,37,45,73,88,154,128,153,109,,126,71,,214,112,109,110,130,148,95,62,85,97,71,78,71,122,120,173,38,138,40,99,40,92,146,80,109,50,101,94,100,,152,67,197,83,144,147,103,108,107,153,86,144,65,75,108,88,125,109,147,69,55,39,97,78,96,98,,,243,78,117,77,83,90,86,86,88,159,99,51,74,114,59,87,69,61,,110,211,198,196,180,120,156,33,37,38,48,44,43,56,35,34,115,133,168,149,149,160,81,92,56,60,38,53,87,63,156,196,176,170,162,146,139,116,107,110,131,129,138,111,81,104,212,140,98,133,104,144,,114,82,71,71,94,66,55,55,113,107,77,105,68,94,92,105,106,54,81,99,102,105,92,92,96,149,147,94,118,118,182,,158,101,141,44,36,70,61,33,39,,52,136,137,62,95,41,117,,40,165,107,102,85,145,92,105,174,137,158,164,142,58,67,59,49,50,56,73,80,40,93,99,164,158,87,86,92,60,77,76,62,76,83,60,36,48,71,49,114,113,115,101,100,131,202,170,93,156,117,141,129,139,184,180,89,158,206,131,74,115,108,129,142,109,71,55,84,69,54,52,52,125,89,118,120,116,103,72,67,82,107,89,74,85,98,98,157,167,174,99,130,132,54,52,44,65,54,57,49,51,45,37,40,133,,81,58,63,74,146,124,110,134,109,131,65,57,70,61,62,108,141,131,107,163,112,75,94,83,82,78,80,,45,89,139,89,92,110,99,108,111,76,82,73,52,65,57,142,153,129,116,116,132,130,161,129,149,85,88,99,81,143,134,124,137,123,144,155,134,148,128,134,107,120,88,103,104,130,89,107,112,95,90,32,140,143,134,148,116,132,113,118,114,94,92,100,157,96,143,118,90,177,157,132,147,111,195,177,,97,68,97,98,84,99,176,45,37,39,38,59,64,125,125,148,118,134,69,89,82,53,82,,88,82,38,156,104,94,123,113,82,76,115,88,91,136,65,52,46,177,94,57,115,88,89,91,106,96,79,89,166,152,139,79,132,130,88,121,87,47,104,71,95,108,122,60,48,45,62,168
20230729,18,O3_8h,41,87,38,40,37,60,58,61,75,79,53,64,,,42,,37,44,37,,37,,25,41,,37,64,,56,59,61,51,47,64,66,,34,30,,30,30,50,34,40,,53,,34,41,38,48,67,62,70,,76,134,,127,131,137,77,92,86,90,81,59,49,,56,52,51,49,56,57,,46,46,43,46,101,,95,92,87,102,93,100,,140,146,,,146,142,141,137,48,54,49,,52,52,58,51,59,,67,34,35,25,28,35,36,32,30,33,30,72,78,77,77,82,68,,63,68,82,117,94,86,,98,102,100,101,100,90,98,105,26,25,26,32,24,,30,25,23,23,59,66,74,63,65,67,56,66,69,44,,46,49,47,48,41,42,30,31,34,25,33,40,,,,58,62,,70,65,67,,,,72,,55,51,42,58,49,48,51,53,56,,,,64,62,,73,71,71,63,58,,61,56,51,54,53,56,44,47,,48,,63,63,,54,55,,56,60,59,,60,54,57,55,33,30,34,,,41,32,34,50,54,54,39,,45,,,58,,50,47,,49,43,40,19,25,21,,74,66,64,69,65,66,65,60,49,42,56,55,51,53,48,54,53,54,,,60,58,61,55,,28,31,49,57,52,,53,54,50,,59,23,28,30,,33,33,23,34,24,,,32,38,30,40,39,34,36,39,40,40,35,34,36,29,44,69,54,70,68,76,56,59,,52,58,78,87,83,88,95,85,84,97,98,80,129,141,,114,131,96,169,133,131,117,139,32,45,38,42,41,57,,66,58,56,35,71,70,70,79,129,126,118,92,,104,150,157,85,92,72,83,108,110,105,118,,,110,95,92,86,92,96,65,62,128,124,126,125,124,126,126,108,105,147,101,120,,91,91,100,90,90,,109,132,103,132,150,135,123,,,135,116,129,119,114,,147,160,148,152,,,175,114,71,95,76,92,86,88,91,99,87,,79,102,89,89,93,90,114,111,101,112,100,102,90,59,58,79,58,90,79,86,,67,,74,66,,182,,169,164,,,,,126,,,,148,141,64,62,66,64,69,,75,98,111,98,104,98,100,90,94,99,100,92,81,94,74,170,,160,,161,155,144,156,152,149,148,,40,35,40,27,24,21,18,43,42,51,31,38,37,33,54,52,64,,,37,,40,38,41,33,61,,61,53,,,47,52,49,36,,32,25,32,,53,60,55,53,60,22,30,29,30,19,,,,38,,,49,,49,35,42,34,29,33,39,29,34,25,,41,,,103,,106,114,120,64,74,65,75,75,,102,98,99,102,98,100,132,113,104,112,62,68,63,74,67,63,88,79,86,80,,81,163,144,,83,86,,83,86,86,83,84,,92,74,,,53,52,,113,,123,123,122,114,71,70,,69,67,,86,93,,88,,81,78,86,,86,86,139,137,147,,48,42,49,45,42,44,100,60,59,60,56,57,54,47,23,16,38,37,34,42,37,40,42,46,60,55,53,58,56,45,72,74,71,,74,65,63,58,58,59,102,88,94,87,92,64,68,67,,71,68,72,,73,58,66,67,52,,61,60,63,,43,,46,44,51,49,50,34,43,,,,44,,40,,42,,48,,48,47,45,75,79,,80,,89,92,,91,76,76,,72,68,75,67,69,79,,105,,,94,74,73,70,63,100,107,99,94,68,80,84,77,129,128,135,137,129,130,70,77,102,100,115,104,116,99,107,96,103,,61,68,60,82,74,92,90,89,,,,,126,136,,146,84,97,110,96,87,107,74,77,82,84,77,106,100,,89,85,,83,93,114,,104,109,,103,71,90,89,94,88,91,94,91,107,128,130,120,,134,136,145,136,142,121,129,117,116,,122,110,119,117,130,,,31,,,,,40,,,,,,,,,,,,,,,,35,,,,,,,,,,,,,,,,,,,,,,,,,,,,,,,,,,,,,,83,56,53,54,60,55,54,55,53,,,,70,65,65,71,,64,115,128,122,126,121,110,,108,108,107,,,92,83,,86,86,105,,107,,131,130,,,123,88,,,151,153,139,,,80,81,137,144,136,134,136,66,59,87,70,102,41,41,45,45,60,60,54,56,62,66,67,60,,74,72,60,,33,30,26,31,93,89,108,105,30,31,29,82,,,98,66,70,69,66,88,84,77,103,78,86,,84,87,83,78,114,,,110,68,75,91,93,85,,62,62,61,,64,63,63,,49,54,56,52,33,53,60,,39,46,43,40,51,41,44,45,,48,52,50,51,72,80,,49,,51,,,,41,42,40,36,49,50,,41,,41,45,57,64,65,65,62,,56,56,58,,,58,57,56,,68,69,68,,,44,59,44,43,43,46,65,84,87,82,85,42,45,49,48,,36,55,56,52,50,,79,83,92,93,66,66,68,68,53,,54,60,65,53,57,46,46,48,34,46,43,,41,39,41,,31,37,33,42,,46,44,53,,58,60,64,60,62,,56,61,58,60,54,48,49,,63,59,60,49,55,,55,52,57,65,67,77,83,84,80,79,72,58,,74,79,77,,61,64,,66,52,50,64,,48,47,47,71,62,104,113,116,120,114,113,86,94,95,88,94,86,96,93,97,97,94,111,109,110,104,114,119,114,114,117,88,92,100,90,87,69,92,89,84,95,49,77,84,135,130,141,127,91,106,99,109,108,95,128,127,124,126,109,109,111,120,124,97,98,70,89,92,,149,110,98,85,76,,83,93,106,110,103,114,112,105,111,92,111,118,108,18,129,,,,103,103,,98,88,87,88,84,82,,111,104,96,,,,,103,132,130,119,133,80,,100,,68,95,98,90,84,90,79,75,68,66,74,,,,,95,101,68,69,92,93,77,,72,52,53,87,95,70,64,68,68,72,53,55,79,76,,76,88,82,83,61,57,82,66,42,,52,46,,70,74,,96,88,95,,97,,84,,43,43,69,78,79,81,145,133,138,136,76,96,85,55,,140,150,,106,100,145,,146,146,82,84,146,,,76,79,138,129,,,150,155,149,,152,143,122,112,85,136,119,,121,,,107,94,98,93,89,80,123,121,79,,74,125,117,114,108,117,107,107,113,,,123,97,,88,,103,104,108,57,66,36,63,137,46,40,48,55,111,,99,62,73,72,35,56,56,,51,,36,49,171,,81,,142,112,59,56,50,103,51,85,,,49,50,49,50,,142,151,139,63,,66,62,,,32,63,61,42,61,67,32,32,39,62,73,121,105,122,100,,40,43,,164,90,97,98,106,135,84,49,80,79,53,55,55,34,36,139,34,116,35,86,32,75,64,74,88,,81,76,91,,135,48,142,57,132,124,97,102,100,47,42,124,47,66,82,73,86,51,137,58,46,35,90,66,82,85,,,211,67,58,57,65,81,76,74,50,146,52,45,67,86,46,41,59,42,,64,190,170,166,154,105,140,25,33,27,38,32,33,40,26,27,90,115,158,137,138,152,71,68,44,50,33,46,74,54,121,147,137,127,107,66,67,21,43,56,81,110,124,71,66,80,162,105,82,111,52,42,,43,70,61,61,79,53,40,41,48,45,53,95,55,39,46,89,90,,74,87,90,93,83,72,85,125,121,79,102,96,158,,146,91,120,34,30,56,50,31,34,,41,60,58,53,80,,102,,29,144,80,79,66,118,79,95,125,114,115,128,116,48,58,46,40,42,47,52,51,36,48,74,164,137,70,68,73,48,64,62,52,65,68,47,33,41,59,44,104,83,92,69,65,106,152,73,75,120,45,85,105,118,137,70,78,97,158,59,42,50,53,41,44,41,62,46,70,64,47,43,47,36,44,45,38,36,46,62,58,65,100,72,69,77,77,79,147,150,156,87,112,116,30,28,37,47,46,45,40,42,36,32,35,67,,48,44,47,51,128,116,93,126,95,98,51,34,48,50,53,100,114,106,98,139,79,70,79,70,73,65,68,,34,62,107,75,78,87,85,91,87,63,66,57,,53,51,128,136,118,76,58,72,119,72,54,69,30,26,34,30,39,42,68,71,53,62,65,79,83,77,73,56,36,42,36,55,39,46,78,103,67,85,28,114,113,91,125,98,118,82,102,104,80,82,89,77,63,133,95,29,76,124,91,108,94,166,154,,76,59,51,49,77,93,130,36,32,28,32,49,51,116,109,123,106,101,54,65,63,40,66,,80,63,34,115,84,87,44,89,61,49,48,67,48,123,44,42,24,167,77,46,42,59,30,29,84,70,46,61,155,146,111,68,40,115,78,105,78,36,84,63,82,96,103,49,38,39,38,146
20230729,18,O3_8h_24h,59,95,60,41,56,60,61,61,81,81,53,66,,,52,,41,44,47,,44,,27,41,,37,64,,104,96,98,103,99,108,116,,47,32,,30,30,50,40,40,,53,,56,62,61,85,84,86,95,,98,134,,127,131,137,77,92,86,90,81,66,49,,56,52,51,49,75,72,,79,82,74,82,101,,100,95,89,102,93,102,,140,146,,,146,142,141,137,48,54,49,,52,52,58,51,59,,67,48,35,26,28,35,36,32,30,34,30,72,78,77,77,82,68,67,63,68,82,117,94,86,63,98,102,100,101,100,90,98,105,26,25,26,32,24,,30,25,23,23,59,66,74,63,65,67,56,66,69,44,,47,49,48,48,41,43,30,31,34,25,33,40,,,,58,62,,70,65,67,,,,72,,55,51,43,58,49,48,51,53,56,,,,64,64,,73,71,71,63,58,,61,56,51,54,53,56,44,47,,48,,63,63,,54,55,,56,60,59,,60,54,57,55,33,31,35,,,43,34,36,50,56,54,43,,45,,,58,,51,48,,49,44,41,19,25,21,,74,66,64,69,65,66,65,60,49,42,56,55,51,53,48,54,53,54,,,63,58,63,58,,46,33,49,57,52,,53,54,50,,59,23,28,30,,33,33,24,34,24,,,32,38,30,40,39,34,52,54,56,59,54,42,54,48,57,69,54,70,68,76,56,60,,52,58,78,87,83,88,95,85,84,97,98,80,129,141,,114,131,96,169,133,131,117,139,90,98,85,96,72,87,,87,72,57,90,108,98,88,81,129,126,118,92,,104,150,157,85,92,80,83,108,110,105,118,,,110,95,92,102,99,105,98,87,128,124,130,125,124,126,126,108,105,147,101,120,,91,91,100,90,90,,109,132,103,132,150,135,123,,,135,116,129,119,114,,147,160,148,152,,,175,114,71,95,76,92,86,88,91,99,87,,79,102,89,89,93,90,114,111,101,112,100,102,90,59,58,79,58,90,79,86,,67,,74,66,,182,,169,164,,,,,126,,,,148,141,85,92,85,84,74,,75,98,111,98,104,98,100,90,94,99,100,98,81,94,74,170,,163,82,161,155,144,156,152,149,148,,40,36,40,66,53,53,59,44,44,52,52,39,51,43,64,63,70,,,37,,40,38,41,33,61,,61,53,,,47,52,49,36,,32,25,32,,53,60,55,53,60,22,34,29,30,21,,,,38,,,49,,49,35,42,34,29,33,39,29,34,26,,41,,,103,,106,114,120,107,122,121,148,120,,102,98,99,102,98,100,132,113,104,112,62,68,64,81,84,76,88,79,86,80,,81,163,144,,83,86,,83,86,86,83,84,,92,74,,,53,52,,113,,123,123,122,114,118,119,,116,116,,86,93,,88,,119,112,123,,119,114,143,137,147,,48,42,50,45,42,45,100,61,59,60,56,57,54,47,23,17,38,37,34,43,53,45,44,47,63,59,53,59,58,58,77,78,74,,79,83,78,76,74,77,102,90,95,90,95,64,68,67,,71,68,72,,73,58,66,67,52,,63,60,63,,86,,91,89,96,91,53,49,59,,,,44,,40,,84,,90,,49,52,46,75,79,,80,,89,92,36,91,76,76,,72,68,75,67,69,79,,105,,,94,74,73,70,65,100,107,99,94,68,104,84,77,129,128,135,137,129,130,70,77,102,100,115,104,116,99,107,96,103,,61,68,60,82,74,92,90,89,,,,,126,136,,146,84,97,110,96,87,108,74,77,82,84,77,106,100,,89,85,,83,93,114,,106,109,,105,71,90,89,94,88,91,94,91,107,128,130,120,,134,136,145,136,142,121,129,124,128,,122,114,121,118,130,,,31,,,,,40,,,,,,,,,,,,,,,,35,,,,,,,,,,,,,,,,,,,,,,,,,,,,,,,,,,,,,,83,56,53,54,60,55,54,55,53,,,,78,76,74,75,,67,115,128,122,126,121,122,,120,117,107,,,92,83,,86,86,105,,107,,131,130,,,123,88,,,151,153,139,,,83,82,137,144,136,134,137,66,59,87,70,109,41,42,45,45,60,60,54,56,85,87,90,76,,74,72,60,,36,33,26,32,93,89,108,105,30,31,29,82,,,99,72,74,73,70,90,86,78,106,81,87,45,89,93,88,86,126,,,111,75,80,97,93,85,,62,62,61,,64,63,63,,49,54,56,52,33,53,60,,39,46,43,40,51,41,44,45,,48,52,50,51,72,80,,49,,51,,,,41,42,40,36,49,50,,41,,41,46,57,69,69,73,63,,56,56,58,,,58,57,57,,68,69,68,,,55,59,44,43,45,46,65,84,87,82,85,42,45,49,48,,38,56,56,53,51,,79,83,92,93,66,66,68,68,53,,54,60,65,56,57,47,46,48,34,46,43,,45,43,48,,44,46,42,42,,46,44,53,,58,60,64,60,62,,56,61,58,60,54,48,49,,63,59,60,52,58,,57,52,57,65,67,77,83,84,80,79,72,60,,81,82,77,,61,64,,67,52,50,64,,48,49,47,71,62,104,113,116,120,114,113,86,94,95,88,94,86,96,93,97,97,94,111,109,110,104,114,119,114,114,117,88,93,100,90,87,69,92,89,84,95,49,77,84,135,130,141,127,91,106,99,109,108,95,128,127,124,126,109,109,111,120,124,97,98,70,89,92,,149,110,98,85,76,,83,93,106,110,103,114,112,105,111,92,111,118,108,18,129,,,,103,103,,98,88,87,88,84,82,,111,104,96,,,,,103,132,130,119,133,80,,100,,68,95,98,90,84,90,79,75,68,66,74,,,,,95,101,68,69,92,93,77,,72,52,53,87,95,72,65,70,68,72,53,55,79,76,,77,88,82,83,61,57,82,68,42,,52,46,,72,74,,96,88,95,,97,,84,,43,43,69,78,79,81,145,133,138,136,76,96,85,55,,142,152,,106,100,145,,146,146,82,84,146,100,,83,85,138,129,,,150,155,149,,152,143,122,112,85,136,119,,121,,,107,94,98,93,103,103,123,121,83,,91,125,117,118,123,117,120,122,113,,,123,97,,88,,107,104,108,82,66,53,111,137,46,43,48,102,125,,101,70,73,72,37,58,56,,51,,36,50,171,23,81,10,142,112,59,56,50,103,51,85,,,49,53,49,50,,142,151,139,64,,66,62,,,32,63,61,42,61,67,32,32,39,62,81,121,105,122,100,,49,44,,164,90,97,98,106,135,86,49,80,79,53,55,62,38,44,139,34,119,35,86,32,75,64,74,88,56,81,76,91,,135,48,142,57,132,124,97,102,100,58,44,124,51,66,82,73,86,94,137,58,46,35,90,69,82,85,,,211,67,78,57,65,83,76,74,50,146,53,45,67,86,47,41,60,42,,64,190,170,166,154,105,140,25,33,27,38,32,34,42,26,27,90,115,158,137,138,152,71,68,44,50,33,46,74,54,121,147,137,127,108,66,70,88,78,92,101,110,124,95,66,80,162,105,82,111,52,42,,43,70,61,61,79,53,40,41,84,85,53,95,55,88,91,90,91,51,76,87,90,93,83,72,85,125,121,79,102,96,158,,146,91,120,34,30,56,50,31,34,,41,60,58,53,80,54,102,,40,144,80,79,67,118,86,95,125,114,115,128,116,49,58,46,40,42,47,52,51,36,93,79,164,137,70,68,73,48,64,62,52,65,68,47,33,41,59,44,104,92,92,90,83,106,152,104,75,120,74,112,105,118,137,97,78,97,158,99,43,54,55,64,44,41,62,46,70,64,47,43,47,52,51,49,43,44,86,62,58,65,102,72,69,77,77,79,147,150,156,87,112,116,38,28,37,47,46,45,40,42,36,32,35,67,,48,44,47,51,128,116,93,126,95,98,59,54,65,61,53,100,114,106,98,139,79,70,79,70,74,65,68,,34,62,107,84,78,87,85,91,87,63,66,57,51,53,51,128,136,118,112,116,132,119,103,84,94,30,32,34,30,70,77,121,93,54,62,65,79,83,77,73,59,53,42,82,55,44,46,78,103,67,85,28,114,113,91,125,98,132,94,115,106,80,82,92,110,66,133,95,67,116,124,91,108,94,166,154,,76,59,94,92,78,93,130,36,32,28,32,49,51,116,109,123,109,101,57,65,63,40,66,,80,64,34,120,84,87,52,89,61,52,48,67,49,123,44,42,24,167,78,46,52,60,30,38,84,76,51,69,156,146,111,68,60,116,78,105,78,38,84,63,82,96,103,49,38,39,39,146
20230729,18,CO,0.6,0.4,0.5,0.4,0.4,0.2,0.5,0.3,0.3,0.4,0.3,0.4,,,0.6,,0.7,0.4,0.6,,0.8,,0.2,0.5,,0.4,0.4,,0.3,0.2,0.2,0.4,0.2,0.2,0.5,,0.5,0.6,,0.7,0.5,0.3,0.3,0.4,,0.3,,0.2,0.3,0.3,0.2,0.3,0.4,0.2,,0.2,0.3,,0.4,0.2,0.7,0.4,0.4,0.4,0.4,0.5,0.2,0.2,,0.2,0.2,0.1,,0.4,0.3,,0.3,0.2,0.4,0.3,0.6,,0.5,0.8,0.5,1.2,0.6,0.5,,0.4,0.6,,,0.5,0.5,0.5,0.3,0.4,0.7,0.5,,0.6,0.4,0.5,0.6,0.3,,0.3,0.7,0.4,0.3,0.5,0.4,,0.1,0.6,0.5,0.4,0.5,0.5,0.4,0.4,0.5,0.3,,0.4,0.4,0.5,0.7,0.6,0.6,,0.5,0.6,0.6,0.5,0.6,,0.3,0.5,0.4,0.4,0.4,0.6,,,0.4,0.4,0.3,0.5,0.3,0.4,0.1,0.5,0.4,0.6,0.2,0.3,0.4,0.4,,0.5,0.4,0.4,0.5,0.5,0.5,0.4,0.4,0.4,0.4,0.4,0.2,,,,0.4,0.3,,0.3,0.2,0.3,,,,0.2,,0.7,0.5,0.4,0.6,0.5,0.4,0.3,0.5,0.7,,,,0.4,0.5,,0.6,0.4,0.6,0.4,0.4,,0.5,0.7,0.5,0.6,0.7,0.4,0.4,0.3,,0.3,,0.5,0.5,,0.6,0.5,,0.4,0.6,0.7,,0.7,0.4,0.5,0.5,0.5,0.4,0.4,,,0.4,0.5,0.4,0.4,0.5,0.5,0.4,,0.4,,,0.5,,0.5,0.4,,0.5,,0.5,0.4,0.4,0.3,,0.3,0.4,0.4,0.4,0.4,0.4,0.4,0.4,0.3,0.5,0.5,0.2,0.4,0.3,0.5,0.4,0.4,0.3,,,0.3,0.3,0.5,0.5,,0.4,0.3,0.5,0.4,0.7,,0.6,0.6,0.3,,0.4,0.4,0.2,0.6,,0.6,0.6,0.7,0.5,0.3,,,0.3,0.4,0.4,0.2,0.5,0.3,0.4,0.4,0.4,0.4,0.5,0.4,0.5,0.4,0.6,0.6,0.4,0.3,0.4,0.4,0.4,0.5,,0.5,0.5,0.3,0.5,0.4,0.3,0.1,0.3,0.5,0.5,0.6,0.4,0.8,0.7,,0.6,0.5,0.7,0.9,0.8,0.6,0.9,0.5,0.9,0.7,0.6,1,0.6,0.7,,0.6,0.6,1,0.6,0.5,0.4,0.3,0.5,0.5,0.7,0.4,0.7,,0.6,0.6,0.6,0.6,0.6,0.4,0.5,0.6,0.6,0.6,0.5,,,0.9,0.7,1,0.7,0.8,0.6,0.8,0.7,0.4,0.5,0.4,0.5,0.6,0.6,0.7,0.8,0.6,0.8,0.6,0.8,,0.4,0.4,0.2,0.4,0.3,,0.8,0.7,0.5,0.5,0.6,0.6,0.6,,,0.7,0.4,0.6,0.5,0.8,,0.3,0.3,0.3,0.5,,,0.4,0.6,0.7,0.5,0.4,0.6,0.4,0.4,0.5,0.5,0.4,,0.5,0.6,0.6,0.4,0.7,0.6,0.2,0.2,0.2,0.2,0.1,0.2,0.6,0.6,0.6,0.5,0.7,0.8,0.7,0.4,,0.9,,0.6,0.6,,0.4,,0.2,0.5,,,,,0.6,,,,0.3,0.4,0.4,0.3,0.2,0.6,0.4,,0.3,,0.5,0.2,0.3,0.5,0.5,0.5,0.5,0.4,0.5,0.4,0.4,0.4,0.4,0.4,,0.6,,0.4,0.8,0.6,0.5,0.5,0.6,0.8,,0.5,0.4,0.4,0.5,0.7,1,0.8,0.5,0.4,0.3,0.2,0.1,0.4,,0.6,0.7,0.6,,,0.5,,0.1,0.7,0.2,0.4,0.5,,0.3,0.6,,,0.2,0.2,0.2,,,0.1,,0.2,,0.2,0.3,0.4,0.4,0.2,0.6,0.1,0.2,0.4,0.4,,,,0.3,,,0.5,,0.5,0.1,0.3,0.2,0.2,0.4,0.4,0.2,0.2,0.5,,,,,0.7,,0.6,0.6,0.7,0.6,0.5,0.7,0.7,0.5,,0.7,0.5,0.7,0.8,0.6,0.7,0.6,0.7,0.6,0.7,0.6,0.7,0.7,0.7,0.5,0.6,0.6,0.6,0.7,0.7,,0.5,0.5,0.5,,0.4,0.5,,0.7,0.6,1,1.1,0.9,,0.6,1,,,0.2,0.1,,0.5,,0.5,0.5,0.4,0.5,0.7,0.7,,0.6,0.7,,0.7,0.9,,0.8,,0.7,0.5,0.7,,0.5,0.6,0.6,0.4,0.5,,0.6,0.9,0.9,0.6,0.8,0.5,0.8,0.5,0.6,0.6,0.5,0.6,0.7,0.2,1,2.9,0.6,0.6,0.3,0.4,0.5,0.4,0.4,0.5,0.4,0.6,0.4,0.6,0.6,0.6,0.5,0.3,0.3,,0.2,0.3,0.4,0.3,0.4,0.3,0.3,0.4,0.3,0.3,0.3,0.5,0.5,0.5,,0.6,0.6,0.5,,0.4,0.5,0.7,0.4,0.6,,0.7,0.6,0.4,,1.2,,1.2,1,0.8,1,0.6,0.3,0.2,,,,0.3,,0.7,,0.5,,0.6,,0.5,0.6,0.3,0.8,0.8,,0.9,,,0.3,0.5,0.4,0.4,0.4,,0.5,0.7,0.5,0.5,0.4,0.6,,0.6,,,0.4,0.2,0.3,0.2,0.7,0.6,0.5,0.5,0.5,0.5,0.5,0.6,0.6,0.4,0.7,0.8,0.7,0.8,0.8,0.3,0.2,0.5,0.5,0.4,0.6,0.6,0.5,0.6,0.5,0.5,,1.7,0.6,1.8,1.2,0.4,0.5,0.5,0.5,,,,,0.5,0.5,,0.5,0.3,0.3,0.3,0.3,0.2,0.2,0.6,0.6,0.4,0.3,0.4,0.6,0.4,,0.7,1,,1,0.5,0.9,,0.7,0.5,,0.8,0.4,0.5,0.7,0.6,0.7,0.6,0.5,0.6,0.6,0.8,0.8,0.7,,0.3,0.6,0.3,0.5,0.5,0.4,0.3,0.2,0.1,,0.3,0.2,0.3,0.2,0.2,,,0.3,,,,,0.4,,,,,,,,,,,,,,,,0.2,,,,,,,,,,,,,,,,,,,,,,,,,,,,,,,,,,,,,,0.4,0.4,0.5,0.5,0.5,0.5,0.4,0.5,0.5,,,,2.6,2.2,2.3,1.3,,1.5,0.7,0.6,0.5,0.7,0.5,0.6,,0.5,0.5,0.9,,,1,0.9,,0.8,0.6,0.5,,0.5,,0.7,0.5,,,0.4,0.4,,,0.6,0.5,0.5,,,0.4,0.3,0.3,0.3,0.5,0.5,0.5,0.6,0.5,0.8,0.4,0.4,0.3,0.4,0.3,1.2,0.7,0.8,0.7,0.7,0.6,0.7,0.6,0.6,,0.4,0.2,0.6,,0.2,0.1,0.4,0.5,0.5,0.5,,0.2,0.4,0.6,0.6,0.1,,,,0.6,0.3,0.6,0.1,0.4,0.1,0.4,0.5,0.3,0.4,,0.4,0.6,0.5,0.6,0.5,,,0.7,0.6,0.4,0.4,0.4,0.4,,0.1,0.2,0.2,,0.3,0.2,0.3,,0.3,0.2,0.1,0.2,0.2,0.2,0.3,,0.2,0.2,0.3,0.5,0.2,0.5,0.4,0.5,,0.3,0.4,0.4,0.2,0.1,0.2,,0.5,,0.5,,,,0.2,0.3,0.3,0.4,0.5,0.5,,0.4,,0.3,0.3,0.5,0.8,0.8,0.6,0.6,,0.8,1.4,0.8,,,0.7,0.6,0.5,,0.6,0.4,0.3,,,0.9,0.5,0.3,0.4,0.6,0.2,0.4,0.8,0.4,0.7,0.4,1.1,0.6,0.4,0.8,,0.7,0.6,0.7,0.8,0.8,,1.2,0.6,0.8,0.9,0.6,0.6,0.6,0.7,0.6,,0.8,,0.7,0.4,1.2,1,0.9,1.1,0.7,0.4,0.8,,0.8,0.5,0.5,,0.6,0.6,0.5,0.6,,0.5,0.4,0.5,,0.6,0.1,0.3,0.5,0.5,,0.3,0.3,0.2,0.3,0.8,0.4,0.4,,0.2,0.3,0.3,0.6,0.4,,0.5,0.4,0.6,0.7,0.3,0.2,0.6,0.6,0.6,0.5,0.6,0.6,,0.5,0.4,0.3,,0.7,0.6,,0.5,0.4,0.5,0.5,,0.6,0.6,0.7,0.7,0.7,0.2,0.5,0.6,0.6,0.7,0.5,0.2,0.2,0.3,0.3,,0.3,0.5,0.5,0.6,0.7,0.8,0.6,0.5,0.5,0.4,0.5,0.5,0.5,0.6,0.4,0.4,0.5,0.4,0.5,0.3,0.5,0.4,0.6,0.9,0.4,0.5,0.4,0.6,0.9,0.9,1.2,0.7,1.3,1.3,0.6,0.8,0.8,0.6,0.8,0.8,0.6,0.5,0.5,0.6,0.5,0.7,0.8,0.7,0.6,0.4,0.6,0.5,,0.6,0.5,0.5,0.3,0.5,,0.2,0.5,0.3,0.2,0.2,0.4,0.4,0.4,0.5,0.5,0.4,0.5,0.6,0.2,0.4,,,,0.4,0.4,,0.4,0.4,0.3,0.2,0.4,0.2,,0.5,0.5,0.6,,,,,0.4,0.4,0.4,0.4,0.3,,,0.4,,0.3,0.3,0.6,0.6,0.6,0.6,0.3,0.5,0.5,0.7,0.5,,,,,0.3,0.2,0.3,0.4,0.3,0.3,0.4,,0.3,0.6,0.6,0.3,0.3,0.8,0.7,0.7,0.6,0.4,0.5,0.5,0.7,0.6,,0.4,0.4,0.3,0.3,0.5,0.4,0.6,0.6,0.9,,0.5,0.4,,0.4,0.4,,0.2,0.2,0.4,,0.2,,0.1,,0.4,0.4,0.4,0.6,0.5,0.4,0.5,0.7,0.6,0.7,0.3,0.4,0.5,0.4,,0.5,0.1,,0.4,0.5,0.2,,0.3,0.4,0.4,0.5,0.4,,,0.4,0.4,0.1,,,,,0.2,0.2,,0.5,0.2,0.5,0.4,0.5,0.4,0.5,,0.5,,,0.3,0.5,0.5,0.4,0.4,0.4,0.1,0.3,0.5,,0.3,0.3,0.4,0.3,0.4,0.2,0.3,0.4,0.6,,,0.4,0.4,,0.4,,0.6,0.4,0.3,0.3,2.4,0.3,0.6,0.9,0.7,1.1,0.5,0.1,0.5,,0.6,0.5,0.4,0.3,0.3,0.4,0.5,,0.6,,0.1,,0.4,,0.6,,0.3,0.1,0.1,0.5,0.7,0.3,0.4,0.3,,,0.2,0.4,0.4,0.4,,0.4,0.4,0.5,0.6,,0.4,0.5,,,0.3,0.5,0.3,0.4,0.4,0.3,0.9,0.5,0.3,0.4,0.5,0.5,0.5,0.5,1,,0.3,0.5,,0.7,0.6,0.3,0.2,0.4,0.4,0.1,,0.5,0.7,0.9,0.3,0.4,0.6,0.7,0.3,,0.7,0.2,0.3,0.4,0.3,0.5,0.9,,,0.4,0.5,0.3,,0.4,0.3,0.6,0.4,0.4,0.3,0.5,0.4,0.5,0.2,0.4,0.3,0.3,0.6,0.4,0.4,0.6,0.4,0.4,0.2,0.4,0.2,0.5,0.4,0.5,0.4,,,0.4,0.3,0.3,0.6,0.4,0.1,0.4,0.3,,0.2,0.6,,0.3,0.9,1.1,0.4,0.6,0.3,,0.8,0.6,0.5,0.4,0.4,0.2,0.3,0.4,0.5,0.4,0.4,0.6,0.4,0.5,,0.5,0.4,0.6,0.6,0.4,0.4,0.5,0.4,0.3,0.4,0.4,0.6,0.2,0.2,0.6,0.7,0.6,0.8,0.7,0.4,0.6,0.7,0.6,0.7,0.9,0.4,0.6,0.6,0.9,0.7,0.5,0.5,0.9,0.6,0.1,0.1,0.2,,0.1,0.4,0.3,0.4,0.4,0.6,0.4,0.5,0.5,0.3,,0.3,0.2,1,0.9,0.4,0.3,,0.4,0.3,0.5,0.6,0.6,0.5,0.4,0.6,0.5,0.4,0.5,0.4,0.4,,0.6,0.4,0.4,0.4,0.4,0.2,0.3,0.2,0.1,,0.3,0.6,0.5,0.3,0.7,,0.9,,0.4,0.2,0.5,0.5,0.6,0.5,0.6,0.6,0.7,0.5,0.8,0.8,0.6,0.5,0.4,0.6,0.7,0.5,0.6,0.4,1,0.3,0.4,0.3,0.4,0.4,0.6,0.7,0.3,0.5,0.5,0.6,0.5,0.4,0.6,0.4,0.3,0.4,0.4,0.2,0.2,0.3,0.2,0.5,0.3,0.4,0.5,0.7,0.7,0.5,0.5,0.5,0.5,0.7,0.5,0.7,0.6,0.5,0.5,0.3,1.1,0.3,0.3,0.6,0.4,0.1,0.3,0.3,0.3,0.4,0.5,0.6,0.4,0.4,0.7,0.4,0.2,0.3,0.3,0.4,0.3,0.3,0.3,0.6,0.4,0.6,0.6,0.4,0.4,0.5,0.5,0.7,0.4,0.5,0.2,0.3,0.5,0.8,0.3,0.4,0.3,0.4,0.1,0.2,0.4,,,0.3,0.4,0.3,0.3,0.2,0.2,0.5,0.5,0.3,0.6,0.6,0.4,0.1,0.7,0.3,0.4,0.6,0.6,0.7,0.7,0.4,0.4,0.3,0.4,0.2,0.6,0.5,,0.4,0.5,0.2,0.3,0.5,0.7,0.6,0.4,0.7,0.5,0.5,0.5,,0.4,0.5,0.5,0.6,0.6,0.9,0.7,0.3,0.6,0.6,0.3,0.5,0.6,0.4,0.6,1.1,0.1,0.8,0.2,0.2,0.2,,0.3,0.3,0.3,0.4,0.3,0.5,0.5,0.7,0.9,0.2,0.2,0.3,0.9,0.2,0.6,0.7,0.4,0.7,0.6,0.4,0.7,0.5,0.2,0.2,0.6,0.7,0.3,,0.7,0.6,2.3,0.4,0.4,0.9,0.8,0.8,0.8,0.8,0.4,0.5,0.3,,0.7,0.3,0.8,1,0.4,0.4,0.5,0.4,0.2,0.2,,0.4,0.3,0.4,0.3,0.9,0.5,0.5,0.6,0.5,0.6,0.6,0.4,,0.7,0.3,0.3,0.2,1,1.2,0.3,0.9,0.4,0.4,0.4,0.4,0.4,0.5,0.6,0.3,0.7,0.6,0.5,0.5,0.3,0.4,1.7,0.8,0.3,0.4,0.5,0.4,0.4,0.5,0.5,0.4,0.3,0.2,0.2,0.3,0.3,0.3,0.5,0.3,0.3,0.6,0.5,0.3,0.4,0.1,0.6,0.2
20230729,18,CO_24h,0.7,0.5,0.6,0.6,0.6,0.3,0.4,0.4,0.4,0.4,0.5,0.4,,,0.7,,0.6,0.5,0.8,,0.6,,0.1,0.5,,0.4,0.6,,0.5,0.4,0.4,0.5,0.4,0.4,0.7,,0.5,0.6,,0.8,0.7,0.5,0.2,0.2,,0.2,,0.3,0.4,0.4,0.2,0.3,0.5,0.4,,0.3,0.3,,0.4,0.2,0.6,0.5,0.5,0.5,0.5,0.5,0.4,0.5,,0.5,0.3,0.2,0.1,0.4,0.4,,0.5,0.4,0.5,0.5,0.8,,0.5,0.9,0.6,0.9,0.7,0.6,,0.5,0.7,,,0.5,0.5,0.5,0.4,0.4,0.7,0.6,,0.6,0.6,0.6,0.7,0.5,,0.5,0.5,0.1,0.3,0.5,0.4,,0.1,0.5,0.5,0.4,0.5,0.5,0.4,0.3,0.4,0.3,0.6,0.4,0.4,0.4,0.7,0.6,0.5,0.7,0.5,0.5,0.6,0.5,0.8,0.4,0.3,0.5,0.4,0.3,0.4,0.6,0.4,,0.4,0.4,0.3,0.4,0.2,0.4,0.1,0.5,0.4,0.5,0.2,0.3,0.4,0.3,,0.4,0.4,0.4,0.4,0.5,0.5,0.3,0.4,0.4,0.3,0.3,0.2,,,,0.4,0.3,,0.3,0.2,0.3,,,,0.3,,0.7,0.6,0.1,0.6,0.5,0.4,0.2,0.5,0.6,,,,0.4,0.4,,0.6,0.5,0.5,0.3,0.4,,0.5,0.6,0.5,0.6,0.7,0.3,0.3,0.3,,0.3,,0.5,0.4,,0.5,0.6,,0.4,0.5,0.5,,0.6,0.4,0.5,0.5,0.4,0.4,0.3,,,0.4,0.4,0.4,0.4,0.4,0.5,0.4,,0.4,,,0.4,,0.5,0.4,,0.5,0.4,0.4,0.3,0.4,0.3,,0.4,0.4,0.4,0.4,0.3,0.4,0.4,0.4,0.3,0.4,0.5,0.2,0.3,0.3,0.5,0.4,0.4,0.3,,,0.3,0.3,0.5,0.4,,0.2,0.8,0.5,0.3,0.6,,0.5,0.6,0.6,,0.4,0.4,0.2,0.6,,0.6,0.6,0.5,0.6,0.3,,,0.2,0.4,0.4,0.2,0.4,0.3,0.4,0.4,0.4,0.4,0.5,0.4,0.4,0.4,0.6,0.7,0.5,0.4,0.6,0.5,0.5,0.6,,0.5,0.5,0.3,0.5,0.4,0.3,0.4,0.3,0.5,0.4,0.6,0.4,0.7,0.7,,0.6,0.5,0.6,0.7,0.8,0.6,0.8,0.3,0.9,0.7,0.7,1,0.6,0.7,,0.6,0.6,0.9,0.6,0.5,0.5,0.4,0.5,0.5,0.7,0.4,0.7,,0.6,0.7,0.5,0.4,0.5,0.3,0.4,0.5,0.5,0.5,0.4,,,0.9,0.7,1,0.7,0.8,0.6,0.8,0.7,0.5,0.5,0.5,0.5,0.8,0.7,0.8,0.8,0.6,0.8,0.7,0.9,,0.5,0.5,0.4,0.4,0.3,,0.9,1,0.6,0.5,0.7,0.7,0.7,,,1,0.4,0.9,0.8,1,,0.4,0.4,0.4,0.6,,,0.5,0.6,0.8,0.6,0.3,0.7,0.3,0.6,0.7,0.5,0.5,,0.6,0.4,0.6,0.4,0.6,0.6,0.2,0.3,0.3,0.3,0.1,0.2,0.7,0.7,0.6,0.5,0.6,0.7,0.6,0.4,,0.8,,0.6,0.6,,0.5,,0.5,0.6,,,,,0.6,,,,0.5,0.5,0.4,0.3,0.2,0.5,0.3,,0.3,,0.5,0.2,0.3,0.5,0.5,0.5,0.5,0.3,0.4,0.4,0.3,0.5,0.4,0.5,,0.7,0.9,0.5,0.8,0.6,0.5,0.5,0.5,0.8,,0.5,0.4,0.4,0.5,0.6,0.7,0.5,0.5,0.4,0.3,0.2,0.1,0.4,,0.6,0.6,0.6,,,0.5,,0.1,0.7,0.2,0.3,0.5,,0.3,0.7,,,0.2,0.3,0.3,0.1,,0.3,0.3,0.2,,0.2,0.3,0.4,0.3,0.2,0.6,0.1,0.1,0.3,0.1,,,,0.3,,,0.5,,0.5,0.3,0.3,0.4,0.2,0.3,0.4,0.2,0.2,0.4,,,,,0.6,,0.6,0.6,0.7,0.6,0.5,0.7,0.7,0.6,,0.7,0.5,0.7,0.7,0.7,0.6,0.6,0.7,0.6,1,0.6,0.6,0.6,0.7,0.6,0.6,0.6,0.6,0.7,0.8,,0.6,0.4,0.4,,0.5,0.6,,0.6,0.7,0.7,0.7,0.9,,0.6,1,,,0.2,0.2,,0.6,,0.6,0.6,0.7,0.7,0.7,0.8,,0.7,0.8,,1.1,1,,0.9,,1,0.8,0.9,,0.8,0.8,0.4,0.3,0.4,,0.5,0.9,0.8,0.8,1,0.5,0.6,0.6,0.6,0.4,0.6,0.4,0.6,0.2,1.1,2.2,0.6,0.6,0.5,0.4,0.5,0.4,0.6,0.5,0.5,0.7,0.5,0.6,0.6,0.6,0.5,0.3,0.3,,0.3,0.4,0.4,0.3,0.4,0.3,0.4,0.5,0.4,0.4,0.3,0.4,0.4,0.5,,0.6,0.6,0.4,,0.4,0.5,0.7,0.4,0.6,,0.8,0.6,0.6,,1,,0.8,0.7,0.6,0.6,0.6,0.3,0.2,,,,0.3,,0.6,,0.5,,0.6,,0.4,0.6,0.3,0.7,0.7,,0.8,,0.5,0.3,0.5,0.4,0.5,0.4,,0.5,0.6,0.5,0.5,0.4,0.5,,0.6,,,0.4,0.2,0.3,0.2,0.7,0.5,0.6,0.6,0.6,0.5,0.5,0.6,0.6,0.3,0.8,0.9,0.8,1,0.7,0.4,0.3,0.5,0.6,0.5,0.5,0.6,0.5,0.6,0.6,0.6,,1.4,0.7,1.4,2.2,0.4,0.6,0.6,0.6,,,,,0.5,0.5,,0.5,0.4,0.4,0.3,0.3,0.3,0.2,0.6,0.7,0.5,0.3,0.5,0.7,0.5,,0.7,1,,0.9,0.4,0.8,,0.6,0.5,,0.7,0.3,0.6,0.5,0.5,0.5,0.5,0.4,0.5,0.7,0.9,0.9,0.8,,0.5,0.7,0.4,0.5,0.5,0.4,0.3,0.2,0.1,,0.3,0.3,0.3,0.2,0.2,,,0.5,,,,,0.4,,,,,,,,,,,,,,,,0.3,,,,,,,,,,,,,,,,,,,,,,,,,,,,,,,,,,,,,,0.4,0.4,0.5,0.5,0.5,0.4,0.4,0.4,0.4,,,,1.5,1.4,1.2,1.1,,1.2,0.7,0.6,0.6,0.7,0.5,0.7,,0.6,0.6,1.3,,,1.5,1.3,,0.7,0.6,0.5,,0.5,,0.7,0.5,,,0.5,0.5,,,0.5,0.4,0.6,,,0.3,0.3,0.3,0.3,0.5,0.5,0.5,0.7,0.5,0.7,0.5,0.5,0.3,0.3,0.3,0.6,0.6,0.8,0.6,0.7,0.7,0.8,0.7,0.7,,0.4,0.3,0.5,,0.3,0.1,0.5,0.5,0.4,0.3,,0.2,0.5,0.6,0.6,0.1,,,,0.4,0.2,0.4,0.1,0.4,,0.3,0.4,0.6,0.8,0.4,0.4,0.5,0.5,0.5,0.4,,,0.8,0.5,0.4,0.4,0.4,0.4,,0.1,0.2,0.2,,0.3,0.2,0.3,,0.3,0.2,0.2,0.3,0.2,0.2,0.3,,0.2,0.2,0.3,0.4,0.2,0.4,0.4,0.6,,0.4,0.3,0.4,0.2,0.2,0.3,,0.5,,0.5,,,,0.1,0.2,0.2,0.4,0.6,0.5,,0.4,,0.2,0.2,0.4,0.7,0.7,0.5,0.6,,0.9,0.8,0.9,,,0.6,0.5,0.5,,0.5,0.4,0.3,,,0.7,0.5,0.2,0.4,0.3,0.2,0.4,0.5,0.4,0.5,0.5,0.9,0.5,0.5,1,,0.3,0.4,0.4,0.3,0.4,,1.2,0.6,0.9,0.9,0.6,0.6,0.6,0.7,0.6,,0.7,0.7,0.6,0.8,1.1,1,0.9,1,0.6,0.4,0.7,,0.7,0.4,0.4,,0.6,0.6,0.5,0.5,,0.4,0.3,0.5,,0.5,0.2,0.3,0.5,0.5,,0.3,0.3,0.2,0.3,0.8,0.3,0.4,,0.3,0.2,0.3,0.4,0.5,,0.6,0.5,0.6,0.8,0.4,0.3,0.6,0.5,0.6,0.5,0.6,0.6,,0.5,0.5,0.3,,0.6,0.6,,0.7,0.4,0.5,0.5,,0.6,0.6,0.7,0.7,0.6,0.2,0.6,0.6,0.7,0.9,0.6,0.3,0.3,0.4,0.3,0.1,0.4,0.5,0.6,0.7,0.7,0.8,0.6,0.5,0.4,0.4,0.5,0.7,0.5,0.6,0.6,0.7,0.6,0.8,0.6,0.5,0.5,0.6,0.8,1,0.3,0.6,0.5,0.6,0.9,0.7,1.2,0.7,0.7,0.6,0.6,0.8,0.7,0.7,0.8,0.8,0.7,0.6,0.6,0.7,0.6,0.7,0.8,0.6,0.6,0.5,0.8,0.7,,0.6,0.5,0.5,0.3,0.6,,0.3,0.5,0.3,0.2,0.2,0.4,0.4,0.4,0.5,0.6,0.5,0.7,0.8,0.3,0.5,,,,0.4,0.4,,0.4,0.2,0.4,0.4,0.4,0.5,,0.5,0.4,0.6,,,,,0.4,0.4,0.4,0.4,0.4,,,0.5,,0.3,0.3,0.8,0.7,0.8,0.6,0.3,0.5,0.8,0.5,0.6,,,,,0.4,0.2,0.3,0.4,0.3,0.4,0.6,,0.4,0.5,0.5,0.3,0.3,0.7,0.6,0.6,0.7,0.5,0.4,0.5,0.7,0.7,,0.5,0.5,0.4,0.5,0.5,0.4,0.6,0.6,0.8,,0.4,0.3,,0.4,0.5,,0.3,0.3,0.5,,0.3,,0.1,,0.5,0.4,0.5,0.6,0.6,0.5,0.6,0.8,0.7,0.7,0.3,0.5,0.6,0.4,,0.9,0.3,,0.4,0.5,0.4,,0.4,0.5,0.3,0.5,0.4,0.4,,0.4,0.3,0.1,,,,0.2,0.4,0.3,,0.4,0.4,0.5,0.4,0.5,0.5,0.5,,0.5,,,0.3,0.3,0.4,0.3,0.4,0.4,0.3,0.6,0.5,,0.3,0.3,0.4,0.3,0.3,0.3,0.3,0.4,0.7,,,0.5,0.5,,0.4,,0.5,0.4,0.3,0.4,1.4,0.1,0.6,0.8,0.5,0.4,0.6,0.3,0.6,,0.6,0.6,0.4,0.4,0.4,0.4,0.5,,0.4,,0.1,0.3,0.6,0.4,0.9,0.9,0.9,0.3,0.1,0.7,0.7,0.4,0.4,0.3,,,0.5,0.4,0.4,0.4,,0.5,0.5,0.5,0.7,,0.4,0.5,,,0.3,0.5,0.3,0.3,0.4,0.2,0.8,0.5,0.3,0.5,0.5,0.6,0.6,0.6,1,,0.5,0.5,,0.6,0.7,0.3,0.3,0.3,0.6,0.3,,0.6,0.7,0.8,0.3,0.3,0.7,0.7,0.9,,0.7,0.3,0.3,0.5,0.2,0.5,0.8,0.2,0.6,0.5,0.5,0.4,,0.3,0.1,0.7,0.4,0.4,0.5,0.5,0.5,0.5,0.1,0.4,0.4,0.5,0.6,0.6,0.4,0.6,0.5,0.6,0.3,0.5,0.2,0.5,0.4,0.5,0.5,,,0.5,0.3,0.4,0.7,0.3,0.1,0.5,0.3,0.3,0.3,0.5,0.4,0.4,0.6,0.9,0.4,0.6,0.3,,0.9,0.5,0.5,0.5,0.5,0.3,0.4,0.4,0.5,0.4,0.4,0.6,0.4,0.5,0.5,0.5,0.4,0.7,0.6,0.5,0.6,0.4,0.4,0.3,0.4,0.4,0.6,0.2,0.3,0.5,0.6,0.7,0.7,0.7,0.3,0.5,0.7,0.6,0.7,0.9,0.5,0.5,0.6,0.9,0.6,0.6,0.5,0.8,0.6,0.1,0.2,0.4,,0.2,0.4,0.3,0.4,0.5,0.6,0.4,0.5,0.5,0.4,0.5,0.1,0.2,0.8,0.7,0.6,0.3,0.6,0.5,0.3,0.6,0.7,0.7,0.6,0.5,0.7,0.6,0.5,0.5,0.5,0.5,,0.6,0.4,0.8,0.3,0.5,0.2,0.2,0.2,0.2,,0.3,0.6,0.5,0.4,0.7,0.9,0.8,,0.4,0.2,0.5,0.5,0.6,0.5,0.6,0.7,0.5,0.5,0.7,0.8,0.7,0.5,0.3,0.5,0.7,0.5,0.6,0.4,1,0.3,0.6,0.4,0.6,0.6,0.6,0.7,0.3,0.5,0.4,0.7,0.5,0.4,0.6,0.4,0.3,0.5,0.4,0.1,0.2,0.3,0.3,0.6,0.3,0.5,0.4,0.6,0.6,0.5,0.5,0.5,0.5,0.7,0.5,0.7,0.8,0.5,0.5,0.4,0.4,0.4,0.3,0.8,0.8,0.2,0.3,0.3,0.3,0.4,0.5,0.6,0.4,0.4,0.7,0.3,0.2,0.4,0.4,0.4,0.3,1,0.4,0.6,0.4,0.7,0.8,0.4,0.4,0.5,0.5,0.8,0.5,0.5,0.2,0.4,0.5,0.7,0.3,0.4,0.4,0.3,0.1,0.1,0.4,0.2,,0.4,0.5,0.3,0.4,0.3,0.3,0.4,0.6,0.4,0.7,0.5,0.3,0.2,0.6,0.3,0.4,0.7,0.6,0.6,0.6,0.4,0.4,0.4,0.4,0.4,0.6,0.5,,0.4,0.5,0.3,0.4,0.5,0.7,0.6,0.5,0.8,0.4,0.5,0.4,0.4,0.4,0.5,0.6,0.7,0.6,1,0.7,0.5,0.7,0.7,0.4,0.5,0.6,1.1,0.7,0.9,0.2,0.9,0.2,0.3,0.3,0.4,0.3,0.4,0.4,0.5,0.4,0.4,0.5,0.7,0.8,0.2,0.2,0.3,0.5,0.4,0.7,0.8,0.4,0.8,0.7,0.5,0.8,0.6,0.1,0.2,0.6,0.7,0.4,0.6,0.6,0.9,1.6,0.4,0.4,0.9,0.9,0.8,0.8,0.8,0.5,0.7,0.6,,0.6,0.2,0.7,0.7,0.5,0.5,0.5,0.5,0.2,0.4,0.1,0.4,0.3,0.4,0.3,0.9,0.5,0.5,0.7,0.4,0.6,0.5,0.4,,0.7,0.3,0.5,0.2,1.4,1.3,0.3,1.4,0.4,0.4,0.7,0.5,0.6,0.7,0.6,0.3,0.7,1.1,0.5,0.5,0.3,0.3,1,0.7,0.4,0.5,0.6,0.4,0.6,0.5,0.4,0.3,0.3,0.3,0.2,0.5,0.3,0.3,0.6,0.3,0.3,0.6,0.5,0.4,0.5,0.1,0.6,0.4
20230729,19,AQI,12,10,12,,11,16,32,,14,15,11,20,,,9,,13,19,11,,12,,15,15,,16,17,,15,24,82,15,18,19,20,,21,20,,25,16,20,15,22,,24,,17,16,14,14,19,23,34,,46,,,55,49,38,16,18,27,20,14,21,19,,26,19,16,17,24,23,,14,15,17,14,29,,25,31,21,25,23,33,,45,47,,,49,47,42,41,33,22,15,,18,15,14,19,14,,16,12,30,18,17,16,15,,16,23,15,37,38,42,33,38,26,,28,31,34,31,33,42,,70,52,51,,54,,57,58,18,28,15,19,,,20,17,14,16,20,23,25,22,22,22,,23,24,18,,16,15,15,15,16,14,13,14,11,9,12,19,,,,29,25,,27,26,26,,,,22,,11,18,15,12,24,14,12,14,12,,,,15,18,,16,18,,15,17,,17,20,19,21,18,19,17,14,,23,,24,25,,27,27,,18,20,18,,16,21,26,26,,12,14,,,16,8,14,34,37,37,53,,35,,,15,,14,12,,16,22,23,18,14,21,,23,23,19,23,20,26,35,18,13,11,16,18,15,16,14,16,15,16,,,15,17,16,35,,10,12,18,14,14,,12,15,19,,25,25,24,20,,24,22,,29,25,,,24,29,27,24,24,22,15,,16,16,,14,,12,17,21,18,21,20,21,18,16,,26,17,,30,32,26,38,29,29,,36,26,23,33,,29,33,30,63,33,,28,65,39,29,48,52,22,25,,22,18,27,31,23,22,25,21,29,31,38,36,,34,37,37,48,,24,36,30,43,36,31,,,29,31,28,53,35,,28,22,30,28,31,30,38,38,56,,32,38,36,44,,27,24,23,24,31,,36,46,32,45,57,48,35,,,46,35,43,29,31,,39,45,48,40,,,53,45,24,32,58,29,28,31,31,33,29,,31,48,30,31,33,34,,33,28,34,30,34,32,20,,20,31,29,45,25,,73,,17,18,,84,,78,60,,,,,38,,,,40,38,26,20,109,29,25,,34,35,41,35,37,36,39,,37,40,40,34,29,33,23,50,,52,53,58,49,54,60,86,51,59,,12,11,11,8,8,9,9,13,11,14,10,10,16,10,15,18,18,,,12,,29,,14,17,24,,18,13,,,27,23,29,24,,14,20,28,,20,24,20,23,20,17,,,17,,,,,22,,,,,17,14,14,12,29,29,24,15,17,25,,18,,,52,,42,26,43,16,19,16,18,19,,40,31,32,25,32,32,40,46,39,36,22,23,30,25,24,,25,28,25,23,,24,42,40,,26,23,,18,20,,24,23,,29,27,,,19,17,,50,,36,37,34,37,16,16,,16,16,,,50,,60,,15,17,19,,18,19,31,33,37,,16,14,20,21,16,16,32,27,34,12,18,21,29,12,16,42,13,9,7,10,12,9,20,12,19,17,18,18,17,17,18,18,27,,20,19,16,10,13,30,29,20,24,20,24,22,24,21,,27,38,35,,28,21,19,18,19,,14,14,20,,19,,16,16,20,18,21,15,20,,,,15,,,,15,,16,,15,,18,25,25,,,,,28,,31,27,26,,22,21,20,20,25,20,,33,,,29,18,,25,20,30,30,29,28,20,39,24,25,77,54,57,60,62,87,22,24,36,36,,35,28,25,28,30,27,,30,28,29,47,,27,27,28,,,,,77,79,,95,26,32,32,29,28,30,25,33,30,30,25,35,34,,31,30,,39,42,28,,30,30,,38,25,31,35,34,32,39,,48,69,42,31,35,,,68,64,35,40,39,40,40,38,,51,38,51,39,39,,,22,,,,,27,,,,,,,,,,,,,,,,14,,,,,,,,,,,,,,,,,,,,,,,,,,,,,,,,,,,,,,45,16,16,23,18,18,17,17,,,,,22,23,24,16,,18,42,52,35,40,42,21,,20,21,38,,,25,24,,57,52,29,,28,,40,39,,,,27,,,63,65,42,,,23,21,41,42,43,42,43,,27,14,22,18,13,13,14,16,35,22,29,29,18,16,25,15,,30,35,24,,8,11,30,59,38,30,27,27,19,30,24,31,,,21,22,22,23,25,31,24,19,24,20,26,,32,31,32,35,45,,,36,21,24,27,29,27,,20,23,22,,22,23,21,,16,17,16,16,10,16,19,,14,24,15,14,,13,14,12,,15,19,20,29,26,29,,16,,16,,,,14,14,14,13,14,15,,12,,28,30,24,23,24,20,23,,20,15,15,,,17,17,17,,18,18,18,,,26,14,19,55,28,18,22,36,32,29,30,16,30,30,33,,18,24,34,36,44,,33,22,,39,29,25,27,27,24,,27,,,14,22,23,20,18,20,20,18,,32,,29,,14,17,19,20,,20,20,15,,16,17,19,17,18,,20,22,22,22,16,13,15,,18,17,17,22,30,,14,12,15,21,25,17,21,21,22,21,20,15,,29,28,29,,16,17,,17,12,14,14,,22,20,23,21,23,33,37,,35,37,,33,37,31,52,32,26,33,34,32,33,31,33,33,29,33,35,42,36,39,46,21,23,27,25,24,21,37,35,,39,16,19,26,55,49,55,57,42,51,42,41,43,30,53,62,49,51,31,31,38,52,51,28,28,38,25,32,,62,51,38,30,28,,30,30,32,35,34,40,40,38,39,29,31,33,30,12,39,,,,34,33,,32,47,24,25,22,25,,44,42,38,,,,,35,46,46,41,46,24,,31,,30,27,32,31,30,34,20,23,23,26,24,,,,,34,35,19,21,27,28,19,,22,18,20,25,29,20,20,19,28,33,24,29,31,28,,25,40,30,31,17,29,24,26,17,,21,16,,20,23,,34,33,27,,33,,,,15,15,28,32,34,32,42,40,41,41,27,28,27,20,,45,45,,26,26,59,,46,47,24,26,63,,,24,25,47,43,,,49,50,48,,50,48,41,42,29,41,33,,34,,,31,30,30,29,70,59,108,72,19,,30,42,40,68,68,106,122,123,113,,,44,35,,35,,34,40,40,30,26,13,15,30,21,23,12,28,23,,23,22,18,20,10,12,16,,16,,19,,60,,28,27,67,35,19,14,21,34,15,30,,,12,17,27,13,,39,42,40,20,,26,14,,,24,14,16,17,25,26,22,27,17,14,26,40,32,39,45,,10,20,,55,19,33,33,37,40,33,18,30,,17,19,22,14,17,63,19,40,19,28,14,27,18,,,,23,23,30,,52,18,,15,44,39,30,32,31,,15,40,18,24,22,26,34,17,,,14,19,29,18,29,30,,,103,26,29,15,26,28,28,27,,57,22,44,,59,19,15,19,10,,24,98,75,89,50,33,56,19,18,18,17,,23,24,,18,16,36,55,41,42,39,19,27,15,9,12,14,17,18,44,68,40,44,35,28,28,23,31,25,25,39,30,25,30,24,60,28,28,44,13,11,,11,24,19,22,29,17,12,12,15,15,,,17,15,16,26,24,,18,24,33,34,34,30,30,47,38,21,29,29,47,,49,29,33,26,19,28,27,17,19,,22,20,19,17,28,,34,,15,48,26,23,18,34,25,29,62,29,52,52,51,11,26,17,15,16,22,36,29,27,13,23,57,,24,22,26,15,25,22,12,15,17,12,19,24,17,17,34,30,31,26,31,38,73,19,26,45,20,24,30,38,34,25,21,25,55,26,13,16,17,12,12,20,21,14,24,20,21,15,17,15,17,27,18,17,,,16,28,23,27,26,28,23,30,50,48,47,28,40,45,27,18,24,22,13,13,15,14,12,17,19,,,19,25,26,21,39,37,30,35,32,31,18,10,18,12,17,35,29,34,45,53,26,19,25,34,48,20,20,,18,19,32,27,25,20,30,35,36,26,19,25,,14,17,42,36,36,19,14,17,56,22,24,,19,19,17,19,29,15,28,20,,,,36,41,23,45,18,13,13,19,17,16,16,54,31,32,27,27,30,44,33,36,33,39,35,80,65,28,29,30,15,34,42,45,28,25,36,31,32,22,99,75,,29,24,19,18,25,30,80,24,14,18,17,23,18,33,32,33,45,33,23,20,23,25,23,,16,,27,100,37,54,56,29,10,19,10,16,13,34,24,,24,55,27,17,19,16,28,20,15,12,13,18,45,46,44,23,18,38,40,50,30,,25,22,27,27,29,22,15,22,12,53
20230729,19,PM2.5,8,3,5,,3,11,17,,7,2,6,14,,,,,4,6,3,,3,,,4,,1,5,,10,13,19,5,8,,5,,13,14,,17,4,5,9,15,,12,,9,7,3,6,5,8,10,,32,23,,22,33,18,6,10,13,3,9,3,13,,16,13,5,11,4,16,,,5,11,4,20,,12,18,10,17,15,19,,12,14,,,13,15,15,12,23,10,8,,8,4,7,9,8,,8,6,21,12,11,10,10,,11,16,6,16,18,11,11,20,10,,12,13,12,16,15,18,,13,18,23,,18,16,14,17,3,16,5,6,6,,6,3,4,10,2,5,2,2,5,3,7,7,5,12,,8,7,6,9,11,8,3,8,4,3,,9,,,,13,11,,15,10,11,,,,8,,7,2,7,2,9,5,5,,6,,,,8,12,,7,10,10,9,7,,9,9,8,2,6,9,9,9,,9,,,11,,11,12,,10,12,12,,11,9,14,12,,8,4,,,4,4,4,20,22,15,16,,9,,,9,,5,7,,11,9,13,4,4,6,,13,12,8,11,9,6,12,7,2,5,7,,6,9,2,2,,4,3,,,8,11,17,10,5,3,12,9,7,,8,10,13,,17,17,10,12,,12,5,20,20,17,,,9,9,2,9,7,12,6,,1,2,4,2,5,,3,5,2,10,10,9,12,6,,17,6,10,15,15,12,13,4,9,54,9,11,3,19,,15,16,18,31,18,35,15,26,24,13,33,15,13,13,,4,10,10,20,14,11,13,9,17,20,18,12,,15,23,12,13,6,16,13,14,16,17,21,,,17,16,16,12,16,16,14,13,16,18,14,16,22,20,22,27,22,23,19,23,,13,12,11,16,16,,14,18,17,17,21,8,14,,,10,21,16,18,17,,2,13,14,9,,,8,14,12,16,41,9,9,9,19,14,9,,11,33,13,15,21,17,6,5,7,5,6,6,22,9,,11,16,16,31,13,,26,,9,12,,26,,14,19,,,,,11,,,,22,14,18,6,82,10,5,,12,17,16,16,19,19,27,13,22,28,20,17,12,12,3,12,,8,9,16,12,14,19,58,17,17,,5,6,5,4,3,4,6,4,5,2,7,2,4,7,6,12,12,,,8,,13,,7,7,14,,12,5,,,13,16,13,9,,3,14,19,,9,5,2,5,10,9,12,14,11,5,,,,13,,,5,,7,6,9,8,6,13,14,10,7,17,,12,,,36,,19,18,30,5,6,5,9,8,,18,15,10,10,14,15,27,31,24,22,15,10,13,8,8,,11,19,11,15,,6,26,21,,9,16,,9,10,,8,16,,20,12,,,5,5,,35,,22,18,12,23,,,,2,4,,,35,,43,,7,8,13,,6,11,10,15,5,,6,6,8,8,7,7,7,7,10,6,6,5,3,3,6,24,5,5,4,6,8,2,4,3,5,8,11,7,8,7,9,3,2,,3,8,9,7,7,8,12,9,14,7,7,9,10,9,,13,12,11,,17,10,13,8,8,,8,2,,,13,,11,8,7,12,9,3,8,,,,3,,,,2,,5,,,6,2,7,14,,13,,2,7,9,2,11,16,,11,12,6,14,10,6,,10,,,11,8,12,8,14,15,17,20,17,6,5,7,17,56,30,40,42,34,64,4,5,11,10,,15,12,14,12,13,14,,9,8,20,32,6,8,12,7,,,,,18,15,,17,14,9,11,7,9,19,14,23,6,12,15,16,11,,15,20,,23,24,19,,18,17,,25,6,9,20,16,18,27,8,33,36,29,20,24,,21,21,19,7,7,7,6,10,13,,14,9,16,21,14,,,7,,,,,9,,,,,,,,,,,,,,,,9,,,,,,,,,,,,,,,,,,,,,,,,,,,,,,,,,,,,,,31,4,3,7,11,6,2,2,,,,11,9,5,9,5,,12,20,22,7,26,29,7,,13,13,10,,,17,14,,40,34,5,,5,,10,7,,,,11,,,17,21,15,,,15,7,12,4,16,9,16,,,2,15,12,4,9,6,9,9,12,10,6,1,8,,10,,17,24,7,,4,5,4,2,18,9,3,1,4,8,4,14,,,8,11,15,16,17,14,15,13,8,2,18,,16,19,13,19,15,,,22,7,10,10,11,10,,9,6,2,,7,8,5,,9,5,7,7,1,6,12,,3,11,10,5,8,3,4,6,,6,2,1,4,8,5,,2,,7,,,,2,2,4,9,6,6,,5,,9,6,9,16,11,7,8,20,14,10,9,6,5,8,11,8,11,6,6,1,8,,18,8,13,39,19,2,8,25,21,15,14,11,16,12,18,,12,9,7,15,26,,18,10,,14,9,15,13,17,14,,12,11,,7,14,9,14,10,6,11,8,,22,,3,,8,2,12,3,,3,2,6,,6,2,8,5,4,,5,5,9,4,3,6,3,,5,7,11,5,6,,,,5,6,17,8,6,6,11,6,3,,,11,18,18,,9,4,,7,4,6,5,,15,12,16,11,11,16,21,,7,24,,23,14,5,22,11,5,6,6,16,10,12,18,18,18,18,15,29,25,27,31,5,14,14,8,7,7,11,20,,14,11,7,4,39,34,38,36,16,17,29,19,24,14,31,36,34,27,20,19,19,20,19,16,17,26,17,18,,44,26,26,6,5,,2,5,6,9,3,15,13,16,14,10,8,6,6,5,5,,,,21,15,,14,5,,5,1,7,,14,16,19,,,,,4,9,5,7,9,7,,10,,7,12,9,6,10,8,14,5,7,7,12,,,,,15,7,8,11,8,7,12,,12,4,11,8,13,8,14,2,16,23,15,20,15,14,,17,28,21,15,10,9,13,18,10,,11,11,,13,6,,2,3,2,,1,,4,,4,2,6,8,12,13,9,12,12,13,11,8,11,6,,9,2,,8,18,42,,15,19,9,7,25,,,8,8,13,16,,,16,7,18,,16,9,6,13,3,5,6,,6,,,4,2,3,2,17,20,24,21,,,5,10,11,33,35,54,46,55,39,,,6,9,,6,,5,20,9,13,16,4,2,15,1,13,3,19,2,,8,6,10,7,6,5,8,,4,,7,11,23,46,9,13,39,3,6,6,12,15,10,7,,,7,5,12,4,,6,11,9,14,,9,5,,,14,4,4,9,14,6,12,7,9,8,9,20,10,17,31,,1,3,,39,9,12,11,2,25,23,9,21,,7,9,8,4,,13,10,23,12,8,5,8,12,,4,,7,5,9,,23,4,19,5,12,2,12,10,11,6,3,2,,13,6,7,10,4,,6,5,6,14,11,7,8,,,22,5,20,5,10,,9,10,14,40,15,11,14,42,11,3,8,,,9,13,8,17,6,4,20,10,4,7,9,,9,7,,2,5,25,10,6,8,23,11,2,8,5,5,7,8,12,26,36,26,22,15,13,10,16,20,17,5,10,13,17,21,5,43,18,11,23,9,2,,2,13,7,8,12,5,5,5,3,2,5,7,4,10,4,16,9,,6,10,16,2,19,13,14,19,19,11,17,13,24,,19,10,8,10,9,19,9,9,7,,7,14,13,,10,,16,,10,4,9,16,6,18,12,20,43,19,18,28,24,7,18,11,8,9,3,3,11,9,9,8,16,16,7,8,14,7,7,6,5,8,9,5,7,7,7,7,5,11,8,9,8,8,21,9,17,24,10,13,10,22,10,8,7,7,39,18,2,6,8,8,2,1,5,7,12,5,6,5,10,4,4,6,11,8,5,,1,5,1,7,18,7,13,21,20,18,26,7,14,15,15,12,7,9,2,4,9,5,5,8,9,,,13,17,18,8,8,14,10,9,11,18,12,5,5,2,6,24,18,11,31,37,13,11,5,15,9,7,7,,5,12,12,9,15,4,14,7,15,18,10,12,,5,10,19,13,7,12,2,2,24,,5,,9,12,2,10,20,6,2,2,,,,20,3,16,11,5,1,3,7,,11,11,38,10,3,6,7,11,16,12,10,9,6,,36,16,6,5,21,10,7,20,18,13,10,17,18,18,5,8,13,,14,2,5,5,17,13,13,9,9,5,10,9,1,3,5,20,31,11,,13,11,12,16,,2,,12,35,6,38,10,9,4,12,6,7,6,18,7,5,15,8,13,7,12,5,19,14,6,5,6,12,11,16,5,6,12,15,17,35,14,4,13,8,5,,12,12,10,9,8,9
20230729,19,PM2.5_24h,24,15,20,19,21,22,16,18,14,26,18,19,,,8,,9,10,11,,9,,2,3,,3,9,,23,29,28,18,18,21,10,,14,17,,22,10,6,10,16,,12,,10,9,7,16,14,14,16,,27,11,,18,21,19,20,16,16,18,15,21,23,,26,9,6,11,15,15,,14,17,17,18,30,,19,27,32,28,29,25,,14,12,,,13,16,14,15,20,13,11,,10,8,13,14,14,,14,2,6,4,4,4,3,3,5,5,3,12,12,11,10,11,9,11,11,12,11,16,11,10,14,13,11,17,,14,10,19,12,6,10,6,5,6,,5,7,5,8,3,4,2,2,5,3,6,6,6,19,,7,7,7,9,7,8,2,6,2,2,,3,,,,9,10,,9,11,10,,,,10,,5,5,7,4,6,8,6,2,7,,,,7,7,,7,9,9,8,7,,8,6,7,3,5,6,7,11,,10,,8,10,,7,7,,7,8,10,,10,7,7,7,8,6,6,,,5,5,4,12,9,10,12,,7,,,9,,4,7,,13,9,10,5,6,6,,7,7,7,8,7,6,6,4,6,10,11,4,9,11,5,7,5,8,2,,,1,1,2,10,8,6,9,7,4,,8,8,12,,9,10,4,7,,6,6,11,12,12,,,7,4,5,7,8,7,11,,6,5,8,6,7,19,6,6,4,9,5,12,12,6,,6,5,6,9,11,11,7,5,9,28,9,8,3,23,,21,22,21,16,18,21,20,18,15,15,23,19,12,14,,10,14,12,14,21,16,18,10,15,18,17,17,,13,21,29,20,18,21,17,16,14,20,13,,,20,18,17,19,12,13,17,15,19,19,21,18,31,29,29,29,28,25,30,36,,16,20,16,16,13,,22,26,17,16,21,11,14,,,22,21,20,16,15,,11,12,14,12,,,16,11,7,18,9,10,7,12,18,14,7,,14,41,15,14,18,15,7,7,6,6,8,7,18,13,48,10,19,14,20,8,,21,,9,13,,17,,21,20,,,,,11,,,,18,17,20,30,100,27,16,,29,11,8,11,11,8,11,8,8,11,12,18,8,9,6,13,,22,19,16,18,15,18,14,16,18,,7,7,6,14,11,12,14,6,6,4,9,7,10,8,7,10,7,,,7,,9,7,7,5,12,,12,7,,,12,8,10,6,,4,8,8,,8,5,2,5,9,4,7,7,5,3,,,,6,,,9,,8,5,8,6,6,8,5,4,5,8,,9,,,15,,14,22,20,11,11,10,14,13,,23,25,25,22,29,21,32,30,18,27,9,10,11,12,11,16,11,10,14,19,,14,19,19,,14,14,,12,13,10,13,12,,17,11,,,7,12,,23,,22,19,16,20,9,11,,12,12,,51,32,,45,,21,23,20,,27,22,9,10,9,,8,8,9,11,11,7,6,14,12,8,9,8,11,6,10,16,7,5,16,14,10,9,9,10,10,10,10,9,11,8,13,5,7,,9,10,12,11,6,6,19,11,20,13,8,8,8,8,,8,8,9,,9,8,8,6,5,,6,8,4,,13,,13,8,10,13,9,5,5,,,,8,,5,,6,,9,,8,6,6,18,19,,19,,8,11,6,5,10,11,,15,11,6,7,13,8,,13,,,6,12,9,12,10,16,19,17,13,12,5,11,18,36,30,32,29,28,28,8,8,10,10,14,12,13,15,17,17,15,,13,8,14,17,6,7,6,2,,,,,11,11,,12,12,12,10,11,15,16,9,14,10,13,10,11,12,,18,21,,12,15,18,,15,18,,18,4,3,6,6,7,12,4,10,33,34,30,44,,18,21,44,9,14,11,12,4,9,,18,9,15,15,15,,,9,,,,,6,,,,,,,,,,,,,,,,4,,,,,,,,,,,,,,,,,,,,,,,,,,,,,,,,,,,,,,9,1,3,7,10,7,1,3,1,,,10,12,10,11,8,,18,25,29,19,25,27,19,,26,23,36,,,37,39,,29,30,18,,18,,14,15,,,23,16,,,15,14,24,,,12,12,11,7,14,10,13,14,11,10,20,15,6,9,8,11,11,9,12,13,13,14,5,15,,12,15,8,,5,2,6,7,16,14,6,7,8,12,3,10,,,8,7,9,10,7,10,8,6,6,6,11,16,8,9,10,11,10,,,12,7,9,8,13,14,,10,6,6,,9,9,5,,10,8,6,12,5,8,9,,5,9,6,5,7,5,6,5,,6,4,5,5,5,5,,3,,7,,,,2,2,4,7,5,3,,6,,7,6,6,4,3,4,4,31,9,10,10,7,3,4,9,5,13,11,8,10,4,,4,7,11,31,8,5,5,12,12,12,12,10,14,12,14,,6,7,7,7,9,,14,10,13,14,14,17,13,17,12,,12,15,15,9,10,8,9,7,8,7,5,,12,8,10,,3,3,8,10,,7,8,5,,6,7,13,5,6,,6,6,9,7,8,7,6,,6,7,10,4,8,,6,3,7,13,14,8,11,3,13,8,3,2,,7,25,10,,7,5,,10,6,8,5,,10,8,9,17,12,11,16,,13,18,12,16,13,4,16,15,6,12,11,10,7,14,16,14,17,16,15,23,17,26,23,6,13,15,13,14,8,13,15,11,11,8,8,9,29,25,29,27,14,17,13,12,16,15,26,24,25,21,21,19,19,15,17,16,19,25,21,21,,34,24,25,6,7,,4,7,6,10,6,15,16,10,14,23,19,14,20,10,4,,,,21,17,,19,5,4,6,9,7,,10,10,10,,,,,6,6,10,8,6,10,,15,,7,11,7,6,9,10,14,8,7,5,8,,,,,9,6,8,8,16,7,12,,10,6,6,13,16,6,11,6,13,9,13,18,24,19,,25,28,21,23,9,6,9,9,14,,12,8,,9,4,,5,5,5,,14,,2,,2,4,6,10,7,11,16,16,15,38,7,10,9,8,,9,5,,8,7,16,,18,24,6,6,44,46,,7,5,12,12,,,15,11,22,,16,9,14,19,2,15,8,,7,,,4,3,2,2,51,54,24,28,8,,26,8,12,22,27,44,34,43,40,,,13,12,,8,,6,25,26,26,9,9,9,17,2,6,5,25,16,,22,10,10,8,6,6,7,,4,,4,8,13,12,8,11,54,8,5,11,12,18,8,8,,,18,6,7,8,,12,15,14,12,,9,4,,,6,5,4,9,9,5,10,5,5,5,11,20,17,15,32,,8,10,,20,11,13,13,16,25,17,8,21,,8,6,3,8,3,23,6,27,5,12,3,5,14,7,5,6,7,8,10,,20,5,16,6,9,12,10,12,13,5,6,14,2,14,10,8,14,8,,6,5,4,14,7,10,9,,,20,6,17,8,9,1,8,9,10,14,12,10,12,26,4,9,12,2,,9,17,11,16,7,5,36,8,6,5,8,8,7,6,5,5,15,21,17,8,17,17,11,8,8,7,4,10,8,8,17,22,23,26,18,21,20,17,19,18,11,15,18,18,15,15,18,21,15,13,6,19,,7,8,7,6,8,5,3,5,8,6,5,7,5,14,13,10,13,11,7,13,16,10,21,12,15,28,23,10,17,12,20,,19,13,22,7,6,11,6,2,4,,5,14,14,2,11,17,16,,7,10,12,12,13,19,10,28,26,20,17,22,22,5,8,8,5,5,5,3,11,6,20,13,20,16,6,3,8,7,10,6,6,8,7,6,4,11,6,8,21,18,20,28,31,25,15,9,11,18,15,14,13,25,18,16,17,14,26,28,5,6,11,22,25,3,4,6,8,6,9,8,7,7,9,6,6,6,11,7,7,7,12,10,12,12,14,15,16,10,19,4,12,12,10,4,5,4,5,7,6,4,10,4,7,5,,10,10,10,4,5,16,13,8,10,20,7,6,8,5,7,13,15,19,21,25,13,6,8,16,10,11,11,,5,12,9,7,20,13,19,7,15,9,8,7,8,6,9,21,19,14,19,17,14,30,22,11,22,12,19,14,19,22,17,16,11,10,20,21,20,14,19,19,7,2,8,13,2,8,8,30,21,10,16,5,24,22,16,27,9,6,19,57,34,8,9,30,24,12,16,15,16,12,14,21,20,7,16,21,,9,5,8,7,7,13,10,5,4,2,11,3,7,7,6,20,22,12,3,10,9,8,8,,5,6,10,30,36,36,8,33,13,16,26,17,21,18,9,7,10,20,6,6,11,7,21,13,15,14,17,15,13,14,6,7,9,20,10,34,9,4,14,10,5,2,15,8,9,5,7,14
20230729,19,PM10,8,7,7,,10,13,32,,12,8,8,19,,,5,,6,19,4,,6,,9,11,,7,6,,1,24,113,15,18,19,12,,18,14,,21,11,4,15,20,,20,,17,14,12,7,15,23,34,,17,35,,59,49,38,16,17,27,5,14,21,16,,26,5,16,17,24,19,,4,15,17,5,26,,20,31,18,25,23,33,,22,24,,,25,29,30,28,25,22,15,,18,15,10,19,10,,15,10,24,12,17,16,10,2,9,15,15,37,38,42,33,38,22,,28,31,34,24,33,42,,90,53,51,61,57,64,63,66,18,28,15,19,16,,20,17,14,16,18,14,14,9,12,12,,16,9,17,,16,15,15,15,16,14,13,14,11,7,12,19,,,,29,25,,27,17,22,,,,22,,9,18,15,12,24,14,12,14,10,,,,15,8,,15,17,20,12,17,,17,12,17,17,12,17,17,13,,23,,17,20,,27,27,,18,20,18,,16,21,26,26,,11,14,,,16,8,14,34,37,37,55,,35,,,15,,14,12,,16,22,23,18,14,21,,23,23,16,23,20,26,35,18,7,7,7,,12,7,9,2,5,7,8,,12,17,12,35,,10,12,12,7,7,,6,5,19,,20,14,24,20,,24,22,27,22,19,,,24,29,27,24,24,22,,8,1,2,,4,,4,14,15,18,19,13,19,11,14,,26,2,13,12,24,14,38,11,16,15,16,26,8,33,,29,33,30,57,33,70,28,41,39,29,23,53,19,24,,15,18,27,31,18,19,14,19,29,31,38,36,,20,5,32,48,,24,36,30,43,36,31,,,29,31,28,55,35,41,28,20,25,21,19,27,38,38,61,33,26,38,36,44,,27,24,23,24,22,,15,17,22,37,34,21,10,,,21,35,31,26,25,,19,27,20,15,,,19,21,24,19,36,14,22,31,31,22,29,,28,40,26,24,27,25,11,14,10,12,18,18,25,20,35,20,31,26,43,25,,96,,15,15,,41,,31,25,,,,,11,,,,22,20,20,19,20,29,16,,12,29,20,26,37,34,29,26,32,31,35,34,9,22,17,23,,33,24,22,13,58,46,122,51,41,,12,11,9,5,5,2,8,13,8,7,4,9,16,9,15,17,14,,,9,,29,,14,17,24,,11,11,,,27,19,29,24,,9,14,19,,12,24,17,17,14,17,22,22,17,24,,,,22,,,3,,17,14,9,9,29,29,24,14,17,22,,14,,,45,,34,21,31,2,10,16,8,18,,40,31,32,19,32,32,34,46,39,31,20,23,30,14,7,,19,28,21,18,,18,40,40,,26,19,,18,18,,24,16,,13,19,,,7,6,,26,,36,37,34,37,7,7,,3,11,,37,49,,57,,9,17,12,,18,10,30,24,27,,16,14,20,21,16,16,15,27,34,11,18,21,29,3,16,42,13,9,6,10,6,8,20,12,12,11,18,14,13,8,14,7,27,,10,19,16,10,13,30,21,17,15,16,24,15,16,18,,25,38,35,,10,21,11,10,16,,12,14,8,,10,,16,3,10,12,21,12,20,,,,14,,12,,4,,14,,,9,18,7,11,,,,19,22,23,31,8,15,,14,10,14,15,15,14,,16,,,10,15,,25,12,23,30,28,26,14,39,17,19,63,57,63,70,74,89,21,15,19,18,21,14,26,22,23,30,22,,30,18,28,47,12,26,17,15,,,,,21,31,,21,17,32,18,9,20,18,23,18,23,24,17,35,27,,19,28,,39,42,23,,30,30,,38,11,24,23,25,16,20,,14,88,24,29,31,,136,85,78,21,26,32,19,14,7,,52,4,51,39,20,,,22,,,,,27,,,,,,,,,,,,,,,,14,,,,,,,,,,,,,,,,,,,,,,,,,,,,,,,,,,,,,,24,15,14,23,14,8,10,14,8,,,15,19,21,24,9,,12,42,54,31,40,40,2,,12,8,38,,,22,24,,47,53,29,,11,,32,39,,,,16,,,39,42,29,,,23,11,26,25,24,32,9,26,27,4,20,16,13,13,14,16,35,22,29,29,18,16,25,13,,30,26,17,,7,11,30,67,38,18,10,16,19,30,24,31,,,20,22,16,16,16,31,24,13,24,20,16,,23,28,32,35,30,,,36,15,20,2,21,16,,9,19,18,,7,17,12,,8,9,7,8,10,9,15,,8,24,13,14,12,10,4,10,,10,19,20,29,12,12,,10,,8,,,,3,6,3,8,5,8,,9,,28,30,24,22,24,20,23,20,11,4,11,20,,17,17,17,6,6,12,3,15,,21,5,13,14,24,18,15,33,24,22,23,16,30,30,33,,12,24,34,36,44,,33,21,,39,29,25,27,27,24,,27,29,,14,22,23,20,18,20,20,18,,7,32,29,,9,8,19,4,,1,6,13,,11,7,4,5,2,,13,14,11,8,9,13,6,,6,6,3,22,30,,8,12,6,21,14,11,14,13,12,16,6,15,,13,21,14,,3,8,,17,10,8,10,,20,18,23,21,23,30,35,29,28,37,30,33,37,19,53,30,14,17,12,21,17,24,23,29,27,25,22,28,26,34,46,12,18,15,18,15,21,21,30,28,14,12,10,15,43,38,60,64,42,52,39,41,43,26,56,44,38,51,30,27,38,54,52,28,28,26,21,32,,57,52,38,12,14,,9,14,18,34,10,20,13,22,37,8,11,14,12,12,11,,,,16,25,,16,47,15,19,17,19,,29,22,30,,,,,15,14,13,20,11,8,,14,,12,10,24,10,15,20,14,23,18,26,14,,,,,22,10,17,15,17,11,15,,22,14,20,12,19,12,17,5,28,30,24,25,31,28,,23,34,28,31,17,29,20,12,17,,21,6,,18,11,,4,12,8,,6,,3,,11,8,14,22,19,15,20,24,31,26,12,19,23,20,,22,41,,13,21,53,,38,44,16,19,75,,,20,18,19,19,,,13,14,13,,30,18,9,42,5,28,22,,26,,,23,12,7,3,89,67,165,93,2,,24,20,15,85,86,161,193,196,176,,,20,21,,24,,23,26,28,22,21,6,4,30,10,23,6,13,7,,12,22,18,17,7,,16,,8,,19,17,39,50,20,20,83,21,11,14,21,18,10,11,,,11,8,27,9,,19,27,27,20,,8,8,,,24,13,16,17,20,19,22,27,17,12,17,35,12,30,40,,4,7,,60,18,15,17,7,30,19,18,26,10,17,19,22,4,17,21,19,40,19,12,14,5,13,,9,,11,10,28,,54,6,33,14,22,14,18,22,10,27,10,27,18,24,14,26,34,16,,14,5,19,22,12,12,13,,,30,26,24,13,18,5,11,27,16,58,9,44,16,59,19,2,8,8,,12,22,33,28,27,14,62,19,18,18,17,18,23,24,,18,8,34,17,28,32,34,17,25,15,7,12,12,16,18,38,65,40,44,35,25,28,23,31,24,14,39,19,22,27,24,62,28,28,44,,4,,4,14,2,19,13,8,11,10,6,2,,14,9,14,14,22,10,,6,6,16,16,34,26,21,39,38,17,29,10,24,,22,17,10,26,19,10,27,17,19,,22,14,14,2,14,,29,,8,25,26,16,18,32,13,28,74,29,53,53,52,11,22,17,12,16,22,36,29,27,11,23,36,26,17,12,13,15,16,16,12,14,11,12,19,24,17,17,15,29,12,21,16,17,40,12,26,45,20,21,30,29,16,24,16,17,39,20,9,4,14,10,3,2,10,7,20,18,21,7,17,,10,27,7,12,,3,9,13,14,24,19,24,22,21,24,31,33,28,20,20,27,12,24,22,10,10,15,12,12,17,19,,,19,20,25,21,12,21,5,16,18,30,16,8,10,12,10,27,25,30,38,55,21,15,14,34,48,18,17,,18,19,16,16,6,15,24,14,21,15,17,25,,14,17,42,29,26,19,14,9,62,17,24,13,19,19,10,10,24,3,28,6,4,,,36,41,12,45,7,10,4,19,6,12,8,50,20,25,14,27,17,44,26,36,23,20,22,109,80,11,8,29,14,34,40,45,28,25,36,31,32,22,23,28,,19,24,8,17,24,20,34,24,14,18,17,23,2,14,22,33,25,21,23,20,23,25,22,,11,,27,150,37,31,62,29,4,19,8,11,9,28,24,12,24,24,27,5,18,16,6,13,9,5,13,17,22,19,10,17,15,38,40,41,30,8,24,15,8,6,25,22,14,22,12,39
20230729,19,PM10_24h,38,28,38,39,22,37,34,33,28,32,31,33,,,15,,13,22,17,,12,,8,7,,7,11,,38,50,35,32,36,37,28,,27,25,,28,23,12,19,22,,25,,19,17,14,27,35,37,46,,34,26,,40,33,36,39,35,35,37,34,40,31,,45,11,15,16,23,23,,28,21,25,24,34,,32,41,54,43,41,43,,30,27,,,28,30,35,36,29,31,28,,27,20,29,28,24,,24,8,9,12,8,20,10,1,8,15,12,29,27,26,25,28,18,21,28,30,22,25,33,28,41,41,40,40,44,43,31,40,49,21,24,21,12,22,,20,22,20,23,14,12,13,11,12,13,21,10,11,28,,17,19,16,18,17,16,11,11,11,6,10,20,,,,21,21,,32,15,14,,,,18,,14,16,14,9,18,11,13,11,18,,,,18,12,,18,18,20,14,14,,16,13,16,17,14,17,20,16,,22,,17,20,,17,16,,14,13,13,,16,25,14,14,15,12,9,,,9,9,13,19,21,21,35,,13,,,14,,14,14,,20,23,22,21,18,21,,16,14,17,15,15,11,14,11,13,12,14,10,14,15,17,12,12,15,6,,5,11,8,10,,19,23,12,8,4,,9,7,19,,13,14,15,14,,18,17,16,16,13,,,23,18,20,27,18,17,10,11,11,11,14,13,17,17,18,14,15,16,16,18,15,12,,20,10,12,13,18,11,21,18,9,12,14,25,25,36,,41,44,32,42,36,43,28,27,26,34,29,46,24,24,,21,31,27,30,26,22,25,22,30,28,36,28,,25,41,43,23,31,23,24,22,27,23,23,,,37,33,36,37,30,32,28,28,33,30,28,25,49,49,47,39,44,43,47,57,,29,32,33,27,22,,31,31,24,28,29,20,22,,,36,32,35,33,23,,22,24,28,27,,,29,17,24,22,22,15,28,29,27,23,27,,26,74,20,21,25,22,13,14,11,10,15,16,26,23,30,19,27,21,30,18,,48,,20,24,,38,,29,28,,,,,13,,,,25,32,94,88,78,95,84,,96,22,16,22,22,23,21,23,22,22,22,31,15,25,18,31,,36,33,34,32,47,42,37,35,51,,15,15,14,16,16,14,18,13,12,11,14,14,18,17,16,16,17,,,8,,20,11,8,14,17,,14,12,,,13,13,17,12,,10,11,7,,16,23,16,16,14,10,12,10,9,11,,,,13,,,20,,20,12,8,15,18,20,24,8,6,12,,11,,,31,,26,34,32,15,16,20,17,17,,41,37,37,34,48,30,44,38,30,38,19,20,21,22,23,42,18,28,30,28,,29,33,34,,20,20,,23,22,23,22,23,,36,18,,,19,18,,31,,39,34,40,44,16,17,,14,16,,56,63,,66,,30,40,47,,41,41,21,25,20,,16,15,22,25,19,16,21,35,23,18,22,15,27,19,21,29,14,14,29,19,19,17,24,28,15,15,19,22,17,13,27,17,31,,16,9,8,14,13,17,27,18,21,29,22,16,14,23,,15,20,19,,5,15,13,13,10,,12,14,6,,15,,19,11,16,14,15,14,12,,,,15,,16,,20,,10,,12,9,24,30,60,,31,,23,19,19,20,14,19,,16,13,17,11,14,14,,18,,,9,22,19,22,19,31,33,29,26,19,30,18,29,37,46,51,47,52,40,17,19,16,16,21,21,21,26,27,33,24,,32,18,26,26,15,20,17,14,,,,,12,26,,15,19,24,22,19,24,22,20,21,19,24,12,26,21,,28,30,,21,21,32,,24,26,,27,6,10,12,11,11,14,,10,56,42,40,51,,82,68,153,17,26,23,22,11,11,,55,15,51,50,62,,,24,,,,,20,,,,,,,,,,,,,,,,11,,,,,,,,,,,,,,,,,,,,,,,,,,,,,,,,,,,,,,18,13,16,15,18,12,15,13,10,,,15,27,37,25,21,,21,47,67,38,48,58,30,,35,41,57,,,49,57,,39,33,32,,30,,41,34,,,37,22,,,30,34,38,,,17,18,20,20,22,23,15,30,34,18,29,28,13,20,14,28,28,24,30,26,33,39,29,34,,26,23,14,,11,6,29,33,27,19,12,17,15,41,15,25,,,17,14,10,16,9,22,21,10,9,22,14,37,12,15,19,18,13,,,20,9,18,3,23,22,,10,21,19,,16,19,17,,14,16,11,20,14,16,16,,12,15,16,20,13,11,8,10,,10,19,10,14,17,8,,7,,6,,,,6,8,5,7,12,14,,10,,15,17,11,13,15,16,16,7,16,15,15,16,,9,11,11,20,17,17,15,9,,9,10,12,33,13,25,5,18,22,20,19,14,28,32,25,,10,18,21,31,20,,24,20,23,25,30,26,25,25,22,,22,27,28,20,19,38,17,17,20,16,17,,10,11,10,,16,13,20,11,,11,11,12,,12,10,15,8,7,,14,14,11,9,14,15,13,,14,11,10,23,30,,22,23,13,28,22,20,18,16,15,18,13,20,,20,20,21,,8,9,,19,12,9,9,,14,12,12,36,21,23,33,25,24,30,26,21,29,22,32,27,20,16,23,18,19,26,24,29,25,27,16,29,23,28,37,16,19,24,29,24,23,28,26,21,19,15,22,20,51,50,56,57,29,31,25,28,31,43,43,36,35,41,40,30,45,27,31,32,36,36,34,35,,54,37,37,17,16,,12,16,19,22,18,14,15,20,24,28,31,24,33,17,22,,,,24,28,,28,29,24,23,24,28,,19,18,18,,,,,18,15,15,16,16,25,,21,,12,13,20,16,18,26,17,9,15,18,9,,,,,22,19,11,10,29,15,18,,16,13,15,20,19,12,15,5,31,22,20,23,26,29,,24,35,29,32,20,11,15,13,24,,22,15,,15,8,,7,12,12,,44,,6,,7,8,17,24,23,22,27,23,24,31,13,25,25,17,,23,19,,14,17,46,,65,74,10,19,166,179,,12,10,20,21,,,25,26,39,,28,20,20,34,6,24,21,,18,,,23,11,6,6,194,167,96,108,24,,94,43,39,69,69,132,163,162,162,,,32,27,,30,,39,81,97,112,20,16,16,34,8,10,9,40,28,,33,20,18,19,10,11,14,,8,,11,11,28,18,23,25,158,28,12,38,23,28,12,13,,,39,10,17,13,,27,25,29,14,,11,9,,,19,17,21,18,15,14,19,21,15,16,18,39,24,29,54,,14,11,,37,20,20,19,74,35,24,15,32,31,23,14,14,10,10,45,10,40,13,14,15,17,16,14,7,10,10,11,33,,36,14,29,18,19,26,22,21,18,13,25,28,30,25,15,20,28,21,,16,9,12,22,13,16,15,,,28,23,20,10,17,6,16,22,12,45,8,32,15,39,10,14,10,11,,15,28,31,33,28,24,112,20,23,19,21,25,17,18,21,23,28,31,25,34,40,28,18,16,16,10,12,21,21,18,26,41,39,47,37,36,34,25,31,28,21,34,31,30,17,29,32,35,38,34,8,28,,13,11,10,13,15,7,10,10,14,12,21,12,14,16,16,17,14,14,6,16,18,21,31,25,19,28,32,13,27,20,29,,25,15,28,17,12,14,15,11,16,,11,18,14,13,17,22,21,,12,39,23,19,17,27,16,43,41,34,33,43,34,11,18,13,8,9,13,32,20,15,33,30,38,34,14,8,11,17,16,14,16,16,12,15,14,26,17,15,99,94,83,101,109,83,21,15,18,30,27,27,24,39,24,29,26,22,39,43,25,6,16,30,38,8,14,16,12,13,15,15,15,10,14,10,12,10,19,13,11,20,33,22,12,25,21,22,24,16,26,17,20,17,20,10,15,12,20,17,12,12,15,6,20,10,,15,12,14,11,14,26,4,19,14,28,13,19,17,15,13,18,24,33,33,42,22,8,16,34,26,22,21,,20,18,22,18,20,21,30,18,22,9,11,13,17,14,17,47,34,23,30,21,17,72,44,39,43,17,33,29,32,24,16,49,32,37,61,57,51,56,37,51,12,10,14,20,8,9,10,35,24,21,19,22,40,32,23,33,25,20,92,153,134,15,18,44,36,25,43,31,30,20,25,36,34,27,28,41,,15,21,12,20,15,22,24,17,10,9,11,14,21,15,20,30,22,20,20,12,36,14,17,,20,12,24,130,65,52,17,57,31,33,48,31,40,40,28,20,16,32,17,14,20,12,25,22,26,24,36,30,42,33,17,23,14,38,27,41,21,10,25,18,7,8,26,13,14,11,16,40
20230729,19,SO2,3,3,3,3,3,3,1,,3,3,3,3,,,5,,2,4,4,,4,,3,3,,3,2,,2,1,3,3,2,1,6,,1,2,,2,4,4,2,4,,4,,2,3,1,8,3,6,9,,6,,,2,3,9,6,7,8,7,4,3,3,,3,4,8,2,3,2,,7,4,4,4,7,,4,5,3,7,3,6,,5,6,,,8,6,6,6,4,6,5,,4,5,6,6,4,,8,4,4,8,4,7,5,4,6,5,6,4,4,4,5,2,5,,4,3,2,8,5,6,,6,6,4,5,2,5,6,8,4,8,6,2,4,,2,6,6,5,4,4,3,6,3,6,4,6,8,5,,6,7,7,7,8,5,7,9,6,5,5,3,,,,6,8,,6,8,4,,,,6,,2,4,9,5,10,4,8,5,6,,,,6,5,,3,2,,3,6,,7,6,8,6,7,8,5,2,,5,,6,6,,6,3,,4,6,6,,7,4,6,5,,4,7,,,3,4,4,5,6,5,4,,4,,,2,,7,3,,4,2,3,5,4,4,,2,3,4,7,3,5,5,3,5,4,4,3,5,4,8,7,7,7,2,,4,2,2,4,1,2,1,8,6,7,,5,6,11,,7,5,6,5,,5,8,,7,6,,,4,6,6,6,5,3,1,1,3,2,1,1,3,2,2,6,8,7,5,6,6,5,,6,6,5,4,4,1,4,2,4,3,1,5,4,3,,5,6,9,6,7,6,6,8,3,5,6,4,4,7,,5,6,5,7,4,6,4,4,5,8,5,5,,4,4,4,5,6,6,10,5,7,4,5,,,9,7,6,4,6,,6,4,6,10,5,8,4,5,6,5,5,6,6,3,,7,5,8,7,8,,5,5,4,6,6,5,5,,,5,8,5,4,8,,3,3,1,2,,,3,2,5,5,2,5,3,5,4,5,3,,6,9,9,4,7,7,8,13,8,11,9,9,8,5,2,6,6,6,2,5,,5,,4,6,,5,,5,9,,,,,4,,,,6,10,5,6,15,4,3,,6,10,3,9,13,6,4,3,4,6,8,2,6,4,7,10,,9,10,7,5,5,7,12,10,6,,4,5,4,3,4,6,4,3,2,4,1,5,2,2,9,7,8,1,,4,,4,,4,1,6,,7,2,,,6,1,1,13,,8,6,7,,7,9,7,9,7,7,5,,5,12,,,,11,,,5,,4,7,6,7,6,8,6,4,4,4,,5,,,13,,12,8,9,4,4,8,3,7,,13,16,7,14,6,4,7,5,4,4,1,3,3,8,4,6,4,5,4,6,,5,3,7,,4,4,,6,5,,6,4,,5,4,,,4,4,,4,,7,8,9,9,7,10,,5,8,,8,6,,7,,6,6,7,,7,6,12,15,15,,8,7,6,5,3,4,4,3,6,8,6,9,7,4,3,6,5,6,6,7,10,17,3,2,6,5,6,6,3,5,4,3,7,,5,5,4,4,2,4,5,5,2,4,2,4,5,2,,7,9,6,,4,9,9,9,8,,10,17,7,,3,,3,4,6,3,8,5,4,,,,1,,1,,6,,3,,3,6,4,2,2,,5,,6,2,5,2,8,5,,4,6,7,5,7,1,,4,,,8,4,7,3,6,4,6,8,5,7,4,2,4,7,5,6,7,6,6,2,2,3,4,7,6,4,7,7,7,5,,12,7,17,16,4,4,7,3,,,,,2,3,,1,1,9,8,7,6,5,6,7,3,2,4,5,5,,4,3,,8,2,6,,6,4,,4,7,6,5,10,4,5,5,5,5,6,5,4,,6,5,3,16,19,7,6,9,3,,8,7,5,4,5,,,4,,,,,4,,,,,,,,,,,,,,,,5,,,,,,,,,,,,,,,,,,,,,,,,,,,,,,,,,,,,,,7,3,1,3,1,2,2,3,2,,,3,11,14,10,8,,9,5,8,3,4,8,6,,7,6,5,,,3,3,,9,7,3,,5,,12,11,,,,5,,,6,8,11,,,3,2,7,10,10,5,6,5,3,4,6,3,3,6,7,11,8,5,6,7,10,6,3,4,,7,7,7,,6,6,7,7,5,4,5,3,7,6,6,4,,,6,10,7,10,9,13,6,8,3,4,5,,3,2,2,4,1,,,8,2,2,2,5,3,,6,3,4,,6,4,7,,6,8,4,6,5,2,4,,4,3,4,9,4,4,4,3,,5,6,6,6,8,6,,4,,5,,,,3,5,7,14,2,3,,3,,12,7,5,8,8,6,6,2,6,4,6,9,5,5,7,4,1,2,2,2,2,,8,3,4,7,30,3,27,16,11,15,11,7,6,7,5,,5,5,12,17,22,,1,4,14,4,1,5,7,12,1,,3,1,,1,3,4,4,4,9,7,12,,4,2,6,,5,1,5,4,,4,3,4,,2,8,6,7,4,,6,6,4,8,9,5,3,,3,6,4,9,4,,9,6,7,4,4,5,6,6,6,8,4,4,,8,9,7,,6,7,,8,6,4,3,,6,4,6,9,10,6,6,5,8,6,6,3,5,5,5,5,4,4,2,2,4,4,4,5,1,4,6,6,9,12,9,8,5,5,6,5,2,10,9,8,7,5,7,5,7,5,7,5,26,10,7,14,13,7,6,6,6,9,6,7,3,7,11,7,7,5,8,6,,8,4,2,7,2,,5,8,6,3,6,7,4,6,9,3,1,3,1,3,10,,,,9,10,,10,5,6,7,8,5,,8,8,6,,,,,5,6,7,7,8,5,,4,,4,6,10,12,11,10,3,5,4,5,5,,,,,7,2,5,5,4,4,1,,2,7,7,6,7,2,8,8,4,10,4,6,4,6,,6,13,7,4,8,8,5,8,10,,9,6,,7,8,,6,7,4,,9,,6,,8,8,1,5,6,9,5,8,7,8,5,5,5,7,,23,8,,8,1,6,,7,4,11,5,5,,,5,5,7,8,,,16,1,4,,12,8,15,9,11,9,5,,6,,,6,5,4,6,5,4,4,6,5,,5,7,10,7,5,6,3,4,2,,,6,6,,5,,4,8,8,8,19,3,4,5,6,7,4,3,10,,5,2,8,1,5,2,2,,4,,6,9,3,5,6,6,8,6,5,4,5,10,5,3,,,2,4,5,6,,4,10,5,6,,6,4,,,4,2,6,5,8,6,2,4,5,5,5,6,5,6,7,,3,2,,5,3,10,6,4,16,3,3,4,3,3,6,3,2,4,6,2,18,4,2,2,6,4,,4,,6,7,6,,2,4,,2,3,5,3,4,4,,4,7,4,4,8,3,1,3,9,3,5,6,8,8,5,4,,,3,4,3,8,8,7,7,4,4,5,3,9,7,40,6,2,4,3,,4,5,5,9,8,4,6,6,8,5,7,5,6,3,5,6,3,6,6,14,10,11,3,7,6,7,7,6,2,5,4,5,9,13,7,4,5,6,2,6,6,7,6,1,6,5,6,9,3,2,7,7,,6,9,5,4,8,2,3,2,5,3,2,1,8,4,2,7,3,,8,11,6,6,7,5,8,6,8,7,13,12,2,,2,5,3,4,5,9,7,3,6,,2,4,4,3,7,,9,,5,8,5,5,6,5,5,5,8,6,10,11,5,2,1,4,5,4,3,5,4,5,3,3,10,10,4,1,6,8,4,4,5,5,6,6,4,5,2,5,3,4,1,5,6,10,5,7,5,8,6,4,4,4,8,3,4,6,7,3,2,5,4,4,3,8,3,2,6,6,3,3,4,1,6,3,4,1,5,8,4,7,6,9,8,9,8,4,3,4,1,7,5,2,7,3,3,9,3,4,6,6,4,2,5,11,,4,5,4,7,7,5,7,6,6,3,4,1,3,7,3,43,4,3,9,3,3,5,3,5,2,3,3,,8,6,6,9,6,7,8,6,6,4,5,2,,4,2,10,8,6,7,12,6,8,3,1,1,3,1,2,2,5,1,5,7,9,,,7,10,7,8,2,2,4,3,8,10,2,9,7,5,8,6,5,4,4,2,5,9,4,4,4,5,5,5,6,6,16,8,6,10,3,7,7,4,22,8,,7,3,4,1,6,6,3,4,5,8,4,7,1,3,7,2,4,6,3,3,6,2,4,,5,6,3,8,5,7,8,4,3,2,3,3,3,7,6,5,3,7,9,12,6,5,3,2,3,3,3,3,6,8,6,2,7,8,4,17,5,,7,3,6,7,12,10,4,8,4,7
20230729,19,SO2_24h,3,3,3,3,3,3,1,3,3,3,3,3,,,5,,2,4,5,,4,,4,4,,3,2,,2,2,3,3,3,1,5,,2,3,,2,3,4,2,5,,4,,2,3,2,8,4,6,9,,5,2,,2,3,9,7,7,9,8,5,2,2,,4,5,7,2,4,2,,5,4,3,4,7,,3,7,6,8,6,4,,6,6,,,8,7,6,7,5,10,21,,6,8,14,12,11,,10,4,4,7,4,7,5,4,6,4,6,4,4,4,6,3,5,4,4,3,3,8,5,6,4,7,7,5,6,3,4,5,8,4,8,6,3,4,,2,6,6,5,4,3,3,6,10,6,4,6,7,5,,6,7,7,6,8,6,6,8,5,4,4,4,,,,6,8,,6,7,4,,,,6,,3,5,8,5,10,5,8,5,6,,,,6,5,,3,3,6,6,6,,7,5,7,4,6,7,5,3,,5,,7,5,,6,4,,4,5,6,,6,4,6,5,2,4,7,,,3,4,4,5,6,5,4,,4,,,2,,7,3,,4,2,3,5,4,4,,2,3,4,5,2,4,4,3,5,4,4,3,5,5,8,8,7,8,2,,4,2,2,3,1,3,2,8,5,7,,5,4,10,,7,5,6,4,,4,7,5,6,6,,,5,7,8,6,5,5,1,1,3,2,1,1,3,2,3,6,8,7,5,6,5,5,,6,6,3,4,4,1,4,2,4,3,2,5,4,4,,5,5,9,7,6,6,5,8,4,5,6,4,4,7,,5,6,5,7,5,7,5,5,7,11,5,6,,6,5,9,6,6,7,11,5,6,3,4,,,9,7,7,4,5,5,6,4,9,16,8,10,5,6,7,5,5,8,6,8,,7,5,8,7,8,,5,5,4,7,7,5,6,,,6,9,5,4,8,,3,3,2,2,,,3,8,5,6,3,6,4,6,6,5,4,,10,8,8,4,7,7,7,13,8,11,10,10,7,5,3,6,6,6,2,5,,4,,4,7,,8,,5,7,,,,,5,,,,13,13,5,6,14,4,4,,6,10,3,10,13,6,4,4,4,6,7,1,6,4,7,17,,15,12,14,8,7,11,9,7,8,,5,5,4,2,4,6,3,3,2,5,2,5,2,2,8,7,8,1,,4,,4,2,4,1,6,,6,2,,,3,1,1,12,,9,6,6,,10,9,9,9,6,7,3,3,5,8,,,,10,,,5,,4,8,7,8,5,8,6,4,4,4,,9,,,17,,13,12,12,4,4,8,4,7,,13,10,6,9,9,4,7,7,4,11,1,4,2,8,4,6,4,5,4,6,,6,6,8,,4,4,,7,6,3,6,5,,11,4,,,4,5,,4,,8,9,10,10,8,10,,9,8,,9,8,,8,,9,6,8,,8,7,12,15,16,,7,6,4,5,3,4,4,7,5,7,5,5,7,4,4,6,5,6,6,11,14,12,3,2,5,5,6,6,4,6,5,3,7,,6,5,4,4,2,4,5,5,3,4,2,3,5,2,,6,8,6,,4,10,7,9,8,,10,11,7,,3,,3,4,5,3,8,6,4,,,,1,,2,,6,,3,,3,6,4,3,4,,6,,4,2,4,2,7,5,,8,7,8,6,7,2,,4,,,8,4,6,3,6,7,10,13,6,5,3,2,4,18,14,10,16,17,11,2,2,3,6,7,6,8,10,10,9,5,,15,7,18,8,5,5,6,3,,,,,1,2,,1,2,8,9,9,5,6,5,6,3,2,5,5,4,,4,3,,8,2,6,,6,4,,5,7,5,5,9,4,6,5,5,5,7,5,4,,20,27,4,18,27,8,11,9,3,,7,7,6,5,6,,,4,,,,,3,,,,,,,,,,,,,,,,5,,,,,,,,,,,,,,,,,,,,,,,,,,,,,,,,,,,,,,7,2,1,3,1,2,2,3,1,,,2,10,11,9,8,,8,7,8,6,5,7,9,,7,6,6,,,4,4,,15,14,3,,7,,16,20,,,5,5,,,4,4,14,,,3,3,7,10,10,5,6,3,3,6,7,4,3,6,10,8,10,5,6,11,8,5,2,4,,8,8,6,,7,5,6,6,4,3,6,3,8,6,8,5,,,6,9,7,9,10,13,6,9,5,5,6,13,6,3,3,4,1,,,9,8,4,2,5,3,,6,7,6,,6,5,6,,4,8,6,7,5,2,4,,4,4,5,8,3,4,4,4,,5,5,6,7,9,7,,5,,6,,,,2,6,8,8,3,4,,3,,9,7,5,6,6,8,6,2,10,4,7,10,5,4,7,3,2,3,4,4,2,,8,3,4,6,14,6,29,16,16,16,13,11,8,10,7,,3,6,7,4,5,,1,5,6,6,8,8,8,13,1,,3,3,7,2,4,4,5,4,4,8,8,,3,3,6,,6,2,5,4,,4,3,4,,1,8,6,7,4,,6,6,4,8,9,5,3,,4,6,4,6,5,,5,7,8,4,5,5,6,6,6,7,4,4,,7,9,6,,6,7,,10,5,5,2,,6,4,6,9,10,7,19,7,10,11,9,4,8,6,7,8,4,5,3,3,5,6,5,6,3,6,8,8,11,13,11,10,5,8,8,9,2,14,10,9,6,5,6,5,8,6,7,6,8,7,5,9,7,9,6,7,7,8,8,18,31,8,9,11,10,6,14,11,,16,4,3,7,3,,6,7,6,4,6,6,4,6,6,3,3,3,3,3,10,,,,7,8,,9,8,11,12,11,11,,7,8,6,,,,,5,5,6,6,7,2,,4,,4,6,10,11,9,13,3,5,8,5,5,,,,,4,2,4,4,26,5,2,,5,8,7,8,9,2,8,8,5,9,4,6,13,35,,10,15,6,5,7,9,5,8,15,,9,6,,7,7,,6,7,4,,8,,7,,8,8,2,6,9,8,5,7,7,8,5,5,5,8,,99,37,,6,5,7,,7,5,7,3,5,5,,5,5,7,7,,,7,5,4,,11,10,14,10,11,10,5,,5,,,6,5,4,6,6,4,4,5,5,,8,8,10,6,6,7,3,3,2,,,7,6,,5,,4,9,9,9,19,2,4,5,5,5,4,3,10,,6,2,8,2,4,2,2,,3,,6,8,3,4,7,8,10,8,4,6,6,9,5,3,,,2,4,6,6,,9,16,6,7,,5,4,,,2,3,6,4,7,6,2,4,5,5,5,6,6,7,9,,4,2,,6,4,9,6,5,16,4,7,15,3,4,5,3,2,4,17,3,23,4,2,2,6,4,8,5,8,7,8,6,,2,4,9,3,3,6,3,5,6,4,4,7,5,4,8,3,1,5,25,3,5,6,7,8,5,4,,,4,4,6,6,8,6,6,4,4,6,3,11,7,19,6,2,4,3,,5,9,7,14,42,5,7,6,7,6,7,5,7,2,5,6,3,6,8,18,13,11,2,7,7,7,7,6,2,4,4,6,6,8,8,4,6,6,3,6,7,7,14,2,7,6,8,6,8,2,6,8,,6,9,5,4,9,2,3,2,5,4,2,1,8,4,2,8,3,7,8,10,5,8,8,7,8,9,8,8,11,12,2,,3,6,6,4,6,10,8,4,5,,1,4,4,4,9,8,10,,6,7,5,7,7,7,5,5,11,30,8,10,6,2,1,4,5,4,4,5,6,4,4,3,19,14,4,2,5,6,4,4,5,5,6,6,2,5,2,7,4,6,2,6,6,9,5,8,5,8,6,4,5,6,9,3,6,7,7,2,2,5,4,5,5,8,4,3,6,6,2,3,4,2,6,3,3,1,9,8,4,18,7,11,7,9,8,5,3,2,2,6,5,5,7,3,4,9,3,4,7,6,5,2,6,7,,4,2,4,4,8,5,7,10,6,3,4,2,2,7,3,17,5,16,10,3,6,5,4,5,2,3,3,,8,5,7,8,6,6,8,5,5,5,4,1,6,4,2,12,9,6,7,13,6,9,2,2,1,3,3,3,3,5,6,5,7,9,4,8,7,10,7,9,2,4,4,3,8,12,1,7,7,5,8,7,5,4,3,3,6,9,5,5,6,4,7,7,9,6,23,10,7,10,3,7,8,7,19,14,,6,3,4,2,6,6,2,4,6,7,5,7,2,3,7,3,4,6,6,3,6,3,4,,5,6,2,8,6,7,8,5,3,2,3,3,3,8,8,4,4,15,10,8,5,4,4,2,3,3,3,3,8,6,5,3,7,6,5,11,6,4,4,5,6,7,10,12,4,7,6,11
20230729,19,NO2,7,4,9,11,21,14,27,,14,6,22,20,,,17,,25,29,21,,24,,30,8,,3,14,,5,8,13,4,10,18,7,,13,17,,17,14,14,16,36,,48,,4,1,10,3,6,3,5,,7,10,,16,16,11,17,11,13,7,7,11,13,,7,8,10,11,4,8,,1,6,8,8,18,,6,28,20,18,20,14,,8,13,,,8,10,16,16,10,16,12,,10,7,9,16,12,,8,17,19,5,8,7,9,12,8,23,8,21,12,12,12,15,6,,12,10,12,7,6,11,,8,15,13,11,12,,6,10,15,18,10,12,,,14,15,10,14,5,10,5,2,8,7,12,7,4,6,,3,2,7,4,3,6,19,20,17,18,16,5,,,,6,9,,8,4,8,,,,14,,10,15,8,10,15,8,10,7,13,,,,5,9,,12,10,,13,10,,9,8,12,9,8,12,3,5,,6,,9,11,,25,22,,18,24,19,,18,12,25,22,6,10,9,,,2,10,8,20,16,8,16,,12,,,15,,4,10,,7,10,12,14,6,10,,13,9,12,14,12,6,6,5,11,17,4,6,8,8,5,5,3,7,1,,12,10,12,9,11,17,4,16,15,13,,16,18,8,,19,19,28,21,,22,27,25,23,2,,,5,8,6,10,8,12,13,6,13,13,7,9,9,12,12,11,16,13,11,13,18,32,,17,12,,2,9,9,11,8,4,,2,2,34,27,,35,31,28,35,33,26,24,22,9,14,16,18,18,12,,6,15,8,35,11,4,13,5,24,23,26,16,,9,12,16,12,10,9,8,10,12,12,9,,,26,26,30,14,13,15,13,13,15,21,17,13,6,9,13,,4,16,12,25,,16,11,12,15,6,,16,15,5,9,37,7,10,,,11,28,10,16,23,,10,4,13,7,,,8,3,10,14,14,10,5,16,22,9,13,,10,13,21,21,23,21,,12,16,8,16,8,27,18,24,21,19,18,13,10,,15,,24,25,,16,,28,30,,,,,8,,,,12,14,28,28,45,38,19,,7,12,12,10,19,4,8,7,10,8,10,2,5,7,5,15,,13,11,10,24,20,18,21,14,10,,11,9,8,10,4,13,15,8,14,6,2,6,2,10,11,17,10,,,6,,7,4,6,3,5,,7,14,,,7,4,6,13,,3,7,6,,11,12,10,7,8,2,,2,2,17,,,,3,,,8,,5,6,4,4,12,2,2,5,5,12,,2,,,13,,9,6,10,10,12,19,15,10,,30,34,36,35,20,20,6,9,11,9,8,20,24,5,5,4,6,9,7,3,,2,20,13,,11,11,,14,6,14,9,2,,11,6,,,3,3,,15,,19,10,14,26,7,10,,5,4,,17,17,,16,,13,14,15,,11,7,29,21,17,,14,13,16,15,16,16,3,13,19,10,20,9,16,7,14,27,9,10,10,8,1,9,10,13,6,8,10,7,6,3,8,14,16,,10,6,9,8,7,7,8,20,10,19,13,10,12,8,,6,10,12,,5,9,13,8,2,,22,16,2,,13,,19,17,16,17,4,1,3,,,,4,,,,11,,2,,8,6,8,9,7,,2,,20,12,10,17,8,14,,8,11,6,7,6,1,,6,,,3,5,,18,10,5,7,12,10,5,3,5,4,12,12,16,11,12,15,4,4,6,5,6,11,22,14,12,13,14,,12,14,20,44,,19,3,7,,,,,5,14,,1,4,11,11,13,11,13,14,5,7,11,8,16,9,,10,18,,7,6,16,,23,23,,28,2,8,11,14,15,12,7,12,12,13,11,10,,,12,5,10,12,12,8,5,7,,6,2,33,20,4,,,20,,,,,5,,,,,,,,,,,,,,,,6,,,,,,,,,,,,,,,,,,,,,,,,,,,,,,,,,,,,,,6,6,3,16,8,4,5,4,2,,,7,18,24,20,17,,17,10,6,15,7,12,18,,20,22,14,,,12,15,,20,22,5,,6,,8,16,,,,12,,,11,10,10,,,22,9,6,10,11,6,5,11,12,10,6,8,17,12,15,22,20,18,21,17,6,6,11,10,,13,10,6,,6,2,6,8,11,6,9,12,13,21,18,11,,,4,18,12,11,5,12,12,16,26,15,15,,5,8,7,11,2,,,7,14,6,2,9,6,,3,2,3,,3,5,5,,7,6,5,5,3,12,9,,2,7,6,11,5,7,8,14,,9,8,11,7,10,9,,5,,8,,,,2,4,3,15,3,5,,5,,17,18,15,17,9,12,9,11,19,23,30,16,,7,14,6,10,15,12,3,8,,16,5,16,24,28,14,4,9,8,11,7,2,7,8,5,,3,7,9,22,29,,4,5,9,14,13,5,10,12,37,,8,16,,3,7,6,4,10,8,10,7,,15,17,11,,10,5,9,5,,4,1,12,,8,2,2,5,3,,8,2,6,4,6,12,8,,6,2,5,16,3,,11,9,6,6,4,3,15,13,9,13,10,6,,7,7,8,,8,8,,8,4,9,9,,2,4,6,21,19,6,7,8,7,13,7,5,7,10,7,7,5,6,4,2,3,50,5,11,9,9,5,15,18,7,11,3,11,3,3,6,3,11,4,6,5,3,11,11,24,14,12,17,41,24,22,15,13,13,15,12,9,10,5,5,9,11,7,15,13,4,8,12,,10,3,5,8,3,,5,6,5,10,8,13,11,14,12,6,7,8,8,4,6,,,,6,10,,8,29,12,12,20,10,,5,7,5,,,,,8,5,6,7,6,47,,5,,3,6,11,7,8,5,6,13,4,11,2,,,,,12,8,7,5,7,6,21,,4,7,4,16,10,10,22,21,13,12,10,10,21,25,,7,8,9,13,16,15,10,9,9,,6,10,,9,9,,3,5,8,,5,,,,2,3,6,4,5,5,6,8,8,9,3,4,3,12,,7,8,,8,8,7,,7,7,20,22,14,,,7,6,5,13,,,10,3,6,,6,11,5,7,10,5,16,,7,,,8,5,4,6,20,13,11,11,8,,12,5,6,4,1,2,6,12,12,,,12,8,,6,,11,1,2,10,27,6,7,24,6,27,23,7,17,,20,9,13,12,6,12,14,,8,,2,12,7,,11,4,11,3,3,8,9,6,9,6,,,11,3,19,26,,17,10,9,8,,9,11,,,16,8,12,3,8,8,7,6,7,10,7,20,12,9,19,,20,3,,25,11,9,6,4,10,13,2,7,10,20,9,9,17,4,15,4,18,8,5,12,11,11,8,13,,8,7,15,,6,15,,11,9,8,2,1,2,5,4,9,2,11,10,13,14,11,6,,8,2,28,12,8,9,,,13,9,7,12,8,3,5,15,12,10,9,6,10,29,8,6,6,6,,6,16,9,5,13,7,9,11,14,13,9,12,7,12,17,11,3,20,7,10,5,18,9,4,4,11,5,3,12,18,11,31,48,50,43,9,8,12,23,32,3,10,9,9,11,2,14,25,11,4,13,10,,10,14,10,5,9,3,2,7,16,12,7,11,5,6,9,8,12,,14,8,6,4,10,9,11,18,36,7,19,4,3,,2,11,4,4,21,9,3,3,3,,5,8,8,10,9,,8,,14,6,12,10,5,6,4,7,8,7,15,17,9,7,13,27,4,4,3,18,17,3,9,7,15,,2,8,10,12,9,9,13,4,7,2,14,2,10,4,5,20,8,20,11,3,21,10,6,7,13,8,7,5,8,7,4,4,14,2,26,8,5,14,8,17,3,6,15,10,7,7,8,6,6,10,8,6,,,1,6,10,13,3,10,14,9,5,8,5,19,8,6,8,15,5,8,7,6,10,5,14,6,2,12,,11,6,5,4,8,14,5,11,4,14,10,20,7,13,3,8,10,12,20,8,11,5,4,9,22,4,5,,10,6,13,6,12,15,15,8,14,16,7,26,,11,5,16,13,14,11,15,2,34,9,13,10,6,12,14,8,8,1,2,4,12,18,8,6,3,11,11,9,6,14,14,11,11,12,20,12,7,10,3,7,8,14,10,16,2,17,7,5,6,8,20,10,24,9,9,22,8,21,29,31,6,13,10,,6,5,10,15,13,7,7,5,8,14,9,6,7,8,8,8,24,13,14,20,22,27,18,,25,5,3,4,13,17,4,11,8,16,10,11,11,20,8,,23,11,18,11,3,15,10,14,3,8,8,14,15,10,6,1,6,11,13,14,9,9,8,2,3,5,14,2,4,5,12,12
20230729,19,NO2_24h,28,5,21,27,31,30,30,17,13,15,36,17,,,13,,17,17,20,,17,,21,7,,7,16,,11,13,15,8,13,14,13,,12,17,,16,12,11,18,24,,22,,4,2,9,11,14,12,13,,17,8,,13,14,9,25,20,20,24,9,17,21,,16,18,15,20,7,11,,6,7,9,13,24,,7,24,21,23,17,27,,21,26,,,24,25,28,23,16,26,18,,17,13,14,17,16,,11,14,13,9,9,9,11,14,10,14,13,16,12,9,10,11,6,2,11,10,11,8,10,7,8,11,15,17,15,16,5,10,15,9,9,8,9,2,,8,13,7,13,5,10,5,4,6,6,11,7,5,4,,2,2,5,2,2,4,10,11,6,9,7,5,,,,6,7,,7,5,7,,,,12,,8,13,5,8,12,8,8,7,12,,,,4,6,,15,13,12,8,6,,5,7,8,6,5,5,2,3,,4,,5,7,,12,10,,12,12,14,,11,7,15,13,5,9,7,,,2,7,6,11,8,4,9,,12,,,9,,2,8,,4,4,7,7,3,5,,14,15,11,11,10,8,5,4,13,12,6,8,7,11,6,12,6,10,2,,8,8,7,5,8,7,6,12,15,12,,7,9,5,,13,20,27,22,,23,27,26,25,3,,,6,9,9,8,7,9,13,6,10,12,7,8,7,9,13,16,21,18,18,18,20,20,,18,13,10,6,16,12,12,12,7,11,9,3,40,19,,28,32,24,26,31,26,23,16,15,16,15,18,22,23,,9,7,12,27,13,12,8,5,13,17,20,15,,11,27,26,11,9,7,6,9,10,11,8,,,19,17,22,18,14,12,14,18,22,23,19,22,23,24,43,22,23,19,31,36,,16,20,16,15,6,,23,36,18,15,33,16,14,,,36,30,29,19,25,,10,25,30,22,,,20,5,14,24,13,14,12,20,18,18,14,,14,12,13,18,14,16,8,16,18,10,14,13,19,13,22,11,14,14,10,8,,20,,16,18,,26,,23,28,,,,,10,,,,16,22,18,23,30,24,10,,14,12,8,12,15,9,8,14,9,8,11,4,5,13,5,29,,21,29,23,21,23,18,18,20,30,,11,10,12,6,4,8,6,10,15,7,2,8,3,10,6,9,5,,,10,,6,2,4,3,6,,7,11,,,8,9,7,19,,13,13,10,,13,10,9,9,7,3,2,2,2,7,,,,5,,,9,,6,6,4,4,12,2,3,6,6,8,,4,,,11,,7,10,12,10,11,11,12,7,,15,17,17,14,18,12,10,11,11,15,12,13,14,6,6,5,15,12,12,12,,11,12,9,,9,10,,9,7,13,7,6,,19,10,,,4,12,,23,,24,22,18,27,7,10,,5,4,,20,22,,22,,14,15,13,,13,10,21,17,10,,7,8,9,13,13,8,3,19,16,10,16,6,17,10,16,24,9,8,13,10,5,9,12,13,8,8,10,7,8,2,10,10,12,,9,9,10,8,8,9,8,16,8,10,8,11,10,8,,5,7,9,,4,11,14,11,4,,15,12,2,,8,,9,11,13,10,4,2,3,,,,5,,7,,10,,3,,10,7,9,14,18,,8,,20,20,14,13,8,14,,8,14,8,12,10,4,,6,,,2,8,8,9,4,7,13,14,14,8,4,5,7,10,17,18,16,16,13,7,8,6,15,13,12,16,17,16,19,16,,17,14,27,29,15,12,5,7,,,,,4,10,,7,4,13,10,13,14,10,14,9,15,15,11,16,11,,11,15,,10,6,17,,14,16,,18,5,7,17,13,11,10,8,10,14,16,13,12,,16,18,18,8,10,13,12,3,5,,7,3,17,11,4,,,26,,,,,6,,,,,,,,,,,,,,,,5,,,,,,,,,,,,,,,,,,,,,,,,,,,,,,,,,,,,,,9,5,6,9,5,5,4,5,2,,,4,17,18,18,15,,16,19,19,19,16,25,16,,14,18,15,,,16,20,,22,26,24,,21,,10,14,,,13,11,,,9,7,18,,,11,8,5,8,13,7,5,11,11,10,7,7,6,7,9,14,16,20,17,20,8,8,13,13,,14,15,6,,4,3,8,11,7,6,10,7,13,17,10,12,,,5,13,11,15,8,11,6,8,10,13,12,2,7,8,7,11,4,,,10,15,10,2,11,9,,4,7,7,,7,7,10,,8,8,9,9,6,6,4,,8,8,8,13,8,7,9,9,,9,4,4,4,13,9,,8,,10,,,,2,6,5,5,4,5,,5,,15,16,13,6,3,6,4,4,11,14,10,8,,4,8,3,8,11,8,6,7,,8,4,7,10,10,7,4,7,10,8,10,6,9,12,9,,3,4,4,5,6,,7,4,9,10,9,7,9,12,29,,9,14,8,3,3,3,3,5,7,8,4,,14,10,8,,9,5,10,7,,6,4,7,,6,4,3,6,5,,7,2,6,4,7,9,6,,7,4,6,10,7,,14,15,5,5,4,4,12,10,10,10,10,6,,7,9,10,,4,5,,6,4,5,6,,3,5,5,11,12,8,9,11,9,12,9,5,6,7,8,7,4,6,6,3,4,34,10,15,13,18,6,10,10,10,13,3,8,5,4,8,4,14,10,9,5,4,8,9,30,11,21,21,19,11,11,13,12,22,17,13,13,12,9,10,16,14,13,15,14,9,14,15,,11,8,11,7,9,,6,5,14,13,15,12,11,12,16,12,17,19,14,5,26,,,,11,13,,12,17,23,22,27,23,,11,9,9,,,,,10,7,8,10,10,14,,9,,13,6,11,10,12,14,5,11,14,15,8,,,,,12,7,6,5,15,16,15,,5,8,6,11,12,7,14,16,14,12,11,11,19,19,,9,10,11,13,12,11,9,9,10,,11,10,,9,10,,7,8,12,,8,,9,,3,5,10,12,13,10,18,13,13,12,2,7,4,9,,12,13,,10,11,15,,8,8,19,19,16,18,,5,4,12,21,,,18,15,31,,11,9,12,11,6,6,17,,8,,,12,9,5,6,21,19,21,24,8,,13,9,10,8,7,11,13,14,10,,,17,13,,18,,10,9,8,11,20,5,7,19,7,15,12,10,13,,29,7,12,13,7,10,10,,10,,4,10,19,13,21,23,14,11,6,14,15,10,6,10,,,19,2,12,13,,21,16,18,5,,6,10,,,11,8,11,2,9,7,4,6,6,10,7,32,16,12,24,,15,6,,19,12,10,9,6,22,11,4,9,12,19,7,5,16,5,33,3,17,7,5,12,19,12,6,8,8,7,8,12,,5,11,34,5,8,26,3,4,5,5,5,24,6,10,13,13,14,10,19,6,10,2,21,11,12,16,,,16,7,10,14,6,4,6,13,10,13,8,9,12,24,7,6,7,5,,5,23,18,12,18,13,22,8,8,7,7,10,5,6,10,7,11,25,20,11,22,17,10,5,2,8,3,1,12,8,10,25,38,30,22,23,17,12,21,29,8,10,15,12,9,17,15,17,10,5,16,16,,15,8,10,6,11,3,3,4,12,9,6,6,7,9,6,8,13,9,17,13,13,7,16,14,12,19,21,9,23,17,16,,13,10,14,4,23,11,6,4,4,,2,8,11,13,14,19,13,,13,29,8,12,5,7,3,16,8,12,11,15,14,5,6,14,6,5,5,12,10,2,11,7,46,24,4,6,10,7,6,13,12,4,7,2,5,2,6,2,6,20,8,22,12,6,19,8,7,7,18,9,13,10,8,13,12,7,11,14,11,9,14,11,20,17,4,8,9,9,10,10,7,5,6,10,9,7,13,8,6,13,8,12,5,17,16,11,12,21,12,15,13,8,13,12,4,7,8,8,11,4,13,6,3,11,,11,9,9,5,11,21,8,12,4,17,6,12,6,5,5,13,12,12,12,8,10,4,7,13,12,4,5,,8,5,19,4,9,15,21,20,14,11,8,14,3,7,3,24,15,12,11,17,2,36,12,16,17,11,18,19,18,9,4,9,15,18,25,18,20,17,21,24,9,6,16,12,10,10,5,19,16,8,12,6,12,12,14,11,14,2,16,9,9,9,12,19,13,19,11,5,26,8,18,19,23,15,24,30,,4,4,7,8,14,10,7,7,9,22,14,7,13,8,12,16,13,19,13,8,15,15,16,,11,6,3,10,17,20,4,16,11,18,15,9,28,24,9,10,24,23,21,7,4,8,20,14,10,5,18,16,31,26,5,2,8,11,15,13,9,6,11,7,4,8,14,6,4,6,14,16
20230729,19,O3,35,32,36,39,31,48,32,,42,47,34,38,,,23,,20,16,26,,18,,24,45,,49,52,,45,55,53,41,40,56,62,,66,51,,51,50,62,38,32,,28,,41,49,44,42,58,52,59,,68,117,,111,108,116,44,55,52,64,40,39,38,,40,40,39,38,55,54,,44,46,45,44,82,,79,64,66,80,69,90,,141,148,,,154,149,132,129,44,43,38,,43,43,44,42,44,,49,37,41,36,33,46,45,44,31,26,36,76,85,86,90,92,81,,78,77,83,97,86,96,,92,91,93,98,89,83,94,96,18,20,24,27,25,,24,24,22,24,64,72,78,70,69,70,61,73,74,27,,28,30,29,28,25,27,19,19,21,14,22,39,,,,72,77,,83,82,82,,,,54,,35,33,24,37,29,29,31,35,37,,,,45,41,,51,55,59,45,43,,43,63,58,65,56,60,42,43,,45,,76,77,,23,38,,28,32,36,,32,33,27,43,29,24,31,,,31,25,28,38,42,49,27,,40,,,40,,35,31,,39,32,31,18,23,20,,63,59,58,59,58,60,58,52,41,35,51,55,45,51,43,50,48,49,,,46,51,48,45,,27,37,35,42,44,,38,32,52,,39,27,23,30,,22,30,6,31,26,,,37,42,31,40,42,31,47,48,50,49,42,42,46,38,53,65,56,66,64,67,51,38,,52,52,85,94,101,82,110,90,90,120,113,73,71,74,,64,75,94,170,74,159,75,172,57,68,48,55,68,80,,68,52,70,43,72,69,77,65,84,94,80,90,,107,116,118,75,85,70,76,87,90,75,99,,,81,69,70,83,86,85,70,70,96,88,98,96,98,97,97,95,91,105,83,84,,60,67,66,59,97,,114,145,102,143,165,153,110,,,146,111,135,90,98,,124,141,151,128,,,162,144,73,100,91,90,88,92,78,104,92,,98,124,93,97,103,106,109,105,87,108,96,106,76,45,38,61,50,91,89,73,,89,,53,42,,187,,182,168,,,,,119,,,,128,121,68,64,77,66,80,,108,110,129,111,107,114,124,107,118,118,127,85,90,105,73,159,,161,162,166,154,160,168,155,145,167,,33,24,33,24,23,17,14,34,33,43,30,30,32,24,46,42,48,,,37,,20,30,37,26,52,,51,40,,,41,47,45,34,,43,28,35,,62,76,61,71,62,20,32,28,31,,,,,30,,,,,44,32,44,33,30,36,40,33,33,24,,32,,,106,,134,77,101,51,58,46,55,59,,80,69,79,78,80,84,126,109,111,115,63,44,41,77,76,70,79,70,77,72,,76,133,119,,50,52,,57,64,60,57,49,,51,84,,,58,52,,100,,108,115,106,100,51,50,,49,49,,87,87,,85,,45,43,48,,49,58,97,103,117,,24,23,27,22,24,22,102,42,29,36,25,34,43,36,15,6,27,26,22,26,32,28,26,28,60,54,50,57,54,52,56,56,52,,61,40,35,32,35,38,92,64,74,63,67,69,75,67,,86,85,84,,87,48,50,55,58,,43,42,62,,53,,50,49,62,55,60,45,53,,,,47,,45,,46,,51,,48,44,47,79,80,,84,,,87,,86,84,82,,69,66,64,49,79,64,,103,,,90,55,56,37,31,96,83,76,89,62,79,76,70,163,143,148,152,143,165,69,74,115,114,126,112,88,80,88,86,86,,94,88,90,94,56,84,86,87,,,,,181,183,,196,83,92,100,92,88,96,79,93,94,93,80,104,106,,99,93,,97,97,84,,68,70,,76,79,99,110,107,101,109,112,112,76,96,97,88,,137,141,152,109,125,122,128,125,119,,130,120,70,95,124,,,26,,,,,46,,,,,,,,,,,,,,,,38,,,,,,,,,,,,,,,,,,,,,,,,,,,,,,,,,,,,,,104,51,50,51,55,55,52,54,48,,,,49,42,45,50,,41,108,125,112,118,114,65,,64,66,90,,,80,71,,78,78,85,,88,,128,123,,,,86,,,170,172,132,,,54,67,130,133,135,132,136,37,28,43,40,42,20,21,28,20,46,55,46,45,47,51,50,45,,63,67,75,,25,24,16,19,88,96,84,85,15,21,10,58,,,65,46,64,60,62,70,63,55,71,55,58,,100,98,99,94,143,,,85,66,76,85,91,86,,61,73,70,,70,72,65,,51,54,51,49,29,50,60,,44,45,43,42,,39,43,38,,45,46,42,36,83,90,,49,,49,,,,43,43,42,29,44,45,,38,,34,40,50,39,37,49,46,,44,46,37,,,42,31,42,,57,56,55,,,37,44,26,23,26,34,69,97,102,92,96,44,45,50,50,,33,31,37,30,21,,68,70,80,74,53,52,56,52,40,,45,47,,16,46,36,31,40,43,59,44,,54,42,51,,44,53,48,61,,64,61,46,,50,54,58,52,55,,64,70,68,70,50,41,45,,57,53,54,20,34,,43,38,47,49,41,52,65,67,70,66,61,37,,92,89,91,,50,53,,38,38,42,43,,62,64,58,58,41,104,116,112,110,111,113,58,106,99,96,101,81,104,106,101,104,97,103,104,92,103,109,114,99,115,111,67,71,85,78,75,46,116,111,106,123,23,58,81,130,121,150,131,54,71,77,117,113,94,140,169,147,147,99,97,102,91,84,78,79,80,78,81,,112,107,101,94,88,,94,96,100,110,106,125,126,119,123,92,98,104,95,20,124,,,,106,105,,102,71,76,79,69,77,,139,133,119,,,,,111,146,145,130,147,46,,99,,94,86,100,99,94,106,48,67,72,66,74,,,,,106,110,60,65,85,89,58,,70,56,47,78,90,64,52,58,49,62,48,49,61,56,,65,69,70,68,40,33,74,64,32,,56,43,,63,73,,108,103,85,,105,,91,,48,48,89,100,106,100,133,126,131,130,85,87,84,49,,144,144,,82,83,137,,146,148,74,82,150,,,75,77,150,136,,,154,160,152,,157,152,130,112,90,131,104,,108,,,98,96,95,90,94,91,120,119,59,,95,133,126,113,112,120,115,117,119,,,139,112,,112,,106,126,127,95,83,40,45,75,65,32,19,47,71,,71,54,51,61,31,38,38,,49,,29,51,168,45,88,85,148,112,60,40,47,108,35,95,,,36,52,33,16,,122,132,125,37,,82,43,,,31,42,40,41,78,82,30,36,39,44,81,127,101,124,91,,23,64,,139,58,104,104,116,127,67,37,70,80,44,36,22,42,53,170,33,64,32,88,30,86,55,48,74,,72,71,94,,121,55,158,48,138,122,94,100,99,57,46,125,26,57,69,51,85,54,140,49,44,28,90,57,91,94,,,205,70,56,47,81,89,89,54,46,136,50,45,,76,32,45,59,32,,76,198,180,191,159,103,145,23,22,20,26,27,25,30,18,23,51,100,164,131,132,123,60,84,30,28,30,43,53,36,140,174,100,75,58,88,80,26,56,70,78,88,94,77,66,76,158,73,56,107,40,34,,33,75,58,68,91,54,36,36,47,47,48,,53,45,49,81,75,,57,76,103,106,68,95,95,150,99,66,92,91,150,,155,92,105,37,28,71,38,29,28,,32,52,53,54,88,,108,,19,151,65,67,39,106,77,78,162,77,98,141,82,30,42,19,45,40,52,40,39,29,11,41,165,125,76,69,83,26,77,68,31,47,52,30,22,41,44,39,106,93,99,83,98,120,178,60,68,131,56,76,70,120,106,77,67,78,152,49,33,51,54,31,38,62,65,44,75,62,45,46,51,45,54,59,55,52,47,55,49,88,72,86,52,87,73,70,159,153,148,69,126,141,28,28,29,53,41,39,37,42,33,35,36,63,,39,42,44,39,122,117,93,112,100,99,30,29,55,38,54,77,92,107,77,117,82,59,80,50,52,63,64,,29,58,101,85,80,64,95,110,114,48,58,30,,32,42,112,113,115,55,44,54,97,68,58,54,59,41,53,58,48,47,57,61,53,49,61,63,68,60,58,56,41,39,43,53,50,37,79,98,100,84,29,96,91,105,93,105,122,110,102,105,89,91,64,48,42,132,93,41,72,109,63,72,64,199,180,,91,64,60,57,59,96,184,41,34,26,32,40,55,104,100,104,76,103,33,22,31,17,52,,51,54,37,114,75,90,53,82,32,27,32,50,41,106,32,40,19,164,58,54,59,33,61,55,47,37,37,25,143,147,138,71,49,71,56,63,55,28,80,69,86,86,92,40,29,31,28,162
20230729,19,O3_24h,72,119,92,47,85,88,85,45,102,113,91,85,,,135,,98,111,119,,81,,53,74,,63,109,,128,134,122,128,125,133,147,,84,77,,72,68,68,57,56,,74,,119,134,128,122,111,106,133,,137,150,,147,150,154,108,123,116,122,117,125,100,,124,116,103,101,116,111,,148,154,149,156,118,,122,112,100,115,100,112,,147,152,,,154,149,146,147,65,63,58,,76,58,70,62,68,,73,48,51,42,39,49,53,55,50,47,38,90,96,95,96,101,88,59,80,85,99,130,105,106,62,106,112,110,110,107,101,107,112,37,34,35,40,28,,43,30,30,27,76,83,92,81,81,84,69,81,85,54,,60,63,62,60,56,56,33,34,37,28,36,46,,,,75,79,,87,90,92,,,,83,,65,61,53,68,60,59,61,63,68,,,,76,71,,87,84,81,75,70,,74,71,68,74,68,72,50,52,,51,,80,81,,66,63,,74,73,73,,78,67,72,68,44,44,42,,,52,42,48,61,64,62,52,,54,,,74,,61,58,,55,49,47,22,28,24,,87,81,74,81,77,79,80,76,63,49,63,60,60,60,55,63,63,65,,,68,68,70,69,,49,38,68,77,72,,72,73,73,,86,34,40,36,,48,48,37,59,28,,,40,44,40,49,43,36,100,99,100,116,99,92,103,89,128,89,74,92,95,96,66,90,,68,67,100,101,108,107,122,99,100,120,117,90,163,174,,157,200,148,212,168,180,170,190,114,118,124,115,79,96,,144,140,95,121,121,116,149,112,171,148,142,124,,130,187,192,147,146,141,128,124,133,132,142,,,146,134,152,103,109,114,103,126,144,140,158,139,155,160,160,129,122,188,120,160,,108,107,127,108,108,,128,160,118,159,225,167,149,,,165,142,173,144,152,,175,190,166,170,,,203,144,98,126,103,118,98,106,122,131,109,,98,124,104,97,103,106,130,127,120,127,113,121,111,86,85,100,74,118,114,103,,92,,98,86,,195,,201,194,,,,,137,,,,173,162,102,99,97,97,92,,108,118,143,115,120,120,132,113,125,125,130,137,102,111,88,179,,170,181,174,163,164,168,171,165,167,,47,43,46,71,56,54,59,52,46,60,57,58,63,54,75,70,74,,,43,,52,45,51,41,115,,117,71,,,62,66,63,42,,44,34,38,,67,76,70,71,65,27,39,35,34,25,,,,42,,,59,,56,44,50,44,33,38,42,33,38,28,,51,,,129,,137,154,137,143,159,146,152,157,,123,115,123,121,124,115,164,137,134,136,75,79,78,196,198,174,108,94,106,90,,103,213,197,,105,110,,103,105,106,103,96,,126,84,,,68,67,,120,,133,130,132,125,119,119,,119,116,,96,100,,92,,156,150,162,,155,159,148,145,154,,65,56,63,58,51,61,108,77,83,91,75,95,74,54,26,23,43,44,42,52,55,56,51,54,105,109,95,112,101,101,90,86,94,,97,99,88,84,84,83,113,103,105,98,102,73,76,73,,93,91,93,,92,75,81,84,69,,81,87,73,,87,,102,99,96,91,103,131,139,,,,68,,74,,102,,108,,69,71,81,96,97,,101,,117,115,72,120,86,86,,104,95,108,92,94,115,,110,,,103,79,77,74,77,110,117,106,111,85,135,105,110,163,151,173,160,156,178,76,79,126,119,126,124,129,117,120,114,119,,100,97,96,122,84,103,101,96,,,,,181,183,,196,91,104,122,106,95,118,87,98,104,112,94,126,114,,127,126,,97,102,137,,120,126,,119,83,119,110,108,101,117,112,112,124,154,148,140,,149,147,160,146,155,126,135,126,128,,131,123,129,123,135,,,43,,,,,46,,,,,,,,,,,,,,,,38,,,,,,,,,,,,,,,,,,,,,,,,,,,,,,,,,,,,,,117,76,63,68,76,62,63,66,62,,,,105,100,95,100,,88,127,150,135,137,135,147,,138,130,133,,,105,105,,102,98,123,,121,,139,146,,,97,91,,,180,180,158,,,88,89,144,153,150,146,148,82,76,114,94,197,56,56,60,56,71,70,68,66,115,124,112,107,,93,89,96,,42,40,32,40,100,98,123,112,38,41,39,94,,,110,81,82,81,80,92,90,85,110,95,103,102,100,98,99,94,143,,,122,100,100,116,100,93,,87,74,70,,74,72,70,,56,62,64,60,39,59,70,,46,53,54,48,51,47,54,55,,63,54,52,59,86,93,,60,,61,,,,51,48,48,46,62,63,,44,,50,52,62,80,79,77,73,,72,72,76,,,68,68,70,,82,77,75,,,58,73,56,53,53,57,85,101,107,96,105,47,54,58,60,,50,77,76,71,62,,91,93,104,107,87,90,92,91,68,,65,72,41,66,62,50,49,50,43,59,53,,129,114,123,,99,109,100,67,,72,68,64,,68,69,74,70,72,,84,96,86,85,64,58,60,,74,74,71,68,70,,83,66,66,73,78,86,101,103,98,96,109,80,,92,93,93,,72,75,,89,66,52,89,,91,94,86,90,79,111,123,132,135,123,126,93,106,106,96,101,95,107,106,106,107,102,115,113,114,110,123,126,121,124,122,93,104,118,100,95,78,116,111,106,123,60,96,99,171,167,182,163,137,137,144,151,146,134,171,169,151,155,132,140,144,146,148,120,118,89,113,123,,178,122,109,100,88,,96,108,123,126,113,129,126,122,123,120,122,132,128,20,159,,,,112,109,,105,125,133,137,132,114,,147,140,130,,,,,113,146,145,130,147,99,,117,,94,116,130,106,102,109,86,82,81,72,78,,,,,133,136,73,74,104,103,97,,82,65,66,93,102,75,75,81,85,80,57,59,89,86,,82,93,91,94,93,89,88,74,57,,66,60,,83,90,,110,104,104,,107,,91,,50,50,95,106,112,104,158,140,147,140,95,111,98,80,,165,166,,117,118,159,,152,153,89,93,161,106,,84,87,153,143,,,168,176,161,,157,154,130,119,99,141,129,,132,,,117,100,112,102,116,111,159,131,94,,107,133,127,135,138,146,140,144,119,,,147,118,,112,,109,126,128,97,98,60,111,178,72,64,124,127,145,,118,112,88,84,48,66,73,,58,,40,67,191,64,89,85,161,128,66,67,76,108,66,96,,,114,56,59,128,,172,179,162,82,,85,74,,,42,76,74,47,83,85,37,37,45,73,88,154,128,153,109,,126,71,,214,112,109,110,130,148,95,62,85,97,71,78,71,97,110,173,38,138,40,91,38,92,125,80,109,48,101,94,100,,152,67,197,69,144,147,103,108,107,142,75,144,65,75,108,88,125,108,147,69,55,39,97,78,96,98,,,243,78,114,77,83,90,89,86,66,159,74,51,74,114,59,72,69,47,,99,211,198,196,180,120,156,33,37,38,48,44,43,56,35,34,115,122,168,149,149,160,81,92,56,60,38,53,87,63,156,196,176,170,162,126,126,116,104,97,110,129,138,111,81,104,212,140,98,117,104,134,,108,82,71,71,94,66,47,46,113,106,63,105,65,94,92,105,106,52,81,99,103,106,92,95,96,150,147,94,118,118,182,,158,101,140,40,36,71,61,33,39,,52,116,114,62,95,56,117,,40,165,107,99,85,145,92,105,174,137,158,164,142,58,67,59,49,50,56,73,80,40,93,99,165,158,87,86,92,60,77,76,62,76,83,60,36,48,71,49,114,113,115,101,100,122,202,170,93,156,117,139,129,139,184,180,89,136,206,130,74,110,95,126,126,88,71,55,84,69,54,52,52,119,82,118,111,103,103,72,67,88,107,89,74,87,98,98,159,167,174,99,130,141,43,36,44,54,54,57,49,51,45,37,39,124,,67,58,63,74,140,121,105,134,109,131,65,57,70,61,62,108,141,131,107,163,112,75,94,83,82,78,80,,45,73,139,89,89,110,99,110,114,76,82,73,52,65,57,142,153,125,116,116,132,130,151,129,132,68,80,75,60,130,134,124,121,92,115,128,130,140,126,120,102,117,62,94,98,125,60,107,112,100,90,30,140,143,134,148,116,132,113,118,114,94,92,99,152,92,142,118,90,177,157,132,147,111,199,180,,97,68,97,98,81,99,184,45,36,39,38,59,64,125,120,148,118,134,69,89,82,53,82,,88,82,38,148,104,94,98,113,82,68,92,81,91,134,65,52,33,177,82,57,108,88,65,69,106,96,71,89,166,152,139,79,125,130,88,121,87,47,104,71,95,108,122,60,48,45,45,168
20230729,19,O3_8h,40,78,37,39,36,58,55,,69,75,50,60,,,41,,37,44,38,,37,,27,43,,42,63,,55,59,59,50,46,63,65,,39,34,,34,34,55,36,41,,53,,36,43,40,48,66,61,70,,76,134,,127,130,138,73,88,81,90,78,59,50,,56,54,52,50,59,60,,45,46,44,45,98,,90,87,84,97,90,97,,142,148,,,148,144,141,138,49,55,49,,54,53,58,52,59,,66,35,37,28,30,38,38,34,32,33,33,76,82,81,82,86,72,,67,72,85,117,95,90,,99,103,102,103,100,92,99,106,27,26,26,32,25,,30,25,23,23,62,69,77,67,68,70,59,69,72,43,,46,48,46,47,40,42,30,30,33,24,33,42,,,,63,67,,75,71,72,,,,72,,54,50,41,56,48,47,49,52,55,,,,63,59,,72,71,70,64,59,,62,59,55,60,56,60,45,48,,48,,69,70,,52,56,,54,60,59,,60,54,56,56,32,27,32,,,38,30,32,50,54,55,38,,46,,,58,,50,46,,48,43,40,19,25,21,,75,67,66,71,66,67,66,61,50,43,57,56,52,55,49,56,54,55,,,59,59,60,54,,28,30,48,56,52,,52,52,51,,58,25,30,31,,33,34,22,35,25,,,34,40,32,42,40,34,39,41,43,42,38,37,39,32,47,73,59,74,72,79,56,60,,54,57,83,91,90,90,102,89,88,104,103,81,129,136,,111,131,97,180,132,144,120,152,37,49,39,44,43,61,,67,60,58,36,76,74,73,80,124,123,114,97,,105,154,161,89,96,77,86,108,110,104,118,,,113,97,91,89,94,98,67,64,129,123,129,115,128,131,130,112,106,150,104,122,,88,90,99,88,95,,117,139,107,142,168,144,127,,,142,123,139,122,120,,149,166,151,154,,,181,120,77,103,83,96,90,93,96,107,95,,84,106,92,92,97,95,117,114,104,116,103,106,92,59,58,79,60,94,86,86,,73,,74,66,,188,,181,174,,,,,127,,,,149,143,66,64,69,64,71,,84,103,116,103,106,104,106,96,101,105,107,91,85,98,74,169,,164,170,168,159,150,160,155,152,154,,39,32,39,26,24,21,17,42,41,49,32,36,36,32,53,52,62,,,38,,40,38,43,34,62,,61,54,,,48,52,51,36,,34,27,34,,58,65,59,58,60,23,30,29,31,20,,,,38,,,51,,51,36,44,36,30,34,39,30,34,25,,42,,,106,,111,114,122,61,70,61,72,72,,101,96,100,102,98,101,136,117,109,118,61,64,59,75,68,64,90,81,88,82,,84,170,150,,80,83,,81,84,84,81,80,,86,77,,,57,55,,110,,121,122,120,112,67,66,,63,62,,88,93,,88,,71,70,77,,77,80,134,133,143,,46,41,47,43,41,42,101,60,58,58,54,57,55,46,22,15,37,36,33,39,36,38,40,43,62,56,54,59,56,48,69,70,66,,70,59,57,52,52,54,102,87,94,84,90,66,72,69,,75,73,76,,76,60,66,67,55,,62,60,64,,46,,48,45,54,51,53,37,46,,,,47,,43,,43,,50,,51,50,48,79,82,,84,,96,98,,95,79,79,,72,68,73,65,70,78,,105,,,94,73,72,66,58,102,104,97,95,70,82,86,81,140,135,144,146,136,140,69,77,107,105,120,108,117,100,109,99,104,,67,74,68,90,74,94,92,91,,,,,138,147,,157,85,99,111,98,89,109,79,86,90,92,82,110,104,,97,93,,85,94,113,,100,105,,99,74,95,94,98,91,95,99,95,107,129,130,120,,136,139,148,134,143,123,130,119,118,,125,111,113,114,130,,,32,,,,,42,,,,,,,,,,,,,,,,36,,,,,,,,,,,,,,,,,,,,,,,,,,,,,,,,,,,,,,89,56,55,54,60,57,55,57,53,,,,68,63,63,69,,60,116,131,122,126,122,102,,100,100,108,,,92,82,,87,87,101,,104,,132,133,,,,88,,,157,158,143,,,75,79,136,142,137,134,136,63,55,83,68,93,40,40,43,43,60,62,55,57,60,65,65,58,,75,74,64,,31,28,25,30,94,91,104,103,30,32,28,78,,,93,62,69,67,66,85,81,74,97,76,84,97,85,88,84,80,117,,,107,68,76,88,94,86,,62,67,66,,67,67,65,,52,57,57,53,34,54,63,,41,48,45,41,51,43,45,45,,50,51,49,50,76,84,,51,,52,,,,42,43,42,35,50,51,,41,,39,44,56,61,62,63,61,,58,58,58,,,58,55,56,,66,68,67,,,46,59,43,42,41,46,68,90,94,87,92,43,46,52,51,,36,51,53,49,46,,82,84,93,93,67,68,70,68,54,,54,60,,47,56,45,44,47,35,48,44,,43,42,45,,34,41,36,47,,51,48,55,,60,62,66,61,63,,60,64,62,64,55,49,50,,64,61,61,44,52,,54,50,56,63,63,74,83,84,82,80,72,56,,78,82,81,,60,62,,63,52,46,64,,51,51,50,70,60,104,115,117,120,116,114,83,96,95,89,96,86,98,96,99,99,95,110,109,109,105,115,120,113,116,118,86,89,99,90,86,66,98,94,87,100,45,77,85,144,140,152,134,89,106,102,114,113,99,136,138,132,134,114,112,115,120,123,95,96,76,93,97,,150,114,102,88,80,,87,97,108,116,106,119,116,109,115,96,113,120,111,19,133,,,,105,104,,100,90,90,92,87,86,,123,115,106,,,,,107,137,135,124,138,80,,104,,77,100,106,96,90,98,76,76,70,68,75,,,,,105,112,66,69,94,96,76,,74,55,54,88,96,71,63,68,67,72,52,54,78,75,,75,86,82,84,63,58,82,67,42,,56,48,,70,78,,101,94,96,,100,,86,,46,46,77,88,89,89,144,133,138,135,81,99,89,55,,145,150,,105,100,148,,147,148,83,84,150,,,76,79,143,133,,,154,162,153,,154,147,125,114,88,136,118,,120,,,108,95,98,94,92,84,125,124,77,,78,128,120,116,110,118,110,110,114,,,132,104,,94,,105,112,115,63,71,36,59,134,51,41,48,54,104,,94,62,73,72,33,54,56,,52,,36,53,178,45,84,85,146,115,61,55,52,104,52,89,,,49,51,49,48,,143,152,143,60,,72,62,,,33,62,59,43,67,72,33,34,41,62,75,131,110,131,100,,40,48,,172,87,101,102,111,138,81,50,79,84,54,54,50,37,40,149,34,110,36,87,33,81,65,73,88,,82,80,94,,136,52,158,59,136,130,98,102,101,50,45,130,44,68,84,72,92,52,140,58,47,35,91,65,87,89,,,206,70,61,58,71,83,79,73,51,148,55,47,71,86,46,44,59,42,,67,192,180,176,160,108,143,26,32,28,38,32,33,39,26,26,83,113,162,138,141,149,71,74,43,48,33,47,74,54,129,161,141,129,104,71,70,21,44,57,83,110,122,74,64,84,172,106,80,112,53,43,,44,73,63,65,84,55,41,41,49,46,56,105,57,40,47,88,90,,71,86,94,96,81,81,87,135,125,80,104,100,164,,151,94,122,35,30,61,51,32,34,,42,61,59,56,84,,106,,28,151,81,80,63,118,82,95,134,112,117,137,116,47,58,44,42,43,49,51,51,36,42,68,164,140,73,71,77,46,69,64,50,64,68,46,32,43,60,45,105,87,92,72,72,110,168,71,77,128,46,86,102,121,138,73,80,99,167,57,43,52,55,38,44,46,65,47,73,65,48,45,47,38,47,49,42,40,47,64,59,71,96,77,67,82,81,81,153,154,160,88,118,124,31,28,38,50,47,47,41,44,37,33,36,68,,49,46,49,52,129,118,94,124,99,106,47,33,50,50,54,97,115,110,96,142,85,68,80,69,70,66,68,,34,62,113,79,80,85,89,96,93,64,69,56,,52,50,126,134,119,72,56,66,118,72,56,66,35,29,39,36,41,44,68,71,52,59,66,78,82,76,73,58,38,43,38,57,42,47,83,102,76,86,28,117,118,99,128,101,119,87,103,105,85,85,84,70,61,135,97,30,76,130,92,110,90,178,164,,81,62,54,51,74,96,142,39,33,28,32,50,54,116,109,123,103,110,51,62,62,38,67,,76,61,35,116,85,88,46,90,59,44,44,65,47,121,44,43,25,169,75,48,45,57,36,33,78,64,45,55,155,148,121,71,42,110,75,101,75,34,87,66,87,97,107,51,39,40,37,152
20230729,19,O3_8h_24h,59,95,60,41,56,60,61,50,81,81,53,66,,,52,,41,44,47,,44,,27,43,,42,64,,104,96,98,103,99,108,116,,47,34,,34,34,55,40,41,,53,,56,62,61,85,84,86,95,,98,134,,127,131,138,77,92,86,90,81,66,50,,56,54,52,50,75,72,,79,82,74,82,101,,100,95,89,102,93,102,,142,148,,,148,144,141,138,49,55,49,,54,53,58,52,59,,67,48,37,28,30,38,38,34,32,34,33,76,82,81,82,86,72,66,67,72,85,117,95,90,63,99,103,102,103,100,92,99,106,27,26,26,32,25,,30,25,23,23,62,69,77,67,68,70,59,69,72,44,,47,49,48,48,41,43,30,31,34,25,33,42,,,,63,67,,75,71,72,,,,72,,55,51,43,58,49,48,51,53,56,,,,64,64,,73,71,71,64,59,,62,59,55,60,56,60,45,48,,48,,69,70,,54,56,,56,60,59,,60,54,57,56,33,31,35,,,43,34,36,50,56,55,43,,46,,,58,,51,48,,49,44,41,19,25,21,,75,67,66,71,66,67,66,61,50,43,57,56,52,55,49,56,54,55,,,63,59,63,58,,46,33,49,57,52,,53,54,51,,59,25,30,31,,33,34,24,35,25,,,34,40,32,42,40,34,52,54,56,59,54,42,54,48,57,73,59,74,72,79,56,60,,54,58,83,91,90,90,102,89,88,104,103,81,129,141,,114,131,97,180,133,144,120,152,90,98,85,96,72,87,,87,72,58,90,108,98,88,81,129,126,118,97,,105,154,161,89,96,80,86,108,110,105,118,,,113,97,92,102,99,105,98,87,129,124,130,125,128,131,130,112,106,150,104,122,,91,91,100,90,95,,117,139,107,142,168,144,127,,,142,123,139,122,120,,149,166,151,154,,,181,120,77,103,83,96,90,93,96,107,95,,84,106,92,92,97,95,117,114,104,116,103,106,92,59,58,79,60,94,86,86,,73,,74,66,,188,,181,174,,,,,127,,,,149,143,85,92,85,84,74,,84,103,116,103,106,104,106,96,101,105,107,98,85,98,74,172,,164,173,168,159,150,160,155,152,154,,40,36,40,66,53,53,59,44,44,52,52,39,51,43,64,63,70,,,38,,40,38,43,34,62,,61,54,,,48,52,51,36,,34,27,34,,58,65,59,58,60,23,34,29,31,21,,,,38,,,51,,51,36,44,36,30,34,39,30,34,26,,42,,,106,,111,114,122,107,122,121,148,120,,102,98,100,102,98,101,136,117,109,118,62,68,64,81,84,76,90,81,88,82,,84,170,150,,83,86,,83,86,86,83,84,,92,77,,,57,55,,113,,123,123,122,114,118,119,,116,116,,88,93,,88,,119,112,123,,119,114,143,137,147,,48,42,50,45,42,45,101,61,59,60,56,57,55,47,23,17,38,37,34,43,53,45,44,47,63,59,54,59,58,58,77,78,74,,79,83,78,76,74,77,102,90,95,90,95,66,72,69,,75,73,76,,76,60,66,67,55,,63,60,64,,86,,91,89,96,91,53,49,59,,,,47,,43,,84,,90,,51,52,48,79,82,,84,,96,98,36,95,79,79,,72,68,75,67,70,79,,105,,,94,74,73,70,65,102,107,99,95,70,104,86,81,140,135,144,146,136,140,70,77,107,105,120,108,117,100,109,99,104,,67,74,68,90,74,94,92,91,,,,,138,147,,157,85,99,111,98,89,109,79,86,90,92,82,110,104,,97,93,,85,94,114,,106,109,,105,74,95,94,98,91,95,99,95,107,129,130,120,,136,139,148,136,143,123,130,124,128,,125,114,121,118,130,,,32,,,,,42,,,,,,,,,,,,,,,,36,,,,,,,,,,,,,,,,,,,,,,,,,,,,,,,,,,,,,,89,56,55,54,60,57,55,57,53,,,,78,76,74,75,,67,116,131,122,126,122,122,,120,117,108,,,92,83,,87,87,105,,107,,132,133,,,91,88,,,157,158,143,,,83,82,137,144,137,134,137,66,59,87,70,109,41,42,45,45,60,62,55,57,85,87,90,76,,75,74,64,,36,33,26,32,94,91,108,105,30,32,29,82,,,99,72,74,73,70,90,86,78,106,81,87,97,89,93,88,86,126,,,111,75,80,97,94,86,,62,67,66,,67,67,65,,52,57,57,53,34,54,63,,41,48,45,41,51,43,45,45,,50,52,50,51,76,84,,51,,52,,,,42,43,42,36,50,51,,41,,41,46,57,69,69,73,63,,58,58,58,,,58,57,57,,68,69,68,,,55,59,44,43,45,46,68,90,94,87,92,43,46,52,51,,38,56,56,53,51,,82,84,93,93,67,68,70,68,54,,54,60,38,56,57,47,46,48,35,48,44,,45,43,48,,44,46,42,47,,51,48,55,,60,62,66,61,63,,60,64,62,64,55,49,50,,64,61,61,52,58,,57,52,57,65,67,77,83,84,82,80,72,60,,81,82,81,,61,64,,67,52,50,64,,51,51,50,71,62,104,115,117,120,116,114,86,96,95,89,96,86,98,96,99,99,95,111,109,110,105,115,120,114,116,118,88,93,100,90,87,69,98,94,87,100,49,77,85,144,140,152,134,91,106,102,114,113,99,136,138,132,134,114,112,115,120,124,97,98,76,93,97,,150,114,102,88,80,,87,97,108,116,106,119,116,109,115,96,113,120,111,19,133,,,,105,104,,100,90,90,92,87,86,,123,115,106,,,,,107,137,135,124,138,80,,104,,77,100,106,96,90,98,79,76,70,68,75,,,,,105,112,68,69,94,96,77,,74,55,54,88,96,72,65,70,68,72,53,55,79,76,,77,88,82,84,63,58,82,68,42,,56,48,,72,78,,101,94,96,,100,,86,,46,46,77,88,89,89,145,133,138,136,81,99,89,55,,145,152,,106,100,148,,147,148,83,84,150,98,,83,85,143,133,,,154,162,153,,154,147,125,114,88,136,119,,121,,,108,95,98,94,103,103,125,124,83,,91,128,120,118,123,118,120,122,114,,,132,104,,94,,107,112,115,82,71,53,111,137,51,43,48,102,125,,101,70,73,72,37,58,56,,52,,36,53,178,45,84,85,146,115,61,56,52,104,52,89,,,49,53,49,50,,143,152,143,64,,72,62,,,33,63,61,43,67,72,33,34,41,62,81,131,110,131,100,,49,48,,172,90,101,102,111,138,86,50,80,84,54,55,62,38,44,149,34,119,36,87,33,81,65,74,88,54,82,80,94,,136,52,158,59,136,130,98,102,101,58,45,130,51,68,84,73,92,94,140,58,47,35,91,69,87,89,,,211,70,78,58,71,83,79,74,51,148,55,47,71,86,47,44,60,42,,67,192,180,176,160,108,143,26,33,28,38,32,34,42,26,27,90,115,162,138,141,152,71,74,44,50,33,47,74,54,129,161,141,129,108,71,70,88,78,92,101,110,124,95,66,84,172,106,82,112,53,43,,44,73,63,65,84,55,41,41,84,85,56,105,57,88,91,90,91,49,76,87,94,96,83,81,87,135,125,80,104,100,164,,151,94,122,35,30,61,51,32,34,,42,61,59,56,84,51,106,,40,151,81,80,67,118,86,95,134,114,117,137,116,49,58,46,42,43,49,52,51,36,93,79,164,140,73,71,77,48,69,64,52,65,68,47,33,43,60,45,105,92,92,90,83,110,168,104,77,128,74,112,105,121,138,97,80,99,167,99,43,54,55,64,44,46,65,47,73,65,48,45,47,52,51,49,43,44,86,64,59,71,102,77,69,82,81,81,153,154,160,88,118,124,38,28,38,50,47,47,41,44,37,33,36,68,,49,46,49,52,129,118,94,126,99,106,59,54,65,61,54,100,115,110,98,142,85,70,80,70,74,66,68,,34,62,113,84,80,87,89,96,93,64,69,57,51,53,51,128,136,119,112,116,132,119,103,84,94,35,32,39,36,70,77,121,93,54,62,66,79,83,77,73,59,53,43,82,57,44,47,83,103,76,86,28,117,118,99,128,101,132,94,115,106,85,85,92,110,66,135,97,67,116,130,92,110,94,178,164,,81,62,94,92,78,96,142,39,33,28,32,50,54,116,109,123,109,110,57,65,63,40,67,,80,64,35,120,85,88,52,90,61,52,48,67,49,123,44,43,25,169,78,48,52,60,36,38,84,76,51,69,156,148,121,71,60,116,78,105,78,38,87,66,87,97,107,51,39,40,39,152
20230729,19,CO,0.6,0.4,0.5,0.4,0.4,0.2,0.5,,0.3,0.3,0.4,0.5,,,0.6,,0.6,0.7,0.6,,0.6,,0.2,0.5,,0.4,0.5,,0.4,0.3,0.3,0.4,0.3,0.2,0.5,,0.9,1.3,,1.6,1.3,0.2,0.3,0.4,,0.4,,0.2,0.4,0.3,0.1,0.3,0.4,0.3,,0.2,0.4,,0.5,0.3,0.7,0.5,0.4,0.4,0.4,0.5,0.2,0.3,,0.2,0.2,0.1,,0.4,0.4,,0.3,0.3,0.5,0.3,0.6,,0.5,0.7,0.5,0.8,0.6,0.6,,0.4,0.6,,,0.5,0.5,0.5,0.4,0.2,0.6,0.5,,0.5,0.4,0.4,0.5,0.3,,0.3,0.6,0.3,0.3,0.6,0.4,,0.1,0.6,0.5,0.4,0.6,0.5,0.4,0.4,0.5,0.3,,0.4,0.4,0.4,0.7,0.6,0.6,,0.5,0.5,0.6,0.5,0.5,0.5,0.3,0.5,0.4,0.4,0.4,0.7,0.5,,0.4,0.4,0.3,0.4,0.3,0.4,0.1,0.5,0.4,0.6,0.1,0.3,0.4,0.4,,0.5,0.4,0.4,0.5,0.5,0.5,0.4,0.4,0.4,0.4,0.3,0.2,,,,0.4,0.3,,0.3,0.2,0.3,,,,0.2,,0.7,0.5,0.7,0.6,0.5,0.4,0.2,0.5,0.6,,,,0.4,0.5,,0.6,0.4,0.6,0.4,0.4,,0.6,0.7,0.6,0.7,0.8,0.4,0.4,0.3,,0.3,,0.6,0.5,,0.6,0.6,,0.4,0.6,0.7,,0.7,0.4,0.5,0.5,,0.4,0.4,,,0.4,0.4,0.4,0.4,0.5,0.5,0.4,,0.4,,,0.5,,0.5,0.4,,0.5,0.4,0.4,0.4,0.4,0.3,,0.4,0.4,0.4,0.4,0.4,0.4,0.4,0.4,0.3,0.5,0.5,0.2,0.4,0.3,0.5,0.4,0.4,0.3,,,0.3,0.3,0.5,0.5,,0.5,0.3,0.5,0.4,0.7,,0.6,0.7,0.3,,0.5,0.4,0.3,0.6,,0.7,0.7,0.7,0.6,0.3,,,0.3,0.4,0.4,0.2,0.5,0.4,0.4,0.5,0.4,0.4,0.5,0.4,0.5,0.4,0.5,0.6,0.5,0.4,0.4,0.4,0.4,0.5,,0.5,0.5,0.3,0.5,0.3,0.3,0.1,0.3,0.5,0.5,0.6,0.5,0.8,0.7,,0.6,0.5,0.7,0.9,0.8,,0.8,0.4,0.9,0.7,0.6,1,0.6,0.7,,0.6,0.6,1,0.6,0.5,0.4,0.3,0.5,0.5,0.7,0.4,0.8,,0.6,0.6,0.5,0.5,0.6,0.3,0.4,0.6,0.6,0.6,0.6,,,1,0.7,1,0.7,0.8,0.6,0.8,0.7,0.5,0.6,0.4,0.5,0.7,0.6,0.7,0.7,0.6,0.8,0.7,0.8,,0.4,0.4,0.3,0.4,0.3,,0.9,0.8,0.5,0.5,0.6,0.6,0.7,,,0.7,0.4,0.6,0.6,0.9,,0.3,0.3,0.4,0.5,,,0.4,0.6,0.7,0.4,0.4,0.6,0.2,0.5,0.5,0.3,0.5,,0.6,0.5,0.6,0.4,0.7,0.6,0.2,0.2,0.2,0.2,0.1,0.1,0.8,0.7,0.6,0.5,0.7,0.8,0.8,0.4,,0.9,,0.7,0.6,,0.3,,0.3,0.6,,,,,0.6,,,,0.3,0.4,0.4,0.3,0.2,0.7,0.6,,0.5,0.1,0.5,0.2,0.3,0.5,0.5,,0.5,0.4,0.5,0.5,0.4,0.5,0.4,0.4,,0.6,0.7,0.4,0.8,0.6,0.5,0.5,0.6,0.8,,0.5,0.4,0.4,0.5,0.6,0.9,0.9,0.5,0.4,0.3,0.2,0.1,0.4,0.1,0.6,0.7,0.7,,,0.5,,0.1,,0.2,0.3,0.6,,0.3,0.7,,,0.2,0.2,0.2,,,0.1,,0.2,,0.2,0.3,0.4,0.4,0.2,0.6,0.2,0.2,0.3,0.6,,,,0.3,,,0.5,,0.5,0.2,0.3,0.3,0.2,0.4,0.4,0.2,0.2,0.4,,,,,0.7,,0.7,0.5,0.7,0.6,0.5,0.7,0.8,0.5,,0.8,0.9,0.7,0.7,0.6,0.9,0.6,0.7,0.6,0.7,0.6,0.8,0.8,0.7,0.6,0.6,0.6,0.7,0.7,0.7,,0.5,0.6,0.6,,0.5,0.5,,1,0.9,1.1,0.9,0.9,,0.7,1,,,0.2,0.1,,0.5,,0.5,0.6,0.5,0.5,0.6,0.6,,0.5,0.6,,0.7,0.9,,0.8,,0.7,0.5,0.8,,0.5,0.6,0.6,0.4,0.5,,0.8,1.2,1,0.7,1,0.8,0.7,0.4,1.7,0.3,1,0.5,0.7,0.2,0.8,2.7,0.6,0.6,0.3,0.3,0.5,0.4,0.4,0.5,0.4,0.6,0.4,0.5,0.6,0.6,0.5,0.3,0.3,,0.3,0.3,0.4,0.3,0.4,0.3,0.3,0.7,0.3,0.3,0.3,0.5,0.5,0.5,,0.6,0.6,0.5,,0.4,0.5,0.7,0.5,0.6,,0.7,0.6,0.7,,1.3,,1.3,1.1,0.9,1,0.6,0.2,0.2,,,,0.4,,0.7,,0.5,,0.6,,0.5,,0.3,0.8,0.8,,0.8,,0.4,0.3,0.5,0.4,0.5,0.4,,0.6,0.7,0.5,0.6,0.4,0.6,,0.6,,,0.4,0.2,0.3,0.2,0.7,0.6,0.5,0.6,0.6,0.5,0.6,0.6,0.6,0.5,0.8,0.9,0.8,0.9,0.8,0.3,0.1,0.5,0.5,0.4,0.6,0.7,0.6,0.6,0.5,0.6,,0.8,0.6,1.4,2.8,0.4,0.6,0.5,0.5,,,,,0.5,0.5,,0.6,0.4,0.3,0.3,0.3,0.2,0.2,0.6,0.6,0.5,0.3,0.4,0.6,0.5,,0.7,1,,1.1,0.7,0.8,,0.7,0.6,,0.9,0.5,0.6,0.6,0.6,0.7,0.6,0.5,0.7,0.4,0.7,0.7,0.7,,0.3,0.6,0.3,0.5,0.4,0.4,0.3,0.2,0.1,,0.3,0.2,0.5,0.3,0.2,,,0.4,,,,,0.4,,,,,,,,,,,,,,,,0.3,,,,,,,,,,,,,,,,,,,,,,,,,,,,,,,,,,,,,,0.4,0.4,0.5,0.5,0.5,0.4,0.4,0.5,0.5,,,,2.2,2.3,1.5,1.2,,1.7,0.7,0.6,0.5,0.6,0.5,0.5,,0.5,0.4,0.9,,,1.1,1.1,,0.8,0.7,0.5,,0.5,,0.7,0.5,,,,0.4,,,0.6,0.5,0.4,,,0.4,0.3,0.3,0.3,0.5,0.5,0.5,0.6,0.5,0.8,0.4,0.4,0.6,0.7,0.5,0.9,0.5,0.6,0.5,0.5,0.6,0.7,0.6,0.6,,0.4,0.2,0.7,,0.2,0.1,0.4,0.5,0.4,0.6,,0.2,0.5,0.6,0.6,0.1,,,,0.4,0.2,0.5,0.1,0.4,0.2,0.3,0.5,0.3,0.4,,0.3,0.4,0.4,0.4,0.4,,,0.8,0.5,0.4,0.3,0.4,0.3,,0.1,0.2,0.3,,0.3,0.2,0.3,,0.3,0.2,0.1,0.2,0.2,0.3,0.3,,0.2,0.2,0.3,0.7,0.2,0.5,0.4,0.5,,0.3,0.4,0.5,0.2,0.2,0.3,,0.5,,0.5,,,,0.2,0.3,0.3,0.4,0.6,0.5,,0.4,,0.3,0.4,0.5,0.8,0.8,0.6,0.7,,1.1,1.3,1,,,0.8,0.8,0.6,,0.7,0.5,0.3,,,1.1,0.5,0.4,0.6,0.6,0.3,0.4,0.7,0.4,0.6,0.4,1.2,0.5,0.5,0.6,,0.9,0.5,0.7,0.7,0.8,,1.2,0.7,0.8,0.9,0.6,0.6,0.6,0.8,0.5,,0.8,,,0.4,1.2,1,0.9,1,0.7,0.4,0.8,,0.5,0.5,0.4,,0.6,0.6,0.6,0.5,,0.4,0.4,0.5,,0.6,0.1,0.3,0.5,0.4,,0.3,0.3,0.2,0.4,0.8,0.4,0.5,,0.2,0.3,0.3,0.6,0.5,,0.5,0.4,0.6,0.8,0.4,0.3,0.7,0.6,0.6,0.6,0.6,0.7,,0.5,0.4,0.4,,0.7,0.7,,0.6,0.4,0.6,0.5,,0.6,0.6,0.7,0.7,0.7,0.2,0.6,0.6,0.6,0.8,0.5,0.3,0.2,0.3,0.3,0.4,0.3,0.5,0.5,0.6,0.7,0.8,0.6,0.5,0.5,0.4,0.6,0.7,0.5,0.6,0.5,0.6,0.5,0.4,0.6,0.4,0.5,0.5,0.7,0.9,0.5,0.5,0.6,0.9,1,0.9,1.3,0.8,1.1,1,1.3,0.7,0.7,0.6,0.8,0.9,0.7,0.7,0.5,0.7,0.6,0.7,0.9,0.7,0.7,0.4,0.6,0.5,,0.6,0.5,0.5,0.3,0.5,,0.3,0.5,0.3,0.2,0.2,0.4,0.4,0.4,0.5,0.5,0.4,0.5,0.6,0.2,0.3,,,,0.4,0.5,,0.4,0.3,0.3,0.2,0.4,0.3,,0.6,0.5,0.6,,,,,0.4,0.4,0.5,0.4,0.4,0.1,,0.4,,0.3,0.3,0.7,0.6,0.7,0.6,0.4,0.7,0.4,0.6,0.5,,,,,0.4,0.3,0.3,0.4,0.3,0.4,0.5,,0.3,0.6,0.6,0.3,0.3,0.8,0.7,0.7,0.6,0.4,0.5,0.5,0.9,0.8,,0.4,0.5,0.3,0.3,0.6,0.5,0.7,0.7,1,,0.5,0.4,,0.4,0.5,,0.2,0.2,0.4,,0.2,,0.2,,0.4,0.4,0.4,0.6,0.5,0.4,0.5,0.8,0.6,0.7,0.3,0.5,0.5,0.5,,0.5,0.1,,0.4,0.5,0.3,,0.3,0.4,0.4,0.5,0.5,,,0.4,0.4,0.1,,,,0.1,0.3,0.2,,0.4,0.3,0.5,0.4,0.5,0.5,0.5,,0.5,,,0.3,0.5,0.5,0.4,0.4,0.4,0.2,0.3,0.5,,0.3,0.3,0.4,0.3,0.4,0.2,0.3,0.4,0.6,,,0.4,0.4,,0.3,,0.6,0.3,0.3,0.3,1.6,0.2,0.5,0.9,0.9,0.7,0.9,0.2,0.5,,0.6,0.5,0.4,0.4,0.3,0.4,0.5,,0.5,,0.1,,0.5,2.4,0.7,0.6,0.3,0.1,0.1,0.5,0.6,0.3,0.4,0.3,,,0.2,0.3,0.5,0.6,,0.4,0.4,0.5,0.6,,0.5,0.5,,,0.4,0.5,0.3,0.4,0.4,0.2,0.8,0.5,0.3,0.4,0.6,0.5,0.5,0.5,1,,0.4,0.5,,0.7,0.6,0.3,0.2,0.4,0.4,0.2,,0.5,0.7,0.9,0.3,0.4,0.6,0.7,0.3,0.1,0.6,0.3,0.3,0.5,0.3,0.5,0.9,,,0.5,0.5,0.3,,0.4,0.2,,0.5,0.4,0.3,0.5,0.4,0.5,0.2,0.5,0.3,0.2,0.6,0.4,0.3,0.5,0.4,0.5,,0.4,0.3,0.5,0.4,0.5,0.4,,,0.4,0.3,0.3,0.6,0.5,0.1,0.4,0.3,,0.2,0.6,0.4,0.3,0.8,1,0.4,0.6,0.4,,0.9,0.7,0.4,0.4,0.3,0.2,,0.4,0.5,0.4,0.4,0.6,0.4,0.5,0.5,0.5,0.3,0.6,0.6,0.4,0.3,0.5,0.4,0.3,0.4,0.4,0.6,0.2,0.2,0.5,0.7,0.6,0.7,0.8,0.4,0.5,0.6,0.6,0.7,0.9,0.5,0.6,0.7,0.9,0.8,0.5,0.5,0.9,1.1,0.1,0.1,0.2,,0.1,0.4,0.3,0.4,0.4,0.6,0.4,0.5,0.6,0.3,0.3,0.3,0.2,0.8,0.9,0.4,0.2,,0.4,0.3,0.5,0.6,0.7,0.5,0.5,0.7,0.6,0.4,0.5,0.4,0.4,,0.6,0.4,0.4,0.3,0.4,0.2,0.3,0.2,0.1,,0.3,0.6,0.5,0.3,0.7,,0.7,,0.4,0.2,0.5,0.5,0.6,0.5,0.6,0.6,0.8,0.6,0.8,1.1,0.6,0.5,0.4,0.6,0.7,0.4,0.6,0.4,1,0.3,0.6,0.3,0.4,0.4,0.6,0.7,0.3,0.5,0.5,0.6,0.5,0.4,0.6,0.4,0.4,0.5,0.4,0.2,0.2,0.4,0.2,0.5,0.3,0.4,0.5,0.7,0.7,0.5,0.5,0.5,0.5,0.7,0.5,0.6,0.6,0.4,0.6,0.3,1,0.3,0.3,0.5,0.4,0.2,0.3,0.3,0.3,0.4,0.5,0.6,0.4,0.4,0.7,0.3,0.2,0.4,,0.4,0.2,0.2,0.3,0.6,0.5,0.6,0.7,0.4,0.4,0.5,0.5,0.8,0.4,0.6,0.1,0.3,0.5,0.8,0.4,0.4,0.3,0.4,0.1,0.2,0.4,0.3,,0.3,0.4,0.2,0.3,0.2,0.2,0.5,0.5,0.4,0.6,0.6,0.4,0.2,0.7,0.3,0.4,0.6,0.6,0.8,0.7,0.4,0.5,0.4,0.4,0.2,0.6,0.5,,0.4,0.5,0.3,0.3,0.5,0.7,0.6,0.5,0.8,0.5,0.4,0.5,,0.4,0.5,0.5,0.6,0.6,0.9,0.5,0.3,0.6,0.6,0.4,0.3,0.6,0.6,0.4,0.5,0.1,1,0.1,0.2,0.2,,0.3,0.3,0.2,0.4,0.3,0.5,0.5,0.4,0.9,0.3,0.2,0.4,0.8,0.3,0.6,0.7,0.4,0.8,0.6,0.5,0.7,0.6,0.2,0.1,0.6,0.7,0.4,0.4,0.5,0.6,2.5,0.4,0.5,0.8,0.9,0.9,0.8,0.9,0.5,0.5,0.2,,0.7,0.3,0.8,1,0.4,0.4,0.5,0.5,0.2,0.2,,0.4,0.3,0.4,0.3,0.9,0.6,0.5,0.6,0.5,0.6,0.6,0.4,,1.3,0.4,0.4,0.2,1,1.2,0.3,1.1,0.4,0.4,0.5,0.4,0.5,0.5,0.6,,0.7,0.6,0.5,0.6,0.3,0.5,0.8,1.1,,0.4,0.5,0.4,0.4,0.5,0.5,0.3,0.3,0.1,0.2,0.3,0.3,0.3,0.7,0.3,0.3,0.6,0.6,0.3,0.4,0.1,0.6,0.3
20230729,19,CO_24h,0.7,0.5,0.6,0.6,0.6,0.3,0.4,0.4,0.4,0.4,0.5,0.4,,,0.7,,0.6,0.5,0.8,,0.6,,0.2,0.5,,0.4,0.6,,0.5,0.4,0.4,0.5,0.4,0.4,0.7,,0.5,0.6,,0.7,0.6,0.5,0.2,0.2,,0.2,,0.3,0.4,0.4,0.2,0.3,0.5,0.4,,0.3,0.3,,0.4,0.2,0.6,0.5,0.5,0.5,0.5,0.5,0.4,0.5,,0.5,0.3,0.1,,0.4,0.4,,0.5,0.4,0.5,0.5,0.8,,0.5,0.9,0.6,0.8,0.7,0.6,,0.5,0.7,,,0.5,0.5,0.5,0.4,0.4,0.7,0.6,,0.6,0.6,0.6,0.7,0.5,,0.5,0.6,0.2,0.3,0.5,0.4,,0.1,0.5,0.5,0.4,0.5,0.5,0.4,0.3,0.4,0.3,0.6,0.4,0.4,0.4,0.7,0.6,0.5,0.7,0.5,0.5,0.6,0.5,0.8,0.4,0.3,0.5,0.4,0.3,0.4,0.6,0.4,,0.4,0.4,0.3,0.4,0.2,0.4,0.1,0.5,0.4,0.5,0.2,0.3,0.4,0.3,,0.4,0.4,0.4,0.4,0.5,0.5,0.3,0.4,0.4,0.3,0.3,0.2,,,,0.4,0.3,,0.3,0.2,0.3,,,,0.3,,0.7,0.6,0.1,0.6,0.5,0.4,0.2,0.5,0.6,,,,0.4,0.4,,0.6,0.5,0.5,0.3,0.4,,0.5,0.6,0.5,0.6,0.7,0.3,0.4,0.3,,0.3,,0.5,0.4,,0.5,0.6,,0.4,0.5,0.5,,0.6,0.4,0.5,0.5,0.4,0.4,0.3,,,0.4,0.4,0.4,0.4,0.4,0.5,0.4,,0.4,,,0.4,,0.5,0.4,,0.5,0.4,0.4,0.3,0.4,0.3,,0.4,0.4,0.4,0.4,0.3,0.4,0.4,0.4,0.3,0.4,0.5,0.2,0.3,0.3,0.5,0.4,0.4,0.3,,,0.3,0.3,0.5,0.4,,0.2,0.8,0.5,0.3,0.6,,0.5,0.6,0.6,,0.4,0.5,0.2,0.6,,0.6,0.6,0.6,0.6,0.3,,,0.2,0.4,0.4,0.2,0.4,0.3,0.4,0.4,0.4,0.4,0.5,0.4,0.4,0.4,0.6,0.7,0.5,0.4,0.6,0.5,0.4,0.6,,0.5,0.5,0.3,0.5,0.4,0.3,0.4,0.3,0.5,0.4,0.6,0.4,0.7,0.7,,0.6,0.5,0.6,0.7,0.8,0.6,0.8,0.4,0.9,0.7,0.7,1,0.6,0.7,,0.6,0.6,0.9,0.6,0.5,0.5,0.4,0.5,0.5,0.7,0.4,0.7,,0.6,0.7,0.6,0.4,0.5,0.3,0.4,0.5,0.5,0.5,0.4,,,0.9,0.7,1,0.7,0.8,0.6,0.8,0.7,0.5,0.5,0.5,0.5,0.8,0.7,0.8,0.8,0.6,0.8,0.7,0.9,,0.5,0.5,0.3,0.4,0.3,,0.9,1,0.6,0.5,0.7,0.7,0.7,,,1,0.4,0.9,0.7,1,,0.4,0.4,0.4,0.6,,,0.5,0.6,0.8,0.6,0.3,0.7,0.3,0.6,0.7,0.5,0.5,,0.6,0.4,0.6,0.4,0.6,0.6,0.2,0.3,0.3,0.3,0.1,0.2,0.7,0.7,0.6,0.5,0.6,0.7,0.7,0.4,,0.8,,0.6,0.6,,0.5,,0.5,0.6,,,,,0.6,,,,0.5,0.5,0.4,0.3,0.2,0.5,0.3,,0.3,,0.5,0.2,0.3,0.5,0.5,0.5,0.5,0.4,0.4,0.4,0.3,0.5,0.4,0.5,,0.7,0.9,0.5,0.8,0.6,0.5,0.5,0.5,0.8,,0.5,0.4,0.4,0.5,0.6,0.7,0.5,0.5,0.4,0.3,0.2,0.1,0.4,,0.6,0.6,0.6,,,0.5,,0.1,0.7,0.2,0.3,0.5,,0.3,0.7,,,0.2,0.3,0.3,0.1,,0.3,0.3,0.2,,0.2,0.3,0.4,0.3,0.2,0.6,0.1,0.1,0.3,0.1,,,,0.3,,,0.5,,0.5,0.3,0.3,0.4,0.2,0.3,0.4,0.2,0.2,0.4,,,,,0.6,,0.6,0.6,0.6,0.6,0.5,0.7,0.7,0.6,,0.7,0.6,0.7,0.7,0.7,0.6,0.6,0.7,0.6,1,0.6,0.6,0.6,0.7,0.6,0.6,0.6,0.6,0.7,0.8,,0.6,0.4,0.5,,0.5,0.6,,0.6,0.7,0.7,0.7,0.9,,0.6,1,,,0.2,0.2,,0.6,,0.6,0.6,0.7,0.7,0.7,0.7,,0.7,0.8,,1.1,1,,0.9,,0.9,0.8,0.9,,0.8,0.8,0.4,0.3,0.4,,0.5,0.9,0.8,0.7,1,0.5,0.6,0.6,0.6,0.4,0.6,0.4,0.6,0.2,1,2.3,0.6,0.6,0.5,0.4,0.5,0.4,0.6,0.5,0.5,0.7,0.5,0.6,0.6,0.6,0.5,0.3,0.3,,0.3,0.4,0.4,0.3,0.4,0.3,0.4,0.5,0.4,0.4,0.3,0.4,0.4,0.5,,0.6,0.6,0.4,,0.4,0.5,0.7,0.4,0.6,,0.8,0.6,0.6,,1,,0.9,0.7,0.6,0.6,0.5,0.3,0.2,,,,0.3,,0.6,,0.5,,0.6,,0.4,0.6,0.3,0.7,0.7,,0.8,,0.5,0.3,0.5,0.4,0.5,0.4,,0.5,0.6,0.5,0.5,0.4,0.5,,0.6,,,0.4,0.2,0.3,0.2,0.7,0.5,0.6,0.6,0.6,0.5,0.5,0.6,0.6,0.3,0.8,0.9,0.8,0.9,0.7,0.4,0.3,0.5,0.5,0.5,0.6,0.6,0.5,0.6,0.6,0.6,,1.4,0.7,1.4,2.3,0.4,0.6,0.6,0.6,,,,,0.5,0.5,,0.5,0.4,0.4,0.3,0.3,0.3,0.2,0.6,0.7,0.5,0.4,0.5,0.7,0.5,,0.7,1,,0.9,0.4,0.8,,0.6,0.5,,0.7,0.3,0.6,0.5,0.5,0.5,0.5,0.4,0.5,0.7,0.9,0.9,0.8,,0.5,0.7,0.4,0.5,0.5,0.4,0.3,0.2,0.1,,0.3,0.3,0.3,0.2,0.2,,,0.5,,,,,0.4,,,,,,,,,,,,,,,,0.3,,,,,,,,,,,,,,,,,,,,,,,,,,,,,,,,,,,,,,0.4,0.4,0.5,0.5,0.5,0.4,0.4,0.4,0.4,,,,1.6,1.5,1.2,1.1,,1.2,0.7,0.6,0.6,0.7,0.5,0.7,,0.6,0.6,1.3,,,1.5,1.3,,0.7,0.6,0.5,,0.5,,0.7,0.5,,,0.5,0.5,,,0.5,0.4,0.6,,,0.3,0.3,0.3,0.3,0.5,0.5,0.5,0.7,0.5,0.7,0.5,0.5,0.3,0.3,0.3,0.6,0.7,0.8,0.6,0.7,0.7,0.8,0.7,0.7,,0.4,0.3,0.5,,0.3,0.1,0.5,0.5,0.4,0.3,,0.2,0.5,0.6,0.6,0.1,,,,0.4,0.2,0.4,0.1,0.4,,0.3,0.4,0.6,0.8,0.4,0.4,0.5,0.4,0.5,0.4,,,0.8,0.5,0.4,0.4,0.4,0.4,,0.1,0.2,0.2,,0.3,0.2,0.3,,0.3,0.2,0.2,0.3,0.2,0.2,0.3,,0.2,0.2,0.3,0.5,0.2,0.4,0.4,0.6,,0.4,0.3,0.4,0.2,0.2,0.3,,0.5,,0.5,,,,0.1,0.2,0.2,0.4,0.5,0.5,,0.4,,0.2,0.2,0.4,0.7,0.7,0.5,0.6,,0.9,0.8,0.9,,,0.6,0.5,0.5,,0.6,0.4,0.3,,,0.7,0.5,0.2,0.4,0.3,0.2,0.4,0.6,0.4,0.5,0.5,0.9,0.5,0.5,1,,0.3,0.4,0.4,0.4,0.4,,1.2,0.6,0.9,0.9,0.6,0.6,0.6,0.7,0.6,,0.7,0.7,0.6,0.8,1.1,1,0.9,1,0.6,0.4,0.7,,0.6,0.4,0.4,,0.6,0.6,0.5,0.5,,0.4,0.3,0.5,,0.6,0.2,0.3,0.5,0.5,,0.3,0.3,0.2,0.3,0.8,0.3,0.4,,0.3,0.2,0.3,0.4,0.5,,0.6,0.5,0.6,0.8,0.4,0.3,0.6,0.5,0.5,0.5,0.6,0.6,,0.5,0.5,0.3,,0.6,0.6,,0.7,0.4,0.5,0.5,,0.6,0.6,0.7,0.7,0.6,0.2,0.6,0.6,0.7,0.9,0.6,0.3,0.3,0.4,0.3,0.1,0.4,0.5,0.5,0.6,0.7,0.8,0.6,0.5,0.4,0.4,0.5,0.7,0.5,0.6,0.6,0.7,0.6,0.9,0.6,0.5,0.5,0.6,0.8,0.9,0.3,0.6,0.5,0.6,0.9,0.7,1.2,0.7,0.7,0.6,0.6,0.7,0.7,0.7,0.8,0.8,0.7,0.6,0.6,0.7,0.6,0.7,0.8,0.7,0.6,0.5,0.8,0.7,,0.6,0.5,0.5,0.3,0.6,,0.3,0.5,0.3,0.2,0.2,0.4,0.4,0.4,0.5,0.6,0.5,0.7,0.8,0.3,0.5,,,,0.4,0.4,,0.4,0.2,0.4,0.4,0.4,0.5,,0.5,0.4,0.6,,,,,0.4,0.4,0.4,0.4,0.4,,,0.5,,0.3,0.3,0.8,0.7,0.8,0.6,0.3,0.6,0.8,0.5,0.6,,,,,0.4,0.3,0.3,0.4,0.3,0.4,0.6,,0.4,0.5,0.5,0.3,0.3,0.7,0.6,0.6,0.7,0.5,0.4,0.5,0.7,0.7,,0.5,0.5,0.4,0.5,0.5,0.4,0.6,0.6,0.8,,0.4,0.3,,0.4,0.5,,0.3,0.3,0.5,,0.3,,0.1,,0.5,0.4,0.4,0.6,0.6,0.5,0.6,0.8,0.7,0.7,0.3,0.5,0.6,0.4,,0.9,0.3,,0.4,0.4,0.4,,0.4,0.5,0.3,0.5,0.4,0.4,,0.4,0.3,0.1,,,,0.2,0.4,0.3,,0.4,0.4,0.5,0.4,0.5,0.5,0.5,,0.5,,,0.3,0.3,0.4,0.4,0.4,0.4,0.3,0.6,0.5,,0.3,0.3,0.4,0.3,0.3,0.3,0.3,0.4,0.6,,,0.5,0.5,,0.4,,0.5,0.4,0.3,0.4,1.5,0.1,0.6,0.8,0.5,0.4,0.6,0.3,0.6,,0.6,0.6,0.4,0.4,0.4,0.4,0.5,,0.4,,0.1,0.3,0.6,0.6,0.9,0.9,0.9,0.2,0.1,0.7,0.7,0.4,0.4,0.3,,,0.5,0.4,0.4,0.4,,0.5,0.5,0.5,0.7,,0.4,0.5,,,0.3,0.5,0.3,0.3,0.4,0.2,0.8,0.5,0.3,0.5,0.5,0.6,0.6,0.6,1,,0.5,0.5,,0.6,0.6,0.3,0.3,0.4,0.6,0.3,,0.6,0.7,0.8,0.3,0.3,0.7,0.7,0.9,,0.7,0.3,0.3,0.5,0.2,0.5,0.8,0.1,0.6,0.5,0.5,0.4,,0.3,0.1,0.7,0.4,0.5,0.5,0.5,0.5,0.5,0.1,0.4,0.4,0.5,0.6,0.6,0.4,0.6,0.4,0.6,0.3,0.5,0.2,0.5,0.4,0.5,0.5,,,0.6,0.3,0.3,0.6,0.3,0.1,0.5,0.3,0.3,0.3,0.5,0.4,0.4,0.6,0.9,0.4,0.6,0.3,,0.9,0.5,0.5,0.5,0.5,0.3,0.4,0.4,0.5,0.4,0.4,0.6,0.4,0.5,0.5,0.5,0.4,0.7,0.6,0.5,0.6,0.4,0.4,0.3,0.4,0.4,0.6,0.2,0.3,0.5,0.6,0.7,0.7,0.7,0.3,0.5,0.7,0.6,0.7,0.9,0.5,0.5,0.6,0.9,0.6,0.6,0.5,0.9,0.6,0.1,0.2,0.4,,0.2,0.4,0.3,0.4,0.5,0.6,0.4,0.5,0.5,0.4,0.5,0.2,0.2,0.8,0.7,0.6,0.3,0.6,0.5,0.3,0.6,0.7,0.7,0.6,0.5,0.7,0.6,0.5,0.5,0.5,0.5,,0.6,0.4,0.8,0.3,0.5,0.2,0.2,0.2,0.2,,0.3,0.6,0.5,0.4,0.7,0.9,0.8,,0.4,0.3,0.5,0.5,0.6,0.5,0.6,0.7,0.5,0.5,0.7,0.8,0.7,0.5,0.3,0.5,0.7,0.5,0.6,0.4,1,0.3,0.6,0.4,0.6,0.6,0.6,0.7,0.3,0.5,0.4,0.7,0.5,0.4,0.6,0.4,0.3,0.5,0.4,0.1,0.2,0.3,0.2,0.6,0.3,0.5,0.4,0.7,0.6,0.5,0.5,0.5,0.5,0.7,0.5,0.6,0.7,0.5,0.5,0.4,0.4,0.4,0.3,0.8,0.8,0.2,0.3,0.3,0.3,0.4,0.5,0.6,0.4,0.4,0.7,0.3,0.2,0.4,0.4,0.4,0.3,1,0.4,0.6,0.4,0.7,0.7,0.4,0.4,0.5,0.5,0.8,0.5,0.5,0.2,0.4,0.5,0.7,0.3,0.4,0.4,0.4,0.1,0.1,0.4,0.2,,0.3,0.5,0.3,0.4,0.3,0.3,0.4,0.6,0.4,0.7,0.6,0.3,0.2,0.6,0.3,0.4,0.7,0.6,0.6,0.6,0.4,0.4,0.4,0.4,0.4,0.6,0.5,,0.4,0.5,0.3,0.4,0.5,0.7,0.6,0.5,0.8,0.4,0.5,0.4,0.4,0.4,0.5,0.6,0.7,0.6,1,0.7,0.5,0.7,0.7,0.4,0.5,0.6,1.1,0.7,0.8,0.2,0.9,0.2,0.3,0.3,0.4,0.3,0.4,0.4,0.5,0.4,0.4,0.5,0.7,0.9,0.2,0.2,0.3,0.5,0.4,0.7,0.8,0.4,0.8,0.7,0.5,0.8,0.6,0.1,0.2,0.6,0.7,0.4,0.6,0.6,0.8,1.7,0.4,0.4,0.9,0.9,0.8,0.8,0.8,0.5,0.7,0.6,,0.6,0.2,0.7,0.7,0.4,0.5,0.5,0.5,0.2,0.3,0.1,0.4,0.3,0.4,0.3,0.9,0.5,0.5,0.7,0.4,0.6,0.5,0.4,,0.7,0.3,0.5,0.2,1.4,1.3,0.3,1.4,0.4,0.4,0.7,0.5,0.6,0.7,0.6,0.3,0.7,1.1,0.5,0.5,0.3,0.3,1,0.7,0.3,0.5,0.6,0.4,0.6,0.5,0.4,0.3,0.3,0.3,0.2,0.5,0.3,0.3,0.6,0.3,0.3,0.6,0.5,0.4,0.5,0.1,0.6,0.4
20230729,20,AQI,12,8,10,11,17,15,19,12,13,13,12,19,,,11,,13,20,13,,17,,16,13,,13,19,,42,23,35,15,20,23,17,,17,18,,19,15,18,16,25,,28,,18,17,14,14,21,32,37,,50,,,55,27,49,19,20,22,17,15,18,20,,31,13,13,17,20,20,,15,18,18,15,38,,23,31,21,21,20,33,,39,42,,,44,43,43,40,29,19,15,,17,14,12,16,12,,15,13,29,19,20,16,15,19,19,23,13,39,27,36,35,32,23,,30,30,27,29,33,44,,,50,32,,40,56,60,55,19,24,17,18,17,,20,19,20,20,18,20,22,19,19,20,15,19,20,18,,16,15,17,15,17,16,13,12,10,10,10,14,,,,24,25,,32,26,27,,,,22,,10,12,17,11,24,10,9,12,11,,,,13,11,,14,16,,19,17,,17,17,17,22,14,17,19,16,,22,,24,24,,30,27,,19,20,19,,17,22,26,25,,14,11,,,16,9,18,36,39,35,48,,35,,,14,,17,12,,14,22,19,17,13,21,,25,21,22,19,17,26,29,19,18,10,17,18,14,13,12,16,16,16,,,18,17,20,22,,8,15,16,20,12,,12,10,19,,20,18,24,17,,27,14,,22,19,,,27,22,24,31,19,22,16,,16,16,14,15,,13,18,20,18,25,19,28,17,18,,23,15,42,29,30,22,49,25,26,,33,26,20,35,,26,31,27,51,33,58,30,37,37,30,48,40,20,23,,16,17,27,25,23,20,20,19,29,36,41,28,,34,30,30,26,,22,21,22,38,22,29,,,30,32,25,44,25,,31,20,25,28,31,28,30,32,40,40,32,36,28,45,,28,27,24,30,33,,28,43,27,40,40,39,31,,,55,39,46,35,31,,41,44,44,40,,,58,47,23,23,27,27,27,,35,28,24,,28,43,38,28,40,30,35,33,30,34,30,34,32,21,,21,23,25,40,26,,62,,21,18,,65,,,50,,,,,35,,,,38,35,26,27,105,30,28,,34,34,29,38,40,35,42,,32,40,38,31,17,29,30,46,,45,49,49,41,53,62,57,48,55,,15,12,10,9,9,10,9,10,10,13,15,10,10,12,17,21,18,,,12,,22,,13,19,20,,18,14,,,27,24,33,19,,16,18,17,,19,24,18,24,20,20,,,19,,,,,17,,,,,16,12,15,12,19,24,29,12,15,18,,18,,,36,,36,32,46,16,19,16,17,19,,47,34,43,32,42,30,38,46,39,42,24,27,35,23,22,83,22,35,26,26,,24,49,,,16,17,,19,20,,17,23,,25,,,,17,16,,65,,46,35,34,44,17,17,,16,16,,46,49,,63,,16,20,20,,17,19,32,31,34,,15,11,15,19,14,15,30,24,26,14,17,12,19,10,18,30,16,13,7,10,13,8,16,18,16,15,19,16,16,15,15,16,24,,14,17,15,12,13,39,28,18,19,18,22,22,23,20,,25,24,25,,24,23,14,16,19,,15,15,21,,20,,22,15,15,18,18,15,16,,,,15,,,,14,,,,15,,15,21,20,,24,,,26,35,24,27,25,,25,18,17,15,23,17,,25,,,20,19,,29,,41,33,32,29,17,40,24,55,84,58,72,61,63,75,22,24,31,35,,32,28,25,26,28,24,,31,24,39,33,,24,21,23,,,,,80,75,,84,27,29,29,29,27,29,25,26,25,30,26,43,32,,36,39,,41,39,30,,30,50,,51,26,27,35,34,30,,34,46,36,36,36,40,,101,78,111,28,39,37,37,40,39,,46,36,,33,38,,,15,,,,,31,,,,,,,,,,,,,,,,22,,,,,,,,,,,,,,,,,,,,,,,,,,,,,,,,,,,,,,43,18,16,27,18,15,14,15,,,,,26,24,20,14,,16,45,51,42,41,38,17,,19,17,34,,,26,25,,54,53,50,,24,,41,40,,,,25,,,46,47,37,,,30,20,35,38,42,41,43,,22,13,20,16,,21,13,19,22,15,25,15,15,,16,13,,30,25,22,,8,8,24,22,34,23,23,23,15,27,26,29,,,19,30,28,,28,37,32,24,32,29,30,42,28,30,29,28,43,,,50,16,22,18,29,28,,17,20,19,,20,19,20,,14,14,14,14,10,19,22,,13,18,13,31,,12,12,13,,13,24,12,16,24,27,,14,,14,,,,14,14,14,15,15,15,,14,,20,17,21,20,18,16,21,,20,16,16,,,17,16,15,,16,14,15,,,35,12,13,77,38,25,14,32,36,25,26,23,27,30,28,,25,19,23,22,26,,34,22,41,41,34,27,31,30,20,,30,,,24,27,26,25,20,29,26,20,,26,,19,,14,18,18,17,,17,16,15,,15,15,16,15,16,,19,21,18,18,14,14,14,,19,15,18,26,34,,12,15,14,33,25,15,21,22,21,21,14,14,,26,29,29,,18,17,,15,15,13,14,,20,20,15,20,24,40,36,,32,43,,30,36,26,36,43,35,27,29,26,28,34,21,30,38,,29,38,45,33,43,18,24,27,30,32,26,36,35,,38,16,16,20,53,55,59,56,45,40,38,31,39,47,51,58,58,52,31,39,42,36,37,39,43,40,30,35,,58,51,42,27,22,,25,24,28,34,31,36,37,36,42,28,27,30,29,12,39,,,,33,33,,30,21,22,23,18,36,,37,40,37,,,,,34,43,44,38,44,25,,27,,28,23,26,30,27,31,25,26,22,27,17,,,,,36,27,19,18,,24,19,,21,18,18,25,40,20,20,17,26,29,28,35,47,51,,31,38,30,25,18,28,24,27,33,,18,14,,21,20,,32,31,28,,31,,,,15,15,27,30,31,30,40,35,38,37,28,26,26,11,,44,46,,23,25,77,,45,44,17,20,151,,,21,23,48,41,,,46,48,45,,48,46,38,34,24,42,35,,36,,,28,26,29,26,71,67,164,142,16,,30,41,39,71,73,106,118,119,117,,,43,33,,35,,33,40,40,29,24,10,16,31,15,12,17,23,19,,20,25,17,16,9,11,15,,15,,24,,50,62,26,25,68,32,16,13,17,34,13,28,,,14,15,27,15,,36,41,37,24,,26,12,,,22,13,16,19,25,26,21,24,17,16,23,44,28,33,45,,11,18,,56,18,29,31,36,37,34,17,35,,23,11,20,12,18,47,19,36,17,25,12,22,25,,20,,20,21,30,,,16,,15,39,37,24,25,26,,16,36,16,27,20,20,33,22,,15,14,27,34,19,24,24,,,78,24,28,16,25,29,27,36,,75,19,42,,47,21,15,19,12,,23,70,50,70,48,31,83,20,14,18,18,,23,21,,17,16,32,46,42,36,35,16,27,16,10,9,17,14,25,42,54,29,30,31,24,25,21,31,25,23,43,29,24,23,24,62,31,29,43,16,14,,13,24,15,20,26,17,11,12,16,14,15,14,15,15,16,30,31,,16,20,34,30,40,29,28,46,39,19,30,27,45,,44,23,31,35,19,22,19,19,27,,14,19,19,16,28,,45,,15,41,31,23,16,30,24,32,,42,46,57,52,12,22,18,15,17,16,52,36,29,13,20,48,,21,18,23,15,20,19,12,14,13,13,14,21,17,63,28,26,30,24,32,37,50,18,25,45,23,25,20,34,36,25,22,23,49,26,22,15,17,10,12,16,21,12,21,18,13,14,19,16,17,21,18,16,,,14,26,19,31,23,26,30,28,47,35,44,25,40,45,22,15,24,22,35,14,12,16,12,13,27,24,,,25,25,22,37,31,27,36,26,27,16,12,13,12,18,45,26,37,69,54,24,16,23,32,45,26,17,,18,24,28,25,33,15,28,33,33,28,20,25,,14,14,44,38,34,17,12,17,45,23,20,,19,15,26,14,27,15,31,20,15,,,26,40,15,16,18,14,12,16,15,16,13,33,30,31,25,22,20,36,39,21,32,38,35,67,64,24,23,35,17,23,42,46,27,23,31,31,34,22,48,67,,25,21,18,17,29,27,63,25,17,20,13,26,15,35,29,35,45,26,19,25,22,25,26,,42,14,24,106,27,46,20,28,8,13,11,13,11,35,22,14,22,50,18,14,19,14,26,17,14,11,13,13,43,43,32,23,24,38,36,60,33,,23,20,26,27,28,14,19,22,13,50
20230729,20,PM2.5,8,3,7,,10,10,10,8,7,,8,13,,,2,,6,9,3,,7,,,3,,3,5,,12,13,24,6,8,,4,,10,12,,12,4,5,11,12,,11,,12,9,7,2,11,7,10,,35,29,,23,17,33,3,6,9,3,8,4,14,,12,9,2,9,14,14,,9,12,7,8,26,,12,20,12,12,12,14,,14,16,,,12,14,20,14,20,9,8,,8,4,4,7,8,,7,7,20,13,12,11,10,13,13,16,7,17,18,11,11,17,9,,11,13,10,14,14,18,,12,17,22,,19,16,18,14,5,15,9,3,6,,8,6,5,7,2,5,2,5,5,2,7,7,5,12,,8,7,6,9,11,8,4,8,3,4,,9,,,,13,15,,14,14,11,,,,8,,5,7,5,2,9,7,5,2,5,,,,9,7,,6,10,9,9,7,,9,9,8,2,6,10,7,11,,9,,,10,,12,11,,10,13,13,,10,9,14,11,2,9,4,,,4,6,7,20,27,13,15,,8,,,8,,8,7,,5,8,12,4,3,5,,12,13,11,8,8,5,10,7,12,7,9,,6,7,1,5,,5,4,,,9,14,9,11,4,4,9,14,7,,8,6,8,,14,12,10,10,,14,7,12,15,12,,,9,7,2,9,10,10,5,,2,3,4,2,5,,3,7,7,17,10,19,9,6,,12,10,29,13,18,14,13,5,14,,19,18,3,20,,13,14,15,27,18,33,16,21,22,12,33,16,12,10,,3,10,9,16,16,10,14,10,16,21,18,17,,12,17,11,12,7,15,10,13,15,13,18,,,16,16,13,12,16,,14,12,16,17,7,19,21,20,22,28,22,22,19,24,,15,16,14,20,10,,14,24,17,18,24,7,11,,,22,27,25,18,20,,12,12,30,12,,,26,15,7,16,3,9,9,9,24,9,7,,11,30,16,16,19,19,5,5,6,5,6,6,22,10,,12,16,16,24,18,,22,,12,12,,30,,,18,,,,,8,,,,16,21,11,8,79,8,4,,15,14,18,17,18,20,29,17,22,28,20,17,11,13,3,17,,11,13,18,8,17,22,31,12,19,,10,6,5,4,3,6,6,4,5,2,10,5,5,7,5,12,9,,,8,,12,11,7,10,14,,12,6,,,17,8,8,9,,5,12,9,,7,2,2,9,10,14,12,,7,5,,,,8,,,9,,9,8,9,7,5,9,7,7,7,12,,12,,,25,,25,22,30,5,6,5,9,8,,22,19,19,15,16,16,24,29,17,29,14,10,15,8,7,29,12,24,11,18,,8,30,,,8,10,,8,8,,2,16,,17,11,,,2,7,,47,,22,21,16,20,,,,2,5,,25,28,,45,,7,6,14,,3,8,11,14,13,,4,4,5,5,4,5,8,7,10,6,7,4,,4,8,15,5,5,4,6,9,5,3,4,5,8,11,8,8,7,6,2,2,,3,7,7,8,9,9,11,6,12,6,10,14,14,12,,17,13,11,,10,10,8,10,6,,6,2,7,,14,,12,8,6,12,9,4,8,,,,7,,,,3,,,,4,4,,9,14,,7,,5,7,7,5,12,11,,17,12,7,7,16,6,,8,,,7,11,,10,2,18,15,22,20,4,7,9,39,62,36,52,42,45,55,3,5,11,6,,16,13,15,14,13,14,,7,9,14,22,,11,11,7,,,,,20,17,,20,14,7,20,11,14,12,14,18,10,13,18,6,19,,24,16,,26,27,21,,19,20,,26,7,8,24,17,19,25,5,32,14,25,24,22,,27,26,36,8,7,8,8,2,13,,12,13,2,12,3,,,5,,,,,7,,,,,,,,,,,,,,,,9,,,,,,,,,,,,,,,,,,,,,,,,,,,,,,,,,,,,,,30,5,4,12,10,10,2,5,,,,10,2,7,9,,,11,31,30,29,27,20,6,,13,8,13,,,18,14,,32,32,6,,7,,10,13,,,,12,,,20,19,17,,,15,14,8,3,14,9,17,,,3,14,11,2,7,6,9,9,9,7,4,1,8,,9,,21,17,9,,1,,2,2,17,9,3,4,4,10,3,14,,,11,12,11,,12,15,22,10,5,,18,21,14,15,10,14,7,,,35,5,15,12,9,6,,8,4,,,6,5,3,,8,2,7,6,6,4,6,,2,5,6,9,1,2,6,9,,8,6,7,3,7,2,,2,,8,,,,2,5,1,10,7,9,,3,,8,7,10,12,12,6,9,20,14,10,10,7,2,9,10,7,12,9,6,3,7,,24,2,3,56,26,2,6,22,25,14,15,16,18,9,19,,17,7,10,15,17,,22,7,17,13,11,17,11,19,12,,14,16,,12,16,11,15,8,4,18,12,,18,,13,,8,2,10,,,2,1,5,,6,2,8,5,4,,5,3,9,6,3,5,3,,5,10,12,2,5,,4,,8,9,12,10,8,6,11,6,2,,,15,19,20,,12,4,,7,3,9,8,,14,10,8,12,11,17,16,,16,24,,21,15,9,20,15,7,9,15,13,9,12,9,18,26,23,20,26,31,17,28,4,16,16,11,10,8,18,22,,25,11,10,6,37,32,36,39,14,27,18,14,25,14,31,41,41,36,21,21,20,20,20,15,14,28,21,24,,41,25,24,7,2,,2,6,5,12,3,15,16,12,15,12,11,8,8,6,9,,,,21,16,,14,8,7,7,1,5,,17,20,24,,,,,8,14,12,17,12,10,,18,,3,11,8,5,10,9,17,16,8,7,10,,,,,19,8,10,11,,7,13,,12,10,8,12,21,6,14,7,11,13,19,24,19,18,,15,22,21,17,10,8,9,11,23,,10,9,,13,9,,9,6,3,,5,,,,,3,7,9,13,13,10,13,13,13,9,7,9,6,,10,4,,10,14,55,,17,17,7,7,56,,,10,9,13,21,,,19,15,23,,20,8,5,8,4,6,9,,9,,,6,3,3,2,28,36,29,32,,,11,2,10,33,31,54,46,58,41,,,9,17,,5,,7,22,21,13,15,6,,15,2,4,7,16,,,7,13,9,7,6,6,8,,4,,5,7,19,44,9,11,31,10,6,5,10,19,9,7,,,8,6,10,7,,8,8,6,11,,8,5,,,9,6,3,9,12,9,10,5,7,6,10,20,11,17,28,,1,1,,39,8,12,18,5,22,17,7,24,,9,5,7,4,,15,12,17,7,11,5,5,17,33,5,,13,6,8,,20,5,,4,14,5,9,10,11,7,3,7,,14,6,7,22,8,,6,8,7,14,10,7,9,,,24,7,19,5,8,1,12,10,2,55,13,12,16,32,10,5,8,2,,9,13,8,15,6,2,29,7,2,5,6,,6,8,,4,3,21,10,6,5,24,11,5,8,7,5,10,8,13,24,32,18,13,12,12,9,14,19,17,4,12,14,14,16,4,44,18,10,22,11,2,,3,16,8,8,12,3,4,4,5,5,5,5,3,8,11,18,12,,6,13,17,3,28,14,16,18,20,10,21,14,9,,14,10,10,10,12,9,9,9,5,,7,12,13,,10,30,24,,10,9,9,16,6,15,8,19,46,29,22,30,21,8,11,11,8,9,3,4,9,15,9,7,20,,7,6,12,8,8,10,5,7,8,5,7,7,7,7,5,9,6,14,10,17,22,5,15,22,11,12,10,14,6,8,8,5,34,18,3,7,4,5,2,2,4,6,14,4,5,6,10,4,4,6,8,9,6,4,4,5,7,17,16,13,16,19,21,20,24,9,16,24,7,10,5,7,24,4,5,5,5,9,5,9,,,11,8,8,8,11,11,9,14,11,11,5,7,4,7,31,18,24,50,36,13,11,12,15,10,11,10,,7,13,12,11,23,6,16,2,16,19,12,12,14,7,8,23,25,11,8,7,2,31,7,5,,13,1,8,9,15,8,5,5,,4,11,13,4,2,5,4,2,4,6,1,4,5,23,14,5,8,7,10,12,23,8,15,12,,39,12,9,6,24,6,5,15,19,14,9,14,16,18,8,12,13,,15,4,4,5,5,17,16,9,7,2,9,7,,3,3,22,31,11,,17,10,11,18,,8,7,10,36,9,32,8,9,4,7,7,7,4,18,8,5,12,11,12,9,12,5,18,7,3,7,5,9,13,19,16,7,12,17,16,43,13,5,14,7,6,1,13,9,11,12,6,9
20230729,20,PM2.5_24h,24,15,20,19,21,22,16,18,14,25,18,18,,,7,,7,8,9,,7,,2,3,,3,8,,23,28,28,17,18,21,10,,12,16,,21,9,5,10,15,,12,,10,9,7,16,14,14,16,,28,12,,18,21,19,18,16,16,17,15,20,22,,25,9,5,11,14,15,,13,16,16,17,29,,19,27,31,27,28,25,,14,13,,,13,16,14,15,20,13,11,,10,8,12,14,14,,14,2,6,5,4,5,3,3,5,6,3,12,12,11,10,11,9,11,11,12,11,16,11,10,14,13,11,18,,14,10,19,12,6,10,6,5,6,,5,7,5,8,2,3,1,2,4,2,6,6,5,18,,7,7,7,8,7,8,2,6,3,2,,4,,,,9,11,,9,11,11,,,,10,,5,5,7,4,6,8,6,2,7,,,,7,7,,7,9,9,8,7,,8,7,7,3,5,6,7,11,,10,,8,10,,8,8,,7,9,10,,10,7,8,7,7,6,6,,,5,5,4,12,10,10,12,,7,,,10,,4,7,,13,9,10,5,6,6,,7,7,7,8,8,6,6,4,7,10,11,4,9,11,5,6,5,8,2,,,1,2,2,10,8,6,8,7,4,,8,8,12,,10,10,5,7,,7,6,11,13,12,,,7,5,5,7,8,7,10,,5,5,7,5,7,18,6,6,4,10,6,12,12,6,,6,5,7,10,11,12,7,5,10,29,10,8,3,23,,21,22,21,17,18,21,20,19,15,15,23,18,12,14,,10,14,12,14,20,15,19,10,15,18,17,17,,13,21,28,20,18,21,17,16,14,19,13,,,20,18,17,19,12,13,17,15,19,20,20,18,30,28,29,29,28,25,29,36,,16,20,16,16,13,,22,26,17,16,21,11,14,,,21,22,21,16,16,,12,12,15,12,,,17,12,7,17,8,9,7,12,17,13,7,,14,39,15,14,18,16,7,7,6,6,8,7,18,13,49,11,19,14,21,8,,21,,9,13,,17,,21,20,,,,,11,,,,18,17,20,30,100,27,16,,28,11,9,12,11,8,11,9,9,12,12,18,8,10,6,13,,22,20,17,18,15,18,15,16,18,,7,7,6,13,10,11,13,6,6,4,9,7,9,8,6,10,8,,,7,,9,7,7,5,12,,12,7,,,12,8,10,6,,4,8,8,,8,5,2,5,10,5,7,7,5,3,,,,7,,,9,,8,6,8,6,6,8,6,4,5,8,,9,,,16,,15,22,21,11,10,10,14,13,,23,24,24,21,28,21,30,30,18,27,9,10,11,11,11,17,10,10,13,19,,14,20,19,,14,14,,12,13,10,12,13,,17,11,,,6,12,,24,,21,19,16,21,8,10,,12,12,,50,32,,45,,20,22,20,,26,21,10,11,9,,7,8,8,10,11,7,6,14,11,8,9,8,11,6,9,16,7,5,15,13,10,9,9,9,9,10,9,9,10,8,13,4,7,,8,9,11,10,6,6,19,11,19,13,8,8,8,8,,9,8,9,,9,7,8,6,5,,6,7,4,,12,,13,8,10,13,8,4,5,,,,8,,4,,6,,9,,8,6,6,18,19,,19,,8,10,6,5,10,11,,15,10,6,7,13,8,,12,,,7,12,9,12,10,16,19,18,14,12,5,10,16,36,30,32,29,29,28,8,8,10,10,15,12,14,15,17,17,15,,13,8,14,18,6,7,6,2,,,,,12,12,,12,12,12,11,11,15,16,9,14,9,13,10,11,12,,19,22,,13,15,18,,15,18,,18,4,3,7,6,7,13,4,11,33,35,31,43,,18,21,45,9,14,11,12,4,9,,17,9,14,15,14,,,9,,,,,6,,,,,,,,,,,,,,,,4,,,,,,,,,,,,,,,,,,,,,,,,,,,,,,,,,,,,,,10,2,3,8,10,8,1,4,1,,,9,12,10,11,8,,18,26,29,20,25,27,18,,26,22,36,,,37,38,,29,30,18,,18,,14,15,,,23,16,,,15,14,24,,,12,12,11,7,15,10,13,14,10,9,19,14,6,9,8,10,11,9,12,13,13,14,4,14,,12,15,8,,5,2,6,6,16,14,5,7,8,12,3,10,,,8,7,9,10,7,11,9,6,6,6,11,16,9,10,10,11,10,,,13,7,9,8,13,14,,10,6,5,,9,9,5,,10,8,6,12,6,8,9,,5,9,6,5,7,5,6,5,,7,5,5,5,5,5,,3,,7,,,,2,2,4,8,5,3,,6,,7,6,6,4,3,4,4,31,9,10,10,7,3,4,9,5,13,11,8,10,4,,5,7,10,31,9,5,5,13,12,13,12,10,14,12,15,,6,7,7,7,9,,14,10,13,14,14,18,14,17,12,,12,15,15,9,11,8,9,7,8,7,6,,11,7,10,,3,2,7,9,,7,7,5,,6,6,13,5,6,,6,6,9,6,7,7,6,,6,7,10,4,8,,6,3,7,13,14,8,11,3,13,8,2,1,,8,25,10,,7,5,,10,6,9,5,,10,8,9,17,12,11,16,,14,18,12,16,13,4,17,15,7,11,11,10,7,14,16,14,18,17,15,24,18,27,24,6,13,15,13,14,8,14,15,11,12,8,8,9,29,26,30,28,14,17,12,11,15,15,26,24,26,21,21,19,19,16,18,16,19,25,21,21,,34,23,25,6,6,,4,7,6,10,6,15,16,10,15,23,19,14,20,10,5,,,,22,17,,19,5,4,6,8,7,,10,11,11,,,,,7,6,10,8,6,10,,15,,7,11,7,6,9,10,14,8,8,6,9,,,,,9,6,8,8,15,7,12,,11,6,6,13,16,6,11,6,13,10,13,18,23,19,,25,28,21,22,10,6,10,8,15,,12,8,,9,4,,5,5,5,,14,,2,,2,4,6,10,7,12,16,16,14,37,7,10,9,8,,9,5,,7,7,18,,18,24,6,6,45,47,,7,5,12,13,,,15,11,23,,16,9,14,18,3,14,8,,7,,,4,3,2,2,51,55,25,29,7,,26,8,12,22,27,45,35,45,40,,,13,13,,8,,6,25,26,25,10,9,9,17,2,5,4,25,16,,21,10,10,8,6,6,7,,4,,4,8,14,14,8,11,55,9,5,11,12,18,8,8,,,17,6,7,6,,12,14,13,12,,9,3,,,6,5,4,9,9,6,10,5,5,5,10,20,17,15,32,,6,10,,21,11,13,13,16,24,17,8,21,,8,6,3,6,3,23,6,27,5,12,4,5,14,9,5,7,8,8,10,,20,5,16,5,10,12,10,12,13,4,6,13,2,14,9,8,15,8,,6,5,4,15,7,10,9,,,19,6,17,8,9,1,8,9,10,15,12,10,12,26,5,9,12,2,,9,17,11,16,7,5,37,8,6,5,8,8,7,6,5,5,14,22,17,8,17,17,11,8,8,7,4,10,8,8,17,22,23,26,17,21,20,17,19,18,10,15,18,18,15,14,19,21,15,13,5,18,,7,9,7,6,8,5,3,5,7,5,5,7,5,14,13,10,13,12,7,13,16,10,21,12,15,27,23,10,17,12,20,,19,12,22,7,6,11,6,3,4,,5,13,14,2,11,18,17,,7,10,12,11,12,19,10,27,26,21,16,22,22,5,9,9,5,5,5,3,11,6,19,13,21,16,6,3,8,7,10,6,6,8,7,6,4,11,6,8,21,18,19,28,31,25,15,9,11,18,15,13,13,24,18,16,16,13,27,28,5,6,11,21,24,3,4,5,8,5,9,8,7,7,8,6,6,6,11,6,7,8,12,10,12,11,14,15,17,10,20,4,12,12,10,5,5,4,6,7,6,4,9,4,7,5,,10,10,10,4,5,16,13,8,10,20,7,6,8,5,7,14,15,18,22,26,13,7,8,16,10,11,11,,5,12,9,7,20,13,20,7,16,10,8,7,9,6,9,21,19,14,19,17,14,30,21,11,23,11,18,13,18,21,16,16,10,10,19,21,20,14,19,19,7,2,8,13,2,8,8,30,21,10,16,5,24,22,16,27,10,6,19,53,29,8,9,30,23,12,16,15,16,10,14,21,20,7,16,21,,9,5,8,7,7,13,10,6,4,2,11,3,7,6,6,20,23,12,2,10,9,8,8,,5,6,10,31,35,36,7,32,12,16,26,17,21,18,9,7,10,20,6,6,11,7,20,12,15,14,17,15,13,15,7,7,8,20,10,34,9,4,15,9,5,2,15,8,9,6,7,14
20230729,20,PM10,9,8,9,1,17,11,19,8,12,5,9,19,,,6,,10,20,5,,14,,6,10,,8,7,,42,23,6,13,20,22,8,,17,18,,19,3,4,12,24,,28,,12,17,14,6,21,32,37,,20,46,,60,27,49,19,20,22,10,15,18,13,,31,2,13,17,19,18,,12,14,18,13,33,,18,31,21,17,20,33,,29,31,,,24,30,43,31,24,19,15,,17,14,9,16,11,,15,13,24,13,20,16,10,8,10,15,13,39,27,36,35,32,21,,30,30,27,24,33,44,,,50,22,40,40,62,70,59,19,24,17,18,17,,20,19,20,20,10,12,14,14,12,10,1,11,7,18,,16,15,17,15,17,16,13,9,8,5,10,14,,,,24,25,,32,17,19,,,,22,,5,12,17,7,24,7,9,12,11,,,,13,7,,14,16,20,19,17,,17,17,17,22,12,17,19,14,,22,,17,19,,30,27,,19,20,18,,17,22,26,25,4,14,11,,,16,9,18,36,38,35,48,,35,,,14,,17,12,,9,22,19,17,13,21,,25,21,22,14,17,26,29,19,7,9,17,,12,9,12,5,3,7,11,,18,17,20,22,,8,15,16,17,9,,6,2,19,,16,17,24,17,,27,12,20,17,19,,,27,22,24,31,19,22,12,8,6,8,9,5,,8,10,15,18,25,19,22,17,18,,23,2,16,13,30,15,49,19,17,32,15,23,10,35,,26,31,24,52,33,66,30,37,37,30,31,40,20,22,,14,17,27,25,18,18,14,18,29,36,41,28,,28,7,16,26,,19,12,7,38,16,29,,,30,32,25,44,25,,31,19,25,23,8,26,21,32,40,28,21,36,24,45,,28,27,24,30,23,,25,25,21,32,40,19,19,,,27,36,41,35,31,,20,32,38,25,,,38,22,19,17,14,14,19,29,24,19,14,,25,36,38,27,40,30,11,10,9,11,20,16,26,21,28,21,23,24,40,22,,74,,21,17,,43,,,34,,,,,11,,,,21,20,21,25,60,30,28,,34,34,24,38,40,35,36,35,32,34,38,31,8,29,30,23,,36,26,14,20,56,56,63,48,48,,14,12,10,5,5,4,8,5,7,5,4,9,10,12,17,21,18,,,12,,22,,9,19,17,,14,7,,,27,24,33,19,,16,13,17,,17,22,9,24,12,14,24,,19,19,,,,17,,,14,,16,7,2,7,19,24,29,12,15,17,,12,,,33,,30,32,46,15,10,14,17,19,,47,34,43,32,42,28,36,46,39,41,24,27,35,8,13,115,15,24,26,16,,21,49,,,14,13,,19,20,,17,22,,16,30,,,2,2,,31,,46,35,34,44,7,6,,2,10,,46,49,,56,,7,20,8,,16,15,32,31,28,,15,9,15,19,14,15,15,24,26,14,17,12,19,3,18,30,16,13,7,10,12,8,16,18,14,11,19,16,13,8,12,16,24,,11,17,15,10,12,39,26,11,18,9,22,20,18,16,,22,24,25,,11,23,12,16,19,,15,15,4,,11,,22,3,11,12,9,15,9,,,,8,,11,,4,,,,5,9,15,18,19,,9,,17,18,27,24,23,20,,23,15,16,13,16,7,,12,,,9,19,13,29,,41,33,31,25,11,40,20,44,69,65,70,72,71,76,15,11,18,22,24,19,28,25,24,28,22,,31,21,39,33,,24,21,18,,,,,23,37,,23,15,12,26,15,24,16,25,21,23,30,20,43,32,,36,39,,41,35,27,,30,50,,52,26,27,30,34,24,32,10,36,36,19,36,40,,152,105,171,26,35,25,27,14,11,,46,5,26,33,24,,,15,,,,,31,,,,,,,,,,,,,,,,22,,,,,,,,,,,,,,,,,,,,,,,,,,,,,,,,,,,,,,26,18,11,27,18,10,10,13,13,,,15,22,15,20,11,,11,44,51,38,41,38,2,,12,8,34,,,21,22,,58,56,50,,15,,34,36,,,,19,,,39,43,30,,,30,16,35,26,25,28,12,17,22,5,18,16,12,21,13,19,22,13,25,15,10,,11,3,,30,22,15,,8,4,24,22,34,21,5,20,15,27,26,29,,,19,12,11,,18,37,29,10,21,17,10,42,19,23,14,28,21,,,33,9,21,2,16,7,,15,10,7,,7,7,7,,4,11,5,8,10,9,6,,8,18,10,31,11,8,8,8,,12,24,11,16,19,13,,6,,6,,,,1,10,8,3,4,8,,6,,20,17,21,20,18,16,21,14,12,16,12,26,,17,16,10,15,15,14,12,12,,29,4,13,19,26,25,14,22,25,22,23,14,27,30,27,,15,19,23,18,26,,34,22,41,41,34,27,31,30,20,,30,27,,24,27,26,25,20,29,23,20,,3,13,11,,11,6,18,3,,2,3,10,,8,7,8,7,2,,12,14,12,10,9,14,8,,19,14,2,26,34,,12,15,10,33,25,13,21,12,14,18,14,12,,18,16,20,,4,17,,15,15,8,14,,19,18,14,20,24,40,36,33,32,43,34,24,36,24,36,43,35,17,28,26,28,34,21,23,28,21,21,30,36,24,43,17,24,27,30,32,26,25,27,,18,16,16,16,54,60,68,62,45,40,38,31,39,47,52,56,44,51,31,39,42,36,37,39,43,32,24,26,,57,51,42,15,9,,11,19,28,34,17,21,19,28,42,12,15,18,14,12,21,,,,18,26,,21,21,8,22,17,36,,34,28,34,,,,,22,21,20,27,20,18,,18,,15,12,23,14,15,20,21,26,17,27,14,,,,,36,19,19,15,,9,18,,12,18,18,18,40,11,16,11,26,29,25,25,47,52,,31,38,20,21,18,28,21,27,20,,13,4,,15,9,,11,13,8,,26,,,,3,7,27,24,10,18,23,26,22,21,21,12,19,7,,18,21,,18,25,103,,45,44,17,20,251,,,21,17,20,27,,,17,23,20,,28,20,17,30,10,34,22,,23,,,26,12,12,9,91,83,277,234,4,,22,19,20,91,95,162,186,187,183,,,25,20,,23,,21,27,30,18,16,10,3,31,9,8,14,18,5,,20,25,17,16,7,1,15,,5,,24,6,32,45,16,12,85,27,12,13,17,21,10,10,,,14,9,27,15,,20,15,27,24,,7,8,,,22,13,16,19,22,14,21,24,17,16,16,44,21,28,45,,6,,,61,15,26,19,9,28,34,17,28,37,23,11,20,6,13,25,19,36,17,18,12,17,16,,6,,14,15,24,,50,16,,13,19,17,16,16,15,16,16,29,16,27,17,20,33,22,,15,11,27,34,9,15,14,,,34,17,19,12,16,10,25,36,7,94,7,42,18,47,21,8,9,10,,12,26,27,33,23,19,115,20,14,18,18,17,23,21,20,17,5,32,17,33,33,32,16,20,16,6,9,17,14,25,36,57,29,30,31,24,25,21,31,22,14,43,22,24,14,24,74,31,29,43,2,4,,6,20,6,9,17,1,10,8,8,7,6,8,13,7,15,13,9,,8,16,25,17,33,29,26,42,39,19,30,25,23,,22,23,13,35,19,17,19,19,27,,14,17,16,,12,39,45,,14,16,31,13,16,30,13,32,70,27,46,63,53,12,22,18,13,17,15,53,36,29,12,20,42,,15,9,17,15,16,8,12,14,10,13,14,21,17,75,6,21,13,22,18,36,41,18,24,45,23,25,12,24,9,15,22,14,34,23,22,5,17,7,4,4,9,7,17,12,12,9,15,5,6,21,5,4,,14,8,10,19,31,19,26,30,15,26,27,31,25,24,28,22,15,24,22,14,9,7,7,7,12,27,24,,,25,25,22,15,25,6,19,24,27,15,7,13,12,12,39,26,37,74,57,21,16,17,32,45,26,15,,18,24,14,13,19,13,27,19,23,15,20,25,16,14,12,44,38,28,16,2,6,34,22,20,7,10,14,26,14,27,8,31,6,13,42,46,26,40,7,16,6,5,5,16,9,14,12,24,26,31,23,22,14,36,39,8,32,19,24,84,78,13,13,32,9,22,31,46,27,23,31,31,34,19,26,32,,22,19,8,17,29,21,33,25,17,20,13,26,6,21,18,35,31,18,19,24,22,25,23,,42,9,24,162,27,37,20,28,7,13,11,12,7,35,22,10,22,20,14,9,19,14,7,7,6,8,11,13,25,29,24,19,24,38,36,50,33,9,21,9,10,9,25,14,19,22,13,35
20230729,20,PM10_24h,38,28,37,38,22,36,34,32,27,30,31,32,,,12,,11,19,15,,9,,7,6,,7,10,,38,49,33,31,35,36,26,,25,24,,26,20,11,18,22,,25,,18,16,13,26,35,37,46,,34,27,,40,33,37,35,34,34,36,33,39,30,,44,10,14,16,23,23,,26,19,24,22,34,,31,40,53,42,39,43,,30,27,,,28,30,36,36,29,31,28,,27,19,28,28,23,,24,8,9,12,8,19,10,1,8,15,12,29,26,26,25,28,18,20,28,30,22,26,34,29,42,41,41,40,44,44,33,42,49,21,24,20,12,22,,19,22,20,22,12,12,13,11,11,13,19,10,11,27,,17,18,15,17,17,16,11,11,11,6,10,20,,,,21,22,,32,15,15,,,,18,,13,16,14,9,18,11,12,11,17,,,,18,12,,17,17,19,14,14,,16,13,16,17,14,16,20,16,,22,,17,20,,18,17,,15,14,13,,16,25,15,15,14,12,9,,,9,9,13,20,22,21,36,,14,,,14,,14,14,,20,23,22,21,18,21,,16,14,17,15,15,12,15,11,12,12,14,9,14,15,16,11,11,14,6,,6,10,9,10,,18,22,11,8,4,,8,7,19,,13,14,16,14,,18,18,17,17,13,,,24,18,21,27,19,17,9,10,10,10,13,12,16,12,16,14,15,16,16,18,15,12,,21,10,12,13,18,11,23,18,9,12,14,25,24,36,,41,43,31,43,36,43,29,28,26,34,28,43,24,24,,20,31,27,29,25,21,25,21,30,29,37,28,,26,40,42,23,31,22,23,22,27,23,23,,,37,33,35,36,31,32,28,27,33,30,27,25,48,47,47,39,42,42,46,55,,29,32,33,27,23,,31,30,24,29,30,20,22,,,35,32,36,34,23,,22,24,29,27,,,29,17,24,22,22,15,28,29,26,22,26,,25,70,21,21,26,23,13,14,11,10,15,15,27,23,31,19,28,21,31,18,,50,,20,24,,37,,29,29,,,,,13,,,,25,32,93,88,79,94,83,,96,23,17,22,23,24,22,23,22,23,22,30,15,25,18,31,,37,34,34,32,48,43,39,35,51,,15,14,13,15,15,13,17,12,12,10,13,14,17,16,15,15,17,,,8,,20,11,8,15,16,,13,13,,,14,14,18,12,,11,11,8,,17,23,16,16,14,10,12,10,10,11,,,,13,,,20,,20,13,8,14,19,21,24,8,7,12,,11,,,32,,26,35,32,15,15,20,17,16,,41,36,36,33,46,29,43,39,31,39,19,20,22,20,22,46,16,28,29,28,,28,34,34,,20,19,,23,21,22,22,23,,35,18,,,18,17,,31,,40,35,40,44,16,17,,13,16,,57,63,,66,,29,39,45,,40,40,22,26,20,,16,15,21,24,18,16,20,35,23,17,22,15,26,17,21,29,14,14,27,18,19,16,23,27,15,15,18,21,16,12,26,16,31,,15,9,8,14,12,18,27,18,20,29,22,16,14,23,,15,20,19,,6,15,12,13,10,,13,13,6,,14,,19,10,15,14,14,13,11,,,,15,,16,,18,,9,,12,9,24,29,60,,30,,22,18,18,20,14,19,,16,13,17,11,14,13,,18,,,9,22,18,23,19,32,34,30,27,18,30,18,28,38,46,52,48,53,41,17,18,15,16,22,21,22,26,27,32,24,,32,18,26,26,14,21,17,14,,,,,13,26,,15,18,24,23,19,24,22,20,21,20,25,13,27,21,,29,32,,22,22,32,,24,27,,28,7,10,14,13,12,14,10,11,55,42,40,52,,85,67,157,17,26,23,22,11,11,,54,12,50,49,61,,,24,,,,,20,,,,,,,,,,,,,,,,12,,,,,,,,,,,,,,,,,,,,,,,,,,,,,,,,,,,,,,18,12,15,16,17,12,15,13,10,,,14,26,37,24,21,,21,48,67,39,48,58,29,,34,40,57,,,48,56,,40,34,32,,29,,41,34,,,37,21,,,30,34,39,,,17,17,21,21,22,23,15,29,33,17,28,27,13,19,14,26,28,23,30,25,32,39,28,32,,26,23,14,,11,6,29,33,27,18,12,17,15,41,16,24,,,16,14,10,17,9,23,22,10,9,22,14,37,13,15,19,18,14,,,21,9,18,3,22,22,,10,20,18,,16,18,17,,14,16,11,20,14,16,15,,12,15,15,20,13,11,8,10,,10,19,10,14,17,8,,7,,6,,,,5,8,5,7,11,14,,9,,15,17,11,13,15,16,16,8,16,16,15,16,,10,11,11,20,17,17,15,9,,10,10,12,31,13,25,5,18,22,21,20,14,28,32,26,,11,18,21,31,20,,24,20,24,26,30,26,26,26,22,,22,27,27,21,19,38,17,17,20,16,17,,8,10,8,,15,12,18,10,,10,10,12,,12,10,14,8,7,,13,13,11,9,14,15,13,,14,11,9,23,30,,22,23,13,28,22,20,17,15,15,18,13,19,,19,20,20,,7,9,,19,12,8,10,,14,12,11,36,22,24,33,25,25,30,26,21,29,22,33,27,20,15,22,18,19,27,24,29,25,27,16,30,24,28,37,16,19,24,29,25,24,28,26,20,19,15,22,20,52,51,57,59,29,30,25,26,29,43,44,36,35,41,40,29,44,28,31,32,36,37,34,35,,55,37,37,17,16,,12,16,19,22,18,14,15,21,24,28,31,24,33,17,21,,,,23,28,,28,27,23,23,24,29,,19,18,19,,,,,18,15,16,17,16,24,,21,,12,14,20,16,18,26,17,10,15,19,9,,,,,22,18,12,10,29,15,18,,16,13,15,19,19,12,15,5,31,22,20,23,27,31,,24,35,28,32,20,11,15,13,25,,22,14,,15,8,,7,12,12,,44,,6,,7,8,17,25,23,22,26,23,24,30,13,25,25,16,,23,19,,13,17,48,,64,73,10,19,175,185,,13,10,20,22,,,25,26,39,,28,20,20,34,6,24,21,,18,,,23,11,7,6,195,168,106,115,23,,93,42,38,70,72,133,169,167,165,,,32,27,,30,,38,81,95,110,20,16,16,34,7,8,7,39,27,,32,20,18,18,10,10,14,,8,,12,11,28,20,23,25,160,28,12,36,23,27,12,13,,,38,9,18,11,,27,24,29,15,,11,9,,,19,17,20,18,15,14,20,21,15,16,17,40,24,29,54,,12,11,,38,19,19,18,73,35,24,16,31,31,23,13,14,8,9,45,10,40,13,14,15,18,15,14,7,10,10,11,33,,36,14,29,16,19,26,22,20,18,11,25,27,29,25,15,19,29,20,,16,9,13,22,12,16,15,,,28,23,18,10,17,6,16,22,12,47,8,33,15,40,10,13,10,10,,14,28,31,32,27,24,115,19,22,18,21,24,16,18,21,23,27,31,26,34,40,28,17,16,16,9,12,21,21,18,25,41,39,47,37,36,34,25,30,27,20,34,31,30,16,29,34,35,37,34,8,26,,12,12,10,12,15,6,10,10,13,11,20,12,14,15,15,17,14,15,6,16,18,21,31,26,19,28,33,13,26,20,29,,25,15,28,17,12,15,15,11,17,,11,17,13,12,17,23,22,,12,39,23,18,17,28,15,41,42,33,32,44,34,11,18,13,8,9,13,32,22,15,32,30,40,33,14,8,11,16,17,14,16,16,11,14,14,26,17,18,96,93,81,100,108,83,22,15,18,30,27,25,24,38,24,28,26,21,39,43,25,5,16,29,35,7,13,16,12,12,16,15,15,9,13,10,11,10,19,13,11,21,32,22,12,26,21,22,25,16,27,17,21,18,20,11,16,12,20,17,12,12,14,6,21,10,,16,12,15,12,14,26,4,19,14,29,12,18,16,15,13,19,24,33,35,42,22,9,16,34,27,22,20,,20,19,22,16,20,20,30,18,22,9,11,13,17,14,18,48,34,23,29,20,16,71,42,37,42,15,32,28,30,23,15,49,31,36,60,56,50,56,35,49,12,10,13,18,7,9,10,35,24,21,18,23,40,33,24,33,25,19,91,126,105,16,18,44,34,24,42,31,29,20,25,36,34,27,28,41,,15,21,12,19,16,23,24,18,10,10,11,14,20,15,20,31,22,20,20,12,36,15,17,,21,11,25,135,65,52,16,58,29,33,47,30,39,40,28,19,17,32,17,14,19,12,23,19,26,24,35,29,41,33,17,23,13,38,26,41,21,10,25,17,7,8,26,13,14,12,16,40
20230729,20,SO2,3,3,3,3,3,3,1,2,3,3,3,3,,,5,,2,4,5,,4,,4,4,,3,2,,2,1,3,3,3,1,6,,2,2,,2,4,4,2,5,,4,,2,3,3,8,3,6,8,,7,,,4,4,9,6,6,7,7,4,3,3,,4,4,6,2,3,2,,6,4,3,4,9,,4,4,2,4,2,6,,4,6,,,8,5,6,6,4,7,6,,4,5,7,5,4,,7,4,4,7,4,6,5,4,6,5,6,4,4,4,5,2,5,,4,3,2,8,5,6,,6,6,5,5,2,4,6,8,4,8,6,2,4,,2,5,6,5,4,3,3,6,3,6,4,6,7,5,,6,7,8,6,8,5,7,9,6,5,5,3,,,,6,8,,6,8,4,,,,5,,2,4,9,5,9,4,8,5,6,,,,6,5,,3,2,6,3,6,,7,6,8,6,7,8,5,2,,5,,8,6,,7,4,,4,6,6,,7,4,6,5,2,4,7,,,3,4,4,5,6,6,5,,4,,,2,,7,3,,4,2,3,5,3,4,,2,4,4,7,3,5,5,3,5,4,4,3,5,5,8,8,7,9,2,,4,2,3,3,1,1,1,8,5,7,,5,5,11,,7,5,6,5,,4,8,,6,5,,,3,6,5,6,4,4,3,1,3,2,1,1,3,2,3,6,8,8,6,6,5,5,,6,6,3,4,4,1,4,2,4,3,1,5,3,4,,5,5,8,6,7,6,6,8,4,5,6,4,4,6,,5,6,5,7,4,6,4,4,5,8,5,5,,4,4,4,5,6,6,10,6,8,3,6,,,9,7,6,4,5,6,6,5,6,9,4,8,4,4,6,5,5,6,5,3,,7,5,7,7,8,,5,5,4,6,6,5,5,,,6,8,5,4,6,,3,3,1,2,,,3,2,5,4,2,5,3,,4,5,2,,5,10,9,4,7,7,7,13,8,11,9,10,7,5,3,6,5,6,2,5,,4,,4,6,,6,,,7,,,,,4,,,,6,9,5,6,15,4,4,,14,10,3,10,10,6,4,,4,6,5,1,6,4,7,12,,10,15,8,5,5,8,11,10,8,,4,4,4,3,4,6,3,2,2,4,1,5,1,2,8,7,8,3,,4,,4,2,4,1,6,,7,2,,,7,2,1,14,,8,6,7,,8,10,7,9,7,6,4,,4,12,,,,11,,,5,,4,7,6,8,5,8,6,3,4,4,,5,,,12,,14,8,9,4,4,8,4,7,,13,10,8,8,5,4,6,5,4,4,1,2,3,8,4,6,4,5,4,6,,5,3,,,4,4,,6,5,3,5,4,,6,5,,,4,4,,4,,7,4,10,8,7,10,,4,8,,8,6,,7,,7,6,7,,7,6,12,16,15,,7,7,6,5,2,4,5,3,7,8,8,7,7,4,3,6,5,6,6,15,3,22,3,4,6,5,6,6,4,6,5,3,6,,5,5,4,4,2,4,5,6,2,4,2,4,6,2,,7,9,6,,4,7,8,9,7,,10,16,7,,3,,3,4,6,3,8,5,4,,,,1,,1,,6,,,,1,6,4,2,2,,5,,6,2,5,2,8,5,,4,6,8,5,6,2,,4,,,7,4,6,3,7,4,5,8,4,6,3,2,4,8,5,6,7,6,5,2,2,4,4,7,5,4,8,8,7,5,,10,6,26,15,4,5,7,3,,,,,2,3,,1,1,9,11,36,5,5,6,7,3,2,4,6,6,,4,2,,8,2,5,,6,4,,3,6,6,5,10,4,5,5,5,5,6,5,4,,7,5,2,17,15,7,6,9,3,,7,7,,4,5,,,4,,,,,6,,,,,,,,,,,,,,,,5,,,,,,,,,,,,,,,,,,,,,,,,,,,,,,,,,,,,,,7,3,1,3,1,2,2,4,2,,,5,10,14,9,8,,9,5,7,4,5,6,6,,7,6,5,,,2,3,,12,7,3,,5,,8,11,,,,5,,,36,6,12,,,3,2,8,11,11,5,6,6,3,4,8,4,,6,7,9,6,4,6,8,11,6,4,4,,7,8,7,,7,5,7,7,5,3,5,2,8,5,6,4,,,6,9,7,,10,15,7,9,3,4,4,12,3,2,2,4,1,,,9,3,2,1,5,3,,7,2,4,,6,4,7,,5,7,3,6,5,2,4,,4,4,4,7,4,3,4,4,,5,5,6,6,8,6,,4,,5,,,,1,5,7,8,2,2,,3,,9,6,5,8,7,6,6,2,6,3,6,9,5,4,7,3,1,2,2,2,2,,8,3,4,6,13,8,26,9,8,11,8,6,6,7,6,,4,2,6,5,7,,1,4,11,5,2,5,7,12,2,,3,2,5,2,4,4,4,4,8,11,9,,3,1,6,,5,2,5,4,,4,3,4,,1,8,6,7,4,,6,6,4,8,9,5,3,,4,6,3,8,5,,5,6,7,5,4,5,6,5,6,8,3,3,,10,10,5,,7,7,,9,5,4,3,,6,3,6,9,10,6,7,5,8,6,5,4,6,5,5,5,4,4,2,2,4,4,4,5,1,4,6,6,9,11,9,9,5,6,6,12,2,11,9,7,7,5,6,6,7,6,7,5,5,9,7,13,7,10,5,6,6,8,6,11,4,22,19,6,7,5,8,6,,7,4,2,7,2,,5,7,6,3,6,7,4,6,8,2,3,3,1,3,9,,,,8,9,,10,5,6,7,7,5,,8,9,6,,,,,5,6,6,7,7,8,,4,,4,6,10,13,10,9,2,5,3,5,5,,,,,6,2,4,5,4,3,1,,3,7,7,7,8,3,8,9,4,9,4,6,4,6,,7,10,4,4,7,8,5,8,13,,9,6,,7,8,,6,6,4,,8,,,,8,8,1,5,6,8,5,8,7,8,5,5,4,7,,28,11,,7,1,6,,7,4,11,5,5,,,5,5,7,7,,,20,4,4,,13,11,16,9,11,9,5,,5,,,6,5,5,6,5,4,3,5,5,,5,7,10,6,5,6,3,4,3,,,6,5,,5,,4,8,9,9,9,3,4,5,5,6,4,3,10,,5,2,8,3,5,2,2,,3,,6,9,3,4,6,7,11,6,5,4,5,9,5,3,,,2,4,5,6,,4,9,5,5,,6,5,,,4,3,6,4,8,6,2,4,5,5,6,6,5,6,7,,3,2,,5,4,10,5,4,16,4,3,6,4,3,5,3,2,4,7,3,18,4,2,2,6,4,9,6,,8,8,6,,,4,7,2,3,5,3,5,4,5,4,7,4,4,7,3,1,4,8,3,5,7,8,8,5,4,,,2,4,4,7,8,6,6,3,3,5,1,5,7,20,6,2,4,3,,5,6,4,15,18,5,5,6,7,6,8,5,6,3,5,6,3,6,6,13,12,12,3,7,6,8,7,6,2,4,4,6,8,12,7,4,4,6,2,6,6,7,6,1,6,5,10,9,7,2,7,7,,6,9,6,4,8,1,4,2,5,3,2,3,8,4,2,7,4,,8,12,6,6,7,6,8,10,5,7,12,12,2,,2,5,3,3,6,9,6,4,5,,2,4,4,3,7,9,9,,5,9,5,5,6,5,4,5,8,6,14,10,5,2,1,4,6,5,4,5,4,4,3,3,12,,4,1,6,8,4,5,5,4,6,6,3,4,2,5,3,4,1,4,6,14,6,7,5,9,5,4,4,4,8,3,4,6,7,3,1,5,4,3,2,8,3,3,6,6,3,3,3,1,6,3,3,3,6,8,3,8,6,10,8,9,7,4,3,4,1,7,4,2,6,4,4,9,3,3,6,5,4,2,6,10,,4,6,4,7,6,5,7,6,6,3,4,1,1,8,3,25,4,3,10,3,3,6,3,5,3,3,3,,8,6,6,8,6,7,8,6,5,4,5,2,5,4,2,10,8,6,7,11,7,10,1,1,1,3,3,4,3,5,6,6,7,9,,9,7,9,6,9,2,3,4,3,8,10,2,7,6,5,7,6,5,4,4,2,5,10,4,4,4,4,6,5,6,6,18,8,6,10,4,7,8,4,11,8,,7,3,4,1,6,5,3,4,5,8,5,6,3,3,7,2,4,6,4,4,6,2,4,,5,6,3,8,4,7,8,4,3,2,3,3,3,6,6,4,4,6,9,12,7,5,3,3,3,3,3,3,6,8,6,3,7,7,3,15,5,,7,3,6,7,18,10,4,7,4,8
20230729,20,SO2_24h,3,3,3,3,3,3,1,3,3,3,3,3,,,5,,2,4,5,,4,,4,4,,3,2,,2,2,3,3,3,1,5,,2,2,,2,3,4,2,5,,4,,2,3,2,8,4,6,9,,5,2,,2,3,9,7,7,9,8,5,2,2,,4,5,6,2,4,2,,6,4,3,4,7,,3,7,6,8,6,4,,6,6,,,8,7,6,7,5,10,20,,6,8,14,12,10,,10,4,4,7,4,7,5,4,6,4,6,4,4,4,6,3,5,4,4,3,3,8,5,6,4,7,7,5,6,3,4,5,8,4,8,6,3,4,,2,6,6,5,4,3,3,6,9,6,4,6,7,5,,6,7,8,6,8,6,6,8,5,4,4,4,,,,6,8,,6,7,4,,,,6,,3,5,8,5,10,5,8,5,6,,,,6,5,,3,3,6,5,6,,7,5,7,4,6,7,5,3,,5,,7,5,,6,4,,4,5,6,,6,4,6,5,2,4,7,,,3,4,4,5,6,5,4,,4,,,2,,7,3,,4,2,3,5,4,4,,2,3,4,5,3,4,4,3,5,4,4,3,5,5,8,8,7,8,2,,4,2,2,3,1,3,2,8,5,7,,5,4,10,,7,5,6,4,,4,7,5,6,6,,,5,7,8,6,5,5,1,1,3,2,1,1,3,2,3,6,8,7,5,6,5,5,,6,6,3,4,4,1,4,2,4,3,2,5,4,4,,5,5,9,6,6,6,5,8,4,5,6,4,4,7,,5,6,5,7,5,7,5,5,7,11,5,6,,6,5,9,6,6,7,11,5,6,3,4,,,9,7,7,4,5,5,6,4,9,16,7,10,5,6,7,5,5,8,6,8,,7,5,8,7,8,,5,5,4,7,7,5,6,,,6,9,5,4,8,,3,3,2,2,,,3,8,5,6,3,6,4,6,6,6,4,,10,8,8,4,7,7,7,13,8,11,10,10,7,5,3,6,6,6,2,5,,4,,4,7,,8,,5,7,,,,,5,,,,13,13,5,6,15,4,4,,6,10,3,10,13,6,4,4,4,6,7,1,6,4,7,17,,15,13,14,8,7,11,9,7,8,,5,5,4,3,4,6,3,3,2,5,2,5,2,2,8,7,8,2,,4,,4,2,4,1,6,,6,2,,,3,1,1,12,,9,6,6,,10,9,8,9,6,7,3,3,5,8,,,,10,,,5,,4,8,7,8,5,8,6,4,4,4,,9,,,17,,13,12,12,4,4,8,4,7,,13,10,6,9,9,4,7,7,4,10,1,4,2,8,4,6,4,5,4,6,,6,6,9,,4,4,,7,6,3,6,5,,11,4,,,4,5,,4,,8,9,10,10,8,10,,9,8,,9,8,,8,,9,6,8,,8,7,12,15,16,,7,6,5,5,3,4,4,6,5,7,5,5,7,4,3,6,5,6,6,10,14,12,3,2,5,5,6,6,4,6,5,3,7,,6,5,4,4,2,4,5,5,3,4,2,3,5,2,,6,8,6,,4,10,7,9,8,,10,11,7,,3,,3,4,5,3,8,6,4,,,,1,,2,,6,,3,,2,6,4,3,3,,6,,4,2,4,2,7,5,,8,7,8,6,7,2,,4,,,8,4,6,3,6,7,10,13,5,5,3,2,4,17,14,10,16,16,10,2,2,3,6,7,6,8,10,10,8,5,,15,7,18,8,4,5,6,3,,,,,1,2,,1,1,8,10,10,5,5,5,7,3,2,5,6,4,,4,3,,8,2,6,,6,4,,5,7,5,5,9,4,5,5,5,5,7,5,4,,20,23,4,17,27,8,11,9,3,,7,7,6,5,6,,,4,,,,,3,,,,,,,,,,,,,,,,5,,,,,,,,,,,,,,,,,,,,,,,,,,,,,,,,,,,,,,7,2,1,3,1,2,2,3,1,,,2,10,11,9,8,,8,7,9,6,5,7,9,,7,6,6,,,4,4,,16,14,3,,7,,16,20,,,5,5,,,5,4,14,,,3,3,8,10,10,5,6,3,3,6,7,4,3,6,10,8,10,5,6,11,9,5,2,4,,8,8,6,,7,5,7,6,4,3,6,3,8,6,8,5,,,6,9,7,9,10,13,6,9,5,5,6,13,6,3,3,4,1,,,9,8,4,2,5,3,,6,7,6,,6,5,6,,4,8,6,7,5,2,4,,4,4,5,8,3,4,4,4,,5,5,6,7,9,7,,5,,6,,,,2,6,8,8,3,3,,3,,9,7,5,6,6,8,6,2,10,4,7,10,5,4,7,3,2,3,4,4,2,,8,3,4,6,14,6,29,16,16,16,13,11,8,10,7,,3,6,6,4,5,,1,5,6,6,8,7,8,13,1,,3,3,6,3,4,4,5,4,4,8,8,,3,3,6,,6,2,5,4,,4,3,4,,1,8,6,7,4,,6,6,4,8,9,5,3,,4,6,4,6,5,,5,7,8,4,5,5,6,6,6,7,4,4,,7,9,5,,6,7,,10,5,5,2,,6,4,6,9,10,7,18,7,10,10,9,4,8,6,7,8,4,5,3,3,5,6,5,6,3,6,8,8,11,13,11,10,5,8,8,10,2,14,10,9,6,5,6,5,8,6,7,6,8,7,5,9,7,9,6,7,7,8,8,18,31,9,10,11,10,6,14,10,,16,4,3,7,3,,6,7,6,4,6,6,4,6,7,3,3,3,3,3,10,,,,7,8,,9,8,10,12,11,11,,7,8,6,,,,,5,6,6,6,7,2,,4,,4,6,10,12,9,13,3,5,8,5,5,,,,,4,2,4,4,25,5,2,,5,8,7,8,9,2,8,8,5,9,4,6,13,35,,10,15,6,5,7,9,5,8,15,,9,6,,7,7,,6,7,4,,8,,7,,8,8,2,6,9,8,5,8,7,8,5,5,5,8,,97,35,,6,5,7,,7,5,7,4,5,5,,5,5,7,7,,,8,5,4,,11,10,14,10,11,10,5,,5,,,6,5,4,6,6,4,4,5,5,,7,8,10,6,6,7,3,3,2,,,7,6,,5,,4,9,9,9,19,2,4,5,5,5,4,3,10,,6,2,8,2,5,2,2,,3,,6,8,3,4,7,8,11,8,4,6,6,9,5,3,,,2,4,6,6,,9,16,6,7,,5,4,,,2,3,6,4,7,6,2,4,5,5,5,6,6,8,9,,4,2,,6,4,9,6,4,16,4,6,15,3,4,5,3,2,4,17,3,22,4,2,2,6,4,8,5,8,7,8,6,,2,4,9,3,3,6,3,5,5,4,4,7,4,4,8,3,1,4,25,3,5,6,7,8,5,4,,,4,4,6,6,8,6,6,3,4,6,3,11,7,20,6,2,4,3,,5,9,7,13,42,5,7,6,7,6,7,5,7,2,5,6,3,6,8,18,13,11,2,7,7,7,7,6,2,4,4,6,6,8,8,4,6,6,3,6,6,7,14,2,7,6,8,6,8,2,6,8,,6,9,5,4,9,2,3,2,5,3,2,2,8,4,2,8,3,7,8,10,5,8,8,7,8,9,8,8,11,12,2,,3,6,6,4,6,10,8,4,5,,1,4,4,4,9,9,10,,6,7,5,7,7,7,5,5,11,30,8,10,6,2,1,4,5,4,4,5,6,4,4,3,19,14,4,2,5,6,4,4,5,5,6,6,3,5,2,7,4,5,2,6,6,9,5,8,5,8,6,4,5,6,9,3,6,7,7,2,2,5,4,5,5,8,4,3,6,6,2,3,4,2,6,3,3,2,9,8,4,18,6,11,7,9,8,5,3,3,2,6,5,5,7,3,4,9,3,4,7,6,5,2,6,7,,4,3,4,4,8,5,7,10,6,3,4,2,2,7,3,18,5,16,10,3,6,5,4,5,2,3,3,,8,5,7,8,7,6,8,5,5,5,4,2,6,4,2,12,9,6,7,13,6,9,2,2,1,3,2,3,3,4,6,5,7,9,4,8,7,10,7,9,2,4,4,3,8,9,1,7,7,5,8,7,5,4,3,3,6,9,5,5,6,4,7,7,9,6,24,10,7,10,3,7,8,7,18,14,,6,3,4,2,6,6,2,4,6,7,5,7,2,3,7,3,4,6,6,3,6,3,4,,5,6,2,8,6,7,8,5,3,2,3,3,3,8,8,4,4,15,10,8,5,4,4,2,3,3,3,3,7,6,5,3,7,6,5,11,6,4,5,5,6,7,10,12,4,7,6,11
20230729,20,NO2,9,3,6,12,16,13,21,2,14,7,20,21,,,14,,26,26,19,,34,,31,5,,3,14,,8,11,10,7,13,16,11,,21,18,,15,26,10,18,49,,38,,4,2,10,4,7,4,6,,10,16,,24,20,15,23,16,16,8,7,10,13,,7,7,7,6,3,8,,4,3,6,11,27,,6,29,27,17,20,17,,12,19,,,9,13,28,17,11,16,14,,10,8,8,14,11,,7,15,17,7,9,9,10,11,8,21,7,19,11,14,13,17,6,,11,13,9,12,5,12,,11,21,14,13,13,13,10,11,17,19,10,11,9,,16,13,10,15,3,10,4,3,8,6,13,8,5,9,,4,3,8,5,5,7,21,22,19,20,16,5,,,,5,9,,8,4,7,,,,14,,10,14,11,10,18,8,10,9,12,,,,6,10,,14,12,11,13,11,,10,10,14,10,10,10,4,6,,6,,9,11,,25,22,,23,25,24,,20,15,25,24,7,12,8,,,1,11,8,25,18,7,16,,10,,,14,,5,11,,5,10,11,14,6,13,,13,12,11,13,19,8,7,5,11,18,5,5,9,15,14,5,3,7,2,,12,10,11,7,11,9,5,17,20,16,,12,15,10,,17,17,29,15,,20,27,17,18,3,,,7,9,7,9,8,11,13,6,11,12,7,7,10,12,13,12,18,16,16,12,26,33,,23,12,11,4,17,12,17,12,15,,10,4,40,27,,36,32,18,43,40,30,35,27,5,10,20,25,16,10,,16,14,5,40,13,6,9,4,20,26,28,16,,14,14,18,9,9,9,8,10,13,10,10,,,31,35,33,12,11,,10,14,20,15,13,13,6,8,13,10,7,15,18,20,,16,13,11,16,5,,16,58,17,11,47,17,9,,,29,36,36,34,30,,3,5,17,8,,,8,3,9,31,8,15,13,16,33,18,14,,13,12,20,26,23,35,7,13,12,7,17,6,32,15,27,27,32,24,18,10,,15,,27,34,,17,,,29,,,,,10,,,,15,16,22,28,44,33,25,,11,12,20,13,19,6,8,15,12,8,9,3,5,25,7,27,,17,17,16,25,27,23,21,19,14,,13,11,12,7,3,11,5,10,15,6,1,6,2,6,11,18,11,9,,7,,7,,5,3,4,,6,8,,,6,4,7,14,,3,6,6,,13,12,10,8,9,1,,,2,22,,,,5,,,7,,5,5,2,3,11,2,2,5,6,10,,2,,,10,,9,8,10,10,11,11,14,10,,48,25,35,17,24,10,6,6,8,10,10,24,23,6,8,7,6,9,7,2,,1,16,,,8,8,,12,7,,10,4,,12,5,,,2,7,,15,,20,14,14,24,6,9,,4,4,,23,24,,23,,9,11,11,,10,6,22,20,17,,9,9,11,13,14,9,3,19,16,10,18,8,14,9,18,24,12,13,12,8,6,10,10,12,8,10,12,10,7,2,14,16,15,,20,5,7,8,5,7,9,19,16,20,15,16,18,13,,7,11,15,,5,9,16,10,2,,27,17,1,,17,,16,14,18,20,2,2,3,,,,3,,5,,13,,,,11,7,10,13,21,,3,,15,16,13,21,10,16,,8,18,9,7,9,7,,11,,,4,9,13,32,14,6,11,12,7,6,3,5,4,12,13,13,12,12,16,6,4,7,8,10,23,23,18,17,14,14,,10,19,16,34,14,20,8,14,,,,,4,14,,6,4,13,16,14,14,13,15,7,9,14,8,22,12,,15,11,,8,6,17,,18,31,,29,8,7,16,18,20,18,11,16,15,19,30,12,,9,13,7,23,9,13,11,6,8,,6,2,,16,7,,,17,,,,,6,,,,,,,,,,,,,,,,4,,,,,,,,,,,,,,,,,,,,,,,,,,,,,,,,,,,,,,6,10,3,14,11,8,7,7,2,,,7,21,25,22,17,,19,10,7,20,10,14,20,,24,24,25,,,13,21,,25,32,11,,9,,7,13,,,,17,,,13,10,17,,,21,14,17,15,12,5,5,14,14,11,10,10,11,16,15,17,18,18,17,14,7,6,10,20,,12,7,6,,5,2,6,10,12,9,11,12,12,26,17,14,,,6,8,7,,5,7,8,12,25,6,11,1,7,7,8,10,4,,,9,14,8,2,11,6,,5,1,2,,3,4,3,,7,7,9,6,4,6,4,,3,7,7,24,8,6,15,14,,13,11,10,6,11,8,,7,,9,,,,2,5,3,11,3,6,,3,,11,14,11,18,7,16,10,12,23,23,31,15,,7,9,3,14,17,19,5,8,,19,5,19,18,28,22,4,10,7,11,8,6,8,9,4,,5,7,9,14,25,,5,6,12,19,12,15,14,18,34,,10,18,,6,13,6,3,14,8,11,14,,14,12,12,,12,3,9,6,,5,2,11,,8,3,4,7,4,,11,5,9,8,9,11,7,,8,4,7,7,10,,15,12,5,12,4,5,16,13,12,12,6,4,,14,10,15,,10,7,,11,4,10,10,,5,4,7,23,19,20,8,13,11,11,8,7,6,19,23,8,5,7,6,5,8,51,16,15,8,,11,16,33,7,11,3,26,17,11,25,3,11,5,7,5,3,16,18,32,24,16,27,16,22,18,16,15,19,14,15,15,12,7,10,10,13,10,24,16,4,8,8,,9,5,6,11,15,,9,11,19,16,12,14,12,12,16,7,13,10,10,5,6,,,,6,11,,10,24,15,14,27,11,,15,10,6,,,,,10,7,8,9,8,50,,8,,5,9,16,8,11,8,6,20,4,14,2,,,,,33,11,7,8,9,6,31,,4,8,10,10,9,10,22,33,17,24,12,12,29,31,,12,11,7,17,15,14,6,12,9,,5,9,,9,16,,4,6,8,,5,,5,,2,3,12,6,6,5,7,10,9,12,2,4,5,14,,11,10,,9,8,6,,7,10,32,34,16,,,9,8,5,19,,,13,8,8,,6,14,10,8,15,5,16,,8,,,10,14,4,9,15,11,12,8,8,,14,5,7,6,2,2,10,13,16,,,15,9,,8,,13,3,1,11,18,13,6,33,5,12,22,11,21,,29,7,13,12,6,13,15,,8,,7,8,13,14,13,7,14,6,3,6,10,8,10,7,,,11,3,8,26,,21,12,10,9,,10,10,,,14,10,15,4,8,8,8,7,6,11,10,44,12,12,20,,20,5,,25,11,10,5,5,12,22,2,11,11,21,7,7,21,3,29,3,16,4,7,9,19,10,,13,,11,11,8,,,28,,10,6,11,6,7,4,5,3,15,2,13,11,12,12,13,7,13,8,5,28,13,14,16,,,20,8,7,10,8,3,10,15,7,10,9,5,10,22,6,6,7,6,,4,24,13,7,14,9,10,11,12,14,11,10,8,13,16,6,3,23,12,10,8,30,10,5,4,12,5,4,13,16,11,33,40,40,33,10,8,10,19,22,3,10,14,7,6,1,19,31,14,3,8,12,,12,15,12,5,9,4,3,6,15,13,7,8,7,6,13,4,6,,15,16,8,7,10,11,10,24,42,10,21,9,5,,2,21,6,3,20,10,3,4,4,,5,7,8,11,8,,12,,11,12,19,12,12,11,3,12,,10,18,21,8,8,5,22,4,8,4,19,24,2,11,8,23,37,2,9,11,13,9,8,14,5,8,2,18,2,11,4,6,28,16,39,8,5,21,9,7,9,13,8,8,4,7,8,3,1,14,5,37,8,6,14,10,21,5,10,19,10,8,8,7,4,5,10,7,8,24,,3,7,18,24,4,12,19,8,6,31,6,28,11,7,9,10,5,11,7,5,11,2,14,7,2,12,,9,8,5,3,10,25,7,9,10,11,2,11,13,14,3,12,16,14,25,12,9,8,5,10,30,6,8,,11,6,14,7,20,14,21,13,19,12,10,18,,10,4,12,15,17,11,14,1,43,11,10,10,14,13,28,17,10,2,4,9,17,,12,3,2,9,9,10,6,23,13,16,7,8,11,16,9,13,4,19,14,19,12,14,4,18,8,6,13,25,22,6,24,9,8,27,9,18,45,40,6,52,19,,7,8,10,19,11,6,7,8,9,14,10,4,9,7,9,17,18,16,17,13,25,18,16,,20,4,4,5,16,18,2,16,11,13,7,11,12,15,8,10,26,17,23,15,5,15,15,21,4,10,5,17,16,14,6,4,5,10,15,15,14,8,8,2,3,8,14,1,5,4,16,19
20230729,20,NO2_24h,28,5,21,27,31,30,30,16,13,14,36,17,,,13,,17,17,19,,16,,21,7,,7,15,,11,13,15,8,13,14,13,,12,16,,15,12,11,19,25,,23,,4,2,9,10,14,12,13,,16,8,,14,14,9,25,19,20,24,9,16,21,,15,17,14,19,7,11,,6,7,9,13,23,,7,24,20,23,17,26,,20,25,,,23,25,28,23,16,26,18,,17,12,14,17,15,,11,14,13,9,9,9,11,14,10,14,12,16,11,9,10,11,6,2,11,10,10,8,10,8,8,11,15,16,15,15,6,10,14,9,9,8,9,2,,9,13,7,13,4,9,5,3,6,5,11,7,5,4,,2,2,5,2,2,4,10,11,6,9,8,5,,,,6,7,,7,5,7,,,,12,,8,13,5,8,12,8,8,7,11,,,,4,6,,15,12,11,9,6,,6,7,8,6,5,6,2,3,,4,,5,7,,13,11,,12,12,14,,12,8,15,13,5,9,7,,,2,8,6,12,8,5,10,,11,,,10,,2,9,,4,5,7,8,3,5,,13,14,11,11,10,8,5,5,12,12,6,8,7,11,6,11,6,10,2,,8,8,7,6,9,7,5,12,15,12,,7,9,5,,13,20,27,22,,23,28,26,25,3,,,6,9,8,8,7,8,13,6,10,12,7,8,7,9,13,16,20,17,17,17,20,20,,17,13,10,6,16,12,13,12,7,11,9,3,40,20,,29,32,23,26,31,26,24,16,15,15,15,18,20,22,,9,8,12,27,13,11,8,5,13,17,21,15,,11,26,26,10,9,7,6,9,10,11,8,,,20,18,22,17,14,13,13,17,22,22,19,22,22,22,40,21,21,18,30,33,,17,20,16,15,6,,22,36,18,14,33,16,13,,,36,30,28,19,25,,10,25,30,20,,,20,5,13,23,13,14,12,19,17,17,14,,14,12,13,18,14,16,8,16,18,10,14,13,20,13,23,12,14,14,10,8,,20,,16,19,,26,,23,28,,,,,10,,,,16,22,18,23,32,24,11,,14,11,9,12,15,8,8,15,9,8,11,4,5,14,6,29,,21,29,23,22,23,18,18,20,30,,11,10,12,6,4,8,6,10,15,7,2,8,3,10,6,10,5,9,,10,,6,2,4,3,5,,7,11,,,7,8,7,18,,13,13,10,,13,10,8,9,7,3,2,2,2,8,,,,5,,,8,,5,5,3,4,12,2,3,6,6,8,,4,,,11,,7,10,12,10,11,11,12,7,,16,17,17,14,18,12,10,11,11,15,12,14,14,6,6,5,14,11,12,11,,10,12,9,,9,10,,10,7,14,7,6,,18,10,,,4,12,,23,,24,22,18,28,7,10,,5,4,,20,22,,22,,14,15,13,,13,10,21,17,10,,7,8,9,12,13,8,3,19,16,10,16,6,17,10,16,24,9,8,12,10,5,9,12,13,7,8,10,7,7,3,10,10,12,,9,8,10,8,8,9,8,16,8,10,8,11,10,8,,5,7,9,,4,11,14,11,4,,16,12,2,,8,,9,11,13,10,4,2,3,,,,5,,7,,10,,3,,10,7,9,14,18,,7,,19,20,13,13,8,14,,8,14,8,12,10,4,,6,,,3,7,8,10,5,7,13,14,14,8,4,5,6,10,17,18,16,15,13,7,7,6,13,13,12,16,18,16,19,15,,17,15,27,30,15,12,5,7,,,,,4,11,,7,4,13,10,13,14,10,14,9,15,15,11,16,11,,11,15,,10,6,16,,14,16,,18,5,7,17,13,12,11,8,10,14,16,14,12,,16,18,17,8,10,13,12,3,5,,7,3,17,12,4,,,25,,,,,6,,,,,,,,,,,,,,,,5,,,,,,,,,,,,,,,,,,,,,,,,,,,,,,,,,,,,,,9,5,6,9,5,5,4,5,2,,,5,17,19,18,15,,16,20,19,20,16,25,16,,15,18,16,,,16,20,,22,27,23,,20,,10,14,,,13,11,,,9,7,19,,,12,8,6,8,13,7,5,11,11,10,7,7,6,8,9,14,16,20,17,20,8,8,13,13,,14,15,6,,4,3,8,11,7,6,10,7,12,17,10,12,,,5,13,10,16,7,11,6,8,11,13,12,2,7,8,7,11,4,,,10,15,10,2,10,8,,4,7,7,,6,7,9,,8,8,9,8,6,6,4,,8,8,8,13,8,7,9,9,,10,4,4,4,12,9,,8,,10,,,,2,5,5,6,4,5,,5,,14,16,13,7,4,7,4,5,12,15,11,8,,4,8,3,8,11,8,6,7,,9,4,8,11,11,8,4,7,10,8,10,6,9,12,8,,3,4,4,6,6,,7,5,9,10,9,7,9,12,30,,9,14,8,3,4,3,3,5,7,8,4,,13,10,8,,9,5,10,7,,6,4,8,,6,4,3,6,5,,7,2,6,4,7,9,6,,7,4,6,10,7,,14,15,5,6,4,4,12,11,10,10,9,6,,8,9,10,,4,5,,6,4,5,6,,3,5,5,11,12,8,9,11,10,12,9,5,6,8,8,7,4,6,6,3,4,35,10,15,13,19,6,11,11,10,12,3,9,6,5,9,4,14,10,9,5,4,8,9,30,12,21,21,19,11,12,13,12,22,17,13,13,12,9,10,15,14,13,16,14,9,14,15,,11,8,10,8,9,,6,5,14,13,15,11,11,12,16,12,17,19,14,5,26,,,,11,13,,12,17,22,22,27,22,,11,8,8,,,,,10,7,8,10,10,15,,9,,13,6,12,10,12,14,5,11,14,15,8,,,,,13,7,6,5,15,15,16,,5,8,6,11,12,7,14,16,14,12,11,11,20,20,,9,10,11,12,12,11,9,9,10,,11,10,,9,10,,7,8,12,,8,,9,,3,5,10,12,13,10,18,13,12,12,2,7,4,10,,12,13,,10,11,15,,8,8,19,19,15,18,,5,4,12,22,,,18,15,31,,11,9,12,11,6,6,17,,8,,,12,9,5,6,21,19,21,24,8,,13,9,10,8,6,11,13,14,11,,,17,13,,17,,9,9,8,11,20,5,7,20,6,14,12,10,14,,28,7,12,12,7,10,10,,10,,4,10,20,13,21,22,15,10,6,14,15,10,6,10,,,19,2,11,13,,21,16,18,5,,6,9,,,11,8,11,2,9,7,5,6,6,9,7,32,15,12,24,,15,6,,20,11,10,9,6,22,11,4,9,12,19,7,6,16,5,34,3,17,7,5,12,20,12,6,9,8,7,8,12,,4,12,34,5,8,26,3,5,5,4,5,23,6,11,13,13,14,10,18,6,9,2,22,11,12,16,,,16,7,10,13,6,4,6,12,11,13,8,8,11,24,7,6,8,5,,4,23,18,12,18,13,21,8,8,7,7,10,5,7,10,7,11,25,20,11,22,17,9,5,2,8,3,1,12,8,10,26,38,30,23,22,17,12,20,29,8,10,16,12,9,16,15,17,11,4,16,16,,14,8,10,6,10,3,3,4,13,10,6,6,7,8,6,8,13,9,16,13,13,7,15,14,12,19,21,9,22,16,16,,13,11,14,4,23,11,5,4,4,,2,8,11,13,14,19,13,,13,29,8,12,5,8,3,15,8,12,10,15,14,5,6,14,6,5,5,12,11,2,11,7,46,25,3,6,10,7,6,12,11,4,7,2,5,2,6,2,6,20,8,23,12,7,19,8,7,7,18,9,12,10,8,13,11,6,11,14,13,9,14,11,19,16,3,8,10,9,10,10,7,5,6,10,9,7,13,8,5,13,8,13,5,17,15,11,12,21,12,16,13,8,13,12,4,7,8,8,11,3,13,6,3,11,,11,9,9,5,11,21,8,12,4,17,6,12,6,6,5,13,12,12,12,8,10,4,7,13,12,4,5,,8,5,19,4,9,15,21,19,14,11,8,13,3,7,4,24,14,12,11,17,2,37,12,15,17,10,17,19,17,9,4,9,15,18,25,18,20,17,21,24,9,5,16,12,11,9,5,19,16,8,12,5,12,12,15,11,14,2,16,9,9,9,13,19,12,20,11,5,26,8,18,19,23,14,25,30,,4,4,7,8,14,10,7,7,9,21,14,6,13,8,11,15,13,19,13,8,16,15,16,,12,6,3,10,17,20,4,16,11,18,15,9,27,24,9,10,25,23,21,8,4,9,19,13,9,6,17,16,30,26,6,2,7,10,15,13,9,6,11,7,4,8,14,5,4,6,14,17
20230729,20,O3,28,20,32,35,38,44,39,29,39,39,37,33,,,33,,24,28,39,,16,,14,40,,41,58,,51,60,61,48,50,72,53,,47,41,,46,34,57,43,21,,38,,41,47,42,43,58,56,64,,72,88,,63,57,105,31,42,42,53,18,32,32,,34,37,39,38,50,53,,47,54,53,48,68,,73,58,55,66,59,74,,123,132,,,140,135,105,125,35,33,29,,31,33,37,33,35,,44,35,39,31,30,40,41,43,29,24,34,62,67,66,72,69,73,,65,59,68,92,82,100,,78,79,88,91,83,73,68,83,16,18,24,27,24,,22,23,21,22,56,61,68,58,59,61,48,60,61,22,,25,26,25,25,20,22,16,14,18,11,20,39,,,,71,75,,82,81,85,,,,39,,31,31,19,33,24,27,27,31,29,,,,36,33,,40,43,50,38,37,,37,50,44,51,44,50,34,36,,40,,76,76,,18,28,,22,24,27,,26,29,21,31,25,19,28,,,29,21,25,28,37,46,22,,40,,,38,,32,30,,42,33,30,15,23,16,,53,49,55,58,46,55,56,48,43,30,50,56,43,41,34,49,49,50,,,42,47,45,44,,25,37,29,35,37,,37,29,46,,31,23,15,26,,16,23,6,31,27,,,34,39,28,41,42,32,49,51,50,51,43,46,45,41,56,63,52,58,56,64,39,36,,43,47,78,92,90,69,98,77,81,109,103,51,62,74,,57,56,85,87,71,119,61,115,58,68,40,42,64,72,,49,48,69,34,64,63,60,60,85,80,71,64,,108,94,96,60,64,52,67,69,68,68,76,,,54,44,58,67,69,71,65,64,80,89,97,89,83,82,84,74,80,89,68,64,,54,58,60,52,105,,89,135,84,126,120,122,98,,,164,92,145,65,79,,130,140,139,128,,,166,148,73,68,84,86,86,87,61,88,76,,88,122,86,89,96,86,111,105,95,107,93,108,67,53,30,49,36,80,70,72,,88,,53,21,,172,,,159,,,,,110,,,,121,112,82,86,80,80,75,,104,105,91,97,99,104,115,86,97,103,118,89,52,72,58,146,,144,154,154,131,153,169,138,130,164,,27,19,27,27,26,22,21,30,30,41,28,30,32,25,49,39,44,,,34,,20,29,39,26,54,,53,43,,,34,40,38,30,,43,28,32,,59,74,57,63,61,20,33,31,32,,,,,28,,,,,48,37,48,38,28,35,38,33,34,29,,28,,,90,,102,70,90,51,59,51,54,53,,60,76,66,90,69,94,119,97,89,91,48,32,32,72,68,59,69,60,67,73,,76,139,119,,49,54,,51,55,54,50,37,,60,83,,,52,50,,89,,102,103,100,96,52,52,,50,50,,75,74,,73,,51,49,54,,53,58,100,91,108,,27,23,27,21,21,26,96,30,28,31,21,29,32,32,10,6,22,20,16,24,26,25,24,29,51,48,41,48,49,48,46,48,47,,43,36,31,26,31,32,88,56,60,57,57,68,73,64,,74,71,70,,74,44,43,48,56,,29,36,66,,47,,49,48,48,46,56,41,49,,,,48,,46,,43,,,,46,47,42,65,60,,75,,,83,111,62,86,77,,64,47,54,48,71,52,,77,,,63,47,41,10,25,86,68,71,82,54,77,75,66,151,135,140,140,134,147,70,75,99,110,133,101,78,72,82,86,76,,84,76,68,83,,74,62,72,,,,,184,180,,187,85,91,90,92,84,91,63,81,78,68,63,89,92,,94,82,,98,89,86,,72,42,,63,68,60,99,103,93,,107,96,68,90,68,77,,131,135,141,89,122,118,118,126,123,,128,114,101,104,120,,,24,,,,,41,,,,,,,,,,,,,,,,41,,,,,,,,,,,,,,,,,,,,,,,,,,,,,,,,,,,,,,84,46,50,47,51,44,42,45,42,,,,41,36,39,44,,36,98,114,96,107,101,52,,50,53,79,,,78,77,,64,52,72,,75,,130,127,,,,80,,,145,148,118,,,43,54,112,120,133,129,135,28,19,40,30,31,24,14,24,20,43,47,42,42,45,52,51,37,,54,59,70,,25,23,17,16,75,73,72,73,12,9,4,44,,,52,93,88,,87,91,88,75,102,90,93,27,89,94,90,89,135,,,66,50,54,55,91,89,,52,61,60,,62,60,62,,43,44,44,42,25,59,70,,39,42,41,21,,38,37,40,,41,23,36,36,76,84,,44,,44,,,,44,43,43,34,48,47,,42,,42,52,56,34,24,38,41,,34,40,30,,,41,42,46,,50,41,47,,,24,38,19,23,19,24,37,77,89,79,82,40,39,43,45,,27,28,32,26,16,,60,62,72,63,50,47,49,42,28,,30,37,,4,42,34,34,33,36,50,26,,53,45,49,,43,55,46,52,,54,51,45,,48,48,51,46,51,,58,65,55,56,44,41,44,,53,48,48,26,29,,34,32,43,40,33,38,62,70,66,66,35,43,,81,90,84,,44,48,,31,41,35,37,,60,63,48,47,37,79,105,94,99,106,108,37,100,83,84,94,60,84,92,77,73,78,64,94,80,62,86,97,84,105,100,57,40,58,61,43,46,114,111,110,120,12,38,62,109,91,137,109,67,66,67,83,83,81,135,161,140,135,82,78,94,80,88,64,70,58,74,76,,95,105,96,86,68,,79,75,73,95,99,115,117,113,111,87,84,95,90,18,124,,,,104,104,,95,57,68,71,57,70,,118,125,118,,,,,108,137,138,121,139,33,,86,,89,72,83,93,84,98,23,54,68,59,52,,,,,59,84,54,56,76,76,38,,67,50,49,78,84,61,48,42,40,40,37,46,47,43,,44,59,68,55,34,28,76,61,31,,57,44,,65,61,,102,97,89,,97,,93,,47,47,58,95,99,94,126,112,120,116,87,82,83,35,,140,147,,73,80,130,,143,140,53,52,130,,,66,72,153,131,,,146,153,142,,151,146,119,108,74,132,110,,114,,,89,82,91,82,107,104,117,121,50,,93,131,123,109,104,119,106,113,107,,,136,104,,111,,103,126,127,91,75,31,49,58,45,38,52,51,58,,53,51,39,51,28,34,34,,48,,25,46,160,35,81,80,136,102,51,35,36,106,31,88,,,31,46,42,25,,115,129,118,35,,81,37,,,31,33,30,35,77,81,36,35,38,35,72,100,89,105,83,,35,56,,127,55,92,98,115,117,47,33,60,73,33,32,41,38,56,149,35,64,32,78,27,70,57,44,63,,62,66,96,,69,36,127,47,123,117,74,78,83,53,49,114,42,49,64,39,98,51,132,45,44,24,84,58,74,76,,,182,74,51,49,79,91,86,38,43,129,50,40,,72,30,47,59,38,,72,176,159,176,151,97,137,23,23,19,26,29,25,21,19,26,50,93,147,132,114,103,48,84,27,27,28,36,42,32,134,133,72,55,64,72,71,44,53,74,71,69,90,72,72,74,162,50,48,94,37,42,,39,75,48,63,83,53,35,36,49,44,47,43,47,45,43,93,99,,49,62,108,94,66,84,89,146,62,53,71,86,141,,138,67,98,38,26,68,38,30,26,,32,60,56,49,87,85,95,,25,130,57,63,37,84,74,69,151,57,74,131,74,30,50,23,45,34,50,34,24,27,31,35,152,92,65,57,73,23,62,59,29,38,41,26,18,40,38,35,88,83,95,76,101,118,157,57,77,96,52,71,64,108,113,78,70,71,136,72,16,48,50,32,38,51,66,38,67,56,41,42,58,50,52,55,56,49,34,50,44,81,60,36,43,79,60,63,150,109,138,48,125,143,25,24,28,42,47,42,37,49,37,34,36,64,,41,36,38,36,117,98,85,114,82,73,50,37,40,36,55,63,78,92,63,89,76,50,73,47,40,55,53,,27,53,88,79,56,47,87,103,103,50,52,36,50,32,43,110,110,107,53,36,54,84,72,59,56,44,47,31,42,46,47,64,64,48,41,57,53,53,45,37,56,42,32,34,46,51,40,75,96,97,79,28,64,63,99,66,92,120,111,104,107,74,73,63,54,35,133,88,35,62,77,31,44,70,151,173,,78,65,56,50,59,86,170,37,35,22,29,33,47,111,90,93,66,82,28,28,23,27,45,,50,43,35,113,64,81,51,72,24,40,34,39,34,106,28,43,10,158,42,44,54,28,47,40,44,33,41,21,136,137,102,72,48,71,43,62,40,24,72,62,82,85,88,33,28,29,23,159
20230729,20,O3_24h,63,119,83,46,73,79,85,90,102,113,87,85,,,82,,65,72,88,,61,,53,66,,63,85,,127,123,120,128,125,133,147,,66,55,,54,60,68,49,56,,74,,107,126,108,93,84,89,113,,113,150,,147,150,154,108,123,116,122,117,125,78,,103,85,92,88,110,108,,127,140,131,137,118,,122,112,100,115,100,112,,147,152,,,154,149,146,147,55,63,58,,61,58,70,62,68,,73,48,51,36,37,49,45,44,44,44,36,90,96,95,96,101,88,57,80,85,99,130,105,106,61,106,112,110,110,107,101,107,112,37,34,35,40,28,,43,30,30,27,76,83,92,81,81,84,69,81,85,54,,60,63,62,60,56,56,33,34,37,28,36,46,,,,75,79,,87,90,92,,,,83,,65,61,53,68,60,59,61,63,68,,,,76,71,,87,84,81,75,70,,74,71,68,74,68,72,50,52,,51,,80,81,,66,63,,74,73,73,,78,67,72,68,44,44,42,,,52,42,48,61,64,62,52,,54,,,74,,61,58,,55,49,47,22,28,24,,87,81,74,81,77,79,80,76,63,49,63,60,60,60,55,63,63,65,,,68,68,70,69,,49,38,68,77,72,,72,73,73,,86,33,40,36,,48,42,35,50,28,,,40,44,40,49,43,36,94,94,92,103,83,82,97,86,111,89,74,92,95,96,66,90,,68,67,100,101,108,107,122,99,100,120,117,90,163,174,,157,200,135,212,168,180,170,190,112,116,90,99,79,96,,138,140,95,121,109,106,126,112,171,148,142,117,,130,187,192,111,122,113,128,124,133,132,142,,,146,134,152,103,109,114,103,126,144,140,158,139,155,160,160,129,122,188,120,160,,108,107,127,108,108,,128,160,118,159,225,167,149,,,165,142,173,144,152,,175,190,166,170,,,203,148,98,126,103,118,98,106,122,131,109,,98,124,104,97,103,106,130,127,120,127,113,121,111,84,76,100,74,118,114,103,,92,,98,86,,195,,109,194,,,,,137,,,,173,162,102,97,95,95,85,,108,118,143,115,120,120,132,113,125,125,130,137,102,111,85,179,,170,181,174,163,164,169,171,165,167,,46,43,42,71,56,54,59,52,46,60,57,56,60,54,75,70,70,,,43,,52,45,51,41,101,,98,71,,,62,66,63,42,,43,34,38,,67,76,70,71,65,27,38,35,33,24,,,,42,,,59,,56,44,50,44,33,38,42,33,38,29,,51,,,129,,137,154,137,143,159,146,152,157,,123,115,123,121,124,115,164,137,134,136,75,79,78,189,189,86,108,94,106,90,,103,213,197,,105,110,,103,105,106,103,96,,126,84,,,68,67,,120,,133,130,132,124,119,119,,119,116,,96,100,,92,,152,138,157,,152,151,148,145,154,,65,56,63,58,51,61,108,71,68,81,64,85,64,54,26,23,43,44,42,52,53,49,51,54,92,104,77,99,94,91,90,86,94,,97,99,88,84,84,83,113,103,105,98,102,73,76,73,,93,91,93,,92,75,81,84,69,,81,87,73,,87,,102,99,96,91,94,115,118,,,,62,,63,,102,,64,,69,68,69,96,97,,101,,117,115,111,120,86,86,,87,79,88,79,86,92,,110,,,103,79,77,74,72,110,117,106,111,85,135,105,110,163,151,173,160,156,178,76,79,126,119,133,124,129,117,120,114,119,,100,97,96,122,84,103,101,96,,,,,184,183,,196,91,104,122,106,95,118,87,98,104,112,94,126,114,,127,126,,98,102,137,,120,126,,119,83,119,110,108,101,117,112,112,124,154,148,140,,149,147,160,144,155,126,132,126,128,,131,123,129,123,135,,,43,,,,,46,,,,,,,,,,,,,,,,41,,,,,,,,,,,,,,,,,,,,,,,,,,,,,,,,,,,,,,117,76,63,68,76,62,63,66,62,,,,102,94,95,100,,86,127,150,135,137,135,142,,134,130,133,,,103,94,,102,98,123,,121,,139,146,,,96,91,,,180,180,158,,,88,89,144,153,148,144,148,82,76,114,94,197,56,56,60,56,71,70,68,66,115,124,112,107,,93,89,91,,42,40,32,40,100,98,123,112,38,41,39,94,,,110,93,88,53,87,92,90,85,110,95,103,102,100,98,99,94,143,,,122,100,100,116,100,93,,87,74,70,,74,72,70,,56,62,64,60,39,59,70,,46,53,54,48,51,47,54,55,,63,54,52,59,86,93,,60,,61,,,,46,47,46,43,62,63,,44,,50,52,62,80,79,77,73,,72,72,76,,,68,68,70,,82,77,75,,,56,73,56,53,53,57,85,101,107,96,105,47,54,58,60,,47,77,76,71,62,,91,93,104,107,87,90,92,91,68,,65,72,82,66,62,50,49,50,43,59,53,,124,95,103,,96,99,93,61,,64,61,60,,65,69,74,70,72,,76,84,77,75,64,58,60,,74,74,71,68,70,,83,66,66,73,78,86,101,103,92,89,109,80,,92,93,93,,72,75,,89,66,52,89,,66,72,63,90,79,111,123,132,135,123,126,93,106,106,96,101,95,107,106,106,107,102,115,113,114,110,123,126,121,124,122,93,104,118,100,95,78,116,111,110,123,60,96,99,171,167,182,163,137,137,144,151,146,134,171,169,151,155,132,140,144,146,148,120,118,89,113,123,,178,122,109,100,88,,96,108,123,126,113,129,126,122,123,109,122,132,128,20,159,,,,112,109,,105,125,133,137,132,114,,147,140,130,,,,,113,146,145,130,147,99,,117,,94,116,130,106,102,109,86,82,81,72,78,,,,,133,136,71,74,104,103,97,,82,65,66,93,102,75,75,78,85,80,57,59,89,86,,82,93,91,94,93,89,88,74,57,,66,60,,83,90,,110,104,104,,107,,93,,50,50,95,106,112,104,158,140,147,140,95,111,98,80,,165,166,,117,118,159,,152,153,89,93,161,104,,84,87,153,143,,,168,176,161,,157,154,130,119,99,141,129,,132,,,114,98,104,96,107,104,131,131,94,,107,133,127,135,138,120,120,124,119,,,147,118,,112,,109,126,128,97,98,60,111,178,72,59,80,125,140,,118,101,88,84,48,66,73,,58,,40,66,191,51,89,85,161,128,66,67,57,108,66,96,,,101,56,59,79,,172,179,162,82,,85,74,,,42,76,74,47,83,85,37,37,45,73,88,154,128,153,109,,75,64,,214,112,109,110,121,148,95,62,85,97,69,78,71,57,101,173,38,138,40,91,38,92,105,80,109,46,101,94,100,,152,67,197,67,144,147,103,108,107,119,68,144,65,75,108,88,125,106,147,69,55,39,97,78,96,98,,,243,78,107,77,83,91,89,86,61,159,72,51,74,104,59,61,69,47,,97,211,198,196,180,120,156,33,37,38,48,44,43,56,35,34,115,122,168,149,149,160,81,92,56,60,38,53,87,63,156,196,176,170,162,124,126,103,104,95,109,129,138,111,81,104,212,140,98,117,98,126,,83,82,71,71,94,66,47,46,113,106,62,105,65,94,92,105,106,94,81,99,108,106,92,95,96,150,147,94,118,118,182,,158,101,140,40,36,71,61,33,39,,52,91,95,62,95,85,117,,40,165,100,99,85,145,92,105,174,137,158,164,142,58,67,59,49,50,56,73,80,40,93,99,165,158,87,86,92,60,77,76,62,76,83,60,36,48,71,49,114,113,109,101,101,122,202,170,93,156,117,118,129,139,184,146,89,122,206,111,74,110,90,124,126,63,71,55,84,69,54,52,58,99,82,107,104,96,103,72,67,88,107,89,74,87,98,98,159,167,174,99,130,143,41,36,44,54,54,57,49,51,45,37,39,110,,67,58,63,74,134,121,98,134,109,131,65,57,70,61,62,108,141,131,107,163,112,74,94,83,82,78,80,,45,68,139,89,89,110,99,110,114,76,82,73,64,65,57,142,153,125,116,116,132,130,128,119,107,59,50,53,58,115,134,124,113,78,97,111,123,136,100,95,78,104,62,93,74,119,58,107,112,100,90,30,140,143,134,148,116,132,113,118,114,94,92,99,149,83,142,118,76,177,157,132,147,111,199,180,,97,68,97,98,81,99,184,45,36,39,38,59,64,125,115,148,118,134,69,89,82,53,82,,88,82,38,126,96,94,92,102,82,68,77,81,75,134,65,52,33,177,82,57,105,88,61,55,106,96,60,89,166,152,139,79,119,130,88,121,87,47,104,71,95,108,122,60,48,45,45,168
20230729,20,O3_8h,38,67,36,38,36,54,49,50,62,69,46,54,,,41,,36,43,40,,35,,26,44,,43,64,,54,59,59,49,46,63,63,,42,37,,38,36,59,37,41,,54,,38,45,41,48,65,60,69,,75,129,,119,122,134,63,79,72,82,66,56,48,,54,53,52,50,60,60,,45,48,46,46,92,,84,80,79,91,84,93,,140,146,,,148,144,137,136,47,53,48,,52,51,56,50,55,,62,37,39,29,31,40,40,36,32,34,33,76,83,82,83,86,74,,69,72,86,115,94,93,,98,101,102,104,99,90,96,104,27,26,27,32,25,,30,25,23,23,64,70,78,68,69,70,59,70,73,40,,43,45,44,44,38,39,28,28,31,23,31,42,,,,67,71,,79,76,77,,,,68,,51,48,39,53,45,45,47,50,52,,,,60,57,,68,68,69,60,57,,59,60,56,63,56,60,44,47,,48,,73,74,,48,53,,50,56,56,,57,51,52,54,30,24,31,,,36,28,29,48,51,54,36,,46,,,57,,47,44,,47,42,39,19,25,21,,72,66,66,70,66,67,66,61,50,42,57,57,52,54,48,56,55,56,,,56,57,57,52,,28,32,45,53,48,,49,48,50,,53,26,29,32,,31,34,20,36,25,,,35,41,32,43,41,34,42,45,46,45,41,40,42,35,50,75,62,76,73,82,54,59,,54,55,87,94,95,90,106,91,90,109,108,79,122,131,,108,128,98,175,127,151,117,158,43,54,40,44,46,64,,66,61,63,38,80,77,75,79,120,117,109,94,,109,150,156,89,96,78,88,104,107,100,115,,,110,95,89,89,94,98,68,65,122,120,126,109,127,130,129,109,103,148,103,119,,83,86,94,83,100,,115,142,106,145,172,146,126,,,149,125,145,117,119,,148,167,150,152,,,181,126,81,105,88,100,92,96,98,111,97,,88,112,92,91,98,94,120,116,105,117,104,109,92,59,54,77,59,96,90,86,,79,,72,63,,186,,,178,,,,,126,,,,147,141,70,70,73,70,74,,90,105,116,104,107,108,110,97,103,108,111,90,83,98,72,168,,164,169,168,156,154,165,155,151,159,,36,30,37,26,24,20,17,39,39,46,32,35,36,31,52,50,58,,,38,,40,39,44,34,61,,61,54,,,49,53,52,37,,35,28,35,,61,69,61,61,60,22,31,30,31,20,,,,36,,,54,,51,38,45,37,31,35,40,31,34,26,,42,,,102,,109,108,117,58,67,58,68,69,,95,94,96,101,94,101,136,117,109,117,58,58,53,75,67,63,90,80,88,82,,87,172,152,,75,78,,77,81,81,77,73,,78,80,,,58,57,,107,,117,118,116,109,63,61,,59,58,,86,90,,86,,64,64,69,,69,72,129,127,138,,44,39,45,41,38,40,101,57,54,54,51,54,53,44,20,14,35,34,30,36,35,35,36,40,62,56,53,58,56,49,65,66,62,,65,54,52,46,47,49,102,84,90,81,85,67,73,69,,77,74,77,,78,59,64,66,56,,58,58,66,,48,,49,47,55,52,56,39,48,,,,48,,45,,44,,,,53,52,50,80,82,,85,,101,99,111,94,81,80,,72,65,70,62,70,74,,102,,,90,69,68,59,53,102,98,92,92,70,82,87,83,144,139,149,149,141,146,69,76,110,109,124,111,113,98,106,99,101,,74,78,72,95,75,93,89,89,,,,,150,156,,165,85,98,109,98,88,107,80,89,93,94,82,110,105,,102,98,,87,93,111,,94,95,,93,75,94,96,101,94,95,102,97,102,126,124,116,,137,141,150,128,141,123,128,122,120,,127,114,111,114,130,,,32,,,,,43,,,,,,,,,,,,,,,,37,,,,,,,,,,,,,,,,,,,,,,,,,,,,,,,,,,,,,,91,53,54,52,57,56,54,56,52,,,,63,58,58,65,,56,116,132,121,126,122,92,,91,91,106,,,90,81,,84,84,95,,98,,132,133,,,,87,,,158,160,143,,,70,75,132,138,137,134,136,57,50,75,62,76,38,36,41,41,58,61,54,56,57,62,62,55,,75,74,66,,29,26,23,27,92,90,98,99,28,30,25,71,,,86,63,70,,66,86,82,74,98,77,84,85,85,89,85,81,120,,,100,65,73,84,94,87,,60,68,66,,67,67,66,,52,56,56,53,34,56,66,,41,47,45,38,51,43,45,45,,50,47,47,49,78,85,,51,,52,,,,43,44,43,36,51,52,,42,,38,45,55,58,57,60,57,,54,55,54,,,56,53,55,,63,64,64,,,44,57,40,40,38,43,66,91,96,89,93,43,46,51,51,,34,45,48,43,42,,78,81,91,88,66,67,70,67,51,,50,58,68,40,54,43,42,45,36,50,42,,45,44,47,,36,44,39,51,,55,52,55,,59,59,64,59,61,,61,66,63,65,55,49,50,,64,60,60,40,47,,50,46,55,59,58,68,82,85,82,80,68,53,,80,85,83,,56,59,,58,52,43,62,,54,54,51,66,56,100,115,115,118,115,113,77,97,94,89,96,84,98,96,97,97,93,104,107,104,99,112,118,110,115,116,81,82,94,86,80,63,101,98,90,103,41,72,82,144,138,157,136,88,103,101,113,113,102,142,146,138,140,113,110,114,118,120,90,90,77,94,98,,145,114,103,89,80,,87,95,106,112,106,120,118,112,116,97,108,115,108,20,133,,,,106,105,,100,86,89,91,85,87,,130,124,115,,,,,109,138,138,124,140,76,,106,,82,101,107,99,93,102,69,74,71,68,73,,,,,105,114,65,68,94,94,70,,74,55,54,86,95,70,62,66,64,68,51,54,74,70,,70,82,81,81,63,58,82,67,39,,57,48,,69,78,,105,98,96,,102,,87,,47,47,79,95,95,95,143,130,136,133,84,99,89,51,,148,152,,100,96,148,,147,148,79,81,150,,,75,78,147,135,,,157,164,153,,154,149,125,114,88,136,117,,119,,,106,94,98,92,96,90,125,126,71,,82,129,122,116,111,118,111,112,113,,,138,109,,98,,106,119,121,70,75,36,56,129,53,42,50,54,95,,86,61,69,70,31,51,55,,52,,34,54,177,40,86,82,147,114,61,53,50,105,51,91,,,47,50,48,47,,141,150,143,56,,77,59,,,34,59,56,42,71,76,34,35,41,59,75,136,111,132,96,,41,52,,172,82,101,103,115,138,75,50,76,85,51,50,46,38,44,153,35,102,35,86,32,84,64,69,88,,82,80,96,,127,53,166,58,136,128,95,98,99,52,46,128,42,66,84,68,99,52,141,58,48,34,90,64,87,90,,,202,72,60,58,76,85,81,69,51,148,57,47,74,84,45,45,59,41,,69,191,182,181,163,107,145,26,32,27,35,33,34,39,26,27,75,109,162,138,139,142,69,79,41,46,33,46,70,51,133,166,140,128,101,74,73,23,44,59,83,107,118,77,63,87,179,103,76,109,53,44,,46,74,62,67,85,56,41,40,49,46,56,43,57,42,48,89,91,91,67,82,97,97,78,86,88,140,121,78,100,99,164,,150,92,119,36,30,65,51,32,34,,42,62,59,57,86,85,107,,27,151,80,79,57,115,82,90,137,102,114,141,113,44,57,42,44,43,50,48,49,35,37,61,160,136,74,72,79,44,71,65,48,62,66,43,30,43,58,44,104,92,95,77,81,114,174,70,80,131,50,88,98,122,135,77,80,99,170,60,42,54,56,38,45,49,66,47,73,64,48,45,48,41,48,52,45,42,45,62,56,74,91,74,64,83,82,80,154,150,159,84,122,128,30,29,38,50,48,47,41,45,38,33,37,67,,49,47,50,52,128,115,93,122,99,107,46,34,49,48,54,92,112,110,91,138,89,66,79,65,65,64,66,,34,61,113,80,78,78,91,100,98,62,68,54,58,50,49,123,130,118,67,53,62,112,72,57,64,38,33,41,38,43,46,67,70,50,59,67,75,79,76,71,60,39,42,38,59,44,48,85,101,82,85,29,113,116,105,124,102,119,93,104,107,85,85,80,63,57,135,94,32,74,127,87,107,85,179,168,,82,64,56,53,72,95,150,40,34,28,32,50,55,115,108,120,97,113,47,59,58,38,65,,72,58,36,116,82,87,49,88,53,41,42,60,46,118,41,44,24,168,70,49,48,51,39,36,71,57,42,47,153,146,125,73,44,105,70,96,69,31,88,66,89,97,106,51,39,38,34,154
20230729,20,O3_8h_24h,59,95,60,41,56,60,61,61,81,81,53,66,,,52,,41,44,47,,44,,27,44,,43,64,,104,96,98,103,99,108,116,,47,37,,38,36,59,40,41,,54,,56,62,61,85,84,86,95,,98,134,,127,131,138,77,92,86,90,81,66,50,,56,54,52,50,75,72,,79,82,74,82,101,,100,95,89,102,93,102,,142,148,,,148,144,141,138,49,55,49,,54,53,58,52,59,,67,48,39,29,31,40,40,36,32,34,33,76,83,82,83,86,74,64,69,72,86,117,95,93,62,99,103,102,104,100,92,99,106,27,26,27,32,25,,30,25,23,23,64,70,78,68,69,70,59,70,73,44,,47,49,48,48,41,43,30,31,34,25,33,42,,,,67,71,,79,76,77,,,,72,,55,51,43,58,49,48,51,53,56,,,,64,64,,73,71,71,64,59,,62,60,56,63,56,60,45,48,,48,,73,74,,54,56,,56,60,59,,60,54,57,56,33,31,35,,,43,34,36,50,56,55,43,,46,,,58,,51,48,,49,44,41,19,25,21,,75,67,66,71,66,67,66,61,50,43,57,57,52,55,49,56,55,56,,,63,59,63,58,,46,33,49,57,52,,53,54,51,,59,26,30,32,,33,34,24,36,25,,,35,41,32,43,41,34,52,54,56,59,54,42,54,48,57,75,62,76,73,82,56,60,,54,58,87,94,95,90,106,91,90,109,108,81,129,141,,114,131,98,180,133,151,120,158,90,98,85,96,72,87,,87,72,63,90,108,98,88,81,129,126,118,97,,109,154,161,89,96,80,88,108,110,105,118,,,113,97,92,102,99,105,98,87,129,124,130,125,128,131,130,112,106,150,104,122,,91,91,100,90,100,,117,142,107,145,172,146,127,,,149,125,145,122,120,,149,167,151,154,,,181,126,81,105,88,100,92,96,98,111,97,,88,112,92,92,98,95,120,116,105,117,104,109,92,59,58,79,60,96,90,86,,79,,74,66,,188,,98,178,,,,,127,,,,149,143,85,92,85,84,74,,90,105,116,104,107,108,110,97,103,108,111,98,85,98,74,172,,164,173,168,159,154,165,155,152,159,,40,36,40,66,53,53,59,44,44,52,52,39,51,43,64,63,70,,,38,,40,39,44,34,62,,61,54,,,49,53,52,37,,35,28,35,,61,69,61,61,60,23,34,30,31,21,,,,38,,,54,,51,38,45,37,31,35,40,31,34,26,,42,,,106,,111,114,122,107,122,121,148,120,,102,98,100,102,98,101,136,117,109,118,62,68,64,81,84,76,90,81,88,82,,87,172,152,,83,86,,83,86,86,83,84,,92,80,,,58,57,,113,,123,123,122,114,118,119,,116,116,,88,93,,88,,119,112,123,,119,114,143,137,147,,48,42,50,45,42,45,101,61,59,60,56,57,55,47,23,17,38,37,34,43,53,45,44,47,63,59,54,59,58,58,77,78,74,,79,83,78,76,74,77,102,90,95,90,95,67,73,69,,77,74,77,,78,60,66,67,56,,63,60,66,,86,,91,89,96,91,56,49,59,,,,48,,45,,84,,70,,53,52,50,80,82,,85,,101,99,111,95,81,80,,72,68,75,67,70,79,,105,,,94,74,73,70,65,102,107,99,95,70,104,87,83,144,139,149,149,141,146,70,77,110,109,124,111,117,100,109,99,104,,74,78,72,95,75,94,92,91,,,,,150,156,,165,85,99,111,98,89,109,80,89,93,94,82,110,105,,102,98,,87,94,114,,106,109,,105,75,95,96,101,94,95,102,97,107,129,130,120,,137,141,150,136,143,123,130,124,128,,127,114,121,118,130,,,32,,,,,43,,,,,,,,,,,,,,,,37,,,,,,,,,,,,,,,,,,,,,,,,,,,,,,,,,,,,,,91,56,55,54,60,57,55,57,53,,,,78,76,74,75,,67,116,132,122,126,122,122,,120,117,108,,,92,83,,87,87,105,,107,,132,133,,,90,88,,,158,160,143,,,83,82,137,144,137,134,137,66,59,87,70,109,41,42,45,45,60,62,55,57,85,87,90,76,,75,74,66,,36,33,26,32,94,91,108,105,30,32,29,82,,,99,72,74,52,70,90,86,78,106,81,87,97,89,93,88,86,126,,,111,75,80,97,94,87,,62,68,66,,67,67,66,,52,57,57,53,34,56,66,,41,48,45,41,51,43,45,45,,50,52,50,51,78,85,,51,,52,,,,43,44,43,36,51,52,,42,,41,46,57,69,69,73,63,,58,58,58,,,58,57,57,,68,69,68,,,55,59,44,43,45,46,68,91,96,89,93,43,46,52,51,,38,56,56,53,51,,82,84,93,93,67,68,70,68,54,,54,60,68,56,57,47,46,48,36,50,44,,45,44,48,,44,46,42,51,,55,52,55,,60,62,66,61,63,,61,66,63,65,55,49,50,,64,61,61,52,58,,57,52,57,65,67,77,83,85,82,80,72,60,,81,85,83,,61,64,,67,52,50,64,,54,54,51,71,62,104,115,117,120,116,114,86,97,95,89,96,86,98,96,99,99,95,111,109,110,105,115,120,114,116,118,88,93,100,90,87,69,101,98,90,103,49,77,85,144,140,157,136,91,106,102,114,113,102,142,146,138,140,114,112,115,120,124,97,98,77,94,98,,150,114,103,89,80,,87,97,108,116,106,120,118,112,116,97,113,120,111,20,133,,,,106,105,,100,90,90,92,87,87,,130,124,115,,,,,109,138,138,124,140,80,,106,,82,101,107,99,93,102,79,76,71,68,75,,,,,105,114,68,69,94,96,77,,74,55,54,88,96,72,65,70,68,72,53,55,79,76,,77,88,82,84,63,58,82,68,42,,57,48,,72,78,,105,98,96,,102,,87,,47,47,79,95,95,95,145,133,138,136,84,99,89,55,,148,152,,106,100,148,,147,148,83,84,150,96,,83,85,147,135,,,157,164,153,,154,149,125,114,88,136,119,,121,,,108,95,98,94,103,103,125,126,83,,91,129,122,118,123,118,120,122,114,,,138,109,,98,,107,119,121,82,75,53,111,137,53,43,50,102,125,,101,70,73,72,37,58,56,,52,,36,54,178,45,86,85,147,115,61,56,52,105,52,91,,,49,53,49,50,,143,152,143,64,,77,62,,,34,63,61,43,71,76,34,35,41,62,81,136,111,132,100,,49,52,,172,90,101,103,115,138,86,50,80,85,54,55,62,38,44,153,35,119,36,87,33,84,65,74,88,52,82,80,96,,136,53,166,59,136,130,98,102,101,58,46,130,51,68,84,73,99,94,141,58,48,35,91,69,87,90,,,211,72,78,58,76,85,81,74,51,148,57,47,74,86,47,45,60,42,,69,192,182,181,163,108,145,26,33,28,38,33,34,42,26,27,90,115,162,138,141,152,71,79,44,50,33,47,74,54,133,166,141,129,108,74,73,88,78,92,101,110,124,95,66,87,179,106,82,112,53,44,,46,74,63,67,85,56,41,41,84,85,56,105,57,88,91,90,91,91,76,87,97,97,83,86,88,140,125,80,104,100,164,,151,94,122,36,30,65,51,32,34,,42,62,59,57,86,85,107,,40,151,81,80,67,118,86,95,137,114,117,141,116,49,58,46,44,43,50,52,51,36,93,79,164,140,74,72,79,48,71,65,52,65,68,47,33,43,60,45,105,92,95,90,83,114,174,104,80,131,74,112,105,122,138,97,80,99,170,99,43,54,56,64,45,49,66,47,73,65,48,45,48,52,51,52,45,44,86,64,59,74,102,77,69,83,82,81,154,154,160,88,122,128,38,29,38,50,48,47,41,45,38,33,37,68,,49,47,50,52,129,118,94,126,99,107,59,54,65,61,54,100,115,110,98,142,89,70,80,70,74,66,68,,34,62,113,84,80,87,91,100,98,64,69,57,64,53,51,128,136,119,112,116,132,119,103,84,94,38,33,41,38,70,77,121,93,54,62,67,79,83,77,73,60,53,43,82,59,44,48,85,103,82,86,29,117,118,105,128,102,132,94,115,107,85,85,92,110,66,135,97,67,116,130,92,110,94,179,168,,82,64,94,92,78,96,150,40,34,28,32,50,55,116,109,123,109,113,57,65,63,40,67,,80,64,36,120,85,88,52,90,61,52,48,67,49,123,44,44,25,169,78,49,52,60,39,38,84,76,51,69,156,148,125,73,60,116,78,105,78,38,88,66,89,97,107,51,39,40,39,154
20230729,20,CO,0.6,0.4,0.5,0.5,0.5,0.2,0.4,0.5,0.3,0.3,0.4,0.4,,,0.6,,0.8,0.6,0.6,,0.9,,0.1,0.4,,0.4,0.6,,0.5,0.4,0.4,0.5,0.3,0.3,0.5,,1.3,1,,0.8,1.5,0.2,0.4,0.4,,0.4,,0.2,0.4,0.3,0.1,0.3,0.4,0.5,,0.2,0.4,,0.5,0.3,0.8,0.5,0.4,0.5,0.4,0.5,0.2,0.3,,0.3,0.2,0.1,,0.3,0.3,,0.4,0.3,0.3,0.4,1.1,,0.4,0.7,0.5,0.6,0.6,0.5,,0.4,0.6,,,0.4,0.5,0.6,0.3,0.2,0.8,0.8,,0.5,0.4,0.5,0.7,0.3,,0.2,0.6,0.3,0.3,0.5,0.4,,0.1,0.6,0.5,0.3,0.5,0.5,0.4,0.4,0.5,0.3,,0.4,0.4,0.4,0.6,0.6,0.6,,0.5,0.5,0.6,0.5,0.5,0.5,0.3,0.5,0.4,0.4,0.4,0.7,0.6,,0.4,0.4,0.3,0.5,0.3,0.4,0.1,0.5,0.4,0.6,0.1,0.3,0.4,0.3,,0.5,0.5,0.4,0.4,0.5,0.5,0.4,0.4,0.4,0.4,0.3,0.2,,,,0.4,0.3,,0.4,0.2,0.3,,,,0.2,,0.7,0.5,0.5,0.6,0.5,0.4,0.2,0.5,0.6,,,,0.4,0.5,,0.6,0.4,,0.4,0.4,,0.5,0.7,0.6,0.7,0.8,0.4,0.4,0.3,,0.3,,0.5,0.5,,0.6,0.6,,0.4,0.6,0.7,,0.7,0.4,0.5,0.5,,0.4,0.3,,,0.4,0.4,0.4,0.5,0.5,0.5,0.4,,0.4,,,0.5,,0.5,0.4,,0.5,0.4,0.4,0.4,0.4,0.3,,0.3,0.4,0.4,0.4,0.4,0.4,0.4,0.4,0.3,0.5,0.5,0.2,0.4,0.3,0.6,0.4,0.4,0.3,,,0.4,0.3,0.5,0.5,,0.3,0.3,0.5,0.4,0.7,,0.5,0.6,0.3,,0.4,0.4,0.2,0.5,,0.6,0.6,0.6,0.5,0.3,,,0.3,0.4,0.4,0.2,0.5,0.4,0.4,0.5,0.4,0.4,0.5,0.4,0.5,0.4,0.6,0.6,0.5,0.4,0.4,0.4,0.4,0.5,,0.6,0.6,0.3,0.5,0.4,0.3,0.2,0.3,0.6,0.6,0.7,0.5,0.9,0.7,,0.6,0.5,0.7,0.8,0.9,0.6,0.8,0.4,0.8,0.7,0.6,1,0.6,0.7,,0.6,0.6,0.9,0.6,0.5,0.4,0.3,0.5,0.6,0.7,0.5,0.7,,0.6,0.6,0.5,0.4,0.5,0.3,0.4,0.7,0.6,0.5,0.6,,,1,0.7,1,0.7,0.8,,0.8,0.7,0.5,0.6,0.4,0.5,0.7,0.6,0.7,0.7,0.6,0.8,0.6,0.8,,0.5,0.4,0.3,0.4,0.2,,0.9,1,0.5,0.5,0.6,0.7,0.7,,,0.9,0.5,0.8,0.7,0.9,,0.3,0.3,0.4,0.5,,,0.4,0.6,0.7,0.5,0.3,0.7,0.2,0.5,0.6,0.2,0.5,,0.6,0.5,0.7,0.5,0.7,0.7,0.2,0.4,0.2,0.1,0.1,0.1,0.8,0.6,0.6,0.6,0.7,0.8,0.7,0.5,,0.9,,0.7,0.6,,0.2,,,0.6,,,,,0.6,,,,0.4,0.4,0.4,0.3,0.2,0.6,0.5,,0.7,0.1,0.5,0.2,0.3,0.5,0.6,0.3,0.6,0.4,0.5,0.5,0.4,0.5,0.4,0.5,,0.7,0.8,0.4,0.9,0.7,0.6,0.4,0.5,0.9,,0.5,0.4,0.4,0.5,0.7,1,0.5,0.5,0.4,0.3,0.2,0.1,0.4,0.1,0.6,0.7,0.7,,,0.5,,0.1,0.5,0.2,0.3,0.5,,0.3,0.6,,,0.1,0.2,0.2,0.1,,0.1,,0.2,,0.2,0.3,0.4,0.3,0.2,0.6,0.2,0.2,0.3,0.8,,,,0.2,,,0.5,,0.5,0.2,0.2,0.2,0.1,0.3,0.4,0.2,0.2,0.4,,,,,0.6,,0.6,0.6,0.7,0.6,0.5,0.7,0.8,0.6,,0.9,0.6,0.8,0.7,0.7,0.6,0.6,0.7,0.6,0.7,0.6,0.8,0.8,0.7,0.6,0.7,0.7,0.6,0.7,0.6,,0.5,0.6,0.7,,0.4,0.5,,0.8,0.8,,0.9,0.9,,0.6,,,,0.2,0.1,,0.5,,0.5,0.6,0.5,0.6,0.5,0.6,,0.5,0.6,,0.8,0.9,,0.8,,0.7,0.5,0.7,,0.5,0.5,0.6,0.5,0.4,,0.6,1.1,1,0.9,1.1,0.5,0.7,0.4,0.6,0.3,1,0.7,0.7,0.2,1,2.8,0.6,0.6,0.3,0.3,0.5,0.4,0.4,0.5,0.5,0.7,0.4,0.6,0.6,0.6,0.6,0.3,0.3,,0.3,0.3,0.3,0.3,0.4,0.2,0.3,0.5,0.3,0.4,0.3,0.5,0.5,0.6,,0.6,0.6,0.5,,0.4,0.5,0.7,0.5,0.5,,0.8,0.6,0.8,,1.4,,1.2,0.9,1,1,0.5,0.2,0.2,,,,0.3,,0.6,,0.5,,,,0.5,,0.3,0.8,0.8,,0.9,,0.4,0.3,0.5,0.4,0.5,0.4,,0.5,0.7,0.5,0.6,0.5,0.6,,0.6,,,0.4,0.2,,0.2,0.7,0.6,0.6,0.6,0.6,0.5,0.6,0.6,0.6,0.5,0.8,0.9,0.7,0.9,0.8,0.2,0.1,0.5,0.5,0.4,0.6,0.7,0.6,0.7,0.6,0.6,,0.7,0.6,1.1,1.8,0.5,0.6,0.6,0.6,,,,,0.5,0.5,,0.6,0.4,0.3,0.4,0.3,0.3,0.2,0.6,0.7,0.5,0.3,0.4,0.8,0.6,,0.9,1,,1.2,0.7,0.9,,0.7,0.6,,0.9,0.5,0.6,0.7,0.6,0.7,0.7,0.6,0.7,0.4,0.7,0.8,0.6,,,0.7,0.3,0.5,0.3,0.4,0.3,0.2,0.1,,0.4,0.2,,0.3,0.2,,,0.4,,,,,0.4,,,,,,,,,,,,,,,,0.3,,,,,,,,,,,,,,,,,,,,,,,,,,,,,,,,,,,,,,0.4,0.4,0.5,0.5,0.5,0.4,0.4,0.5,0.5,,,,2.6,2.4,1.9,1.2,,1.6,0.7,0.6,0.5,0.6,0.5,0.5,,0.5,0.4,1,,,1.3,1.4,,0.9,0.7,0.5,,0.5,,0.7,0.5,,,,0.4,,,0.6,0.4,0.4,,,0.4,0.4,0.4,0.4,0.5,0.5,0.5,0.6,0.5,0.8,0.5,0.4,0.4,0.5,0.5,0.8,0.4,0.5,0.5,0.5,0.6,0.6,0.6,0.6,,0.3,0.2,0.7,,0.2,0.1,0.4,0.4,0.5,0.6,,0.2,0.5,0.7,0.6,0.1,,,,0.4,0.2,,0.1,0.2,0.2,0.5,0.4,0.2,0.3,2.2,0.3,0.4,0.5,0.4,0.4,,,0.8,0.6,0.4,0.4,0.4,0.3,,0.2,0.3,0.3,,0.3,0.2,0.3,,0.3,0.2,0.1,0.2,0.2,0.3,0.3,,0.2,0.3,0.3,0.6,0.3,0.5,0.4,0.5,,0.3,0.4,0.5,0.2,0.1,0.2,,0.5,,0.5,,,,0.2,0.3,0.3,0.4,0.6,0.5,,0.4,,0.3,0.3,0.4,0.8,0.8,0.6,0.7,,1.3,1.2,1.1,,,0.7,0.6,0.5,,0.7,0.5,0.3,,,1.2,0.5,0.4,0.5,0.7,0.3,0.5,0.5,0.3,0.4,0.4,1.2,0.5,0.4,0.5,,0.8,0.5,0.6,0.7,0.6,,1.2,0.7,0.8,0.9,0.7,0.6,0.7,0.8,0.5,,0.7,,,0.5,1.2,1,0.9,1,0.7,0.4,0.8,,0.4,0.4,0.4,,0.6,0.6,0.5,0.5,,0.4,0.4,0.5,,0.6,0.1,0.3,0.5,0.4,,0.4,0.4,0.2,0.4,0.8,0.4,0.5,,0.2,0.3,0.4,0.5,0.5,,0.5,0.6,0.6,0.9,0.4,0.3,0.7,0.5,0.6,0.6,0.6,0.6,,0.5,0.5,0.4,,0.7,0.7,,0.6,0.4,0.6,0.6,,0.6,0.6,0.6,0.8,0.7,0.2,0.5,0.6,0.6,0.8,0.6,0.3,0.2,0.3,0.3,0.4,0.3,0.5,0.5,0.6,0.7,0.8,0.7,0.6,0.5,0.4,0.6,0.7,0.6,0.6,0.5,0.6,0.6,0.5,0.7,0.4,0.5,0.5,0.7,0.9,0.5,0.5,0.5,0.7,1.1,0.8,1.4,0.7,0.5,0.7,0.9,0.6,0.6,0.7,0.9,1,0.8,0.6,0.6,0.7,0.6,0.8,1,0.8,0.7,0.4,0.6,0.5,,0.6,0.5,0.5,0.3,0.6,,0.3,0.6,0.5,0.3,0.3,0.4,0.4,0.4,0.5,0.5,0.5,0.5,0.7,0.3,0.4,,,,0.4,0.5,,0.4,0.2,0.3,0.3,0.4,0.3,,0.6,0.5,0.6,,,,,0.4,0.4,0.5,0.4,0.4,,,0.4,,0.3,0.3,0.7,0.6,0.7,0.7,0.5,0.8,0.5,0.7,0.6,,,,,0.5,0.3,0.4,0.5,0.3,0.4,0.6,,0.4,0.6,0.6,0.3,0.3,0.8,0.8,0.9,0.6,0.4,0.6,0.6,1,0.8,,0.5,0.5,0.3,0.3,0.6,0.5,0.6,0.7,0.9,,0.5,0.4,,0.4,0.6,,0.2,0.2,0.4,,0.2,,,,0.4,0.4,0.4,0.6,0.5,0.5,0.5,0.8,0.6,0.7,0.3,0.4,0.5,0.5,,0.6,0.1,,0.4,0.5,0.3,,0.3,0.4,0.5,0.5,0.5,,,0.4,0.4,0.1,0.1,,,0.1,0.2,0.2,,0.4,0.3,0.4,0.4,0.6,0.5,0.6,,0.5,,,0.3,0.5,0.5,0.5,0.3,0.3,0.2,0.3,0.5,,0.3,0.3,0.4,0.3,0.4,0.2,0.3,0.4,0.6,,,0.4,0.4,,0.3,,0.6,0.4,0.3,0.4,0.9,0.2,0.4,0.9,0.7,0.3,0.7,0.3,0.5,,0.6,0.6,0.4,0.4,0.3,0.4,0.5,,0.4,,0.1,,0.5,1.9,0.7,0.6,1.6,0.2,0.1,0.5,0.6,0.4,0.4,0.3,,,0.2,0.4,0.4,0.8,,0.4,0.4,0.5,0.6,,0.5,0.5,,,0.4,0.5,0.3,0.4,0.4,0.2,0.9,0.5,0.3,0.4,0.5,0.6,0.5,0.6,1,,0.4,0.5,,0.7,0.6,0.3,0.2,0.4,0.4,0.4,,0.6,0.7,0.9,0.3,0.4,0.6,0.7,0.4,,0.6,0.3,0.3,0.5,0.3,0.5,0.6,0.3,,0.6,0.6,0.3,,0.5,0.2,,0.4,0.4,0.3,0.5,0.4,0.5,,0.4,0.3,0.2,0.7,0.4,0.4,0.8,0.4,0.5,0.5,0.5,0.4,0.5,0.5,0.5,0.5,,,0.5,0.3,0.3,0.6,0.4,0.1,0.5,0.3,,0.2,0.6,0.4,0.3,0.7,1,0.4,0.5,0.4,,1,0.7,0.4,0.4,0.4,0.2,,0.4,0.5,0.4,0.4,0.6,0.4,0.5,0.5,0.5,0.3,0.7,0.6,0.4,0.4,0.5,0.3,0.4,0.4,0.4,0.5,0.2,0.2,0.5,0.7,0.6,0.7,0.7,0.4,0.5,0.6,0.6,0.7,0.8,0.5,0.6,0.7,0.8,0.7,0.5,0.6,0.9,1.2,0.1,,0.2,,0.3,0.4,0.3,0.4,0.4,0.6,0.5,0.5,0.5,0.4,0.2,0.3,0.2,0.7,1,0.3,0.2,,0.4,0.3,0.6,0.7,0.6,0.5,0.5,0.6,0.5,0.4,0.5,0.4,0.4,,0.6,0.4,0.4,0.3,0.4,0.2,0.3,0.2,0.1,,0.3,0.6,0.5,0.3,0.7,1.4,0.7,,0.4,0.2,0.5,0.5,0.6,0.5,0.6,0.6,0.8,0.5,0.7,1,0.6,0.5,0.4,0.5,0.7,0.5,0.5,0.4,1.1,0.3,0.6,0.3,0.5,0.4,0.6,0.7,0.3,0.5,0.4,0.6,0.5,0.4,0.6,0.4,0.4,0.5,0.4,0.2,0.2,0.4,0.3,0.5,0.3,0.5,0.5,0.7,0.7,0.5,0.5,0.5,0.5,0.7,0.5,0.6,0.6,0.4,0.6,0.3,1.4,0.3,0.3,0.5,0.3,0.3,0.3,0.3,0.3,0.4,0.5,0.6,0.4,0.4,0.7,0.3,0.2,0.4,0.3,0.4,0.2,0.2,0.4,0.7,0.5,0.6,0.8,0.3,0.4,0.6,0.5,0.8,0.5,0.6,0.1,0.3,0.5,0.8,0.4,0.4,0.4,0.3,0.1,0.2,0.4,0.4,,0.3,0.4,0.3,0.3,0.2,0.3,0.5,0.5,0.4,0.5,0.5,0.3,0.3,0.7,0.3,0.5,0.6,0.6,0.8,0.8,0.4,0.5,0.4,0.4,0.3,0.6,0.5,,0.4,0.6,0.3,0.3,0.5,0.7,0.6,0.5,0.8,0.4,0.5,0.5,,0.4,0.5,0.5,0.6,0.6,0.8,0.4,0.3,0.7,0.6,0.4,0.2,1.3,0.8,1.8,0.6,0.2,0.7,0.1,0.2,0.2,0.3,,0.2,0.3,0.3,0.3,0.6,0.5,0.5,0.8,0.4,0.1,0.3,0.7,0.3,0.6,0.7,0.4,0.7,0.6,0.7,0.6,0.6,0.2,0.1,0.6,0.7,0.4,0.6,0.6,0.6,2.3,0.4,0.4,0.8,0.9,0.8,0.8,0.9,0.4,0.6,0.4,,0.7,0.3,0.9,1,0.4,0.4,0.6,0.6,0.2,0.2,,0.4,0.3,0.4,0.3,0.9,0.6,0.5,0.6,0.5,0.6,0.5,0.4,,1,0.3,0.4,0.2,1.1,1.2,0.3,1.1,0.4,0.3,0.5,0.4,0.5,0.5,0.6,0.3,0.6,0.6,0.5,0.6,0.3,0.5,0.7,1.7,,0.5,0.5,0.3,0.5,0.5,0.5,0.5,0.2,0.2,0.2,0.4,0.4,0.3,0.6,0.3,0.4,0.6,0.6,0.3,0.4,0.1,0.6,0.3
20230729,20,CO_24h,0.7,0.5,0.6,0.6,0.6,0.3,0.4,0.4,0.4,0.4,0.5,0.4,,,0.7,,0.6,0.5,0.7,,0.6,,0.2,0.5,,0.4,0.6,,0.5,0.4,0.4,0.5,0.4,0.3,0.7,,0.4,0.6,,0.7,0.6,0.4,0.3,0.3,,0.2,,0.3,0.4,0.3,0.2,0.3,0.5,0.4,,0.3,0.3,,0.4,0.2,0.6,0.5,0.5,0.5,0.5,0.5,0.4,0.5,,0.5,0.3,0.1,,0.4,0.4,,0.5,0.4,0.4,0.5,0.7,,0.5,0.9,0.6,0.8,0.7,0.6,,0.5,0.7,,,0.5,0.5,0.5,0.4,0.4,0.7,0.6,,0.6,0.6,0.6,0.7,0.4,,0.5,0.6,0.2,0.3,0.5,0.4,,0.1,0.5,0.5,0.4,0.5,0.5,0.4,0.3,0.4,0.3,0.6,0.4,0.4,0.4,0.7,0.6,0.5,0.7,0.5,0.5,0.6,0.5,0.8,0.4,0.3,0.5,0.4,0.3,0.4,0.6,0.4,,0.4,0.4,0.3,0.4,0.2,0.4,0.1,0.5,0.4,0.5,0.2,0.3,0.4,0.4,,0.5,0.4,0.4,0.4,0.5,0.5,0.3,0.4,0.4,0.3,0.3,0.2,,,,0.4,0.3,,0.3,0.2,0.3,,,,0.3,,0.7,0.6,0.2,0.6,0.5,0.4,0.2,0.5,0.6,,,,0.4,0.4,,0.6,0.5,0.5,0.3,0.4,,0.5,0.6,0.5,0.6,0.7,0.3,0.4,0.3,,0.3,,0.5,0.4,,0.5,0.6,,0.4,0.5,0.5,,0.6,0.4,0.5,0.5,0.4,0.4,0.3,,,0.4,0.4,0.4,0.4,0.4,0.5,0.4,,0.4,,,0.4,,0.5,0.4,,0.5,0.4,0.4,0.3,0.4,0.3,,0.4,0.4,0.4,0.4,0.4,0.4,0.4,0.4,0.3,0.4,0.5,0.2,0.3,0.3,0.5,0.4,0.4,0.3,,,0.3,0.3,0.5,0.4,,0.2,0.7,0.5,0.3,0.6,,0.5,0.6,0.6,,0.4,0.5,0.2,0.6,,0.6,0.6,0.6,0.6,0.3,,,0.2,0.4,0.4,0.2,0.4,0.3,0.4,0.4,0.4,0.4,0.5,0.4,0.4,0.4,0.5,0.7,0.5,0.4,0.5,0.5,0.4,0.6,,0.5,0.5,0.3,0.5,0.4,0.3,0.4,0.3,0.5,0.4,0.6,0.5,0.7,0.7,,0.6,0.5,0.6,0.7,0.8,0.6,0.8,0.4,0.9,0.7,0.7,1,0.6,0.7,,0.6,0.6,0.9,0.6,0.5,0.5,0.4,0.5,0.5,0.7,0.4,0.7,,0.6,0.7,0.6,0.4,0.5,0.3,0.4,0.5,0.5,0.5,0.4,,,1,0.7,1,0.7,0.8,0.6,0.8,0.7,0.5,0.5,0.4,0.5,0.8,0.7,0.8,0.8,0.6,0.8,0.7,0.9,,0.5,0.5,0.3,0.4,0.3,,0.9,1,0.6,0.5,0.7,0.7,0.7,,,1,0.4,0.9,0.7,1,,0.4,0.4,0.4,0.6,,,0.5,0.6,0.8,0.6,0.3,0.7,0.3,0.6,0.7,0.5,0.5,,0.6,0.5,0.6,0.4,0.6,0.6,0.2,0.3,0.3,0.3,0.1,0.2,0.7,0.7,0.6,0.5,0.6,0.7,0.7,0.4,,0.8,,0.6,0.6,,0.5,,0.5,0.6,,,,,0.6,,,,0.5,0.5,0.4,0.3,0.2,0.5,0.4,,0.3,,0.5,0.2,0.3,0.5,0.5,0.5,0.5,0.4,0.4,0.4,0.3,0.5,0.4,0.5,,0.7,0.9,0.5,0.8,0.6,0.5,0.5,0.5,0.8,,0.5,0.4,0.4,0.5,0.6,0.7,0.5,0.5,0.4,0.3,0.2,0.1,0.4,,0.6,0.6,0.6,,,0.5,,0.1,0.7,0.2,0.3,0.5,,0.3,0.7,,,0.2,0.3,0.3,0.1,,0.3,0.3,0.2,,0.2,0.3,0.3,0.3,0.2,0.6,0.1,0.1,0.3,0.2,,,,0.3,,,0.5,,0.5,0.3,0.3,0.4,0.2,0.3,0.4,0.2,0.2,0.4,,,,,0.6,,0.6,0.6,0.6,0.6,0.5,0.7,0.7,0.6,,0.7,0.6,0.7,0.6,0.7,0.6,0.6,0.7,0.6,1,0.6,0.6,0.6,0.7,0.6,0.6,0.6,0.6,0.7,0.8,,0.6,0.4,0.5,,0.5,0.6,,0.7,0.7,0.8,0.7,0.9,,0.7,1,,,0.2,0.2,,0.6,,0.6,0.6,0.7,0.7,0.7,0.7,,0.6,0.8,,1.1,1,,0.9,,0.9,0.8,0.9,,0.8,0.8,0.4,0.3,0.4,,0.6,0.9,0.8,0.7,1,0.5,0.6,0.5,0.6,0.4,0.6,0.4,0.7,0.2,1,2.4,0.6,0.6,0.5,0.4,0.5,0.4,0.6,0.5,0.5,0.7,0.5,0.6,0.6,0.6,0.5,0.3,0.3,,0.3,0.4,0.4,0.3,0.4,0.3,0.4,0.5,0.4,0.4,0.3,0.4,0.4,0.5,,0.6,0.6,0.5,,0.4,0.5,0.7,0.4,0.6,,0.8,0.6,0.6,,1,,0.9,0.8,0.7,0.6,0.5,0.3,0.2,,,,0.3,,0.6,,0.5,,0.6,,0.4,0.6,0.3,0.8,0.7,,0.8,,0.4,0.3,0.5,0.4,0.5,0.4,,0.5,0.6,0.5,0.5,0.4,0.6,,0.6,,,0.4,0.2,0.3,0.2,0.7,0.6,0.6,0.6,0.6,0.5,0.5,0.6,0.6,0.3,0.8,0.9,0.8,0.9,0.7,0.4,0.3,0.5,0.5,0.5,0.6,0.6,0.5,0.6,0.6,0.6,,1.4,0.7,1.4,2.3,0.4,0.6,0.6,0.6,,,,,0.5,0.5,,0.5,0.4,0.4,0.3,0.3,0.3,0.2,0.6,0.7,0.5,0.4,0.5,0.7,0.5,,0.7,1,,0.9,0.4,0.8,,0.6,0.5,,0.7,0.3,0.6,0.5,0.5,0.5,0.5,0.4,0.5,0.7,0.9,0.9,0.8,,0.5,0.7,0.4,0.5,0.5,0.4,0.3,0.2,0.1,,0.3,0.3,0.3,0.2,0.2,,,0.5,,,,,0.4,,,,,,,,,,,,,,,,0.3,,,,,,,,,,,,,,,,,,,,,,,,,,,,,,,,,,,,,,0.4,0.4,0.5,0.5,0.5,0.4,0.4,0.4,0.5,,,,1.6,1.5,1.3,1.2,,1.3,0.7,0.6,0.6,0.7,0.5,0.7,,0.6,0.6,1.3,,,1.5,1.4,,0.7,0.6,0.5,,0.5,,0.7,0.5,,,0.5,0.5,,,0.5,0.4,0.6,,,0.3,0.3,0.3,0.3,0.5,0.5,0.5,0.7,0.5,0.7,0.5,0.5,0.3,0.3,0.3,0.7,0.7,0.8,0.6,0.7,0.7,0.7,0.7,0.7,,0.4,0.3,0.5,,0.3,0.1,0.5,0.5,0.4,0.3,,0.2,0.5,0.6,0.6,0.1,,,,0.4,0.2,0.4,0.1,0.4,,0.3,0.5,0.6,0.8,0.5,0.4,0.5,0.4,0.5,0.4,,,0.8,0.5,0.4,0.4,0.4,0.4,,0.1,0.2,0.2,,0.3,0.2,0.3,,0.3,0.2,0.2,0.3,0.2,0.2,0.3,,0.2,0.2,0.3,0.5,0.2,0.5,0.4,0.6,,0.4,0.3,0.4,0.2,0.2,0.3,,0.5,,0.5,,,,0.1,0.2,0.2,0.4,0.5,0.5,,0.4,,0.2,0.2,0.4,0.7,0.8,0.5,0.6,,0.9,0.8,0.9,,,0.6,0.5,0.5,,0.6,0.4,0.3,,,0.8,0.5,0.2,0.4,0.4,0.2,0.4,0.6,0.4,0.5,0.5,0.9,0.5,0.5,1,,0.3,0.4,0.4,0.4,0.4,,1.2,0.6,0.9,0.9,0.7,0.6,0.6,0.7,0.6,,0.7,0.8,0.6,0.7,1.1,0.9,0.9,1,0.6,0.4,0.7,,0.6,0.4,0.4,,0.6,0.6,0.5,0.5,,0.4,0.3,0.5,,0.6,0.2,0.3,0.5,0.5,,0.3,0.3,0.2,0.3,0.8,0.3,0.4,,0.3,0.2,0.3,0.4,0.5,,0.6,0.5,0.6,0.8,0.4,0.3,0.6,0.5,0.5,0.5,0.6,0.6,,0.5,0.5,0.3,,0.6,0.6,,0.7,0.4,0.5,0.5,,0.6,0.6,0.7,0.7,0.6,0.2,0.6,0.6,0.7,0.9,0.6,0.3,0.3,0.4,0.3,0.1,0.4,0.5,0.5,0.6,0.7,0.8,0.6,0.5,0.5,0.4,0.5,0.7,0.5,0.6,0.6,0.7,0.6,0.8,0.6,0.5,0.5,0.7,0.8,0.9,0.3,0.6,0.5,0.6,0.9,0.8,1.2,0.7,0.7,0.6,0.6,0.7,0.7,0.7,0.8,0.8,0.7,0.6,0.6,0.7,0.6,0.7,0.8,0.7,0.6,0.5,0.8,0.7,,0.6,0.5,0.5,0.3,0.6,,0.3,0.5,0.3,0.2,0.2,0.4,0.4,0.4,0.5,0.6,0.5,0.7,0.8,0.3,0.5,,,,0.4,0.4,,0.4,0.2,0.4,0.4,0.4,0.5,,0.5,0.4,0.6,,,,,0.4,0.4,0.4,0.4,0.4,,,0.4,,0.3,0.3,0.8,0.7,0.8,0.6,0.3,0.6,0.7,0.5,0.6,,,,,0.4,0.3,0.3,0.4,0.3,0.4,0.6,,0.4,0.5,0.5,0.3,0.3,0.7,0.6,0.7,0.7,0.5,0.4,0.5,0.7,0.7,,0.5,0.5,0.4,0.5,0.5,0.4,0.6,0.6,0.8,,0.4,0.3,,0.4,0.5,,0.3,0.3,0.5,,0.3,,0.1,,0.5,0.4,0.4,0.6,0.6,0.5,0.6,0.8,0.6,0.7,0.3,0.5,0.6,0.4,,0.9,0.3,,0.4,0.4,0.4,,0.4,0.5,0.3,0.5,0.4,0.4,,0.4,0.3,0.1,,,,0.2,0.4,0.3,,0.4,0.4,0.5,0.4,0.5,0.4,0.5,,0.5,,,0.3,0.3,0.4,0.4,0.4,0.4,0.3,0.5,0.5,,0.3,0.3,0.4,0.3,0.3,0.2,0.3,0.4,0.6,,,0.5,0.5,,0.4,,0.5,0.4,0.3,0.4,1.5,0.1,0.6,0.8,0.5,0.4,0.6,0.3,0.6,,0.6,0.6,0.4,0.4,0.4,0.4,0.5,,0.4,,0.1,0.3,0.6,0.7,0.9,0.9,1,0.2,0.1,0.7,0.7,0.4,0.4,0.3,,,0.5,0.4,0.4,0.4,,0.5,0.5,0.5,0.7,,0.4,0.5,,,0.3,0.5,0.3,0.3,0.4,0.2,0.8,0.5,0.3,0.5,0.5,0.6,0.6,0.6,1.1,,0.5,0.5,,0.6,0.6,0.3,0.3,0.4,0.6,0.3,,0.6,0.7,0.8,0.3,0.3,0.7,0.7,0.9,,0.7,0.3,0.3,0.5,0.2,0.5,0.8,0.2,0.6,0.5,0.5,0.4,,0.3,0.1,0.7,0.4,0.5,0.5,0.5,0.5,0.5,0.1,0.4,0.4,0.5,0.6,0.6,0.4,0.6,0.4,0.6,0.3,0.5,0.2,0.5,0.4,0.5,0.5,,,0.6,0.3,0.3,0.6,0.3,0.1,0.5,0.3,0.3,0.3,0.5,0.4,0.4,0.6,0.9,0.4,0.6,0.3,,0.9,0.6,0.5,0.5,0.5,0.3,0.4,0.4,0.5,0.4,0.4,0.6,0.4,0.5,0.5,0.5,0.4,0.7,0.6,0.5,0.6,0.4,0.4,0.3,0.4,0.4,0.6,0.2,0.3,0.5,0.6,0.6,0.7,0.7,0.3,0.5,0.7,0.6,0.7,0.9,0.5,0.5,0.6,0.9,0.6,0.6,0.5,0.9,0.6,0.1,0.1,0.4,,0.2,0.4,0.3,0.4,0.5,0.6,0.4,0.5,0.5,0.4,0.5,0.2,0.2,0.8,0.7,0.6,0.3,0.7,0.5,0.3,0.6,0.7,0.7,0.6,0.5,0.7,0.6,0.5,0.5,0.5,0.5,,0.6,0.4,0.8,0.3,0.4,0.2,0.2,0.2,0.2,,0.3,0.6,0.5,0.4,0.7,1,0.8,,0.4,0.2,0.5,0.5,0.6,0.5,0.6,0.7,0.6,0.5,0.7,0.8,0.7,0.5,0.3,0.5,0.7,0.5,0.6,0.4,1,0.3,0.6,0.4,0.6,0.6,0.6,0.7,0.3,0.5,0.4,0.7,0.5,0.4,0.6,0.4,0.3,0.5,0.4,0.1,0.2,0.3,0.2,0.6,0.3,0.5,0.4,0.7,0.6,0.5,0.5,0.5,0.5,0.7,0.5,0.6,0.7,0.5,0.5,0.4,0.5,0.3,0.3,0.8,0.8,0.2,0.3,0.3,0.3,0.4,0.5,0.6,0.4,0.4,0.7,0.2,0.2,0.4,0.4,0.4,0.3,1,0.4,0.6,0.4,0.7,0.7,0.4,0.4,0.5,0.5,0.8,0.5,0.5,0.2,0.4,0.5,0.7,0.3,0.4,0.4,0.4,0.1,0.1,0.4,0.2,,0.3,0.5,0.3,0.4,0.3,0.3,0.4,0.6,0.4,0.7,0.6,0.3,0.2,0.6,0.3,0.4,0.7,0.6,0.6,0.7,0.4,0.4,0.4,0.4,0.4,0.6,0.5,,0.4,0.5,0.3,0.4,0.5,0.7,0.6,0.5,0.8,0.4,0.5,0.4,0.4,0.4,0.5,0.6,0.7,0.6,0.9,0.7,0.5,0.7,0.7,0.4,0.5,0.6,1,0.7,0.7,0.2,0.9,0.2,0.3,0.3,0.4,0.3,0.4,0.4,0.5,0.4,0.4,0.5,0.7,0.9,0.2,0.2,0.3,0.5,0.4,0.7,0.8,0.4,0.8,0.7,0.5,0.8,0.6,0.1,0.2,0.6,0.7,0.4,0.6,0.6,0.8,1.7,0.4,0.4,0.9,0.9,0.8,0.8,0.8,0.5,0.7,0.6,,0.6,0.2,0.7,0.7,0.4,0.5,0.5,0.5,0.2,0.3,0.1,0.4,0.3,0.4,0.3,0.9,0.5,0.5,0.7,0.4,0.6,0.5,0.4,,0.8,0.3,0.5,0.2,1.4,1.3,0.3,1.4,0.4,0.4,0.7,0.5,0.6,0.7,0.6,0.3,0.7,1.1,0.5,0.5,0.3,0.3,0.9,0.7,0.3,0.5,0.6,0.4,0.6,0.5,0.4,0.3,0.3,0.3,0.2,0.5,0.3,0.3,0.6,0.3,0.3,0.6,0.6,0.4,0.5,0.1,0.6,0.4
20230729,21,AQI,12,10,12,10,16,14,18,16,13,12,12,17,,,12,,16,21,12,,16,,20,12,,14,15,,17,23,26,16,18,19,18,,16,19,,32,14,17,14,23,,19,,20,23,13,12,22,21,33,,32,,,42,47,45,20,13,25,15,19,19,30,,29,11,12,19,16,15,,15,19,17,16,28,,20,32,17,18,18,25,,39,39,,,41,41,56,39,26,19,19,,18,13,15,17,15,,13,13,29,20,19,18,18,25,23,22,10,26,27,33,25,33,21,,22,23,22,28,32,42,,34,51,62,,61,,51,49,20,20,19,18,,,20,17,23,20,15,17,18,16,16,16,14,17,17,28,,17,18,20,18,19,17,12,14,13,9,10,14,,,,24,24,,34,26,27,,,,22,,14,15,16,10,22,12,14,12,14,,,,15,10,,17,15,,19,10,,16,13,10,14,56,,24,14,,21,,20,20,,30,27,,18,21,19,,18,26,29,35,,13,11,,,16,9,15,35,34,31,41,,31,,,16,,18,13,,13,20,20,16,13,20,,26,37,20,17,20,23,24,20,13,10,14,16,13,12,12,14,15,15,,,16,19,19,18,,13,18,16,18,19,,13,16,18,,23,18,17,20,,19,20,,11,25,,,27,24,24,24,19,24,,,17,17,15,,,15,23,19,20,23,19,23,19,16,,19,16,,25,36,26,36,20,25,,42,22,20,30,,19,25,22,41,26,,26,27,32,27,40,36,19,22,,17,14,29,23,23,19,28,19,21,28,40,40,,29,25,21,19,,20,17,19,39,21,28,,,30,36,32,26,21,,22,20,25,25,26,23,29,29,33,40,32,34,38,40,,30,29,26,32,35,,36,44,29,37,40,28,30,,,42,33,59,40,39,,44,41,39,38,,,41,54,16,23,22,25,25,,35,22,22,,30,38,43,38,47,42,33,30,29,32,29,34,29,18,,23,26,30,39,26,,61,,,34,,56,,,40,,,,,33,,,,35,32,21,25,112,25,28,,32,29,29,36,,38,32,,39,34,31,31,16,36,42,38,,42,41,44,39,54,57,39,44,51,,16,12,10,9,9,10,9,10,,12,16,10,11,10,18,,18,,,11,,17,,12,14,14,,20,13,,,19,22,24,24,,15,14,14,,17,22,34,22,20,24,,,14,,,,,24,,,,,15,18,15,14,19,22,24,15,22,32,,22,,,32,,38,39,43,16,19,21,18,21,,56,37,44,42,41,30,35,35,63,55,20,24,,22,18,48,20,32,27,26,,23,41,,,16,16,,15,16,,13,24,,23,25,,,17,17,,65,,53,34,50,35,17,17,,17,16,,42,53,,62,,15,17,23,,17,18,34,40,36,,13,9,10,16,12,14,30,22,22,16,23,16,14,10,18,29,8,11,6,9,15,10,14,16,15,14,18,16,14,16,19,18,22,,16,17,11,20,13,33,27,14,18,34,21,28,27,23,,25,26,24,,22,16,15,17,19,,14,14,24,,20,,16,15,16,16,16,13,15,,,,15,,,,13,,15,,13,,13,17,23,,36,,,24,38,24,30,28,,25,18,20,15,22,16,,19,,,23,29,,28,,32,38,34,32,17,39,24,37,99,58,69,67,65,85,23,24,26,30,37,26,33,27,28,28,26,,30,22,27,43,39,24,24,20,,,,,52,49,,39,26,,28,27,25,27,31,28,22,24,24,47,38,,40,38,,38,39,41,,37,50,,52,29,27,44,38,43,,29,42,54,44,34,45,,105,88,142,29,35,34,36,38,31,,48,33,,42,40,,,32,,,,,,,,,,,,,,,,,,,,,24,,,,,,,,,,,,,,,,,,,,,,,,,,,,,,,,,,,,,,36,11,17,28,27,14,13,16,,,,,,20,25,16,,16,48,36,45,45,38,15,,13,14,52,,,33,24,,25,32,27,,24,,40,38,,,50,25,,,38,42,31,,,28,24,100,35,42,41,42,19,18,11,23,17,14,8,9,12,17,13,21,14,15,,16,18,,29,29,20,,9,8,22,18,32,23,21,21,8,34,21,28,,,17,23,24,,20,28,29,25,35,25,29,37,30,29,30,29,43,,,29,13,19,13,24,24,,17,19,18,,19,18,19,,13,13,14,13,9,19,22,,14,15,12,20,,15,10,12,,11,31,11,24,24,,,14,,14,,,,16,16,15,18,15,15,,11,,19,15,19,19,22,,19,,18,15,15,,,15,25,13,,18,15,13,,,28,10,20,60,36,28,16,49,23,17,29,23,35,32,32,,30,26,19,32,29,,32,19,,42,26,27,30,29,23,,26,31,36,20,23,27,24,20,29,23,21,,22,,,,17,16,17,15,,16,15,15,,17,16,16,14,15,,15,17,16,16,16,14,14,,16,15,16,27,25,,14,16,20,37,21,25,26,18,18,17,18,13,,35,26,32,,16,19,,15,17,16,12,,18,16,13,24,22,40,48,,29,39,,35,38,34,28,35,19,22,31,23,23,39,43,35,29,,33,45,39,28,47,17,32,32,44,51,25,29,27,48,33,18,22,22,58,,67,57,34,52,28,27,35,35,57,62,,52,40,42,48,33,30,46,47,40,29,29,,64,38,35,27,15,,19,27,24,28,38,30,30,34,37,27,25,26,27,19,33,,,,33,31,,30,19,16,22,29,25,,32,32,33,,,,,34,38,39,33,36,51,,32,,21,25,21,22,22,25,22,26,25,32,20,,,,,43,30,20,19,,20,20,,20,15,19,21,33,16,24,22,31,31,29,38,43,53,,31,40,20,28,28,21,21,18,30,,17,13,,20,15,,31,29,27,,31,,,,14,14,19,31,24,32,33,30,34,33,,25,24,10,,39,44,,24,33,95,,66,57,19,26,145,,,24,24,31,35,,,40,39,35,,41,40,28,28,22,42,37,,33,,,26,24,28,27,95,87,220,268,15,,29,40,37,72,,108,121,118,120,,,42,30,,36,,32,39,39,28,21,12,15,26,13,11,68,30,17,,28,18,16,16,9,11,15,,15,,17,,38,67,24,24,136,38,15,18,15,32,15,26,,,22,12,26,16,,32,36,36,39,,22,10,,,27,13,17,17,25,25,21,24,17,18,22,47,22,33,44,,15,16,,49,17,25,33,34,32,36,17,35,,,18,23,17,16,36,19,32,17,21,14,15,18,,15,,23,18,49,,,14,,,31,31,21,19,22,,15,41,,27,19,21,52,16,,,12,29,43,19,21,15,,,47,23,23,15,21,30,26,70,,89,15,,25,29,24,15,16,13,,22,44,39,47,41,27,109,21,13,18,18,,23,20,,16,13,57,42,38,36,38,16,25,17,,14,16,13,17,32,42,26,24,29,20,20,21,27,23,22,44,27,22,22,22,44,34,29,40,23,13,,11,25,15,22,22,16,10,10,15,14,15,14,15,15,15,27,30,,13,22,31,25,39,34,37,,36,16,45,40,42,,39,32,28,21,19,21,14,12,27,,12,18,18,18,22,45,,,15,54,28,22,18,37,24,44,,39,46,44,28,15,21,18,15,16,24,57,22,29,11,18,46,,18,16,20,16,15,20,14,13,11,15,14,18,16,10,20,24,30,36,30,35,41,17,26,44,22,24,20,34,33,23,,23,41,28,19,14,15,11,13,14,22,19,21,14,13,13,19,16,,16,17,25,,,15,21,24,35,26,33,32,26,41,32,39,42,34,39,20,12,19,14,13,13,12,15,12,27,24,,,,23,24,16,35,30,,30,30,23,18,12,13,14,14,55,29,46,92,53,28,19,18,34,28,25,22,,19,,23,22,55,13,30,24,30,25,22,26,,14,14,44,32,35,21,9,19,48,23,32,20,19,26,14,20,33,22,41,15,16,,,23,26,11,10,,,13,10,14,16,12,20,27,26,31,27,16,26,42,15,31,37,34,57,60,38,14,32,16,20,52,26,30,24,19,31,32,20,35,52,,22,20,15,16,16,24,46,28,14,21,21,26,16,31,24,38,46,30,12,20,24,21,22,,35,13,23,105,42,52,15,29,11,11,12,13,10,41,21,,24,45,48,14,19,15,11,13,12,12,11,10,40,40,31,24,25,38,40,63,32,,20,19,21,28,25,14,15,17,14,52
20230729,21,PM2.5,8,3,6,,10,9,9,11,8,3,8,11,,,3,,8,9,4,,8,,1,4,,3,6,,10,8,18,8,10,9,5,,2,12,,22,4,4,8,15,,7,,12,7,7,8,8,5,13,,22,16,,28,21,15,5,3,8,10,9,6,21,,20,7,2,6,11,4,,7,13,7,11,19,,9,22,10,8,6,6,,21,19,,,16,21,29,18,18,9,8,,10,3,5,8,10,,7,8,20,14,12,12,12,17,16,15,7,15,17,10,10,12,9,,10,13,9,18,14,12,,12,22,26,,18,16,18,15,3,10,5,4,6,,6,7,7,12,7,5,5,2,7,,9,5,5,12,,8,8,7,11,10,8,4,6,3,3,,5,,,,6,12,,17,15,15,,,,8,,5,7,9,2,7,5,7,5,3,,,,6,5,,7,8,10,7,5,,7,9,7,2,6,,12,9,,8,,,9,,12,10,,10,14,13,,11,9,15,13,3,8,4,,,4,6,8,18,17,12,13,,8,,,9,,6,8,,3,6,12,4,4,5,,10,10,11,7,9,5,7,8,7,7,9,,7,7,1,5,,5,4,,,8,13,8,13,5,5,7,12,9,,9,8,9,,16,12,5,10,,7,7,15,2,17,,,9,7,5,9,10,10,5,,1,3,4,2,5,,3,5,7,12,9,9,11,8,,10,11,40,12,20,18,12,7,17,,29,14,2,15,,9,11,13,17,13,25,13,15,19,11,28,15,10,10,,4,9,11,12,16,9,19,8,14,19,16,5,,12,14,12,11,11,14,9,12,14,12,16,,,17,17,14,12,13,12,14,11,13,11,8,13,20,20,23,28,22,22,20,26,,16,18,15,19,7,,21,26,19,20,26,10,17,,,23,23,20,14,27,,2,5,5,5,,,17,15,2,16,5,17,7,,24,14,9,,12,23,18,21,28,22,5,6,5,6,7,6,20,12,,14,15,19,21,18,,23,,15,13,,34,,,25,,,,,10,,,,21,17,3,,84,9,3,,16,14,16,16,18,25,20,,25,22,16,17,11,14,4,19,,12,15,18,14,17,22,14,17,17,,9,7,5,4,3,7,6,4,4,2,11,5,6,7,4,12,3,6,,7,,10,10,8,8,7,,14,6,,,12,8,11,12,,5,9,9,,9,2,,7,12,7,11,14,9,7,,,,9,,,7,,9,12,10,6,11,12,6,10,12,22,,9,,,22,,15,24,26,5,6,5,7,8,,25,23,24,18,20,16,17,24,12,39,12,11,12,8,5,33,13,22,11,18,,9,24,26,,8,9,,7,9,10,6,16,,16,12,,,1,8,,47,,29,22,15,21,,,,,2,,20,37,,44,,10,10,16,,2,10,11,17,15,,4,3,4,5,2,5,7,8,11,6,8,4,,3,8,13,5,5,4,6,10,5,2,4,5,8,11,8,8,6,8,3,2,,5,7,6,14,9,7,11,6,10,11,6,16,14,16,,17,13,11,,15,11,5,6,6,,6,3,1,,14,,11,8,8,9,9,6,8,,,,10,,,,3,,8,,4,1,2,11,14,,2,,,7,5,5,4,19,,17,12,8,6,15,9,,8,,,16,20,,14,,18,17,23,22,4,7,7,12,74,41,50,48,47,63,6,6,14,10,11,17,14,17,16,14,16,,10,9,12,30,27,9,14,5,,,,,21,21,,23,12,25,17,3,17,13,15,19,10,16,14,10,24,,21,21,,26,27,23,,20,21,,27,8,8,27,17,30,26,6,29,22,26,,22,,41,34,53,8,9,10,11,1,5,,10,8,,16,24,,,7,,,,,5,,,,,,,,,,,,,,,,9,,,,,,,,,,,,,,,,,,,,,,,,,,,,,,,,,,,,,,25,3,,14,16,7,,2,,,,9,,7,14,2,,11,24,22,22,31,26,5,,8,6,36,,,23,15,,17,22,9,,11,,12,18,,,35,14,,,17,13,18,,,12,11,35,8,9,14,11,,,3,13,11,3,4,5,8,9,5,6,4,2,7,,12,,20,20,9,,,,4,6,17,16,5,3,3,7,4,13,,,10,13,10,,12,14,13,15,9,,,7,10,12,8,6,6,,,20,6,9,6,8,7,,11,,2,,5,5,1,,8,5,1,9,1,6,10,,3,6,2,12,9,1,6,7,,7,4,6,9,8,2,,2,,8,,,,,4,9,12,8,9,,3,,8,8,8,13,11,,12,20,12,10,10,8,2,7,11,8,11,9,8,4,6,,18,2,14,43,25,5,5,34,13,4,17,16,20,11,22,,21,14,11,13,19,,18,11,18,18,12,15,12,20,11,,13,20,21,13,16,11,13,8,16,16,13,,15,,,,5,2,9,2,,2,2,3,,5,5,11,5,5,,6,5,6,8,3,5,2,,5,9,11,1,1,,4,1,8,15,9,4,10,8,12,5,,,,12,18,16,,9,7,,6,6,11,8,,12,8,6,14,15,17,13,,18,25,,24,20,14,17,23,6,15,18,14,7,14,30,24,15,29,23,31,27,14,27,5,19,20,14,16,10,16,16,33,20,12,12,12,39,31,35,40,12,16,13,9,12,17,40,44,35,36,20,22,22,21,17,24,23,28,20,20,,46,26,24,9,9,,2,9,5,17,6,20,21,10,16,11,13,10,9,8,7,,,,20,18,,16,7,7,7,10,5,,17,19,23,,,,,16,12,18,16,9,23,,22,,13,9,7,5,10,10,15,18,9,12,14,,,,,20,11,11,13,22,5,14,,14,8,9,12,19,8,12,5,15,14,20,26,27,22,,20,27,5,12,8,14,10,10,21,,6,6,,11,8,,2,7,5,,7,,,,,4,7,11,16,17,11,14,14,13,7,4,4,6,,10,5,,16,11,53,,18,16,7,7,46,,,11,10,16,21,,,20,23,20,,18,9,11,8,6,11,8,,9,,,7,4,4,2,26,29,30,36,,,14,6,13,29,32,57,44,54,40,,,6,13,,9,,5,10,17,12,14,8,,11,5,3,7,21,2,,11,5,9,8,6,7,9,,5,,5,6,16,48,10,11,53,10,2,6,9,22,10,8,,,7,5,9,7,,7,6,5,8,,9,7,,,7,4,4,9,12,12,9,9,5,6,10,20,12,18,27,,3,2,,31,6,17,23,7,22,20,7,24,,8,7,9,4,1,18,8,20,2,12,2,6,9,21,6,,16,7,13,,25,5,,,14,5,7,12,10,7,2,9,,11,6,7,19,2,,5,7,8,18,11,9,10,,,28,6,16,8,9,,9,9,7,58,10,15,17,20,10,3,6,,,8,22,9,20,7,3,32,4,4,9,5,,7,5,6,2,4,40,7,8,14,26,11,6,8,10,5,8,8,3,21,23,16,9,9,11,10,13,15,16,2,19,12,7,13,4,17,20,10,14,16,5,,3,17,7,6,11,3,4,3,7,5,4,4,2,10,10,6,17,,7,14,18,3,27,15,19,21,25,9,31,23,19,,19,22,10,10,7,14,7,7,6,,7,12,12,,15,31,27,,10,18,7,15,12,13,11,24,,27,16,23,19,9,11,10,8,8,5,6,10,10,5,6,15,19,7,5,11,9,9,10,6,6,5,6,6,6,7,5,5,7,,8,13,23,22,5,15,23,11,11,9,17,6,9,9,12,24,19,3,6,3,7,4,5,3,5,14,7,4,4,11,5,4,5,7,9,8,,4,7,8,23,18,11,17,18,20,22,19,29,21,22,10,5,9,5,5,5,2,6,5,9,14,7,,6,16,9,6,5,13,,12,21,16,12,5,7,6,9,39,20,32,68,34,18,12,9,15,8,11,13,,7,12,14,10,39,9,18,12,21,17,15,12,,8,7,25,22,16,6,3,1,33,5,3,3,1,16,9,14,23,15,15,2,,5,6,16,4,3,5,4,1,3,5,1,11,4,14,16,12,13,7,10,14,20,9,12,4,,40,13,26,8,22,1,2,22,17,15,11,9,17,17,11,16,18,,13,6,5,3,5,16,18,9,5,2,10,9,,8,5,22,32,16,,14,11,10,14,,8,8,9,35,29,26,7,20,3,5,7,7,3,20,8,5,10,14,10,8,8,9,2,9,3,8,4,5,20,21,3,7,13,11,13,45,15,4,8,8,9,1,13,7,10,9,7,13
20230729,21,PM2.5_24h,23,14,20,18,21,21,16,18,14,25,17,18,,,5,,6,7,8,,6,,2,3,,3,7,,22,27,28,16,17,20,10,,11,16,,20,8,5,10,15,,12,,9,8,6,16,13,14,16,,28,12,,18,21,19,17,15,15,16,15,20,22,,25,9,5,10,14,14,,13,15,14,16,29,,19,27,30,26,27,24,,14,13,,,13,16,15,15,20,13,11,,10,7,12,13,13,,14,2,7,5,4,5,4,4,6,6,4,12,12,11,10,11,9,11,11,12,11,17,12,10,15,13,12,18,,14,11,19,13,6,10,6,5,6,,5,7,5,8,2,3,1,2,4,2,6,6,5,18,,8,7,7,8,7,8,2,6,3,2,,4,,,,9,11,,9,11,11,,,,9,,5,5,7,4,6,8,6,2,7,,,,6,6,,7,9,9,8,7,,8,7,7,2,5,6,7,11,,10,,8,10,,8,8,,7,9,10,,10,7,8,7,7,6,5,,,4,5,4,12,10,10,12,,7,,,10,,4,7,,13,9,11,5,6,6,,7,7,8,8,8,6,7,4,7,10,11,4,8,11,4,6,4,8,2,,,2,2,2,10,7,5,8,7,4,,8,8,11,,9,10,5,8,,7,6,11,12,12,,,7,5,5,7,8,7,10,,5,4,7,5,7,17,5,6,4,9,6,12,12,6,,6,5,8,10,12,12,7,5,10,30,11,9,3,22,,20,22,21,17,18,21,20,19,15,14,23,17,12,14,,9,14,12,14,19,15,19,9,15,18,17,16,,13,21,28,19,17,20,16,16,13,19,13,,,20,19,17,19,12,13,17,15,18,20,19,18,30,27,28,29,27,25,29,36,,16,20,16,16,13,,22,26,17,16,20,12,14,,,21,22,20,16,16,,12,12,15,12,,,18,12,7,17,8,10,7,11,18,13,7,,14,37,15,14,19,16,7,7,6,6,8,7,18,13,51,11,19,15,21,9,,22,,10,13,,17,,21,20,,,,,11,,,,18,18,19,29,100,27,16,,28,11,9,12,12,9,12,9,9,13,13,18,9,10,5,14,,22,20,17,18,15,18,15,16,19,,6,7,6,12,10,11,12,6,6,4,9,7,9,8,5,10,8,6,,7,,9,8,7,5,12,,12,7,,,12,9,10,7,,4,8,8,,8,4,2,5,10,5,7,8,5,4,,,,7,,,9,,8,6,8,6,6,8,6,5,6,9,,9,,,16,,15,22,21,10,10,9,14,13,,23,23,23,20,27,20,29,30,18,28,9,10,11,11,11,18,10,10,13,19,,14,20,20,,14,14,,12,13,11,12,13,,17,12,,,6,12,,24,,22,19,16,21,8,10,,11,11,,48,32,,45,,19,21,19,,24,20,10,11,9,,7,7,8,10,10,7,6,14,12,8,9,8,11,6,9,15,7,5,14,13,9,9,9,9,9,10,9,9,10,8,12,4,6,,8,9,11,10,6,6,19,11,19,13,8,8,9,8,,9,8,9,,9,7,8,6,5,,6,7,4,,12,,12,8,9,12,8,3,6,,,,8,,4,,6,,9,,8,5,5,18,19,,18,,8,10,6,5,10,11,,15,10,6,7,13,8,,12,,,7,12,9,12,10,16,20,18,14,11,5,10,15,37,30,34,30,30,30,7,8,10,10,15,13,14,15,17,16,15,,13,9,14,19,7,7,7,3,,,,,12,12,,13,13,13,11,11,15,16,9,14,9,13,10,11,12,,19,22,,14,16,18,,15,18,,18,5,4,8,7,8,13,4,12,33,34,30,42,,18,21,46,9,15,11,12,4,9,,16,9,14,14,13,,,9,,,,,6,,,,,,,,,,,,,,,,4,,,,,,,,,,,,,,,,,,,,,,,,,,,,,,,,,,,,,,11,2,3,8,10,8,1,4,1,,,9,12,10,11,8,,18,26,29,20,26,27,17,,25,21,36,,,37,38,,29,30,18,,18,,14,15,,,24,16,,,15,14,24,,,12,12,12,8,15,10,13,13,10,7,19,14,6,8,8,10,11,9,12,13,12,14,4,14,,13,15,7,,4,2,6,6,16,14,5,7,7,12,3,10,,,8,8,9,9,8,11,10,6,6,6,11,15,9,10,10,11,10,,,14,7,9,8,12,14,,10,5,5,,9,9,5,,10,8,6,11,5,8,9,,4,9,6,5,7,4,6,5,,7,5,6,6,5,4,,3,,7,,,,2,2,4,8,6,3,,5,,7,6,6,5,4,4,5,31,10,10,11,7,3,4,10,6,13,11,8,10,4,,6,6,10,31,9,5,5,14,13,13,12,10,14,12,15,,6,7,7,8,10,,15,10,14,14,14,18,14,17,12,,12,15,16,9,11,8,9,7,8,7,6,,10,5,9,,3,2,7,9,,7,7,5,,6,6,13,5,6,,6,6,9,6,7,7,6,,6,7,10,4,7,,6,3,6,13,13,8,10,3,13,8,2,1,,8,25,10,,7,5,,10,6,9,5,,10,8,8,17,12,11,16,,14,18,12,17,14,5,17,15,7,11,10,9,7,14,17,15,18,18,15,24,19,26,24,6,14,15,13,14,8,14,16,12,13,8,8,9,30,26,30,29,14,16,12,10,14,15,26,24,25,21,20,19,19,16,18,16,20,25,21,21,,35,23,24,7,6,,4,7,6,10,6,15,16,10,15,23,19,14,20,10,5,,,,22,17,,19,5,5,6,9,7,,10,11,11,,,,,7,6,9,8,6,11,,15,,7,11,7,6,9,10,15,8,8,6,9,,,,,10,6,8,9,15,7,12,,11,6,6,12,16,6,11,6,13,10,13,18,23,19,,24,28,20,21,10,6,10,7,15,,11,8,,9,4,,5,5,5,,13,,2,,2,4,6,10,8,12,15,16,14,36,7,10,9,8,,9,5,,7,7,19,,18,25,6,6,47,48,,7,6,12,13,,,15,12,23,,16,9,14,18,3,14,8,,7,,,4,3,3,2,52,55,26,29,7,,26,8,12,24,28,44,36,46,40,,,13,13,,8,,6,25,25,25,10,9,8,16,2,5,3,25,14,,21,9,10,8,6,6,8,,4,,4,9,14,17,8,12,56,8,5,11,12,19,8,8,,,17,6,7,5,,12,14,13,12,,9,3,,,6,4,4,9,9,6,11,5,5,5,10,20,17,15,32,,5,10,,21,10,13,13,16,24,16,9,21,,9,6,3,6,2,23,6,27,5,11,4,5,14,9,5,7,8,8,10,,20,5,16,5,10,11,10,12,13,4,6,13,2,14,9,8,15,7,,6,5,4,15,7,10,9,,,19,6,17,7,9,1,8,9,10,17,11,10,12,26,5,9,11,2,,8,17,11,15,7,5,38,8,6,5,7,8,6,6,5,5,14,22,17,8,16,18,11,8,8,7,4,10,8,8,15,22,22,26,17,20,19,17,18,18,10,15,18,17,15,14,19,21,15,13,5,16,,6,9,7,6,8,5,3,4,7,5,5,7,5,13,13,10,13,12,7,13,15,10,21,12,15,26,23,10,17,12,21,,19,12,22,8,6,11,7,3,4,,5,13,14,2,11,18,17,,6,10,11,11,12,19,10,26,26,21,15,22,22,5,9,9,5,6,5,3,11,6,19,13,21,16,6,3,9,7,10,6,6,7,7,6,4,11,6,8,20,18,19,28,31,25,15,8,12,18,15,12,14,22,17,15,16,13,27,28,4,5,11,20,23,3,4,5,8,5,9,8,7,6,8,5,6,6,10,7,6,8,12,10,12,11,15,16,17,11,20,5,12,13,10,5,5,4,6,7,6,5,9,4,7,4,,11,10,10,4,5,16,13,8,10,20,7,6,8,4,7,15,15,18,23,26,13,7,9,16,10,11,11,,5,12,9,7,22,13,20,7,16,10,8,8,9,7,10,21,19,14,18,16,13,31,20,10,22,10,17,13,18,21,15,16,10,9,18,20,20,14,18,18,7,2,8,12,2,7,8,30,20,10,15,5,24,22,16,26,10,6,19,47,24,9,9,30,22,12,17,16,16,9,13,20,20,7,16,21,,9,5,8,7,6,13,11,6,4,2,11,4,7,6,6,21,23,12,2,10,9,8,9,,5,6,11,32,36,36,7,32,12,15,26,16,20,18,9,6,11,20,6,6,10,6,18,11,15,14,16,15,13,15,7,7,7,19,10,35,9,4,14,9,4,2,14,8,9,6,6,14
20230729,21,PM10,10,10,7,,16,10,18,11,13,8,10,17,,,11,,16,21,9,,16,,8,11,,9,8,,16,23,6,9,8,19,7,,16,19,,11,12,4,14,23,,19,,20,23,8,6,22,21,33,,18,32,,42,47,45,20,13,25,10,19,19,22,,28,5,10,19,14,12,,5,7,17,4,23,,13,32,17,12,12,25,,39,36,,,33,30,62,39,23,19,19,,18,13,15,17,14,,9,13,23,14,19,16,11,14,13,15,9,26,27,33,25,33,21,,22,23,22,23,32,42,,34,51,73,89,71,69,52,49,20,20,19,18,20,,20,17,23,20,10,12,12,9,9,9,14,9,17,28,,17,18,20,18,19,17,12,14,13,6,10,14,,,,24,23,,34,17,17,,,,22,,14,15,16,7,22,12,14,12,14,,,,15,8,,17,15,,19,7,,16,12,9,14,61,17,24,14,,21,,16,18,,30,27,,18,21,19,,18,26,29,35,3,13,11,,,16,9,15,35,34,31,41,,31,,,16,,18,13,,6,20,20,16,13,20,,26,37,20,12,20,23,24,20,9,7,12,,9,9,12,5,5,9,10,,16,19,17,18,,13,18,16,9,12,,12,16,18,,20,17,17,20,,19,20,17,7,22,,,27,24,24,24,19,24,,11,4,1,,,,6,23,10,20,23,19,23,19,16,,19,6,21,17,36,18,36,20,22,28,19,22,10,30,,19,25,21,41,26,54,26,27,32,27,28,36,19,22,,12,14,29,23,18,17,18,18,19,27,40,40,,13,17,12,16,,19,17,10,39,12,28,,,30,36,32,26,14,126,22,19,20,19,8,18,27,27,23,27,22,34,38,40,,30,29,26,32,14,,36,35,29,31,40,28,22,,,40,31,68,40,32,,34,24,11,27,,,26,23,12,17,22,12,19,,27,22,22,,30,35,43,38,47,42,7,11,5,6,29,13,29,17,29,23,26,18,39,22,,71,,,34,,62,,,40,,,,,9,,,,27,32,18,19,27,25,28,,26,20,24,36,28,38,32,,39,34,31,31,9,36,42,31,,41,24,23,26,58,63,39,44,51,,16,12,10,5,5,7,8,3,,4,4,7,6,8,18,18,18,,,9,,17,14,12,14,12,,12,5,,,19,22,24,24,,8,14,14,,17,22,34,22,14,24,19,14,14,27,,,,24,,,16,,15,12,5,14,19,22,24,12,22,27,,22,,,13,,22,39,43,15,18,21,17,21,,61,37,44,42,41,29,34,34,75,51,14,24,30,10,15,46,13,13,27,18,,21,33,49,,7,10,,13,16,18,12,24,,22,22,,,5,1,,39,,56,34,50,35,7,5,,6,3,,42,56,,53,,5,17,18,,11,10,27,40,32,,13,7,9,16,11,14,15,22,22,16,23,16,14,1,18,29,7,11,6,4,15,10,14,16,15,13,18,16,14,8,19,18,22,,11,17,11,10,13,33,18,13,18,34,21,28,27,21,,23,26,24,,11,13,12,13,14,,14,14,4,,9,,10,3,13,13,6,13,13,,,,6,,5,,5,,7,,5,9,13,14,23,,36,,,21,38,24,30,22,,20,13,20,13,15,6,,10,,,10,22,20,28,12,32,38,34,20,17,39,12,37,69,61,66,67,77,83,14,13,19,22,33,20,33,27,28,28,26,,30,22,27,43,13,24,24,20,,,,,22,39,,30,21,24,28,10,24,14,31,25,18,21,24,47,38,,40,38,,38,28,41,,37,50,,54,29,27,44,38,29,38,10,33,58,44,34,45,,159,125,234,29,23,27,36,14,16,,48,20,,42,40,,,32,,,,,27,,,,,,,,,,,,,,,,24,,,,,,,,,,,,,,,,,,,,,,,,,,,,,,,,,,,,,,28,11,13,28,27,13,10,16,8,,,13,22,15,12,12,,11,48,36,45,45,38,2,,9,7,40,,,24,24,,16,31,27,,24,,40,29,,,,25,,,38,41,31,,,28,24,150,35,23,22,19,19,18,6,23,17,14,8,9,9,17,12,21,14,1,,10,3,,25,19,16,,5,1,22,18,32,22,9,20,8,34,21,28,,,17,13,12,,17,21,2,19,19,15,14,37,16,18,13,22,13,,,27,13,19,2,15,8,,17,14,8,,7,12,7,,8,10,5,10,9,6,15,,7,11,12,20,12,15,5,12,,10,31,11,24,24,12,,8,,7,,,,5,6,2,13,4,9,,7,,19,7,17,17,22,,19,12,14,10,15,18,,15,25,13,29,18,15,9,16,,28,6,15,43,16,28,16,39,23,17,29,20,35,32,32,,14,26,19,32,29,,32,19,42,42,26,27,30,29,23,,26,31,36,20,23,27,24,20,29,23,21,,4,8,7,,17,9,17,5,,1,5,8,,9,7,10,5,5,,12,15,11,12,7,9,8,,15,11,2,27,25,,14,16,20,37,21,25,26,15,14,16,16,11,,35,21,32,,3,19,,8,11,8,9,,15,12,8,24,20,40,48,34,25,39,31,16,38,34,28,35,19,16,31,23,23,39,33,27,29,20,27,40,32,23,47,13,32,32,44,51,25,29,26,45,21,18,22,22,65,75,83,60,34,54,28,27,35,35,51,53,51,51,40,42,48,33,30,46,47,26,29,26,,56,35,35,10,14,,13,27,24,28,38,23,24,34,37,11,18,19,16,19,20,,,,33,31,,30,19,15,22,29,25,,32,32,30,,,,,34,33,26,33,31,52,,22,,21,14,21,14,17,21,20,19,25,32,14,,,,,43,30,20,16,31,12,17,,19,15,19,20,33,9,24,22,31,31,27,27,43,56,,31,40,20,28,28,21,17,16,16,,17,13,,16,8,,6,16,8,,31,,,,6,6,17,31,22,32,19,27,25,21,,10,14,10,,27,18,,20,33,139,,82,64,19,26,239,,,24,24,27,35,,,20,37,28,,32,34,22,25,22,30,37,,19,,,26,15,14,12,140,123,364,397,2,,21,27,21,94,,166,192,185,190,,,18,24,,36,,19,32,28,20,20,12,6,26,12,6,14,12,5,,22,18,16,16,8,1,15,,8,,17,9,35,43,22,24,222,38,7,18,15,30,11,9,,,22,11,26,16,,17,14,29,39,,6,8,,,27,13,17,17,20,19,21,24,17,18,18,47,19,33,44,,9,6,,49,13,23,24,7,30,36,17,34,15,19,18,23,7,9,36,19,32,17,20,14,15,18,19,9,,15,17,49,,40,5,,,27,22,21,14,15,14,4,41,16,27,15,21,54,14,,16,11,29,43,13,21,15,,,43,22,16,15,16,9,24,90,5,127,7,44,16,17,24,7,8,6,,16,40,29,32,29,22,167,21,13,18,18,17,23,20,20,16,6,43,24,37,36,28,16,16,17,10,14,16,13,17,30,42,26,24,29,20,20,21,27,22,13,44,20,22,14,21,30,34,29,40,,9,,6,24,1,19,20,2,10,8,6,3,3,,13,3,13,17,6,,7,22,24,21,38,34,37,40,36,16,29,40,37,,24,31,13,21,19,15,14,12,27,,9,12,13,,20,40,50,,10,58,28,14,12,37,11,44,,31,46,44,25,15,21,18,12,16,24,63,22,29,6,18,35,32,12,9,19,16,13,20,14,13,10,15,14,18,16,9,4,22,19,36,23,35,41,16,24,44,22,24,4,19,9,23,19,14,25,20,9,4,9,9,7,10,8,19,21,11,1,9,14,5,3,2,5,25,,9,11,10,24,35,11,33,32,11,25,31,26,23,34,30,20,12,19,14,11,13,10,10,7,27,24,19,,,20,24,16,16,30,6,17,21,23,16,8,13,14,14,39,28,45,71,56,28,19,14,34,28,25,22,,19,20,23,10,20,11,30,24,28,15,22,26,,14,8,44,28,35,21,7,6,22,9,32,6,5,26,13,16,31,13,41,4,16,28,23,17,26,,10,4,9,3,10,9,4,8,19,26,23,31,27,12,26,42,11,31,22,29,56,69,15,14,30,5,17,53,26,30,24,19,31,32,13,35,53,,21,17,8,9,16,22,33,28,14,21,21,26,7,26,21,38,32,30,10,20,24,21,22,,35,5,23,159,29,54,4,24,5,11,12,12,5,41,21,10,24,23,48,14,19,15,11,4,6,11,10,8,29,31,29,19,25,38,40,51,32,9,17,12,16,4,25,14,12,17,14,53
20230729,21,PM10_24h,37,27,36,36,21,35,34,31,27,29,30,32,,,10,,9,17,12,,9,,7,6,,6,9,,36,46,29,29,33,34,24,,24,23,,25,19,10,17,22,,24,,17,15,12,25,34,36,45,,33,27,,39,34,38,34,33,33,34,32,38,29,,42,10,14,16,23,22,,24,17,23,20,34,,31,40,52,41,38,42,,30,27,,,28,30,36,36,29,30,27,,27,19,28,27,22,,23,8,10,12,9,19,9,2,8,15,11,29,27,26,25,28,18,19,27,30,22,26,34,30,43,41,42,42,47,46,35,43,49,20,24,20,12,22,,19,21,20,22,12,11,13,11,10,13,19,10,11,27,,17,18,15,17,16,16,11,11,11,6,10,20,,,,21,22,,32,16,15,,,,18,,13,16,14,9,18,11,12,11,16,,,,18,11,,17,17,19,14,14,,16,13,15,17,16,16,21,16,,22,,17,20,,18,18,,15,14,13,,16,25,16,16,14,12,9,,,9,9,12,20,22,22,36,,15,,,14,,14,13,,20,23,22,21,17,21,,16,15,17,15,15,12,16,12,12,12,13,9,13,14,16,11,11,14,6,,6,10,9,10,,17,22,11,7,4,,8,7,19,,13,15,16,15,,18,18,17,17,14,,,25,19,21,27,19,18,9,9,9,9,12,12,14,12,16,14,15,16,16,18,15,12,,21,10,12,13,19,12,24,18,10,13,14,25,23,36,,39,42,30,43,36,43,29,28,26,33,28,41,24,24,,20,30,27,28,25,20,25,20,29,29,38,28,,26,39,41,22,30,21,23,22,26,23,23,,,37,34,35,36,31,37,27,26,32,30,26,25,47,46,45,38,40,42,45,54,,29,32,33,27,23,,31,30,25,29,30,20,21,,,35,31,37,34,23,,24,25,29,27,,,30,18,24,21,22,14,27,29,27,22,27,,25,67,22,22,26,24,13,14,10,9,15,15,27,23,31,20,28,21,32,19,,52,,20,24,,38,,29,29,,,,,13,,,,26,29,90,87,79,94,83,,95,23,17,23,23,24,23,24,23,24,23,31,15,26,19,31,,37,34,34,32,49,44,40,36,52,,14,13,13,14,14,12,16,12,12,10,13,14,17,16,14,15,17,,,8,,20,11,8,15,16,,12,13,,,14,14,18,12,,11,11,8,,17,22,16,16,14,11,13,10,10,12,,,,14,,,20,,20,13,8,15,19,21,25,8,7,13,,12,,,31,,27,36,32,14,15,19,17,16,,42,35,36,33,45,29,40,38,33,39,19,20,23,19,21,46,15,26,28,28,,28,33,34,,19,19,,23,21,22,21,23,,35,18,,,17,16,,31,,41,36,40,45,15,16,,12,15,,57,62,,67,,28,38,44,,38,38,22,26,20,,16,14,19,24,17,15,20,35,23,18,22,16,26,15,20,28,13,14,25,18,19,16,23,26,14,14,18,20,16,12,25,16,30,,14,10,8,13,12,18,27,17,20,29,22,16,14,23,,15,20,19,,6,15,12,12,10,,12,13,5,,14,,18,9,15,13,13,12,10,,,,14,,15,,17,,9,,11,9,23,29,58,,31,,22,17,19,20,15,18,,16,13,16,11,13,13,,18,,,9,21,18,23,19,32,34,31,27,17,29,17,26,39,47,53,49,53,43,17,18,15,16,22,21,22,26,27,32,24,,32,19,27,28,14,21,18,14,,,,,13,27,,16,18,24,23,19,24,22,20,21,20,25,13,27,22,,30,32,,23,23,33,,25,28,,29,8,11,15,14,13,16,10,13,55,42,41,53,,88,66,165,17,26,22,22,11,11,,54,12,49,48,60,,,25,,,,,21,,,,,,,,,,,,,,,,12,,,,,,,,,,,,,,,,,,,,,,,,,,,,,,,,,,,,,,19,12,15,16,18,11,15,13,10,,,14,26,35,23,20,,20,48,67,40,49,58,27,,32,38,58,,,48,56,,40,34,32,,28,,41,34,,,35,21,,,30,34,39,,,16,17,26,21,22,23,15,28,32,15,27,27,13,18,14,25,27,23,30,25,30,39,28,31,,26,23,13,,10,6,29,33,28,18,12,17,14,41,16,23,,,16,14,10,17,10,23,22,11,10,21,14,36,13,16,19,19,14,,,22,9,18,3,22,21,,10,20,18,,15,18,16,,14,16,10,19,14,15,15,,12,15,15,20,12,11,7,10,,10,19,10,15,17,8,,7,,6,,,,5,8,5,7,11,14,,9,,15,16,11,14,15,16,16,8,16,16,16,17,,10,12,12,21,17,17,16,9,,11,10,12,29,13,24,6,20,23,21,20,15,28,32,26,,11,18,21,31,21,,25,20,25,27,30,26,26,26,22,,22,27,28,21,19,38,17,17,20,17,17,,7,9,8,,14,11,17,10,,10,10,12,,12,10,14,7,7,,12,13,10,9,13,15,12,,14,11,9,24,30,,22,23,13,28,22,20,17,15,14,17,13,18,,20,19,21,,6,9,,19,12,8,9,,14,11,11,35,21,25,34,26,25,29,26,21,30,22,33,28,19,15,21,17,18,27,25,30,25,27,16,30,25,28,38,16,20,25,30,26,24,28,26,21,19,16,22,21,52,52,58,60,30,30,25,24,28,43,44,35,35,40,39,29,44,28,31,32,37,37,34,34,,55,36,35,16,16,,12,17,19,23,19,14,15,21,24,28,31,24,33,16,20,,,,24,28,,28,26,23,24,24,29,,20,19,20,,,,,18,15,15,17,16,25,,19,,13,14,21,16,18,26,18,11,16,20,9,,,,,22,18,12,10,29,15,18,,16,13,15,19,20,12,15,6,30,23,20,23,28,31,,24,35,28,30,20,11,15,12,25,,21,14,,15,8,,7,12,12,,42,,6,,6,8,17,25,23,23,26,23,24,30,14,25,25,16,,23,19,,13,18,51,,64,74,11,19,182,191,,14,11,21,22,,,24,25,38,,28,20,20,33,7,24,21,,18,,,23,11,7,6,198,170,121,127,22,,92,41,37,69,72,138,174,172,168,,,31,27,,31,,37,79,86,108,20,15,15,33,7,8,6,36,25,,31,20,18,18,10,9,14,,9,,12,12,29,22,23,25,167,28,12,35,23,27,12,13,,,37,9,19,9,,27,23,29,16,,10,9,,,20,16,20,18,16,15,20,22,15,16,17,40,24,29,55,,9,11,,38,19,19,18,72,35,24,16,31,30,23,13,14,8,8,46,11,40,14,14,15,17,15,15,7,10,11,11,32,,36,13,30,17,20,25,21,20,18,10,23,26,29,25,15,19,30,18,,16,9,14,24,12,16,15,,,28,23,17,10,17,6,16,25,12,49,8,33,15,40,11,13,10,10,,12,28,31,32,27,24,120,19,22,18,21,23,16,18,21,22,27,32,26,34,39,28,17,16,16,9,12,21,21,18,23,40,38,46,37,35,33,25,29,27,19,34,31,29,16,29,34,35,37,35,6,23,,10,12,9,13,15,6,10,10,12,10,19,12,14,13,15,17,13,15,6,16,18,22,30,26,20,29,33,13,25,20,31,,25,16,28,18,12,14,15,11,18,,11,17,13,12,18,24,23,,11,40,23,17,17,28,15,40,42,34,31,43,34,11,18,13,9,10,13,32,22,16,31,29,41,33,13,8,11,16,16,13,16,16,11,14,14,26,17,18,94,92,80,100,107,79,23,14,18,31,27,24,23,35,23,28,26,20,39,42,23,5,15,28,34,7,13,16,12,12,15,15,14,8,13,8,10,10,18,13,12,21,32,22,12,26,22,22,25,16,27,18,21,18,20,11,16,13,20,17,12,12,14,7,21,9,,16,12,15,12,14,26,5,19,15,29,12,17,15,14,13,20,24,33,35,43,23,9,16,34,27,21,20,,20,18,22,16,20,19,31,18,23,9,12,14,16,14,17,49,34,24,29,18,15,68,40,36,40,14,31,27,28,22,13,48,29,35,58,55,49,55,34,47,11,9,13,17,8,7,10,34,24,21,19,23,40,33,25,33,25,19,90,107,84,16,18,44,33,24,42,31,28,19,24,35,34,26,28,42,,15,21,12,18,16,23,25,18,11,10,11,14,20,15,20,31,23,21,19,12,35,15,17,,22,11,25,140,64,52,15,57,28,32,46,30,37,41,27,19,17,32,19,14,18,12,22,18,25,24,34,28,41,32,18,23,12,38,26,41,22,10,25,17,7,7,26,13,14,12,15,41
20230729,21,SO2,3,3,3,3,3,3,1,3,3,3,3,3,,,5,,2,4,5,,4,,4,3,,3,2,,2,1,3,3,2,1,6,,2,3,,4,4,4,1,5,,4,,2,3,1,8,4,6,9,,7,,,2,2,8,5,6,8,7,4,3,3,,3,4,6,2,3,2,,6,4,3,4,9,,4,5,2,4,2,4,,5,6,,,8,6,6,7,4,8,7,,5,5,9,6,5,,7,4,4,7,4,7,5,4,6,5,6,4,3,4,5,2,5,,4,3,2,8,5,6,,6,7,5,5,2,4,6,8,4,8,6,3,4,,2,5,6,5,4,3,3,6,3,6,4,6,8,5,,6,8,8,7,8,5,7,9,5,5,5,4,,,,6,8,,6,8,5,,,,6,,2,5,8,5,9,4,8,5,6,,,,7,5,,3,2,6,3,6,,7,6,8,5,6,8,5,3,,5,,7,6,,6,4,,5,6,6,,7,4,6,5,,4,7,,,3,4,4,4,6,5,5,,4,,,2,,7,3,,4,2,3,6,4,4,,2,3,4,8,3,5,5,3,5,4,4,3,5,5,8,7,7,7,2,,4,2,3,3,1,3,2,7,5,7,,5,5,13,,8,6,6,5,,4,7,,6,5,,,3,6,6,6,4,5,3,3,3,2,3,1,3,2,2,6,7,7,5,7,5,5,,7,6,3,4,4,2,4,3,4,3,1,4,3,3,,4,4,8,8,6,6,6,8,3,5,6,4,4,7,,5,6,5,7,4,7,4,4,4,8,5,6,,5,4,4,5,6,6,10,5,7,3,6,,,8,8,6,4,5,4,6,4,6,10,4,7,4,5,6,5,5,6,5,2,,6,5,7,7,7,,5,5,4,6,6,4,5,,,6,8,5,4,5,,3,3,1,2,,,2,2,5,4,2,5,3,4,4,5,2,,5,10,8,4,7,6,7,13,8,11,10,10,7,5,3,6,6,6,2,5,,4,,4,6,,7,,,5,,,,,4,,,,6,9,5,8,15,4,3,,9,10,4,9,12,6,4,3,4,6,5,1,6,4,7,13,,13,11,12,5,6,8,10,9,7,,4,4,4,1,4,6,3,2,1,4,1,5,2,2,8,7,8,3,,4,,4,2,4,1,6,,7,2,,,6,1,2,12,,8,5,7,,7,9,7,9,7,7,6,5,3,12,,,,11,,,5,,4,7,7,7,4,8,6,3,5,4,,5,,,10,,11,8,9,4,4,8,3,7,,11,8,5,8,5,4,7,6,4,5,2,2,3,7,4,6,4,5,4,6,,5,4,6,,4,4,,8,6,4,5,4,,8,4,,,4,4,,4,,7,7,9,8,7,10,,4,8,,8,6,,7,,7,6,7,,7,6,11,14,15,,7,6,4,5,1,4,4,2,8,8,7,7,8,4,4,6,5,6,6,6,4,22,3,4,6,5,6,6,4,6,5,3,7,,6,5,5,4,2,4,5,5,3,4,2,4,6,2,,7,9,6,,4,11,7,9,7,,10,14,6,,3,,3,4,5,3,8,5,4,,,,1,,1,,6,,3,,1,6,4,3,2,,5,,8,3,5,2,8,6,,4,6,8,5,6,2,,3,,,7,5,6,3,7,4,5,9,4,4,3,2,4,7,4,5,7,6,5,1,2,4,6,7,6,4,9,9,7,5,,11,8,13,11,3,4,7,3,,,,,2,1,,1,2,17,39,22,5,12,6,7,2,1,4,6,7,,4,2,,8,2,5,,6,4,,3,7,6,5,10,4,5,5,4,4,7,5,3,,7,5,2,18,12,6,6,9,3,,6,6,6,5,5,,,5,,,,,5,,,,,,,,,,,,,,,,5,,,,,,,,,,,,,,,,,,,,,,,,,,,,,,,,,,,,,,7,3,1,3,1,2,2,3,2,,,3,11,12,10,8,,8,5,7,8,5,6,6,,7,6,5,,,2,4,,9,7,3,,5,,13,12,,,5,5,,,39,3,11,,,8,3,10,10,11,5,6,7,3,5,10,5,7,6,6,7,6,3,5,8,10,6,4,4,,6,4,8,,8,5,9,7,4,4,5,3,8,6,6,4,,,7,9,8,,10,11,7,9,3,4,5,16,3,2,2,4,1,,,8,3,2,1,6,3,,6,2,4,,6,4,7,,7,8,4,7,5,2,4,,4,4,4,8,3,3,4,4,,4,6,6,7,8,6,,4,,5,,,,2,5,7,19,2,3,,3,,16,6,6,7,6,6,6,2,6,2,7,9,5,4,7,3,2,2,3,2,2,,8,3,4,5,10,6,26,9,10,18,10,6,7,7,6,,3,16,4,2,7,,2,4,4,5,24,7,7,12,2,,2,1,11,2,3,5,6,4,3,8,6,,2,4,6,,5,1,5,4,,4,3,4,,1,8,6,7,4,,6,6,4,8,9,5,3,,4,6,4,6,5,,4,6,8,5,4,5,6,5,6,7,3,4,,8,9,5,,7,7,,8,5,5,3,,6,4,6,9,11,6,21,5,9,6,9,4,9,10,10,6,4,4,2,2,4,4,4,5,2,4,10,6,10,13,9,10,5,5,5,8,2,9,8,10,6,5,6,5,7,6,6,5,5,9,6,8,4,10,5,6,6,8,6,9,5,17,8,10,9,5,8,6,,8,4,2,8,4,,6,7,6,3,6,6,4,6,7,2,3,1,1,3,9,,,,8,8,,9,5,6,7,7,5,,8,8,7,,,,,5,6,6,7,8,3,,4,,4,5,10,8,9,8,2,6,3,6,5,,,,,4,2,4,5,3,3,1,,3,7,7,6,8,2,8,9,4,9,4,8,6,6,,7,9,4,5,7,8,5,8,14,,9,6,,7,8,,6,6,5,,6,,7,,8,8,1,5,6,8,5,7,6,8,5,5,4,7,,65,7,,7,6,6,,7,4,10,4,4,,,5,5,7,7,,,12,5,4,,12,12,12,11,11,8,5,,6,,,6,5,4,6,5,3,3,5,5,,5,7,10,7,5,6,3,3,3,,,6,5,,5,,4,9,9,10,8,3,4,5,5,4,4,3,10,,5,2,8,3,5,2,2,,3,,6,8,3,4,6,8,16,7,4,4,5,9,5,4,,,1,5,5,6,,4,9,6,5,,6,5,,,3,3,6,4,8,6,3,4,5,6,5,6,6,6,7,,3,2,,5,4,11,5,4,13,9,3,6,4,3,5,4,2,4,7,3,17,4,2,2,6,4,8,8,,10,9,7,,,4,8,,3,5,3,5,5,4,3,6,4,3,7,3,1,3,8,3,5,6,7,8,5,4,,,3,4,6,7,9,7,6,3,4,6,1,,7,11,6,2,4,3,,5,9,3,7,17,5,5,6,8,6,8,5,6,3,5,6,3,6,7,16,3,10,4,7,7,8,7,6,2,4,4,5,6,11,6,3,4,6,2,6,6,7,6,1,7,5,8,9,5,2,6,7,,6,9,5,4,9,2,3,3,5,3,2,3,8,5,2,7,4,3,8,11,6,6,8,7,9,9,2,8,13,12,2,,2,6,2,4,5,9,7,4,5,,1,4,4,3,7,13,10,,5,9,5,6,5,6,5,5,,4,18,9,7,2,1,3,6,4,4,6,4,5,3,3,8,12,4,1,6,8,4,6,5,5,6,6,3,4,2,5,4,4,1,4,12,11,6,8,5,9,6,4,5,4,8,3,4,6,7,3,2,5,4,4,2,8,3,3,6,6,3,3,3,2,5,3,3,1,6,8,3,7,6,9,8,9,7,4,3,3,2,6,5,2,7,3,3,8,3,4,6,5,4,2,5,8,,4,6,4,2,6,4,8,8,5,3,4,1,1,8,3,27,6,3,10,3,3,6,3,5,3,3,2,,8,4,6,8,7,7,20,7,4,4,5,2,5,3,2,10,9,6,7,12,6,10,1,2,1,3,6,3,4,4,4,6,7,9,8,9,7,9,6,8,2,2,5,3,8,10,2,7,5,6,7,6,5,4,3,2,5,9,4,2,4,5,6,6,6,6,26,8,6,10,2,7,7,4,12,8,,7,3,4,3,6,5,1,3,5,8,5,6,3,2,8,3,4,6,5,3,7,2,4,,5,6,1,7,4,7,8,4,3,2,3,3,3,6,6,4,3,12,9,8,5,4,4,2,3,3,3,3,6,5,6,2,7,8,3,13,5,,3,3,6,7,13,10,4,7,5,12
20230729,21,SO2_24h,3,3,3,3,3,3,1,3,3,3,3,3,,,5,,2,4,5,,4,,4,4,,3,2,,2,2,3,3,3,1,5,,2,2,,2,3,4,2,5,,4,,2,3,2,8,4,6,9,,5,2,,2,3,9,6,7,9,8,5,2,2,,4,4,6,2,4,2,,6,4,3,4,7,,3,7,6,7,5,4,,6,6,,,8,7,6,7,5,10,19,,6,8,14,11,10,,10,4,4,7,4,7,5,4,6,4,6,4,4,4,6,3,5,4,4,3,3,8,5,6,4,7,7,5,6,3,4,5,8,4,8,6,3,4,,2,6,6,5,4,3,3,6,9,6,4,6,7,5,,6,7,8,6,8,6,7,8,5,4,4,4,,,,6,8,,6,7,4,,,,6,,3,5,8,5,10,4,8,5,6,,,,6,5,,3,3,6,5,6,,7,5,7,4,6,7,5,3,,5,,7,5,,6,4,,4,5,6,,6,4,6,5,2,4,7,,,3,4,4,5,6,5,4,,4,,,2,,7,3,,4,2,3,5,4,4,,2,3,4,5,3,4,4,3,5,4,4,3,5,5,8,8,7,8,2,,4,2,2,3,1,3,2,7,5,7,,5,4,10,,7,5,6,4,,4,7,5,6,6,,,5,7,8,6,5,5,1,1,3,2,2,1,3,2,3,6,8,7,5,6,5,5,,6,6,3,4,4,1,4,2,4,3,2,5,4,4,,5,5,9,6,6,6,5,8,4,5,6,4,4,7,,5,6,5,7,5,7,5,4,7,10,5,6,,6,5,8,6,6,7,11,5,6,3,4,,,9,7,7,4,5,5,6,4,9,16,7,10,5,6,7,5,5,8,6,8,,7,5,8,7,8,,5,5,4,7,7,5,6,,,6,9,5,4,8,,3,3,2,2,,,4,8,5,6,3,6,4,6,6,6,4,,10,8,8,4,7,7,7,13,8,11,10,10,7,5,3,6,6,6,2,5,,4,,4,7,,8,,5,7,,,,,5,,,,13,13,5,6,15,4,4,,6,10,3,10,13,6,4,4,4,6,7,1,6,4,7,17,,15,13,14,8,7,11,9,7,8,,5,5,4,2,4,6,3,3,2,5,1,5,2,2,8,7,8,2,,4,,4,2,4,1,6,,6,2,,,3,1,1,12,,9,6,6,,10,9,8,9,6,7,3,4,5,8,,,,11,,,5,,4,8,7,8,5,8,6,4,4,4,,8,,,17,,13,12,12,4,4,8,4,7,,13,10,6,9,8,4,7,7,4,10,1,4,2,8,4,6,4,5,4,6,,6,6,9,,4,4,,7,6,3,6,5,,11,4,,,4,5,,4,,8,9,10,10,7,10,,8,8,,9,8,,8,,9,6,8,,8,7,12,15,16,,7,6,5,5,3,4,4,5,5,7,5,5,7,4,3,6,5,6,6,10,11,12,3,3,5,5,6,6,4,6,5,3,7,,6,5,4,4,2,4,5,5,3,4,2,3,5,2,,6,8,6,,4,10,7,9,8,,10,11,7,,3,,3,4,5,3,8,5,4,,,,1,,2,,6,,3,,2,6,4,3,3,,6,,5,2,4,2,7,5,,8,7,8,6,7,2,,4,,,8,4,6,3,6,6,10,13,5,4,3,2,4,17,14,10,16,15,10,2,2,3,6,7,6,8,9,9,8,5,,15,7,18,8,4,5,7,3,,,,,1,2,,1,2,9,11,10,5,6,5,7,2,2,5,6,5,,4,3,,8,2,6,,6,4,,5,7,5,5,9,4,5,5,5,5,7,5,4,,19,17,4,18,27,8,10,9,3,,7,7,6,5,6,,,4,,,,,3,,,,,,,,,,,,,,,,5,,,,,,,,,,,,,,,,,,,,,,,,,,,,,,,,,,,,,,7,2,1,3,1,2,2,3,1,,,2,10,11,9,8,,8,7,9,6,5,7,9,,7,6,6,,,4,4,,16,14,3,,7,,16,20,,,5,5,,,7,4,14,,,3,3,8,10,10,5,6,3,3,6,8,4,3,6,10,8,10,5,6,11,9,5,2,4,,8,8,6,,7,5,7,6,4,3,6,3,8,6,8,5,,,6,9,7,9,10,13,6,9,4,5,6,13,6,3,3,4,1,,,9,8,4,2,5,3,,6,7,6,,6,5,6,,4,8,6,7,5,2,4,,4,4,5,8,3,4,4,4,,5,5,6,7,9,7,,5,,6,,,,2,6,8,8,3,3,,3,,9,7,5,7,6,8,6,2,10,4,7,10,5,4,7,3,2,3,4,4,2,,8,3,4,6,14,6,29,16,16,17,13,10,8,10,7,,3,5,4,4,4,,1,5,6,6,8,7,8,13,1,,3,3,7,2,4,4,5,4,4,8,8,,3,3,6,,6,2,5,4,,4,3,4,,1,8,6,7,4,,6,6,4,8,9,5,3,,4,6,4,6,5,,5,7,8,4,5,5,6,6,6,7,4,4,,7,9,5,,6,7,,10,5,5,2,,6,4,6,9,10,7,18,7,10,10,8,4,8,6,8,8,4,5,3,3,5,6,5,6,3,6,8,8,11,13,11,10,5,8,8,10,2,14,11,9,6,5,6,5,9,6,7,6,8,7,5,8,6,9,6,6,7,8,7,17,30,9,10,11,10,6,14,10,,16,4,3,7,3,,6,7,6,4,6,6,4,6,7,3,3,3,3,3,10,,,,7,8,,9,8,10,12,11,11,,7,8,6,,,,,5,6,6,6,7,2,,4,,4,6,10,12,9,13,3,5,8,5,5,,,,,4,2,4,4,24,5,2,,5,8,7,8,9,2,8,8,5,9,4,6,13,34,,9,15,6,5,7,9,5,8,15,,9,6,,7,7,,6,7,4,,8,,7,,8,8,2,6,9,8,5,8,7,8,5,5,5,8,,95,34,,6,5,7,,7,5,7,4,5,5,,5,5,7,7,,,8,5,4,,11,10,14,10,11,10,5,,5,,,6,5,4,6,6,4,4,5,5,,7,8,10,6,6,7,3,3,3,,,7,6,,5,,4,9,9,9,19,2,4,5,5,5,4,3,10,,6,2,8,2,5,2,2,,3,,6,8,3,4,7,8,11,8,4,5,6,9,5,3,,,2,4,6,6,,9,16,6,7,,5,4,,,2,3,6,4,8,6,2,4,5,5,5,6,6,8,9,,4,2,,6,4,9,6,4,16,4,6,15,3,4,5,3,2,4,17,3,22,4,2,2,6,4,8,5,9,7,8,6,,2,4,9,3,3,6,3,5,5,4,4,7,4,4,8,3,1,4,25,3,5,6,7,8,5,4,,,4,4,6,6,8,6,6,3,4,6,3,11,7,20,6,2,4,3,,5,9,7,13,41,5,7,6,7,6,7,5,7,2,5,6,3,6,8,19,12,11,2,7,7,7,7,6,2,4,4,6,6,9,7,4,6,6,3,6,6,7,14,2,7,6,8,6,8,2,6,8,,6,9,5,4,9,2,3,2,4,3,2,2,8,4,2,8,3,7,8,10,5,8,8,7,8,9,7,8,11,12,2,,3,6,6,4,6,10,8,4,5,,1,4,4,4,9,9,10,,6,7,5,7,7,7,5,5,11,29,8,10,6,2,1,4,5,4,4,5,6,4,4,3,19,14,4,2,5,7,4,4,5,5,6,6,3,5,2,7,4,5,2,6,6,10,5,8,5,8,6,4,5,5,9,3,5,7,7,2,2,5,4,5,5,8,4,3,6,6,2,3,4,2,6,3,3,2,9,8,4,18,6,11,7,9,8,5,3,3,2,6,5,5,8,3,4,9,3,4,7,6,5,2,6,7,,4,3,4,4,8,5,7,10,6,3,4,2,2,7,3,18,4,16,10,3,6,5,4,5,2,3,3,,8,5,7,8,7,6,8,5,5,5,4,2,6,4,2,12,9,6,7,12,6,9,2,2,1,3,2,3,3,4,6,5,7,9,4,8,7,10,7,9,2,3,4,3,8,9,2,7,7,5,8,7,5,4,3,3,6,9,5,4,5,4,7,7,8,6,24,10,7,10,3,7,8,7,18,14,,6,3,4,2,6,6,2,4,6,8,5,7,2,3,7,3,4,6,6,3,6,3,4,,5,6,2,8,6,7,8,5,3,2,3,3,3,8,8,4,4,16,10,8,5,4,4,2,3,3,3,3,7,6,5,3,7,6,5,11,6,4,5,5,6,7,10,12,4,7,6,11
20230729,21,NO2,8,3,9,11,19,12,16,2,15,7,20,25,,,23,,25,20,23,,22,,40,4,,2,12,,6,6,6,4,8,10,13,,18,20,,23,28,9,20,34,,25,,2,1,8,6,10,4,8,,14,13,,20,21,15,28,12,22,8,8,13,14,,8,9,7,7,3,7,,1,2,4,8,26,,4,27,25,18,15,13,,18,26,,,15,16,26,21,14,24,22,,11,10,14,18,14,,6,14,14,5,6,6,10,12,5,17,7,17,11,12,13,13,9,,15,19,10,7,6,10,,12,19,19,13,15,15,10,13,13,16,10,9,9,,14,12,10,14,5,11,6,4,9,8,13,9,6,10,,4,3,9,5,5,8,19,21,18,18,16,5,,,,6,9,,8,4,8,,,,15,,11,14,12,11,18,9,11,10,12,,,,6,12,,16,12,12,13,10,,10,12,15,12,13,13,4,6,,6,,11,12,,22,23,,23,24,28,,24,19,24,23,,9,8,,,1,10,10,19,14,5,10,,8,,,16,,3,12,,4,8,11,14,6,13,,12,9,12,12,21,8,7,6,11,18,6,7,9,15,16,7,3,8,3,,10,10,11,7,9,13,14,15,20,37,,14,15,11,,19,15,24,16,,14,26,14,10,2,,,4,6,10,9,6,10,10,4,9,12,5,6,5,6,12,10,21,20,13,13,23,26,,22,12,20,10,25,40,19,26,15,19,17,5,27,17,,19,22,18,42,28,39,24,27,4,13,13,20,29,10,,9,17,6,32,9,5,10,2,16,21,23,15,,23,15,16,8,10,7,7,11,12,11,10,,,34,36,39,12,9,5,10,11,15,14,14,18,8,8,14,9,10,18,24,24,,16,14,9,16,6,,19,88,49,13,37,36,12,,,50,51,86,33,50,,3,9,14,10,,,11,3,10,38,12,11,15,24,29,30,23,,15,14,35,38,37,55,10,13,19,10,32,7,50,18,32,34,40,19,21,11,,20,,41,32,,32,,,40,,,,,6,,,,19,18,37,36,32,42,25,,9,16,24,20,22,20,9,22,13,10,8,2,5,37,7,38,,18,29,23,29,36,37,30,24,22,,16,14,14,5,3,9,4,8,14,7,1,6,2,8,16,,15,8,,8,,7,,6,3,3,,6,7,,,4,3,4,14,,3,6,6,,12,13,10,9,8,1,,3,2,27,,,,4,,,8,,4,4,3,2,11,2,1,5,13,12,,1,,,12,,10,10,11,9,10,18,12,6,,34,23,28,17,17,7,5,9,6,8,10,26,21,5,8,8,7,10,8,2,,1,12,,,7,7,,13,9,18,13,5,,10,6,,,2,6,,21,,18,15,13,22,5,8,,2,2,,22,24,,24,,10,10,12,,9,6,17,18,12,,6,6,7,10,9,7,2,18,16,11,17,10,22,8,18,18,10,15,11,6,3,7,9,11,9,12,11,10,9,3,21,20,15,,14,5,6,6,5,7,6,22,18,27,23,18,15,14,,8,12,16,,6,8,13,8,3,,19,11,2,,13,,10,10,16,13,3,2,2,,,,2,,5,,13,,1,,11,8,10,16,26,,14,,21,18,28,15,14,20,,8,21,12,8,10,11,,16,,,6,12,22,29,12,8,11,13,9,9,2,4,5,12,15,16,14,13,20,4,3,9,17,22,35,25,21,20,15,17,,13,18,17,36,18,13,12,9,,,,,5,19,,39,4,16,21,15,19,14,22,12,16,8,17,34,22,,19,23,,10,6,17,,23,27,,36,9,8,14,25,22,26,15,18,16,50,37,30,,10,16,8,39,14,16,11,9,20,,6,5,15,12,5,,,23,,,,,6,,,,,,,,,,,,,,,,5,,,,,,,,,,,,,,,,,,,,,,,,,,,,,,,,,,,,,,7,9,2,25,13,6,5,7,2,,,5,20,22,25,16,,16,10,5,20,11,13,18,,23,27,20,,,13,20,,13,18,40,,23,,16,14,,,14,26,,,18,11,21,,,19,28,17,20,11,5,5,15,15,12,12,12,13,14,12,10,18,16,16,17,7,5,11,18,,13,7,8,,4,2,8,14,12,8,11,15,12,26,15,16,,,6,14,11,,6,6,5,10,22,9,9,1,5,9,6,7,2,,,6,20,14,2,14,8,,7,1,2,,2,5,4,,10,6,8,6,6,6,4,,4,6,8,14,11,7,19,17,,17,14,10,6,10,8,,6,,8,,,,2,4,2,28,4,6,,5,,11,17,10,18,11,22,14,13,23,15,28,14,,7,12,5,13,18,19,6,8,,16,5,13,16,22,13,3,16,29,23,15,5,9,8,4,,5,7,7,21,29,,6,4,11,21,16,16,18,18,33,,10,20,16,10,13,8,8,17,5,8,8,,14,9,7,,8,4,8,6,,5,3,8,,5,3,4,7,5,,12,7,9,9,6,9,6,,8,4,7,10,3,,13,14,5,13,4,4,15,20,18,18,4,6,,14,12,19,,7,8,,4,5,8,10,,7,5,6,19,23,12,13,17,12,14,9,9,11,15,12,14,5,8,7,3,12,49,16,24,22,,9,28,19,15,14,2,29,19,13,20,3,12,9,32,6,4,14,17,26,20,20,44,18,20,20,16,13,26,29,18,13,14,8,9,13,16,10,22,19,6,10,12,,15,7,8,8,30,,8,18,20,38,32,17,16,12,17,8,11,14,10,5,13,,,,18,17,,17,22,31,30,55,10,,23,16,14,,,,,12,10,11,24,17,33,,14,,34,8,22,10,12,9,6,26,18,33,8,,,,,37,9,13,23,11,39,36,,6,6,5,18,10,11,22,30,13,29,13,14,34,39,,18,13,8,12,21,13,12,11,8,,5,9,,8,24,,4,9,11,,6,,4,,3,3,8,8,11,11,13,15,10,14,3,7,7,20,,14,10,,6,8,7,,10,14,27,29,19,,,8,8,15,22,,,22,24,8,,8,10,31,13,13,4,14,,8,,,14,15,4,6,14,10,14,9,8,,16,6,8,9,5,1,10,16,14,,,16,11,,11,,11,5,4,12,23,17,7,19,5,11,20,4,19,,56,10,13,13,6,12,15,,7,,5,8,15,20,13,8,20,10,3,11,7,14,9,6,,,10,4,7,20,,28,18,11,3,,10,11,,,14,11,17,3,8,8,5,6,6,11,8,60,17,9,25,,30,5,,22,8,14,9,6,11,21,2,14,13,22,10,8,34,3,58,3,15,5,7,10,25,9,11,18,,15,14,15,,,27,45,,9,18,6,10,5,,4,23,2,17,9,12,14,12,10,8,12,3,34,11,24,25,,,34,8,6,13,9,4,11,16,10,9,11,,9,14,7,6,10,5,,7,39,19,9,20,15,11,13,17,12,13,10,7,15,12,6,5,20,20,11,18,22,11,6,4,13,5,4,14,13,10,37,36,36,18,13,15,9,15,21,3,11,10,6,6,3,16,30,18,6,6,15,,9,13,9,5,9,4,4,9,16,12,5,7,7,10,5,4,6,6,11,25,12,6,18,21,16,29,63,9,22,13,9,,4,24,8,3,22,10,2,4,3,,4,7,7,11,40,22,17,,12,6,19,18,7,10,3,17,12,8,15,16,10,8,6,12,4,2,4,24,27,1,9,9,26,26,1,10,12,15,10,9,15,6,8,2,16,2,10,4,10,30,17,52,13,8,26,9,7,11,13,10,9,4,7,8,3,2,12,6,38,7,6,13,14,23,3,12,16,15,7,7,7,4,5,8,7,5,19,9,1,9,21,23,4,28,29,10,6,29,10,38,23,13,8,7,6,8,6,7,9,2,14,6,2,10,,7,6,4,2,14,38,11,13,8,20,4,11,13,16,7,14,20,15,20,13,18,10,10,9,14,9,13,,11,6,27,6,23,14,21,21,30,12,18,12,16,10,3,11,17,14,9,13,3,50,4,8,9,14,23,16,28,6,1,3,13,16,,10,2,1,10,9,10,,14,12,15,9,11,13,23,8,26,3,21,13,22,24,12,6,21,8,8,35,28,19,10,21,18,7,34,10,11,39,36,7,69,92,,7,6,9,8,9,11,13,6,8,14,10,2,10,8,12,17,39,20,12,10,29,6,11,,17,3,5,7,17,20,3,19,9,13,9,10,11,17,8,8,16,23,11,11,2,12,22,20,5,11,6,8,20,18,6,2,7,10,10,14,14,8,7,2,10,5,14,1,6,2,19,32
20230729,21,NO2_24h,27,5,20,27,30,29,30,16,13,13,36,17,,,13,,16,16,19,,15,,22,7,,7,14,,10,13,15,7,12,14,12,,12,16,,15,12,11,19,26,,23,,4,2,9,10,13,11,13,,16,8,,14,14,10,25,19,19,23,9,16,20,,15,17,14,18,6,10,,6,7,9,13,23,,6,24,20,23,16,26,,20,25,,,22,24,28,22,16,25,18,,16,12,14,17,15,,11,14,13,8,9,9,10,14,10,14,12,16,11,9,10,11,6,2,11,10,10,8,9,8,7,11,15,16,14,14,6,9,13,9,10,8,9,3,,9,13,8,13,4,9,4,3,5,5,11,6,4,4,,2,2,5,2,2,4,11,12,7,10,8,4,,,,6,7,,7,5,7,,,,12,,8,12,5,8,12,8,8,7,11,,,,3,6,,14,12,11,9,6,,6,7,9,6,5,6,2,3,,4,,5,7,,13,11,,12,13,14,,12,8,16,13,5,9,7,,,2,8,6,12,9,5,10,,10,,,10,,2,9,,4,5,7,8,3,5,,13,14,11,11,11,8,5,5,12,12,5,7,7,11,7,10,5,9,2,,8,9,7,6,9,7,8,12,14,13,,7,10,6,,13,20,28,22,,22,28,25,25,3,,,6,8,8,8,7,8,12,6,10,12,7,7,7,9,13,15,20,17,17,16,20,20,,17,13,11,7,17,13,13,12,7,12,9,3,39,20,,28,30,23,27,31,25,23,17,14,15,15,18,19,21,,9,8,12,26,12,11,8,5,13,18,21,15,,11,26,25,10,9,7,6,9,10,11,8,,,21,19,22,17,14,12,13,17,22,22,19,22,21,20,36,19,19,18,29,31,,17,19,16,15,6,,22,37,19,13,32,16,13,,,35,30,30,19,25,,10,25,30,20,,,20,5,12,22,13,13,12,19,17,16,14,,14,12,13,19,14,18,8,16,17,10,14,12,21,13,24,12,15,14,11,8,,20,,17,20,,25,,22,28,,,,,10,,,,16,21,19,24,32,25,12,,14,12,9,13,15,9,8,15,9,8,11,4,5,15,6,29,,21,29,23,23,24,19,19,20,30,,11,10,12,6,4,8,6,10,15,7,2,9,3,10,7,10,6,8,,9,,6,2,4,3,5,,7,11,,,6,8,6,18,,13,12,10,,13,10,8,9,7,3,2,2,2,9,,,,5,,,8,,5,5,3,4,12,2,3,6,7,8,,4,,,12,,7,10,12,10,11,11,12,7,,17,17,18,14,17,12,9,10,10,13,12,14,15,5,6,5,13,11,12,11,,10,12,9,,9,10,,10,7,14,8,7,,18,10,,,4,12,,23,,23,22,18,27,7,10,,4,4,,20,22,,22,,14,14,13,,13,10,20,16,10,,7,8,9,12,12,8,3,19,17,10,17,7,17,9,16,24,9,9,11,10,5,9,12,13,7,8,10,7,7,3,10,11,12,,9,8,9,8,8,9,8,16,8,11,9,11,10,8,,5,8,9,,4,11,14,10,4,,16,12,2,,8,,9,11,13,10,4,2,3,,,,5,,7,,10,,2,,10,7,9,14,18,,8,,19,20,13,13,9,14,,8,14,8,11,10,4,,7,,,3,7,8,10,5,7,13,14,14,7,4,5,6,10,17,18,16,14,13,7,7,6,12,13,13,16,18,16,19,15,,17,15,27,31,15,12,5,7,,,,,4,10,,9,4,13,11,13,14,10,14,9,15,14,11,16,11,,12,16,,10,6,17,,14,16,,18,4,7,17,13,12,11,9,10,14,17,15,13,,15,17,16,9,10,13,12,3,6,,7,3,16,12,4,,,25,,,,,6,,,,,,,,,,,,,,,,5,,,,,,,,,,,,,,,,,,,,,,,,,,,,,,,,,,,,,,9,6,6,9,5,5,4,5,2,,,5,18,19,19,15,,16,20,19,20,16,25,16,,15,18,16,,,16,20,,22,27,24,,20,,11,14,,,13,12,,,10,7,19,,,12,9,6,8,13,6,5,11,11,10,7,7,6,8,9,14,16,19,17,20,8,8,13,13,,14,15,6,,4,3,8,11,7,6,10,7,12,17,10,12,,,5,13,10,15,7,10,6,8,12,13,12,1,6,8,7,11,4,,,10,15,10,2,10,8,,4,6,6,,6,7,8,,8,8,9,8,6,6,4,,8,7,8,13,8,7,9,9,,10,4,4,4,11,8,,8,,10,,,,2,5,4,7,4,5,,5,,14,16,13,7,4,7,4,5,12,15,12,9,,4,8,3,8,11,9,6,7,,9,4,8,11,12,8,4,8,11,9,10,6,9,11,8,,3,4,4,6,7,,7,5,9,11,10,8,10,12,31,,9,14,9,3,4,3,3,6,7,8,4,,13,10,8,,9,5,10,7,,6,4,8,,6,4,3,6,4,,7,2,6,4,7,9,6,,7,4,6,10,7,,14,15,5,5,4,4,12,11,10,11,9,5,,8,9,10,,4,5,,6,4,5,6,,3,5,5,11,13,8,9,11,10,12,9,6,7,8,9,7,4,6,6,3,4,36,10,16,13,19,6,12,12,10,12,3,10,6,5,10,4,14,10,10,5,4,8,10,29,12,21,22,19,12,12,12,11,23,17,13,12,12,9,9,15,14,13,16,13,9,14,15,,11,8,9,7,10,,6,5,13,13,16,11,11,12,15,12,16,18,14,5,25,,,,11,13,,12,17,22,22,27,21,,10,8,8,,,,,10,6,8,10,9,15,,9,,14,6,12,10,12,13,5,12,14,15,8,,,,,13,7,6,6,15,15,17,,5,8,6,12,12,7,14,17,14,12,11,11,20,20,,10,10,10,12,12,11,9,9,10,,11,10,,9,10,,7,8,12,,8,,9,,3,4,10,12,13,10,18,13,12,12,2,7,4,10,,12,13,,10,10,15,,8,9,19,18,15,18,,6,4,12,22,,,18,14,30,,11,9,12,11,7,5,17,,8,,,12,9,5,6,21,19,20,22,8,,13,9,10,8,6,10,12,14,11,,,17,13,,16,,9,8,8,11,21,6,7,19,6,14,11,9,14,,29,7,12,12,7,10,10,,10,,4,10,20,14,20,22,15,10,6,13,15,10,6,10,,,18,2,11,12,,21,16,18,5,,6,9,,,11,8,11,2,9,7,5,6,6,9,7,32,15,11,24,,15,6,,19,11,10,9,6,22,12,3,9,12,20,7,6,16,5,36,3,17,6,5,12,20,12,7,9,9,8,8,12,,4,12,34,5,8,24,3,5,5,4,5,22,6,11,13,13,14,10,18,6,9,2,22,11,12,16,,,16,7,9,13,6,4,6,12,11,13,8,8,11,24,7,6,8,5,,5,23,18,12,18,13,21,8,9,8,7,10,5,7,10,7,10,25,20,11,22,16,9,5,2,8,3,2,11,8,10,26,37,29,22,21,16,12,19,28,7,10,16,12,9,16,15,18,11,4,15,15,,13,8,10,5,10,3,3,4,13,10,6,6,7,8,6,8,12,9,16,13,13,7,15,14,12,19,22,9,21,15,16,,12,11,14,4,22,10,5,4,4,,3,8,11,13,15,19,13,,12,28,9,11,5,8,3,14,8,12,10,15,14,5,6,14,6,5,5,12,12,2,10,7,46,25,3,6,10,7,6,12,11,3,6,2,6,2,6,2,6,21,9,24,12,7,19,7,7,7,18,9,12,9,8,13,11,6,11,13,14,9,14,11,19,16,3,8,10,9,10,10,7,5,6,10,9,7,13,8,5,12,9,13,4,17,16,11,11,20,12,16,13,8,12,12,4,7,8,8,11,3,13,6,3,11,,11,8,8,4,11,22,8,12,4,17,6,13,7,6,5,13,12,12,13,8,10,4,7,13,12,4,6,,8,4,19,4,10,15,21,19,15,11,9,13,4,7,4,24,14,12,10,16,2,37,12,15,16,10,16,18,17,9,3,8,15,18,25,17,20,17,21,23,9,5,17,12,11,9,5,18,15,8,12,5,12,12,15,12,14,2,16,9,8,10,14,19,12,20,11,6,26,8,18,20,24,14,26,31,,4,4,6,8,13,10,7,7,9,21,13,6,12,8,11,15,14,19,13,7,16,15,15,,12,6,3,9,17,20,4,16,10,17,14,9,26,24,9,10,24,23,20,8,3,9,18,12,9,6,16,16,28,25,6,2,7,10,16,13,9,6,11,7,4,8,14,5,4,6,14,17
20230729,21,O3,27,15,38,30,34,42,40,36,37,36,33,22,,,24,,20,27,31,,19,,4,36,,43,48,,52,56,57,49,55,56,55,,36,28,,27,20,53,40,29,,43,,38,42,41,31,51,52,50,,57,67,,57,52,70,21,40,30,45,13,33,32,,36,33,37,36,45,47,,48,51,51,49,54,,64,57,52,55,56,55,,107,122,,,130,130,91,114,25,21,18,,30,28,28,26,31,,41,40,41,35,36,47,40,38,31,29,32,52,57,57,59,57,59,,52,44,59,88,76,89,,74,73,73,84,75,,58,76,19,19,22,28,,,22,22,19,21,46,53,57,50,50,50,41,52,48,20,,22,24,23,22,19,20,17,15,18,13,18,36,,,,71,74,,82,83,85,,,,29,,30,30,16,31,22,24,24,27,28,,,,34,29,,31,35,,30,29,,30,37,31,38,31,36,30,34,,38,,61,63,,19,20,,20,15,20,,17,22,21,15,,19,26,,,27,21,19,31,37,46,29,,42,,,34,,32,28,,40,29,28,14,22,14,,49,49,49,54,38,52,54,47,40,28,44,50,40,38,30,44,46,48,,,43,46,44,44,,18,28,26,33,11,,32,28,39,,25,17,14,20,,12,16,,34,25,,,32,38,22,40,40,30,52,53,54,54,48,49,52,46,57,60,45,50,52,58,38,38,,38,46,,80,69,42,66,60,76,91,95,45,62,67,,60,50,68,61,67,,59,59,53,55,45,49,42,65,,54,43,62,38,66,60,55,60,67,68,59,45,,90,79,65,60,58,53,49,58,61,65,67,,,46,37,40,62,66,,62,61,80,79,82,73,74,74,76,67,76,70,55,50,,46,49,52,43,112,,67,102,37,118,96,84,94,,,133,59,67,69,48,,138,129,122,120,,,130,163,49,54,64,65,77,,56,64,49,,76,120,54,70,72,56,104,95,90,101,75,106,39,44,11,41,22,94,52,65,,73,,30,25,,140,,,119,,,,,104,,,,110,100,67,80,81,76,71,,102,90,92,77,,70,88,,68,78,94,68,30,47,44,121,,134,131,138,122,124,132,119,120,133,,24,15,24,26,26,22,21,29,29,36,31,31,34,25,39,37,35,,,34,,22,,36,25,44,,43,41,,,25,31,30,27,,45,27,28,,45,67,54,66,61,23,35,,33,,,,,27,,,,,44,34,45,35,26,32,36,33,33,28,,27,,,80,,119,64,94,50,58,38,56,57,,62,69,65,81,70,94,110,91,99,93,64,20,,69,56,46,61,55,60,70,,73,130,111,,49,50,,45,48,,40,26,,60,80,,,52,54,,84,,97,99,95,92,54,54,,52,51,,64,65,,63,,48,49,53,,52,57,108,104,114,,29,26,29,21,23,27,95,24,24,27,17,22,17,32,8,7,21,15,14,24,28,24,21,26,46,42,38,46,43,49,35,41,45,,49,32,29,23,27,28,85,44,54,46,39,62,66,64,,64,61,56,,63,49,46,52,58,,40,36,75,,42,,46,45,50,51,51,38,46,,,,48,,45,,41,,47,,40,,39,54,43,,54,,,76,72,55,77,72,,59,40,45,45,60,49,,60,,,48,34,26,7,27,67,63,66,83,40,77,75,63,137,126,134,131,128,112,71,75,83,93,118,82,65,65,70,74,65,,80,64,60,56,19,66,45,61,,,,,161,156,,123,83,,80,84,72,86,53,74,70,76,47,62,68,,69,56,,71,83,77,,44,42,,32,46,41,77,59,73,,91,78,59,39,49,47,,,127,125,69,111,107,103,119,99,,119,103,,107,121,,,16,,,,,,,,,,,,,,,,,,,,,40,,,,,,,,,,,,,,,,,,,,,,,,,,,,,,,,,,,,,,72,31,54,34,44,42,41,43,41,,,,39,36,32,43,,38,93,105,90,101,90,48,,41,44,78,,,73,75,,59,51,28,,52,,115,120,,,73,68,,,111,134,97,,,43,26,108,105,132,129,134,25,16,33,25,27,20,14,25,23,30,39,34,29,48,55,51,37,,45,51,64,,26,24,15,15,71,68,66,66,9,6,4,32,,,42,72,74,,61,88,91,77,110,78,92,59,93,91,95,90,137,,,63,34,45,41,75,75,,37,58,57,,60,55,59,,39,41,44,41,21,60,70,,44,48,37,37,,38,29,33,,33,13,29,26,68,71,,42,,42,,,,50,50,46,24,47,48,,34,,40,48,58,32,23,,33,,30,47,26,,,35,28,31,,41,33,39,,,22,32,21,19,16,26,33,61,52,43,62,24,33,42,45,,22,18,19,14,12,,48,54,,52,46,45,42,34,23,,32,17,38,3,34,29,27,26,39,36,35,,43,42,47,,42,50,43,48,,50,46,48,,52,49,46,42,47,,48,54,50,50,50,44,44,,50,45,47,29,41,,39,41,30,27,31,48,57,55,48,52,57,41,,67,81,66,,49,50,,46,52,34,30,,43,51,40,32,26,76,81,80,90,89,96,42,89,81,78,77,55,62,62,62,51,32,43,72,62,53,54,69,58,89,89,53,22,46,52,37,48,90,84,49,103,10,22,41,83,,88,52,66,61,64,69,70,78,89,136,,106,66,77,76,74,88,60,57,46,63,69,,78,92,82,85,38,,59,63,62,64,55,94,91,96,99,84,77,83,85,15,103,,,,75,87,,71,39,33,45,16,70,,87,87,98,,,,,99,119,122,96,113,35,,61,,39,78,66,70,68,77,19,37,42,28,45,,,,,38,59,36,34,,25,24,,54,36,42,67,77,51,35,41,24,19,26,32,27,19,,31,42,57,58,23,23,65,55,32,,54,39,,63,47,,99,91,84,,85,,,,42,43,59,85,75,73,105,96,108,103,84,80,76,25,,122,138,,75,82,123,,139,133,40,47,113,,,56,61,98,98,,,128,123,111,,131,127,88,89,62,134,99,,103,,,73,74,87,85,112,109,118,123,46,,92,128,118,103,99,120,101,104,105,,,132,96,,106,,100,123,123,88,67,25,48,56,40,33,174,52,52,,19,48,30,42,26,35,35,,47,,26,54,120,29,76,71,118,87,48,28,31,88,30,81,,,31,37,41,28,,101,114,115,46,,68,30,,,26,29,26,32,78,79,36,33,36,32,68,74,70,104,68,,20,50,,123,52,70,87,106,100,47,31,52,73,23,25,40,14,51,99,36,58,33,66,27,39,47,,48,,50,55,81,,64,34,,50,97,99,61,59,69,,47,90,40,33,58,32,75,50,125,,37,25,66,59,41,43,,,148,73,46,44,65,93,83,28,36,124,42,,69,65,27,45,49,39,,68,138,123,148,130,84,120,21,18,20,24,28,25,24,,24,41,88,132,121,82,111,38,80,24,,25,32,34,30,102,71,58,41,61,63,58,42,54,68,68,59,85,66,69,68,139,46,38,77,37,41,,35,68,48,69,70,51,32,31,47,43,48,44,45,35,45,84,96,79,41,39,99,80,46,57,67,,24,43,57,79,132,,124,54,87,37,23,66,33,30,25,,38,43,44,55,32,72,,,21,118,42,45,47,79,74,62,,54,65,98,67,29,49,34,45,40,47,25,14,26,35,26,145,,56,50,63,21,45,46,26,36,35,24,18,37,30,32,64,75,96,50,94,111,127,53,82,89,52,66,63,107,103,69,,71,131,64,11,43,46,35,40,43,69,33,63,44,40,41,59,51,,50,52,46,,,47,65,52,21,38,38,33,54,130,91,124,26,90,124,20,26,27,35,40,36,36,48,36,35,33,,,40,26,29,39,110,77,74,93,85,57,47,36,35,30,43,53,64,76,63,65,65,38,56,46,53,46,40,,24,,63,70,49,38,80,67,68,47,45,42,34,32,43,105,102,100,56,28,58,67,73,55,64,36,37,43,22,46,43,70,46,42,35,,39,40,34,30,58,44,40,29,43,46,38,51,86,82,67,26,51,57,77,47,85,118,108,104,106,34,44,62,49,36,113,82,28,50,59,31,42,63,97,64,,69,64,48,50,49,75,146,36,30,20,26,33,50,97,76,82,22,67,37,24,13,41,47,,41,39,33,112,67,68,47,66,35,26,24,41,29,96,25,,12,142,47,35,51,30,31,28,38,30,33,29,127,126,97,75,45,66,38,54,32,24,62,59,65,88,72,32,34,28,19,135
20230729,21,O3_24h,62,119,83,46,66,79,85,90,102,113,82,85,,,59,,65,72,60,,61,,53,58,,62,85,,127,118,109,128,121,128,147,,66,55,,51,60,68,46,56,,74,,97,116,108,88,84,89,98,,103,150,,147,150,154,108,123,116,122,117,108,78,,96,71,75,68,97,108,,113,125,112,120,118,,122,112,100,115,100,112,,147,152,,,154,149,146,147,55,63,58,,61,58,70,62,68,,73,48,51,36,36,49,45,44,39,44,36,90,96,95,96,101,88,54,80,85,99,130,105,106,60,106,112,110,110,107,101,107,112,37,34,35,40,28,,43,30,30,27,76,83,92,81,81,84,69,81,85,54,,60,63,62,60,56,56,33,34,37,28,36,46,,,,75,79,,87,90,92,,,,83,,65,61,53,68,60,59,61,63,68,,,,76,71,,87,84,81,75,70,,74,71,68,74,68,72,50,52,,51,,80,81,,66,63,,74,73,73,,78,67,72,68,44,44,42,,,52,42,48,61,64,62,52,,54,,,74,,61,58,,55,49,47,22,28,24,,87,81,74,81,77,79,80,76,63,49,63,60,60,60,55,63,63,65,,,68,68,70,69,,49,38,68,77,72,,72,73,73,,86,33,40,36,,48,42,35,50,27,,,40,44,40,49,43,36,72,82,88,87,67,49,79,69,107,89,74,92,95,96,66,90,,68,67,100,101,108,107,122,99,100,120,117,90,163,174,,157,200,135,212,168,180,170,190,91,100,90,98,79,96,,116,106,95,121,109,106,97,112,171,148,142,117,,130,187,192,111,122,109,128,124,133,132,142,,,146,134,152,103,109,114,103,126,144,140,158,139,155,160,160,129,122,188,120,160,,108,107,127,108,112,,128,160,118,159,225,167,149,,,165,142,173,144,152,,175,190,166,170,,,203,163,98,126,103,118,98,106,122,131,109,,98,124,104,97,103,106,130,127,120,127,113,121,111,78,73,100,74,118,114,103,,92,,98,86,,195,,109,194,,,,,137,,,,173,162,102,97,93,92,85,,108,118,143,115,120,120,132,113,125,125,130,137,102,111,77,179,,170,181,174,163,164,169,171,165,167,,46,43,42,71,53,54,59,52,46,60,57,51,60,51,67,65,70,,,43,,52,45,51,41,88,,85,71,,,62,66,63,42,,45,34,38,,67,76,70,71,65,27,38,35,33,24,,,,42,,,59,,56,44,50,44,33,36,42,33,38,29,,51,,,129,,137,154,137,143,159,123,152,150,,123,115,123,121,124,115,164,137,134,136,75,79,78,138,146,86,108,94,106,90,,103,213,197,,105,110,,103,105,106,103,96,,126,84,,,68,67,,120,,133,130,132,124,119,119,,119,116,,96,100,,92,,145,138,147,,148,140,148,145,154,,65,56,63,58,51,61,108,71,66,70,62,70,64,54,26,23,43,44,42,50,53,49,51,54,78,98,64,85,91,89,90,86,94,,97,99,88,84,84,83,113,103,105,98,102,73,76,73,,93,91,93,,92,75,81,84,69,,81,87,75,,87,,102,99,96,91,75,90,88,,,,62,,61,,102,,108,,64,63,60,96,97,,101,,117,115,111,120,86,86,,78,76,82,74,79,86,,110,,,103,79,77,74,68,110,117,106,111,85,135,105,110,163,151,173,160,156,178,76,79,126,119,133,124,129,117,120,114,119,,100,97,96,122,84,103,101,96,,,,,184,183,,196,91,104,122,106,95,118,87,98,104,112,94,126,114,,127,126,,98,102,137,,120,126,,119,83,119,110,108,101,117,112,112,124,154,148,140,,144,147,160,144,155,126,132,126,128,,131,121,129,123,135,,,43,,,,,46,,,,,,,,,,,,,,,,41,,,,,,,,,,,,,,,,,,,,,,,,,,,,,,,,,,,,,,117,76,63,68,76,62,61,62,59,,,,93,92,88,94,,86,127,150,135,137,135,139,,134,130,133,,,101,87,,102,98,123,,121,,139,146,,,135,91,,,180,180,158,,,88,89,144,153,145,140,144,82,76,114,94,197,56,56,60,56,71,69,64,66,110,119,108,88,,93,89,82,,42,40,32,40,100,98,123,112,38,41,39,94,,,110,93,88,53,87,92,91,85,110,95,103,102,100,98,99,94,143,,,122,100,100,116,100,93,,87,74,70,,74,72,70,,56,62,64,60,39,60,70,,46,53,54,48,51,47,54,55,,63,54,52,59,86,93,,60,,61,,,,50,50,46,43,62,63,,44,,50,52,62,80,79,77,73,,72,72,76,,,68,68,70,,82,77,75,,,56,73,56,53,53,57,85,101,107,96,105,47,54,58,60,,47,77,76,71,62,,91,93,104,107,87,90,92,91,68,,65,72,82,66,62,50,49,50,43,59,53,,104,74,81,,96,99,92,61,,64,61,60,,65,69,74,70,72,,68,75,71,72,64,58,60,,74,74,71,68,70,,83,66,63,73,78,86,101,103,92,89,109,80,,92,93,93,,72,75,,89,66,52,89,,66,65,63,90,79,111,123,132,135,123,126,93,106,106,96,101,95,107,106,106,107,102,115,113,114,110,123,126,121,124,122,93,104,118,100,95,78,116,111,110,123,60,96,99,171,167,182,163,137,137,144,151,146,134,171,169,151,155,132,140,144,146,148,120,118,89,113,123,,178,122,109,100,88,,96,108,123,126,113,129,126,122,123,109,122,132,128,20,159,,,,112,109,,105,125,133,137,132,114,,147,140,130,,,,,113,146,145,130,147,99,,117,,94,116,130,106,102,109,86,82,81,72,78,,,,,133,136,71,73,104,103,97,,82,65,66,93,102,75,75,78,85,80,57,59,89,86,,82,93,91,94,93,89,88,74,57,,66,60,,83,90,,110,104,104,,107,,93,,50,50,95,106,112,104,158,140,147,140,95,111,98,69,,165,166,,117,118,159,,152,153,89,93,161,103,,84,87,153,143,,,168,176,161,,157,154,130,119,99,141,129,,132,,,114,98,102,96,112,109,131,131,94,,101,133,127,135,138,120,120,122,119,,,147,118,,112,,109,126,128,95,98,60,111,178,72,59,174,120,137,,118,97,88,84,48,66,73,,58,,40,66,191,45,89,85,161,119,66,67,57,108,66,96,,,84,56,59,79,,172,179,162,82,,85,74,,,42,76,74,47,83,85,37,37,45,73,88,154,128,153,109,,63,64,,214,112,109,110,121,148,95,62,85,97,59,78,71,57,99,173,38,138,40,91,38,92,95,80,109,44,101,94,100,,152,67,197,67,144,147,103,108,107,92,63,144,65,75,108,88,125,106,147,69,55,39,97,78,96,98,,,243,78,105,77,83,93,89,86,61,159,65,51,74,99,59,61,69,47,,88,211,198,196,180,112,156,33,37,38,48,44,43,56,35,34,115,122,168,149,149,160,81,92,56,60,38,53,87,63,156,196,176,170,162,99,104,96,104,95,109,129,138,111,81,104,212,140,98,117,68,82,,72,82,71,71,94,66,47,46,113,106,62,105,65,94,92,105,106,94,81,99,108,106,92,95,96,150,147,94,118,118,182,,158,101,140,38,36,71,61,33,39,,52,91,77,62,95,85,117,,40,165,100,99,85,145,92,105,174,137,158,164,142,58,67,59,49,50,56,73,80,40,93,99,165,158,87,86,92,60,77,76,62,76,83,60,36,48,71,49,114,113,106,101,101,122,202,170,93,156,117,118,129,139,184,103,89,122,206,111,74,103,90,110,102,63,71,55,84,69,54,52,59,85,69,85,97,96,103,72,67,88,107,89,74,87,98,98,159,167,174,99,130,143,41,36,44,54,54,57,49,51,45,37,39,98,,67,58,63,74,134,121,98,134,109,131,65,57,70,61,62,108,141,131,107,163,112,74,94,83,82,78,80,,45,68,139,89,89,110,99,110,114,76,82,73,64,65,57,142,153,125,116,116,132,130,117,100,105,59,47,53,58,111,116,124,105,70,79,89,120,125,100,95,78,93,54,87,74,96,58,107,112,100,90,30,140,143,134,148,116,132,113,118,114,94,92,99,136,83,142,118,73,177,157,132,147,111,199,180,,97,68,97,98,81,99,184,45,36,39,38,59,64,125,115,148,118,134,69,89,82,53,82,,88,82,38,120,96,94,60,102,82,68,65,80,54,134,65,52,33,177,82,57,105,88,61,55,106,96,60,89,166,152,139,79,101,130,88,121,87,47,104,71,95,108,122,60,48,45,45,168
20230729,21,O3_8h,36,56,35,36,36,50,44,43,54,61,39,48,,,39,,34,41,40,,32,,25,42,,44,62,,53,59,58,48,48,60,61,,43,38,,38,36,60,39,41,,55,,38,45,42,44,61,57,65,,72,120,,109,112,125,53,68,62,72,53,53,46,,51,50,49,48,58,59,,45,49,47,46,85,,80,74,73,85,79,87,,135,143,,,145,142,130,132,43,50,44,,50,48,52,47,52,,59,38,41,31,32,42,41,38,33,34,33,74,81,80,81,84,73,,69,70,84,111,91,95,,95,96,98,101,96,90,91,100,26,25,26,32,25,,30,26,23,23,63,69,77,67,68,69,58,69,72,37,,40,41,40,40,34,36,26,26,29,21,29,42,,,,70,74,,82,80,82,,,,64,,48,45,35,50,41,41,43,46,49,,,,57,53,,64,65,70,56,53,,55,59,54,61,54,59,43,45,,46,,74,75,,44,48,,45,50,51,,52,47,47,48,29,23,30,,,34,26,27,46,49,53,35,,45,,,54,,44,40,,46,40,38,18,24,20,,69,64,63,67,61,66,66,60,48,40,55,56,50,52,46,54,53,54,,,54,57,55,51,,26,31,40,47,41,,44,43,46,,46,26,27,30,,27,32,19,37,26,,,36,41,31,44,41,33,44,47,48,48,43,42,44,37,52,74,60,74,72,80,52,57,,52,52,90,94,96,84,104,88,90,110,110,75,113,121,,102,121,97,161,118,158,108,153,47,56,42,45,48,67,,66,61,68,38,81,76,76,78,115,111,101,90,,108,140,145,87,93,78,86,99,101,97,110,,,104,90,85,88,92,99,69,66,114,114,119,102,120,124,122,102,97,138,96,111,,75,79,85,75,103,,109,139,95,146,168,141,122,,,149,117,137,109,111,,146,162,144,146,,,173,133,78,102,89,98,90,97,94,108,92,,88,116,88,89,95,92,119,115,105,117,101,110,88,58,49,73,56,98,90,83,,81,,67,59,,181,,,172,,,,,124,,,,142,136,75,75,78,76,76,,97,106,112,104,111,107,110,100,101,106,112,89,77,94,68,161,,159,164,164,152,152,162,152,148,159,,34,28,35,25,24,20,18,37,37,44,32,34,35,29,50,47,54,,,38,,38,39,44,33,58,,58,52,,,46,50,49,37,,37,29,35,,60,71,62,63,61,22,31,29,32,20,,,,35,,,55,,51,38,46,38,30,35,40,31,34,26,,39,,,97,,109,98,113,56,65,54,66,67,,89,90,91,98,90,100,135,116,110,115,58,52,51,75,66,60,88,78,86,79,,86,167,150,,71,73,,74,77,81,72,64,,73,80,,,58,58,,102,,113,115,112,105,59,58,,55,55,,84,86,,83,,57,58,62,,62,66,124,122,134,,42,36,42,37,35,37,100,52,49,50,45,49,48,42,18,13,32,31,27,33,33,32,33,37,60,54,51,57,54,49,59,61,58,,61,49,46,41,42,44,100,80,85,76,78,67,72,69,,78,75,76,,78,58,62,64,58,,56,56,68,,48,,50,48,56,53,57,41,50,,,,48,,45,,44,,50,,52,52,50,78,79,,84,,106,96,92,90,80,79,,70,61,66,58,69,70,,96,,,85,63,62,51,49,97,92,87,93,67,82,83,82,145,138,150,148,142,144,68,76,109,110,124,109,105,92,100,95,95,,80,79,76,95,68,90,84,86,,,,,158,162,,163,84,97,104,96,86,103,77,89,91,94,78,104,101,,103,98,,85,91,106,,85,85,,82,72,90,96,98,92,98,102,95,95,114,113,106,,137,140,148,119,137,121,124,123,119,,127,114,109,112,129,,,30,,,,,43,,,,,,,,,,,,,,,,38,,,,,,,,,,,,,,,,,,,,,,,,,,,,,,,,,,,,,,92,47,53,48,54,53,51,53,50,,,,58,53,53,60,,52,114,130,117,123,119,83,,81,82,102,,,88,80,,81,80,83,,90,,129,130,,,110,85,,,154,158,137,,,65,68,129,133,136,133,136,50,42,65,53,55,35,32,38,38,54,58,51,52,54,60,60,50,,72,72,67,,28,25,21,24,89,86,93,95,26,26,22,66,,,78,62,69,,65,85,82,74,99,76,84,77,86,88,86,82,121,,,93,60,69,78,90,84,,57,67,66,,67,67,66,,50,55,55,52,32,57,66,,42,47,43,37,51,42,43,44,,49,42,44,46,78,84,,51,,52,,,,44,46,44,36,50,51,,40,,38,45,54,54,52,58,52,,49,52,48,,,53,49,52,,58,59,60,,,42,53,37,35,33,40,62,88,92,84,90,42,46,50,51,,33,40,42,37,35,,74,78,90,81,64,65,67,64,47,,47,52,63,32,51,40,40,42,37,49,42,,47,45,49,,38,46,41,52,,56,53,53,,57,57,60,55,58,,61,66,63,64,54,48,50,,62,58,58,35,44,,44,43,52,54,54,63,80,82,78,77,64,49,,80,86,82,,54,57,,53,52,40,58,,55,56,51,59,49,96,112,110,112,111,110,70,97,92,88,94,81,94,93,94,92,84,96,102,98,92,104,112,103,112,112,76,72,87,80,73,60,102,98,86,104,36,65,76,139,140,153,129,86,98,99,110,110,101,138,149,141,139,107,106,110,113,115,84,83,73,91,96,,137,110,99,90,75,,85,91,101,99,100,119,116,111,115,96,103,110,105,19,126,,,,103,104,,97,77,82,84,75,82,,130,124,118,,,,,107,136,136,120,137,70,,101,,80,99,102,97,90,100,61,69,68,62,70,,,,,99,109,60,63,93,85,61,,70,53,53,83,92,67,58,63,58,61,47,51,66,62,,64,77,77,76,59,54,79,65,36,,58,48,,67,75,,106,99,95,,101,,88,,47,48,78,97,96,96,136,125,132,129,86,96,88,47,,146,150,,95,94,145,,146,147,74,77,147,,,73,76,142,132,,,153,160,147,,151,148,121,111,86,136,113,,117,,,102,91,96,91,100,94,123,125,67,,88,130,122,115,110,118,110,112,112,,,140,110,,101,,106,123,124,79,78,34,53,118,52,40,66,53,86,,74,59,65,68,30,47,52,,52,,33,54,169,36,85,79,146,111,60,50,48,103,48,91,,,45,47,47,44,,137,144,140,52,,78,56,,,33,55,52,42,75,79,34,35,41,54,76,130,107,131,93,,38,54,,166,77,98,102,115,134,70,47,73,85,47,44,44,36,46,147,35,92,35,84,32,78,61,68,83,,78,77,95,,118,53,172,57,130,122,90,92,95,54,47,122,39,62,80,64,101,52,140,58,47,32,88,62,82,85,,,196,73,58,57,77,86,81,65,48,145,55,47,71,82,42,45,56,41,,70,186,177,180,161,105,143,26,30,27,32,32,32,35,27,28,67,106,159,134,132,136,66,82,38,44,32,45,66,48,133,161,130,122,97,76,74,26,47,61,79,102,114,78,63,86,179,97,71,105,50,43,,46,74,61,68,84,56,39,39,49,46,54,44,55,42,49,88,91,87,62,75,97,96,72,84,87,143,110,72,93,97,159,,146,87,114,37,30,67,49,31,32,,42,58,57,57,80,78,108,,25,147,75,77,53,110,82,86,141,92,110,138,107,40,55,39,45,44,50,42,44,33,34,52,156,135,73,71,79,39,68,64,44,58,62,40,28,43,54,42,100,96,100,80,88,116,170,68,80,129,53,86,93,122,127,78,80,97,166,61,39,53,55,37,45,49,66,46,73,62,47,46,50,44,49,54,48,44,45,60,54,74,85,66,59,77,75,78,151,144,154,76,120,128,29,29,37,49,47,46,42,47,39,33,37,65,,49,44,47,52,125,109,90,117,99,104,47,34,47,44,51,86,106,106,86,128,89,62,74,61,63,61,62,,32,61,107,80,75,68,92,99,98,59,65,51,52,47,48,118,124,116,64,48,59,104,73,58,62,39,35,43,38,44,47,66,66,49,57,71,72,76,72,67,60,40,41,38,58,46,46,84,98,86,83,29,105,110,107,113,101,119,98,104,107,79,81,76,58,52,132,90,33,72,121,81,101,81,171,158,,82,64,57,54,68,93,156,40,34,27,33,47,55,112,103,114,85,108,43,54,51,37,64,,66,55,36,115,80,86,51,84,48,38,40,56,44,113,36,44,21,165,66,48,50,43,39,36,64,48,41,39,149,143,125,73,46,98,64,88,62,29,86,66,86,96,100,48,38,37,31,152
20230729,21,O3_8h_24h,59,95,60,41,56,60,61,61,81,81,53,66,,,52,,41,44,47,,44,,27,44,,44,64,,104,96,98,103,99,108,116,,47,38,,38,36,60,40,41,,55,,56,62,61,85,84,86,95,,98,134,,127,131,138,77,92,86,90,81,66,50,,56,54,52,50,75,72,,79,82,74,82,101,,100,95,89,102,93,102,,142,148,,,148,144,141,138,49,55,49,,54,53,58,52,59,,67,48,41,31,32,42,41,38,33,34,33,76,83,82,83,86,74,62,69,72,86,117,95,95,61,99,103,102,104,100,92,99,106,27,26,27,32,25,,30,26,23,23,64,70,78,68,69,70,59,70,73,44,,47,49,48,48,41,43,30,31,34,25,33,42,,,,70,74,,82,80,82,,,,72,,55,51,43,58,49,48,51,53,56,,,,64,64,,73,71,71,64,59,,62,60,56,63,56,60,45,48,,48,,74,75,,54,56,,56,60,59,,60,54,57,56,33,31,35,,,43,34,36,50,56,55,43,,46,,,58,,51,48,,49,44,41,19,25,21,,75,67,66,71,66,67,66,61,50,43,57,57,52,55,49,56,55,56,,,63,59,63,58,,46,33,49,57,52,,53,54,51,,59,26,30,32,,33,34,24,37,26,,,36,41,32,44,41,34,52,54,56,59,54,42,54,48,57,75,62,76,73,82,56,60,,54,58,90,94,96,90,106,91,90,110,110,81,129,141,,114,131,98,180,133,158,120,158,90,98,85,96,72,87,,87,72,68,90,108,98,88,81,129,126,118,97,,109,154,161,89,96,80,88,108,110,105,118,,,113,97,92,102,99,105,98,87,129,124,130,125,128,131,130,112,106,150,104,122,,91,91,100,90,103,,117,142,107,146,172,146,127,,,149,125,145,122,120,,149,167,151,154,,,181,133,81,105,89,100,92,97,98,111,97,,88,116,92,92,98,95,120,116,105,117,104,110,92,59,58,79,60,98,90,86,,81,,74,66,,188,,96,178,,,,,127,,,,149,143,85,92,85,84,76,,97,106,116,104,111,108,110,100,103,108,112,98,85,98,74,172,,164,173,168,159,154,165,155,152,159,,40,36,40,66,53,53,59,44,44,52,52,39,51,43,64,63,70,,,38,,40,39,44,34,62,,61,54,,,49,53,52,37,,37,29,35,,61,71,62,63,61,23,34,30,32,21,,,,38,,,55,,51,38,46,38,31,35,40,31,34,26,,42,,,106,,111,114,122,107,122,121,148,120,,102,98,100,102,98,101,136,117,110,118,62,68,64,81,84,76,90,81,88,82,,87,172,152,,83,86,,83,86,86,83,84,,92,80,,,58,58,,113,,123,123,122,114,118,119,,116,116,,88,93,,88,,119,112,123,,119,114,143,137,147,,48,42,50,45,42,45,101,61,59,60,56,57,55,47,23,17,38,37,34,43,53,45,44,47,63,59,54,59,58,58,77,78,74,,79,83,78,76,74,77,102,90,95,90,95,67,73,69,,78,75,77,,78,60,66,67,58,,63,60,68,,86,,91,89,96,91,57,49,59,,,,48,,45,,84,,90,,53,52,50,80,82,,85,,106,99,111,95,81,80,,72,68,75,67,70,79,,105,,,94,74,73,70,65,102,107,99,95,70,104,87,83,145,139,150,149,142,146,70,77,110,110,124,111,117,100,109,99,104,,80,79,76,95,75,94,92,91,,,,,158,162,,165,85,99,111,98,89,109,80,89,93,94,82,110,105,,103,98,,87,94,114,,106,109,,105,75,95,96,101,94,98,102,97,107,129,130,120,,137,141,150,136,143,123,130,124,128,,127,114,121,118,130,,,32,,,,,43,,,,,,,,,,,,,,,,38,,,,,,,,,,,,,,,,,,,,,,,,,,,,,,,,,,,,,,92,56,55,54,60,57,55,57,53,,,,78,76,74,75,,67,116,132,122,126,122,122,,120,117,108,,,92,83,,87,87,105,,107,,132,133,,,123,88,,,158,160,143,,,83,82,137,144,137,134,137,66,59,87,70,109,41,42,45,45,60,62,55,57,85,87,90,76,,75,74,67,,36,33,26,32,94,91,108,105,30,32,29,82,,,99,72,74,51,70,90,86,78,106,81,87,97,89,93,88,86,126,,,111,75,80,97,94,87,,62,68,66,,67,67,66,,52,57,57,53,34,57,66,,42,48,45,41,51,43,45,45,,50,52,50,51,78,85,,51,,52,,,,44,46,44,36,51,52,,42,,41,46,57,69,69,73,63,,58,58,58,,,58,57,57,,68,69,68,,,55,59,44,43,45,46,68,91,96,89,93,43,46,52,51,,38,56,56,53,51,,82,84,93,93,67,68,70,68,54,,54,60,68,56,57,47,46,48,37,50,44,,47,45,49,,44,46,42,52,,56,53,55,,60,62,66,61,63,,61,66,63,65,55,49,50,,64,61,61,52,58,,57,52,57,65,67,77,83,85,82,80,72,60,,81,86,83,,61,64,,67,52,50,64,,55,56,51,71,62,104,115,117,120,116,114,86,97,95,89,96,86,98,96,99,99,95,111,109,110,105,115,120,114,116,118,88,93,100,90,87,69,102,98,90,104,49,77,85,144,140,157,136,91,106,102,114,113,102,142,149,141,140,114,112,115,120,124,97,98,77,94,98,,150,114,103,90,80,,87,97,108,116,106,120,118,112,116,97,113,120,111,20,133,,,,106,105,,100,90,90,92,87,87,,130,124,118,,,,,109,138,138,124,140,80,,106,,82,101,107,99,93,102,79,76,71,68,75,,,,,105,114,68,69,94,96,77,,74,55,54,88,96,72,65,70,68,72,53,55,79,76,,77,88,82,84,63,58,82,68,42,,58,48,,72,78,,106,99,96,,102,,88,,47,48,79,97,96,96,145,133,138,136,86,99,89,55,,148,152,,106,100,148,,147,148,83,84,150,94,,83,85,147,135,,,157,164,153,,154,149,125,114,88,136,119,,121,,,108,95,98,94,103,103,125,126,83,,91,130,122,118,123,118,120,122,114,,,140,110,,101,,107,123,124,82,78,53,111,137,53,43,66,102,125,,101,70,73,72,37,58,56,,52,,36,54,178,45,86,85,147,115,61,56,52,105,52,91,,,49,53,49,50,,143,152,143,64,,78,62,,,34,63,61,43,75,79,34,35,41,62,81,136,111,132,100,,49,54,,172,90,101,103,115,138,86,50,80,85,54,55,62,38,46,153,35,119,36,87,33,84,65,74,88,50,82,80,96,,136,53,172,59,136,130,98,102,101,58,47,130,51,68,84,73,101,94,141,58,48,35,91,69,87,90,,,211,73,78,58,77,86,81,74,51,148,57,47,74,86,47,45,60,42,,70,192,182,181,163,108,145,26,33,28,38,33,34,42,27,28,90,115,162,138,141,152,71,82,44,50,33,47,74,54,133,166,141,129,108,76,74,88,78,92,101,110,124,95,66,87,179,106,82,112,53,44,,46,74,63,68,85,56,41,41,84,85,56,105,57,88,91,90,91,91,76,87,97,97,83,86,88,143,125,80,104,100,164,,151,94,122,37,30,67,51,32,34,,42,62,59,57,86,85,108,,40,151,81,80,67,118,86,95,141,114,117,141,116,49,58,46,45,44,50,52,51,36,93,79,164,140,74,72,79,48,71,65,52,65,68,47,33,43,60,45,105,96,100,90,88,116,174,104,80,131,74,112,105,122,138,97,80,99,170,99,43,54,56,64,45,49,66,47,73,65,48,46,50,52,51,54,48,44,86,64,59,74,102,77,69,83,82,81,154,154,160,88,122,128,38,29,38,50,48,47,42,47,39,33,37,68,,49,47,50,52,129,118,94,126,99,107,59,54,65,61,54,100,115,110,98,142,89,70,80,70,74,66,68,,34,62,113,84,80,87,92,100,98,64,69,57,64,53,51,128,136,119,112,116,132,119,103,84,94,39,35,43,38,70,77,121,93,54,62,71,79,83,77,73,60,53,43,82,59,46,48,85,103,86,86,29,117,118,107,128,102,132,98,115,107,85,85,92,110,66,135,97,67,116,130,92,110,94,179,168,,82,64,94,92,78,96,156,40,34,28,33,50,55,116,109,123,109,113,57,65,63,40,67,,80,64,36,120,85,88,52,90,61,52,48,67,49,123,44,44,25,169,78,49,52,60,39,38,84,76,51,69,156,148,125,73,60,116,78,105,78,38,88,66,89,97,107,51,39,40,39,154
20230729,21,CO,0.7,0.4,0.6,0.6,0.5,0.3,0.4,0.4,0.4,0.4,0.4,0.4,,,0.7,,0.7,0.5,0.6,,0.7,,0.1,0.4,,0.4,0.5,,0.4,0.2,0.3,0.4,0.3,0.2,0.6,,0.7,0.9,,1.1,0.9,0.2,0.3,0.3,,0.3,,0.2,0.4,0.3,0.1,0.3,0.4,0.5,,0.3,0.3,,0.4,0.3,0.7,0.5,0.4,0.5,0.4,0.5,0.2,0.3,,0.3,0.2,0.1,,0.3,0.3,,0.4,0.2,0.2,0.4,1.2,,0.4,0.9,0.5,0.8,0.7,0.4,,0.5,0.7,,,0.5,0.5,0.6,0.4,0.3,0.8,0.9,,0.6,0.6,0.8,0.8,0.7,,0.2,0.6,0.2,0.3,0.5,0.4,,0.1,0.6,0.5,0.4,0.5,0.5,0.4,0.3,0.4,0.3,,0.4,0.4,0.4,0.7,0.6,0.6,,0.5,0.6,0.7,0.5,0.5,0.5,0.3,0.6,0.4,0.3,0.4,0.6,0.4,,0.4,0.4,0.3,0.4,0.3,0.4,0.1,0.5,0.4,0.6,0.1,0.3,0.4,0.4,,0.5,0.5,0.4,0.5,0.5,0.5,0.4,0.4,0.4,0.4,0.3,0.2,,,,0.4,0.3,,0.4,0.2,0.3,,,,0.2,,0.7,0.5,0.5,0.6,0.5,0.4,0.2,0.5,0.5,,,,0.4,0.5,,0.6,0.4,0.5,0.4,0.4,,0.5,0.7,0.5,0.7,0.7,0.4,0.4,0.3,,0.3,,0.6,0.5,,0.5,0.6,,0.4,0.6,0.7,,0.7,0.4,0.5,0.5,,0.4,0.3,,,0.4,0.4,0.4,0.4,0.5,0.5,0.4,,0.4,,,0.5,,0.5,0.4,,0.5,0.4,0.4,0.4,0.4,0.3,,0.3,0.3,0.3,0.4,0.4,0.4,0.4,0.4,0.4,0.5,0.5,0.3,0.4,0.4,0.7,0.4,0.4,0.3,,,0.3,0.3,0.5,0.4,,0.4,0.3,0.5,0.4,0.7,,0.5,0.6,0.3,,0.5,0.4,0.1,0.5,,0.5,0.6,0.4,0.4,0.3,,,0.2,0.4,0.4,0.2,0.5,0.3,0.3,0.4,0.4,0.4,0.5,0.4,0.4,0.4,0.6,0.6,0.5,0.4,0.5,0.4,0.4,0.5,,0.5,0.5,0.4,0.6,0.4,0.4,0.4,0.4,0.6,0.5,0.7,0.5,0.8,0.6,,0.5,0.5,0.6,0.8,0.8,0.6,0.8,0.4,0.8,0.6,0.7,1,0.6,0.6,,0.6,0.6,0.9,0.6,0.5,0.4,0.3,0.5,0.5,0.7,0.4,0.7,,0.6,0.7,0.6,0.4,0.4,0.3,0.4,0.6,0.6,0.5,0.5,,,1,0.7,1,0.7,0.8,0.6,0.8,0.7,0.5,0.5,0.4,0.5,0.8,0.6,0.7,0.7,0.6,0.8,0.7,0.8,,0.5,0.4,0.3,0.4,0.3,,1,1.2,0.6,0.5,0.7,0.7,0.7,,,1,0.5,1,0.8,1,,0.3,0.4,0.5,0.5,,,0.6,0.6,0.7,0.6,0.3,0.7,0.2,0.4,0.5,0.5,0.6,,0.6,0.5,0.7,0.6,0.8,0.8,0.2,0.4,0.2,0.1,0.2,0.1,0.9,0.7,0.6,0.7,0.7,0.8,0.7,0.5,,0.9,,0.9,0.6,,0.5,,,0.5,,,,,0.5,,,,0.4,0.4,0.4,0.3,0.2,0.6,0.5,,0.5,0.1,0.5,0.2,0.3,0.5,0.5,0.3,0.6,0.4,0.5,0.4,0.4,0.6,0.5,0.5,,0.8,0.8,0.5,0.9,0.6,0.6,0.5,0.6,0.8,,0.6,0.4,0.4,0.5,0.6,1,0.6,0.5,0.3,0.3,0.2,0.1,0.4,0.1,0.6,0.7,0.7,,,0.5,,0.1,0.5,0.2,0.3,0.5,,0.3,0.6,,,0.1,0.2,0.2,0.1,,0.1,0.1,0.2,,0.2,0.3,0.4,0.3,0.2,0.6,0.2,,0.3,,,,,0.2,,,0.5,,0.5,0.2,0.3,0.3,0.1,0.3,0.4,0.2,0.3,0.5,,,,,0.6,,0.7,0.7,0.6,0.6,0.5,0.7,0.8,0.5,,0.9,0.6,0.7,0.7,0.7,0.5,0.6,0.7,0.6,0.7,0.6,0.8,0.8,0.7,0.6,0.7,0.6,0.7,0.7,0.6,,0.5,0.5,,,0.5,0.5,,1,1,0.9,0.8,1,,0.6,0.6,,,0.2,0.1,,0.6,,0.5,0.6,0.5,0.5,0.6,0.5,,0.4,0.5,,0.8,0.9,,0.8,,0.7,0.5,0.7,,0.5,0.5,0.5,0.4,0.5,,0.4,0.8,0.8,0.8,1.2,0.4,0.7,0.4,0.6,0.3,0.8,0.5,0.7,0.3,1,1.7,0.7,0.7,0.3,0.3,0.5,0.4,0.3,0.5,0.5,0.7,0.5,0.6,0.6,0.6,0.7,0.4,0.4,,0.4,0.3,0.3,0.3,0.4,0.2,0.3,0.5,0.4,0.4,0.4,0.5,0.5,0.6,,0.6,0.6,0.5,,0.4,0.5,0.7,0.4,0.5,,0.6,0.5,0.6,,1.2,,0.9,0.7,0.9,0.8,0.5,0.2,0.2,,,,0.3,,0.7,,0.5,,0.6,,0.5,0.6,0.3,1,0.8,,0.9,,0.4,0.3,0.5,0.4,0.5,0.5,,0.5,0.7,0.5,0.6,0.5,0.6,,0.6,,,0.4,0.2,,0.2,0.7,0.6,0.6,0.6,0.6,0.5,0.4,0.6,0.6,0.5,0.8,1,0.8,1,0.9,0.3,0.1,0.5,0.6,0.5,0.7,0.7,0.6,0.7,0.6,0.6,,0.7,0.7,1,1.4,0.4,0.6,0.6,0.5,,,,,0.5,0.6,,0.7,0.4,0.4,0.4,0.3,0.4,0.2,0.8,0.8,0.5,0.3,0.4,0.9,0.7,,0.8,1,,1.2,0.7,0.8,,0.7,0.6,,0.9,0.4,0.6,0.7,0.7,0.8,0.7,0.6,0.7,0.5,0.7,0.7,0.6,,,0.8,0.3,0.5,0.4,0.4,0.3,0.2,0.2,,0.3,0.2,0.3,0.3,0.2,,,0.4,,,,,0.4,,,,,,,,,,,,,,,,0.3,,,,,,,,,,,,,,,,,,,,,,,,,,,,,,,,,,,,,,0.4,0.4,0.5,0.5,0.6,0.4,0.4,0.5,0.5,,,,2.7,2,2.5,1.6,,1.3,0.6,0.5,0.5,0.6,0.5,0.5,,0.5,0.4,1.1,,,1.3,1.3,,0.6,0.6,0.6,,0.6,,0.7,0.5,,,0.1,0.5,,,0.6,0.4,0.5,,,0.5,0.5,0.3,0.4,0.5,0.5,0.5,0.7,0.6,0.9,0.6,0.5,0.3,0.3,0.3,0.7,0.5,0.5,0.4,0.5,0.6,0.6,0.6,0.6,,0.2,0.1,0.7,,0.3,0.1,0.4,0.4,0.5,0.6,,0.1,0.6,0.6,0.6,0.1,,,,0.4,0.2,,0.2,0.2,0.1,0.4,0.2,0.2,0.3,1.6,0.3,0.5,0.4,0.4,0.4,,,0.8,0.6,0.4,0.4,0.3,0.3,,0.2,0.2,0.3,,0.3,0.3,0.3,,0.3,0.2,0.1,0.2,0.2,0.3,0.3,,0.2,0.3,0.4,0.6,0.3,0.5,0.4,0.5,,0.3,0.4,0.5,0.3,0.1,,,0.6,,0.6,,,,0.2,0.3,0.3,0.4,0.6,0.6,,0.4,,0.3,0.3,0.4,0.8,0.9,0.6,0.7,,1,0.8,1.3,,,0.7,0.6,0.6,,0.7,0.6,0.3,,,1.1,0.5,0.3,0.5,0.5,0.3,0.4,0.7,0.4,0.6,0.5,1.2,0.5,0.4,0.5,,0.7,0.7,0.7,0.8,0.7,,1.2,0.6,0.8,0.9,0.7,0.6,0.6,0.8,0.6,,0.8,0.9,0.7,0.5,1.2,1,0.9,1,0.6,0.4,0.7,,0.6,0.4,0.4,,0.6,0.6,0.5,0.5,,0.4,0.4,0.5,,0.6,0.2,0.3,0.5,0.4,,0.4,0.4,0.2,0.4,0.8,0.4,0.5,,0.2,0.3,0.4,0.6,0.4,,0.5,0.5,0.6,0.9,0.4,0.3,0.6,0.6,0.6,0.6,0.5,0.6,,0.5,0.5,0.4,,0.6,0.7,,0.5,0.4,0.6,0.6,,0.6,0.6,0.6,0.8,0.6,0.3,0.6,0.6,0.6,0.8,0.6,0.3,0.3,0.4,0.4,0.4,0.3,0.5,0.6,0.6,0.8,0.8,0.7,0.6,0.5,0.5,0.6,0.8,0.6,0.5,0.5,0.7,0.6,0.6,0.7,0.5,0.5,0.5,0.6,1,0.5,0.6,0.7,0.7,1,0.7,1.3,0.7,0.5,0.7,0.7,0.6,0.6,1.1,1,1.1,0.7,0.6,0.6,0.7,0.6,0.8,0.8,0.9,0.8,0.4,0.7,0.5,,0.7,0.5,0.5,0.2,0.6,,0.3,0.6,0.4,0.4,0.4,0.5,0.5,0.4,0.5,0.5,0.5,0.6,0.7,0.3,0.4,,,,0.5,0.6,,0.5,0.2,0.4,0.4,0.5,0.3,,0.7,0.5,0.6,,,,,0.5,0.5,0.5,0.5,0.4,0.1,,0.5,,0.5,0.3,0.8,0.6,0.7,0.7,0.5,0.9,0.6,0.8,0.6,,,,,0.6,0.3,0.5,0.6,0.4,0.7,0.6,,0.4,0.6,0.5,0.3,0.3,0.8,0.8,0.7,0.6,0.5,0.6,0.7,1.1,1,,0.6,0.6,0.3,0.5,0.7,0.5,0.6,0.7,0.8,,0.5,0.4,,0.4,0.6,,0.2,0.2,0.4,,0.3,,0.2,,0.4,0.4,0.4,0.6,0.5,0.6,0.5,0.8,0.7,0.8,0.3,0.4,0.5,0.5,,0.6,0.1,,0.4,0.6,0.3,,0.3,0.4,0.5,0.9,0.4,,,0.5,0.4,0.1,0.1,,,0.2,0.3,0.3,,0.4,0.4,0.4,0.4,0.6,0.4,0.5,,0.5,,,0.3,0.5,0.5,0.4,0.3,0.3,0.2,0.3,0.5,,0.3,0.3,0.4,0.3,0.4,0.3,0.3,0.5,0.6,,,0.4,0.5,,0.5,,0.6,0.4,0.4,0.5,0.9,0.2,0.4,0.8,0.7,0.2,0.8,0.2,0.4,,0.6,0.5,0.4,0.4,0.3,0.4,0.5,,0.5,,0.1,,0.6,1.9,0.7,0.7,3.4,0.2,0.1,0.7,0.7,0.5,0.4,0.3,,,0.2,0.4,0.4,0.5,,0.4,0.4,0.4,0.5,,0.5,0.6,,,0.4,0.5,0.3,0.4,0.4,0.2,0.9,0.6,0.3,0.4,0.5,0.7,0.6,0.5,1,,0.4,0.5,,0.7,0.5,0.3,0.2,0.5,0.5,0.5,,0.7,1,,0.3,0.6,0.6,0.7,0.6,,0.6,0.3,0.3,0.4,0.3,0.5,0.5,0.2,,0.6,0.7,0.4,,0.4,0.2,0.7,0.4,0.6,0.4,0.5,0.4,0.5,0.5,0.4,0.3,0.3,0.8,0.4,0.3,0.7,0.4,0.6,0.5,0.5,0.4,0.6,0.4,0.7,0.5,,,0.7,0.3,0.3,0.6,0.4,0.1,0.5,0.3,,0.2,0.6,,0.3,0.5,1,0.4,0.6,0.5,,1.1,0.6,0.3,0.4,0.5,0.3,,0.4,0.5,0.4,0.3,0.6,0.4,0.5,0.5,0.5,0.3,0.6,0.6,0.4,0.5,0.5,0.4,0.4,0.4,0.4,0.6,0.2,0.2,0.5,0.6,0.5,0.6,0.7,0.4,0.5,0.6,0.5,0.6,0.8,0.4,0.6,0.7,0.8,0.6,0.6,0.6,0.8,0.7,0.1,,0.4,,0.1,0.4,0.3,0.4,0.4,0.7,0.5,0.7,0.6,0.3,0.1,0.3,0.2,0.8,0.7,0.3,0.2,0.4,0.4,0.4,0.6,0.7,0.7,0.7,0.6,0.7,0.6,0.4,0.5,0.4,0.5,,0.6,0.5,0.4,0.3,0.4,0.2,0.3,0.3,0.1,,0.3,0.6,0.5,0.3,0.8,1.2,0.8,,0.4,0.3,0.6,0.5,0.6,0.6,0.6,0.7,0.8,0.5,0.6,0.8,0.6,0.5,0.4,0.5,0.7,0.4,0.5,0.5,1.2,0.3,0.4,0.3,0.4,,0.6,0.7,0.3,0.5,0.4,0.6,0.5,0.4,0.6,0.4,0.4,0.4,0.4,0.2,0.3,0.4,0.3,0.6,0.4,0.5,0.5,0.7,0.7,0.5,0.5,0.5,0.5,0.6,0.4,0.6,0.6,0.4,0.6,0.4,0.6,0.3,0.3,0.6,0.5,0.5,0.3,0.3,0.3,0.4,0.5,0.6,0.4,0.4,0.7,0.2,0.2,0.3,0.4,0.4,0.2,0.2,0.4,0.7,0.4,0.6,1,0.3,0.4,0.6,0.5,1,0.5,0.6,,0.3,0.5,0.8,0.4,0.4,0.4,0.3,0.2,0.2,0.4,0.3,,0.3,0.3,0.3,0.3,0.2,0.3,0.5,0.5,0.5,0.6,0.6,0.3,0.3,0.7,0.3,0.5,0.9,0.7,0.8,0.8,0.5,0.5,0.3,0.3,0.3,0.6,0.5,,0.4,0.5,0.3,0.4,0.5,0.7,0.6,0.6,0.9,0.4,0.5,0.4,,0.4,0.5,0.5,0.7,0.6,0.7,0.4,0.2,0.7,0.6,0.3,0.2,1.9,2.2,0.6,1.4,0.1,0.6,0.1,0.2,0.2,0.2,0.3,0.2,0.2,0.4,0.3,,0.5,0.5,0.7,0.3,0.1,0.3,0.6,0.6,0.6,0.9,0.4,0.7,0.6,0.7,0.6,0.6,0.2,0.1,0.6,0.7,0.6,0.6,0.6,0.6,2,0.4,0.4,0.9,0.9,0.7,0.8,0.8,0.4,0.7,0.6,,0.7,0.3,0.8,0.7,0.4,0.5,0.6,0.6,0.2,0.2,,0.4,0.3,0.4,0.4,1,0.7,0.5,0.5,0.5,0.7,0.5,0.4,,1.4,0.4,0.4,0.2,1.3,1.2,0.3,1.2,0.4,0.3,0.7,0.4,0.5,0.5,0.6,0.3,0.6,0.7,0.4,0.6,0.2,0.4,1.1,1,,0.5,0.5,0.4,0.5,0.5,0.5,0.4,0.3,0.2,0.2,0.4,0.3,,0.8,0.3,0.5,0.5,0.6,0.3,0.3,0.1,0.7,0.6
20230729,21,CO_24h,0.7,0.5,0.6,0.6,0.6,0.3,0.4,0.4,0.4,0.4,0.5,0.4,,,0.7,,0.6,0.5,0.7,,0.6,,0.2,0.5,,0.4,0.5,,0.5,0.4,0.4,0.5,0.4,0.3,0.7,,0.4,0.6,,0.7,0.6,0.4,0.3,0.3,,0.2,,0.3,0.4,0.3,0.2,0.3,0.5,0.4,,0.3,0.3,,0.4,0.2,0.6,0.5,0.5,0.5,0.5,0.5,0.4,0.5,,0.5,0.2,0.1,,0.4,0.4,,0.5,0.4,0.4,0.5,0.7,,0.5,0.9,0.6,0.8,0.7,0.6,,0.5,0.7,,,0.5,0.5,0.5,0.4,0.4,0.7,0.6,,0.6,0.6,0.6,0.7,0.5,,0.5,0.6,0.2,0.3,0.5,0.4,,0.1,0.5,0.5,0.4,0.5,0.5,0.4,0.3,0.4,0.3,0.5,0.4,0.4,0.4,0.7,0.6,0.5,0.6,0.5,0.5,0.6,0.5,0.7,0.4,0.3,0.5,0.4,0.3,0.4,0.6,0.4,,0.4,0.4,0.3,0.4,0.2,0.4,0.1,0.5,0.4,0.5,0.2,0.3,0.4,0.4,,0.5,0.4,0.4,0.4,0.5,0.5,0.3,0.4,0.4,0.3,0.3,0.2,,,,0.4,0.3,,0.3,0.2,0.3,,,,0.3,,0.7,0.6,0.2,0.6,0.5,0.4,0.2,0.5,0.6,,,,0.4,0.4,,0.6,0.5,0.5,0.3,0.4,,0.5,0.6,0.5,0.6,0.7,0.3,0.4,0.3,,0.3,,0.5,0.4,,0.5,0.6,,0.4,0.5,0.5,,0.7,0.4,0.5,0.5,0.4,0.4,0.3,,,0.4,0.4,0.4,0.4,0.4,0.5,0.4,,0.4,,,0.5,,0.5,0.4,,0.5,0.4,0.4,0.3,0.4,0.3,,0.4,0.4,0.4,0.4,0.4,0.4,0.4,0.4,0.3,0.4,0.5,0.2,0.3,0.3,0.5,0.4,0.4,0.3,,,0.3,0.3,0.5,0.4,,0.2,0.7,0.5,0.3,0.6,,0.5,0.6,0.5,,0.4,0.5,0.2,0.6,,0.6,0.6,0.6,0.6,0.3,,,0.2,0.4,0.4,0.2,0.4,0.3,0.4,0.4,0.4,0.4,0.5,0.4,0.4,0.4,0.5,0.7,0.5,0.4,0.5,0.5,0.4,0.6,,0.5,0.5,0.3,0.5,0.4,0.3,0.4,0.3,0.5,0.4,0.6,0.5,0.7,0.7,,0.6,0.5,0.6,0.7,0.8,0.6,0.8,0.4,0.9,0.7,0.7,1,0.6,0.7,,0.6,0.6,0.9,0.6,0.5,0.5,0.4,0.5,0.5,0.7,0.4,0.7,,0.6,0.7,0.6,0.4,0.5,0.3,0.4,0.5,0.5,0.5,0.5,,,1,0.7,1,0.7,0.8,0.6,0.8,0.7,0.5,0.5,0.4,0.5,0.8,0.7,0.8,0.8,0.6,0.8,0.7,0.9,,0.5,0.5,0.3,0.4,0.3,,0.9,1,0.6,0.5,0.7,0.7,0.7,,,0.9,0.4,0.9,0.7,1,,0.4,0.4,0.4,0.6,,,0.5,0.6,0.8,0.6,0.3,0.7,0.3,0.5,0.7,0.4,0.5,,0.6,0.5,0.6,0.4,0.6,0.6,0.2,0.3,0.2,0.2,0.1,0.2,0.7,0.7,0.6,0.5,0.6,0.7,0.7,0.4,,0.8,,0.6,0.6,,0.5,,0.5,0.6,,,,,0.6,,,,0.5,0.5,0.4,0.3,0.2,0.5,0.4,,0.4,,0.5,0.2,0.3,0.5,0.5,0.5,0.5,0.4,0.4,0.4,0.3,0.5,0.4,0.5,,0.7,0.9,0.5,0.8,0.6,0.5,0.5,0.5,0.9,,0.5,0.4,0.4,0.5,0.6,0.8,0.5,0.5,0.4,0.3,0.2,0.1,0.4,,0.6,0.6,0.6,,,0.5,,0.1,0.7,0.2,0.3,0.5,,0.3,0.7,,,0.2,0.3,0.3,0.1,,0.3,0.3,0.2,,0.2,0.3,0.3,0.3,0.2,0.6,0.1,0.1,0.3,0.2,,,,0.3,,,0.5,,0.5,0.3,0.3,0.4,0.2,0.3,0.4,0.2,0.2,0.4,,,,,0.6,,0.6,0.6,0.6,0.6,0.5,0.7,0.7,0.6,,0.7,0.6,0.7,0.6,0.7,0.6,0.6,0.7,0.6,0.9,0.6,0.6,0.6,0.7,0.6,0.6,0.6,0.6,0.7,0.7,,0.6,0.4,0.5,,0.5,0.6,,0.7,0.7,0.8,0.7,0.9,,0.7,1,,,0.2,0.2,,0.5,,0.6,0.6,0.7,0.7,0.7,0.7,,0.6,0.8,,1.1,1,,0.9,,0.9,0.8,0.9,,0.8,0.8,0.5,0.3,0.4,,0.6,0.9,0.8,0.7,1,0.5,0.6,0.5,0.6,0.4,0.6,0.4,0.7,0.2,1.1,2.3,0.6,0.6,0.4,0.4,0.5,0.4,0.5,0.5,0.5,0.7,0.5,0.6,0.6,0.6,0.5,0.3,0.3,,0.3,0.4,0.4,0.3,0.4,0.3,0.4,0.5,0.4,0.4,0.3,0.4,0.4,0.5,,0.6,0.6,0.5,,0.4,0.5,0.7,0.4,0.6,,0.8,0.6,0.6,,1.1,,0.9,0.8,0.7,0.6,0.5,0.2,0.2,,,,0.3,,0.6,,0.5,,0.6,,0.4,0.6,0.3,0.8,0.7,,0.8,,0.4,0.3,0.5,0.4,0.5,0.4,,0.5,0.6,0.5,0.5,0.4,0.6,,0.6,,,0.4,0.2,0.3,0.2,0.7,0.6,0.6,0.6,0.6,0.5,0.5,0.6,0.6,0.3,0.8,0.9,0.8,0.9,0.7,0.3,0.3,0.5,0.5,0.5,0.6,0.6,0.6,0.6,0.6,0.6,,1.4,0.7,1.5,2.4,0.4,0.6,0.6,0.6,,,,,0.5,0.5,,0.5,0.4,0.4,0.3,0.3,0.3,0.2,0.6,0.7,0.5,0.4,0.5,0.7,0.5,,0.7,1,,0.9,0.5,0.8,,0.6,0.5,,0.7,0.3,0.6,0.5,0.5,0.5,0.5,0.4,0.5,0.7,0.9,0.9,0.8,,0.5,0.7,0.4,0.5,0.5,0.4,0.3,0.2,0.1,,0.3,0.3,0.3,0.2,0.2,,,0.5,,,,,0.4,,,,,,,,,,,,,,,,0.3,,,,,,,,,,,,,,,,,,,,,,,,,,,,,,,,,,,,,,0.4,0.4,0.5,0.5,0.5,0.4,0.4,0.4,0.5,,,,1.7,1.6,1.3,1.2,,1.3,0.7,0.6,0.6,0.7,0.5,0.7,,0.6,0.6,1.3,,,1.5,1.4,,0.7,0.6,0.5,,0.5,,0.7,0.5,,,0.5,0.5,,,0.5,0.4,0.6,,,0.3,0.3,0.3,0.3,0.5,0.5,0.5,0.7,0.5,0.8,0.5,0.5,0.3,0.3,0.3,0.7,0.6,0.8,0.6,0.7,0.7,0.7,0.7,0.7,,0.4,0.3,0.5,,0.3,0.1,0.5,0.5,0.4,0.3,,0.2,0.5,0.6,0.6,0.1,,,,0.4,0.2,0.4,0.1,0.4,,0.3,0.5,0.6,0.8,0.5,0.4,0.5,0.4,0.5,0.4,,,0.8,0.5,0.4,0.4,0.4,0.4,,0.1,0.2,0.2,,0.3,0.2,0.3,,0.3,0.2,0.2,0.2,0.2,0.2,0.3,,0.2,0.2,0.3,0.5,0.2,0.5,0.4,0.6,,0.4,0.3,0.4,0.2,0.2,0.3,,0.5,,0.5,,,,0.1,0.2,0.2,0.4,0.5,0.5,,0.4,,0.2,0.2,0.4,0.7,0.8,0.5,0.6,,1,0.9,1,,,0.6,0.5,0.5,,0.6,0.4,0.3,,,0.8,0.5,0.2,0.4,0.4,0.2,0.4,0.6,0.4,0.5,0.5,0.9,0.5,0.5,1,,0.4,0.4,0.5,0.4,0.4,,1.2,0.6,0.9,0.9,0.7,0.6,0.6,0.7,0.6,,0.7,0.8,0.6,0.7,1.1,1,0.9,1,0.6,0.4,0.7,,0.6,0.4,0.4,,0.6,0.6,0.5,0.5,,0.4,0.3,0.5,,0.6,0.2,0.3,0.5,0.5,,0.4,0.3,0.2,0.3,0.8,0.3,0.4,,0.3,0.2,0.3,0.4,0.5,,0.6,0.5,0.6,0.8,0.4,0.3,0.6,0.5,0.5,0.5,0.6,0.6,,0.5,0.5,0.3,,0.6,0.6,,0.7,0.4,0.5,0.5,,0.6,0.6,0.7,0.7,0.6,0.2,0.6,0.6,0.7,0.9,0.6,0.3,0.3,0.4,0.3,0.1,0.4,0.5,0.5,0.6,0.7,0.8,0.6,0.5,0.5,0.4,0.5,0.7,0.5,0.6,0.6,0.7,0.6,0.8,0.6,0.5,0.5,0.7,0.9,0.9,0.3,0.6,0.5,0.6,0.9,0.8,1.2,0.7,0.7,0.6,0.7,0.7,0.7,0.7,0.8,0.8,0.7,0.6,0.6,0.7,0.6,0.7,0.8,0.7,0.6,0.5,0.8,0.7,,0.6,0.5,0.5,0.3,0.6,,0.3,0.5,0.3,0.2,0.2,0.4,0.4,0.4,0.5,0.6,0.5,0.7,0.8,0.3,0.5,,,,0.4,0.4,,0.4,0.2,0.4,0.4,0.4,0.5,,0.5,0.4,0.6,,,,,0.4,0.4,0.4,0.4,0.4,,,0.4,,0.3,0.3,0.8,0.7,0.8,0.6,0.3,0.6,0.7,0.5,0.6,,,,,0.4,0.3,0.3,0.4,0.3,0.4,0.6,,0.4,0.5,0.5,0.3,0.3,0.7,0.6,0.7,0.7,0.5,0.4,0.5,0.8,0.7,,0.5,0.5,0.4,0.5,0.5,0.4,0.6,0.6,0.8,,0.4,0.3,,0.4,0.5,,0.3,0.3,0.5,,0.3,,0.1,,0.5,0.4,0.4,0.7,0.6,0.5,0.6,0.8,0.6,0.7,0.3,0.5,0.5,0.4,,0.9,0.3,,0.4,0.4,0.4,,0.4,0.5,0.3,0.5,0.4,0.4,,0.4,0.4,0.1,,,,0.2,0.4,0.3,,0.4,0.4,0.5,0.4,0.5,0.4,0.5,,0.5,,,0.3,0.3,0.4,0.4,0.4,0.4,0.3,0.5,0.5,,0.3,0.3,0.4,0.3,0.3,0.2,0.3,0.4,0.6,,,0.5,0.5,,0.4,,0.6,0.4,0.3,0.4,1.5,0.2,0.6,0.8,0.5,0.4,0.6,0.3,0.6,,0.6,0.6,0.4,0.4,0.4,0.4,0.5,,0.4,,0.1,0.3,0.6,0.8,0.9,0.8,1.1,0.2,0.1,0.7,0.7,0.4,0.4,0.3,,,0.5,0.4,0.4,0.4,,0.5,0.5,0.5,0.7,,0.4,0.5,,,0.3,0.5,0.3,0.3,0.4,0.2,0.8,0.5,0.3,0.4,0.5,0.6,0.6,0.6,1.1,,0.5,0.5,,0.6,0.6,0.3,0.3,0.4,0.6,0.3,,0.6,0.7,0.8,0.3,0.3,0.7,0.7,0.9,,0.7,0.3,0.3,0.5,0.2,0.5,0.8,0.2,0.6,0.5,0.5,0.4,,0.3,0.1,0.7,0.4,0.4,0.4,0.5,0.5,0.5,0.1,0.4,0.4,0.5,0.6,0.6,0.4,0.6,0.4,0.6,0.3,0.5,0.2,0.5,0.4,0.5,0.5,,,0.6,0.3,0.3,0.6,0.4,0.1,0.5,0.3,0.3,0.3,0.6,0.4,0.4,0.6,0.9,0.4,0.6,0.3,,0.9,0.6,0.5,0.5,0.5,0.3,0.4,0.4,0.5,0.4,0.4,0.6,0.4,0.5,0.5,0.5,0.4,0.7,0.6,0.5,0.6,0.4,0.4,0.3,0.4,0.4,0.6,0.2,0.3,0.5,0.6,0.6,0.7,0.7,0.3,0.5,0.7,0.6,0.7,0.9,0.5,0.5,0.6,0.9,0.6,0.6,0.5,0.9,0.7,0.1,0.1,0.3,,0.2,0.4,0.3,0.4,0.5,0.6,0.4,0.5,0.5,0.4,0.5,0.2,0.2,0.8,0.7,0.6,0.3,0.7,0.4,0.3,0.6,0.7,0.7,0.6,0.5,0.7,0.6,0.5,0.5,0.5,0.5,,0.6,0.4,0.8,0.3,0.4,0.2,0.2,0.2,0.2,,0.3,0.6,0.5,0.4,0.7,1,0.8,,0.4,0.2,0.5,0.5,0.6,0.5,0.6,0.7,0.6,0.5,0.7,0.8,0.7,0.5,0.3,0.5,0.7,0.5,0.6,0.4,1,0.3,0.6,0.4,0.6,0.6,0.6,0.7,0.3,0.5,0.4,0.7,0.5,0.4,0.6,0.4,0.3,0.5,0.4,0.2,0.2,0.3,0.2,0.6,0.3,0.5,0.4,0.7,0.6,0.5,0.5,0.5,0.5,0.7,0.5,0.6,0.7,0.5,0.5,0.4,0.5,0.3,0.3,0.8,0.8,0.2,0.3,0.3,0.3,0.4,0.5,0.6,0.4,0.4,0.7,0.2,0.2,0.4,0.3,0.4,0.3,0.9,0.4,0.6,0.4,0.7,0.8,0.4,0.4,0.5,0.5,0.8,0.5,0.5,0.2,0.4,0.5,0.7,0.3,0.4,0.4,0.4,0.1,0.1,0.4,0.2,,0.3,0.5,0.3,0.4,0.3,0.3,0.4,0.6,0.4,0.7,0.6,0.3,0.2,0.6,0.3,0.4,0.7,0.6,0.6,0.7,0.4,0.4,0.4,0.4,0.4,0.6,0.5,,0.4,0.5,0.3,0.4,0.5,0.7,0.6,0.5,0.8,0.4,0.5,0.4,0.4,0.4,0.5,0.6,0.7,0.6,0.9,0.6,0.4,0.7,0.7,0.4,0.5,0.6,1,0.7,0.8,0.2,0.9,0.2,0.3,0.3,0.4,0.3,0.4,0.4,0.4,0.4,0.4,0.5,0.7,0.9,0.2,0.2,0.3,0.5,0.4,0.7,0.8,0.4,0.8,0.7,0.5,0.8,0.6,0.1,0.2,0.6,0.7,0.4,0.6,0.6,0.8,1.7,0.4,0.4,0.9,0.9,0.8,0.8,0.9,0.5,0.7,0.6,,0.6,0.2,0.7,0.7,0.4,0.5,0.5,0.5,0.2,0.3,0.1,0.4,0.3,0.4,0.3,0.9,0.5,0.5,0.7,0.4,0.6,0.5,0.4,,0.8,0.3,0.4,0.2,1.4,1.3,0.3,1.4,0.4,0.4,0.7,0.5,0.6,0.7,0.6,0.3,0.7,1,0.5,0.5,0.3,0.3,0.9,0.7,0.3,0.5,0.6,0.4,0.6,0.5,0.4,0.3,0.3,0.3,0.2,0.5,0.3,0.3,0.6,0.3,0.3,0.6,0.6,0.4,0.5,0.1,0.6,0.4
20230729,22,AQI,13,11,13,9,24,13,13,12,16,16,12,15,,,14,,12,15,15,,13,,16,13,,12,14,,15,17,25,14,16,15,19,,21,15,,22,15,14,21,19,,17,,21,14,13,7,13,16,35,,19,,,34,29,38,18,11,22,13,23,20,18,,27,12,15,15,12,12,,14,18,15,22,20,,15,24,16,18,16,16,,48,39,,,39,38,60,58,26,22,22,,16,15,24,26,22,,13,15,25,22,19,18,18,23,23,22,13,,20,24,24,25,19,,24,25,24,27,57,,,54,50,52,,57,35,32,52,,19,18,17,17,,19,17,20,19,12,14,34,14,13,,20,14,12,32,,17,18,20,17,19,16,12,14,12,9,10,19,,,,22,23,,29,24,25,,,,22,,17,15,18,10,27,12,14,9,16,,,,18,12,,16,16,,17,13,,17,14,17,17,17,,17,14,,19,,18,18,,27,26,,18,22,19,,19,33,25,28,,12,9,,,15,9,14,35,37,35,38,,28,,,18,,18,13,,14,19,17,16,14,18,,29,33,16,17,18,19,20,19,13,13,14,15,14,11,22,13,15,14,,,18,18,21,19,,12,22,18,13,23,,9,23,18,,19,,17,12,,19,15,,11,22,,,22,19,22,27,19,19,15,,16,17,15,14,,13,15,19,18,25,18,25,22,18,,16,18,64,25,36,28,34,26,23,,42,21,18,25,,19,24,19,36,22,52,21,27,28,23,32,44,20,19,,18,17,26,23,20,17,22,18,19,24,33,29,,27,20,31,20,,23,18,19,29,20,26,,,30,36,33,24,20,25,19,21,22,22,20,22,30,40,35,38,32,43,32,51,,31,30,27,31,36,,33,43,35,35,39,31,28,,,42,32,57,41,38,,34,35,33,27,,,34,64,10,23,17,16,20,,24,22,27,,21,37,42,39,54,47,29,29,25,28,30,29,46,19,32,23,24,35,39,23,,36,,,38,,51,,,37,,,,,32,,,,30,35,24,38,138,37,35,,31,35,30,36,,60,37,39,36,38,38,25,15,46,40,38,,44,36,41,34,54,51,34,44,51,,16,12,8,7,9,10,8,9,9,12,15,12,20,12,20,,20,,,13,,22,,12,14,17,,13,13,,,25,17,23,17,,15,13,18,,16,29,19,20,20,18,,19,12,,,,,24,,,,,15,13,14,14,19,19,24,17,22,25,,17,,,28,,27,32,27,17,19,19,18,17,,57,35,47,34,41,32,35,42,30,35,20,35,,20,18,33,19,27,21,26,,21,35,,,16,17,,20,24,28,23,27,,29,30,,,18,17,,63,,58,40,44,45,18,17,,15,16,,32,48,,43,,13,19,18,,16,20,38,45,39,,12,10,13,15,12,14,29,18,33,12,29,19,15,9,20,23,8,8,9,9,16,8,16,9,14,13,18,15,14,16,30,19,22,,18,15,9,12,18,19,23,18,20,25,17,23,25,25,,24,20,26,,25,15,14,17,20,,16,11,24,,18,,15,13,15,15,,12,15,,,,14,,,,19,,,,11,,13,23,29,,23,,,24,,17,23,22,,23,18,24,15,28,19,,17,,,17,25,,25,10,29,42,35,33,16,51,24,26,93,65,73,73,70,72,24,25,27,22,33,29,36,29,29,26,28,,31,21,20,31,35,24,31,22,,,,,40,41,,42,25,,25,25,32,29,27,28,25,22,23,49,42,,46,,,35,40,42,,44,48,,53,26,24,36,27,39,,14,36,46,48,39,35,,115,100,161,29,34,43,33,35,32,,44,34,,48,36,,,32,,,,,,,,,,,,,,,,,,,,,22,,,,,,,,,,,,,,,,,,,,,,,,,,,,,,,,,,,,,,32,8,14,16,23,14,12,13,,,,,,15,19,22,,15,46,44,51,45,48,16,,22,15,34,,,33,29,,29,45,42,,39,,41,35,,,29,,,,43,45,33,,,31,23,39,36,41,40,41,17,20,10,18,,6,7,9,12,19,16,14,10,18,25,15,12,,22,23,19,,12,8,15,22,26,23,20,20,9,27,23,34,,,15,22,23,,19,25,28,25,34,25,,33,,30,31,30,44,,,36,16,20,20,22,20,,21,19,19,,20,19,20,,12,14,11,13,10,19,,,15,18,16,18,15,14,10,17,,10,32,15,27,,,,13,,13,,,,17,16,16,18,13,14,,10,,19,19,18,19,23,31,23,,20,15,15,,,14,16,18,,20,17,14,,,22,10,29,83,26,21,11,28,34,27,37,23,32,29,30,,33,19,30,20,,,46,27,,36,28,26,29,32,26,,26,36,36,27,29,26,24,26,21,22,21,,14,,13,,17,16,12,14,,15,14,14,,15,17,18,16,17,,14,17,15,15,17,16,16,,16,14,23,23,20,,12,14,18,36,24,21,23,18,18,19,15,15,,34,23,,,15,25,,12,17,13,12,,16,15,12,23,22,25,36,,29,38,,33,51,44,30,36,17,20,20,20,18,42,53,38,36,,29,42,26,32,53,16,28,37,46,64,19,51,30,51,28,16,31,24,56,,57,60,28,38,26,23,28,43,63,48,,36,48,40,48,32,28,55,57,40,25,38,,58,38,33,24,15,,16,24,20,22,35,31,39,32,29,26,22,24,24,22,27,,,,37,39,,33,13,34,29,31,24,,29,35,32,,,,,30,41,39,43,36,41,,35,,25,22,17,20,19,21,22,30,29,39,29,,,,,46,22,23,26,,31,22,,17,16,14,26,36,12,25,18,32,34,34,53,41,51,,40,52,17,28,25,17,19,20,15,,21,12,,20,,,32,30,17,,58,,31,,12,12,18,33,20,29,32,30,32,31,26,23,20,24,,39,33,,25,30,99,,79,71,16,24,172,,,24,26,33,34,,,33,53,35,,36,34,53,27,17,42,31,,32,,,24,19,27,26,82,75,157,182,14,,28,39,34,70,65,108,114,118,115,,,37,30,,34,,32,36,35,27,20,21,16,25,23,9,42,22,18,,32,21,15,16,9,10,17,,14,,20,,35,,22,26,156,30,14,31,18,32,16,28,,,22,13,24,10,,30,31,32,26,,17,11,,,24,15,18,13,24,22,20,24,14,19,25,44,24,31,32,,17,15,,41,17,27,30,23,35,45,17,40,,24,27,24,17,16,53,19,20,17,28,14,29,18,49,12,,20,18,58,,,34,38,,29,29,23,20,20,16,19,37,,32,20,19,54,15,,,13,22,46,18,24,14,,,42,21,15,19,17,29,28,22,,96,15,,23,20,23,14,15,10,,22,38,34,43,40,25,118,20,14,18,18,19,22,18,20,16,10,40,40,39,41,40,16,24,16,,8,12,12,16,28,32,22,21,30,18,19,20,23,23,23,44,22,21,22,26,39,33,26,46,12,13,,10,26,15,21,20,15,10,9,14,11,15,12,14,15,20,26,27,,21,24,29,23,47,36,29,39,35,20,34,41,43,,35,42,24,22,22,21,22,12,27,,13,13,12,18,20,36,,,15,56,23,26,23,33,24,43,,46,32,31,25,15,20,18,13,15,18,54,30,27,12,21,43,38,15,13,18,16,14,23,16,15,11,15,14,19,18,14,21,26,27,50,37,34,39,17,27,42,20,28,18,31,25,21,,21,38,19,26,14,13,12,15,20,20,14,22,18,12,13,18,15,,15,16,13,,,15,18,21,39,23,36,43,22,40,33,29,42,38,30,22,10,19,14,16,17,15,15,,17,24,,,,24,19,17,33,42,,40,28,23,19,11,26,19,13,39,33,42,72,52,41,21,22,31,19,23,25,,20,,25,22,54,18,33,26,40,23,25,23,,15,13,43,37,30,19,9,16,61,21,15,19,19,15,25,24,25,15,39,12,17,,,19,24,16,13,,,10,13,14,14,11,22,26,27,34,24,19,25,37,19,34,36,39,61,56,30,17,23,14,16,44,34,29,33,22,32,33,18,36,53,,19,18,14,14,22,29,34,30,11,12,25,18,16,29,22,42,43,26,10,20,27,19,25,,38,13,23,110,38,26,15,37,8,10,7,11,10,50,25,,19,43,28,16,19,15,21,23,8,13,9,13,37,38,36,22,15,46,28,57,31,,17,19,21,21,29,18,17,17,15,50
20230729,22,PM2.5,9,4,9,,14,9,7,8,11,8,8,10,,,3,,6,5,4,,7,,3,2,,5,6,,9,11,17,2,9,2,13,,12,9,,15,9,4,10,13,,5,,7,2,6,3,6,9,12,,13,6,,17,20,16,4,2,11,3,7,8,12,,12,6,2,5,1,8,,5,12,7,15,14,,9,14,5,12,8,9,,27,21,,,18,24,28,31,18,10,8,,11,5,7,15,13,,9,9,17,15,13,12,12,16,16,15,8,13,14,10,9,9,8,,10,12,8,18,14,13,,14,22,23,,18,14,16,12,4,8,6,4,5,,7,8,7,7,5,2,2,,7,,7,7,7,12,,8,8,7,10,10,8,3,8,3,1,,7,,,,13,13,,15,10,10,,,,8,,5,7,7,2,5,2,7,5,4,,,,6,6,,6,8,10,7,9,,8,9,8,5,7,,9,6,,7,,,10,,11,10,,11,15,13,,11,12,10,11,4,8,4,,,5,5,7,18,21,14,12,,8,,,10,,6,9,,1,5,10,4,3,5,,9,10,8,9,9,5,7,8,9,9,9,,8,7,5,5,,6,3,,,8,14,8,11,5,6,12,9,7,,6,12,9,,9,,2,7,,7,10,7,7,14,,,7,9,5,12,10,10,7,,3,3,5,4,5,1,3,7,5,17,6,17,13,6,,10,12,46,11,20,19,14,5,14,,29,13,2,12,,8,12,12,13,11,27,10,15,18,10,22,16,10,8,,6,8,9,11,14,9,15,3,12,15,14,12,,12,12,16,12,14,14,8,13,13,10,13,,,18,17,14,14,11,12,12,11,9,12,7,12,21,21,24,26,22,22,18,22,,14,17,16,16,6,,18,27,19,18,22,13,16,,,29,20,31,21,26,,11,19,18,16,,,11,15,,16,7,9,5,,12,9,9,,10,23,19,20,31,19,13,6,5,6,8,6,26,13,19,15,15,22,27,16,,22,,16,18,,30,,,22,,,,,16,,,,21,24,14,12,105,9,8,,10,24,16,16,18,43,18,19,21,18,16,17,10,13,10,14,,16,19,15,17,19,19,14,14,19,,11,8,5,4,2,7,5,6,5,3,10,2,9,6,4,15,5,8,,7,,9,9,8,4,7,,9,3,,,17,6,11,9,,3,9,12,,9,5,,5,12,12,7,13,8,17,,,,12,,,2,,7,9,8,7,10,10,6,7,12,17,,9,,,14,,14,22,14,6,5,4,7,7,,23,19,19,16,25,17,24,29,17,24,13,10,12,9,4,23,12,17,12,15,,9,17,9,,8,9,,9,11,10,16,16,,16,14,,,2,6,,45,,31,25,24,24,,2,,2,2,,14,20,,30,,9,8,12,,1,8,14,22,18,,4,4,5,4,3,5,7,6,11,8,6,6,4,3,10,11,4,5,4,6,10,5,3,4,5,8,10,7,9,6,2,3,3,,6,10,4,8,12,6,10,9,14,12,9,15,17,15,,15,12,11,,17,7,2,6,4,,6,4,4,,12,,10,6,9,9,8,1,5,,,,8,,,,13,,,,7,,2,13,14,,12,,,9,7,7,10,9,,16,12,8,10,19,13,,9,,,9,17,21,16,6,18,20,24,23,6,5,12,17,69,47,53,53,38,52,4,6,17,8,17,20,17,18,18,14,17,,10,9,14,18,24,9,14,9,,,,,20,22,,24,12,16,11,13,22,20,14,19,15,14,10,16,19,,23,,,24,28,22,,19,21,,28,8,8,21,14,27,26,9,25,22,33,27,24,,50,47,53,10,11,14,16,3,8,,15,4,,5,4,,,10,,,,,7,,,,,,,,,,,,,,,,9,,,,,,,,,,,,,,,,,,,,,,,,,,,,,,,,,,,,,,22,2,1,9,11,5,,,,,,10,,2,7,7,,10,26,29,29,25,32,5,,15,7,22,,,23,20,,20,31,14,,9,,13,21,,,20,,,,24,13,11,,,12,9,7,9,15,14,17,,2,3,12,10,2,3,6,8,8,2,3,3,4,7,,8,,15,16,7,,3,3,5,5,16,16,13,1,2,9,4,10,,,8,11,9,,11,8,1,9,6,,,9,5,8,4,2,3,,,,5,6,14,6,6,,10,2,2,,8,6,,,7,4,1,9,1,4,,,5,1,8,8,1,2,4,4,,7,2,1,2,7,6,,2,,8,,,,,6,2,12,6,1,,4,,8,10,9,12,8,5,14,18,14,10,10,11,2,5,10,7,11,13,8,6,6,,14,5,20,61,18,5,5,17,16,12,18,16,22,13,21,,23,7,12,14,4,,32,10,20,20,16,17,14,21,16,,16,22,22,14,15,12,13,9,3,15,11,,8,,2,,2,,6,2,,2,4,3,,4,2,12,2,5,,6,5,7,7,1,3,,,5,6,16,,3,,4,,2,16,14,2,10,6,12,6,1,1,,9,16,14,,10,7,,7,7,8,8,,11,9,8,13,15,17,16,,20,26,,23,28,27,17,25,5,14,8,12,8,14,37,26,24,28,14,28,18,18,32,6,18,23,18,25,8,17,15,32,19,11,16,14,34,31,40,38,10,14,8,9,8,13,45,33,26,17,20,20,19,19,19,32,38,28,17,26,,41,24,22,6,7,,7,10,6,12,10,20,27,12,17,18,15,11,13,9,9,,,,21,20,,19,6,7,7,11,9,,18,21,22,,,,,14,12,15,9,9,20,,24,,15,8,6,4,10,12,15,21,9,17,20,,,,,19,9,12,18,,8,15,,9,2,7,18,25,4,14,9,9,9,17,37,27,26,,26,36,7,10,9,11,13,14,7,,10,8,,9,,,4,9,6,,20,,,,,4,7,13,14,20,12,14,13,13,6,4,6,6,,8,5,,15,11,47,,25,28,6,8,57,,,8,7,23,19,,,23,21,24,,17,8,15,12,5,18,10,,14,,,6,5,6,3,16,13,32,36,2,,19,10,10,28,25,60,44,61,40,,,12,15,,4,,1,15,11,13,12,13,,10,12,5,,15,,,11,8,8,8,6,7,10,,3,,14,3,22,50,15,8,70,11,6,9,10,22,11,6,,,15,4,8,4,,15,13,5,13,,10,5,,,9,3,6,9,9,7,9,9,5,7,9,24,13,15,22,,3,3,,26,7,18,21,5,24,25,7,28,,6,7,12,5,1,24,13,14,2,19,,6,12,34,5,,14,7,23,,16,4,23,4,9,12,7,14,10,4,3,12,,12,6,7,24,10,,3,6,10,18,10,10,8,,,28,10,4,13,10,,19,9,5,50,10,19,16,14,9,3,4,,,6,25,11,22,10,3,39,8,4,4,7,13,9,9,4,5,4,23,15,21,18,28,11,10,8,11,5,6,8,4,19,17,12,7,10,9,9,12,12,16,2,14,13,12,15,6,7,20,11,15,1,8,,5,18,8,7,10,4,3,3,6,2,3,4,,10,14,5,18,,8,14,16,7,31,16,15,26,24,14,23,24,24,,24,29,13,10,5,7,7,7,8,,7,9,7,,12,25,25,,10,21,10,18,16,23,7,30,,31,12,15,17,9,12,10,7,8,4,6,16,9,5,6,19,17,5,5,12,9,8,2,6,7,5,7,4,6,7,5,9,5,7,9,13,11,21,4,15,21,10,12,12,9,6,9,9,7,6,13,14,5,2,6,3,9,3,4,15,9,4,4,11,5,,4,1,7,6,,6,6,9,24,16,15,30,15,19,19,18,29,23,21,5,7,7,5,9,4,2,9,5,10,7,2,,3,8,11,7,4,16,,15,19,16,11,5,11,8,8,27,21,29,52,28,28,13,14,14,9,10,12,,7,6,15,14,38,8,19,17,28,16,17,11,,8,6,30,22,17,6,3,5,43,,2,3,7,8,7,11,13,10,10,2,,4,8,6,3,11,2,4,3,4,9,,7,4,15,18,18,19,5,13,14,25,13,14,10,,35,5,21,10,16,2,,17,15,14,11,12,18,18,12,15,30,,12,8,6,5,14,20,19,9,2,5,8,5,,10,6,22,30,17,1,12,12,10,13,,13,9,9,50,12,16,1,17,3,4,3,7,6,15,8,7,10,15,8,10,7,6,14,14,4,9,4,9,21,23,11,6,4,7,11,40,10,4,9,8,10,2,14,12,9,9,10,19
20230729,22,PM2.5_24h,23,14,19,17,20,21,15,17,14,24,17,18,,,4,,5,6,7,,6,,1,3,,2,7,,21,26,27,15,16,19,9,,11,15,,20,8,5,10,14,,11,,8,7,5,16,13,14,15,,27,12,,18,21,19,17,14,14,15,14,19,22,,24,9,5,10,13,13,,12,14,13,15,28,,18,27,29,26,26,23,,15,13,,,13,16,15,16,20,13,11,,10,7,11,13,13,,14,2,7,6,5,5,4,4,6,6,4,12,12,11,10,11,9,10,11,12,11,17,12,11,15,13,13,19,,15,11,19,13,6,10,6,5,6,,5,7,5,8,2,3,1,2,4,2,7,6,5,19,,8,7,7,9,8,8,2,6,3,2,,4,,,,9,11,,10,11,11,,,,9,,5,6,7,4,6,8,6,2,7,,,,6,6,,6,9,9,8,7,,8,7,7,3,5,6,7,11,,10,,7,10,,8,8,,7,10,10,,10,8,8,7,7,6,5,,,4,5,4,13,10,10,12,,7,,,10,,4,7,,12,9,11,5,5,6,,7,8,8,8,8,5,7,4,6,9,11,4,8,10,4,6,4,8,2,,,2,3,3,10,6,6,8,7,4,,8,7,11,,9,10,5,8,,7,6,11,12,13,,,7,5,5,8,8,7,9,,5,4,7,5,6,16,5,6,4,9,6,12,12,6,,7,5,10,10,12,12,8,5,10,29,12,9,3,22,,19,21,21,17,18,21,19,19,15,14,22,16,12,14,,9,13,12,14,18,14,19,9,15,18,17,16,,13,21,27,19,17,20,15,15,13,19,13,,,20,19,17,19,12,13,16,15,18,20,19,18,29,27,28,29,26,25,27,35,,16,20,16,16,12,,21,26,18,15,20,12,13,,,21,22,21,16,16,,12,13,16,13,,,18,12,6,17,8,9,6,11,18,13,7,,14,35,15,14,20,16,8,7,7,6,7,7,19,13,50,11,19,15,21,9,,22,,10,14,,17,,21,19,,,,,11,,,,18,18,19,29,100,26,16,,28,12,10,13,12,11,13,9,10,13,13,17,9,10,5,14,,22,20,18,18,16,19,15,16,19,,6,7,5,11,9,10,12,6,6,4,10,7,9,8,5,11,7,7,,7,,9,8,7,5,11,,12,7,,,12,9,10,7,,4,8,8,,8,4,2,5,10,5,7,8,6,5,,,,7,,,8,,8,6,8,6,6,9,6,5,6,9,,9,,,16,,15,23,21,9,10,8,13,12,,23,23,23,20,27,20,27,29,17,28,9,10,11,10,10,18,9,10,13,19,,14,20,19,,14,13,,12,13,11,12,13,,17,12,,,6,12,,25,,22,19,16,21,7,9,,11,10,,47,32,,44,,19,20,19,,23,19,10,12,10,,6,7,7,9,9,7,6,13,11,8,9,8,10,6,9,15,6,5,12,12,8,9,8,9,8,10,9,8,10,8,12,4,6,,7,9,10,10,7,6,18,10,19,13,8,8,9,9,,9,8,10,,9,7,8,6,5,,5,6,4,,12,,12,8,9,12,8,3,6,,,,8,,3,,5,,9,,7,5,4,18,19,,18,,7,10,6,5,10,11,,15,10,6,7,13,8,,12,,,7,12,10,13,10,16,20,18,15,8,5,10,15,38,31,34,30,30,30,7,8,10,9,16,13,14,15,17,16,15,,13,9,14,20,7,7,7,3,,,,,12,13,,13,13,13,11,11,15,16,9,14,10,13,10,11,12,,19,22,,14,16,19,,15,18,,19,5,4,9,7,9,14,4,13,32,34,30,42,,19,21,48,9,15,11,12,4,9,,16,9,13,14,12,,,9,,,,,7,,,,,,,,,,,,,,,,5,,,,,,,,,,,,,,,,,,,,,,,,,,,,,,,,,,,,,,12,2,3,8,10,7,1,3,1,,,9,12,10,11,8,,18,26,29,21,26,27,17,,24,21,37,,,37,37,,29,30,17,,17,,14,15,,,24,15,,,16,14,23,,,12,12,11,7,15,10,13,12,10,6,18,14,5,7,7,10,11,9,12,12,11,13,4,13,,13,16,7,,4,2,6,6,16,14,5,7,7,12,3,10,,,8,8,9,9,8,11,10,6,7,5,11,15,9,10,10,11,10,,,13,7,10,8,12,13,,9,5,5,,9,9,4,,10,7,5,11,5,8,9,,4,8,5,6,7,4,6,5,,6,5,5,6,5,4,,3,,7,,,,1,2,4,8,6,3,,5,,7,6,6,5,4,4,5,30,10,10,11,7,3,4,10,6,13,11,8,9,4,,6,6,11,32,9,5,5,14,13,13,13,11,15,12,16,,7,7,7,8,9,,15,11,14,14,15,18,14,17,12,,12,16,16,10,11,8,10,7,8,8,6,,10,5,8,,2,1,7,9,,7,8,5,,6,6,13,5,6,,6,6,8,6,7,7,6,,6,7,10,4,7,,6,3,6,13,13,7,10,4,13,7,2,1,,8,25,10,,8,5,,10,6,9,5,,10,8,9,16,12,12,16,,14,18,12,17,15,6,17,16,7,10,9,9,7,14,18,15,18,19,15,25,19,26,25,6,14,16,14,15,8,14,16,13,14,8,9,9,31,27,31,30,14,16,12,9,14,15,26,24,25,20,20,18,20,16,18,16,20,25,20,21,,35,23,23,7,6,,4,7,6,10,6,16,17,10,15,23,19,14,20,10,5,,,,22,17,,19,6,5,6,9,7,,10,12,12,,,,,7,6,9,8,6,10,,15,,7,11,7,6,9,10,15,9,8,7,10,,,,,10,6,8,9,15,7,12,,11,5,6,12,16,6,11,6,13,10,13,19,23,19,,24,28,20,20,9,6,10,7,15,,11,8,,9,4,,5,5,5,,13,,2,,2,4,6,11,8,12,15,15,14,35,7,10,9,8,,8,5,,7,8,20,,18,25,6,6,48,50,,7,6,12,13,,,15,12,22,,16,9,14,17,3,14,8,,8,,,5,3,3,2,51,54,26,30,7,,26,8,12,24,28,46,37,48,40,,,13,13,,8,,6,24,22,25,10,9,8,16,2,5,3,25,14,,20,9,10,8,6,6,8,,4,,4,9,15,20,9,12,58,8,5,10,12,19,9,8,,,17,6,8,5,,12,14,13,12,,9,4,,,7,4,4,9,9,6,11,5,5,5,10,20,16,15,32,,4,10,,21,10,13,13,16,24,17,9,21,,9,6,4,6,2,24,7,27,5,11,3,5,14,11,5,7,9,8,10,,20,5,17,5,10,11,10,12,12,4,6,13,2,14,9,8,16,7,,6,5,5,15,8,10,9,,,19,6,16,8,9,1,9,9,10,17,11,11,12,25,5,9,10,2,,8,17,11,15,8,4,38,8,6,5,7,8,6,6,5,5,14,21,17,8,17,19,11,8,8,7,4,10,8,8,15,21,22,25,17,19,19,17,17,18,9,15,18,17,15,13,19,21,14,13,5,15,,5,9,7,6,8,5,3,4,6,4,5,7,4,12,13,10,13,12,7,13,15,10,21,12,15,26,24,10,17,12,22,,19,13,22,8,6,11,7,3,4,,6,13,13,2,11,19,17,,6,11,11,11,13,20,10,25,26,22,14,20,22,6,9,9,5,6,4,3,11,7,18,13,21,16,6,3,9,7,10,6,6,7,7,6,4,11,7,8,20,18,19,28,31,23,16,8,12,18,14,12,14,20,17,15,16,12,26,27,4,5,10,19,22,3,4,5,8,6,9,8,7,6,8,5,5,6,9,6,6,8,12,10,11,11,16,16,17,11,20,6,13,13,10,5,5,5,6,7,6,5,9,5,8,4,,11,10,10,4,5,16,13,9,10,20,8,5,8,4,7,16,15,18,24,25,14,7,9,16,9,11,10,,5,12,9,7,23,12,20,8,17,11,9,8,9,7,10,22,19,14,17,15,11,31,18,9,21,10,16,13,17,20,13,16,10,9,18,20,20,13,18,17,7,2,8,12,1,6,8,30,20,11,15,6,24,22,17,26,10,6,19,42,23,10,9,29,20,11,17,16,15,9,13,20,20,7,16,21,,9,5,7,6,6,13,11,6,4,2,11,4,7,6,6,21,23,12,2,10,9,8,9,,6,6,11,34,35,35,7,32,11,15,25,16,20,18,9,7,11,20,6,6,9,6,18,11,14,14,16,15,14,15,7,7,7,19,10,35,10,4,14,9,4,2,14,9,9,6,6,14
20230729,22,PM10,10,11,11,2,24,10,13,9,16,16,10,13,,,11,,12,15,9,,13,,10,6,,12,8,,7,17,17,7,6,9,6,,21,11,,15,4,4,9,18,,14,,21,14,13,6,13,16,35,,12,24,,34,28,38,15,7,22,12,23,20,8,,27,,15,15,12,6,,10,13,15,13,18,,13,24,9,17,14,16,,48,39,,,39,38,70,65,22,22,22,,12,15,24,26,22,,5,14,21,16,18,16,12,18,14,15,13,19,17,24,24,25,19,,24,25,24,25,64,,,58,50,54,53,63,35,32,53,19,19,18,17,17,,19,17,20,19,10,12,34,14,12,12,20,7,5,32,,17,18,20,17,19,16,12,14,12,9,10,19,,,,19,18,,29,7,12,,,,22,,17,15,18,9,27,12,14,9,16,,,,18,12,,16,16,,17,12,,17,14,17,17,17,14,17,14,,19,,18,18,,27,26,,18,22,18,,19,33,25,28,4,12,9,,,15,9,14,35,37,35,38,,28,,,18,,18,13,,3,19,17,16,14,18,,29,33,16,17,18,19,20,19,9,7,9,2,14,9,22,5,5,9,10,,18,18,21,19,,12,22,16,9,9,,7,23,18,,19,,17,12,,19,12,20,7,22,,,22,19,22,27,19,19,10,5,2,7,8,6,,5,8,10,18,20,15,22,22,13,,16,12,35,22,36,20,34,26,22,30,22,21,9,25,,19,24,19,36,22,54,21,27,28,23,23,44,20,19,,14,13,26,23,18,17,19,17,19,24,33,29,,21,9,31,20,,23,18,18,29,2,26,,,30,36,33,24,19,16,10,21,16,21,7,16,30,40,24,16,30,43,32,51,,31,30,27,31,12,,33,28,35,35,39,31,16,,,39,32,63,41,34,,16,24,26,23,,,24,23,9,14,17,14,14,,24,22,27,,19,29,42,39,57,47,12,12,11,13,29,19,46,17,32,23,24,35,37,19,,36,,,38,,52,,,37,,,,,12,,,,25,30,24,38,33,37,35,,16,32,27,36,33,35,37,39,36,38,38,24,11,46,40,30,,44,36,31,34,58,51,34,44,51,,16,11,8,5,5,9,7,4,9,7,9,12,20,12,20,21,20,,,5,,22,12,12,14,17,,11,1,,,22,17,23,17,,8,12,14,,14,29,19,19,14,17,17,17,9,19,,,,24,,,13,,14,12,5,14,19,19,24,17,22,24,,17,,,18,,22,31,27,17,13,19,13,17,,64,35,47,34,41,32,27,39,27,31,15,35,28,14,8,25,15,27,21,26,,18,16,14,,10,14,,20,24,28,22,27,,29,30,,,5,,,47,,66,40,44,45,2,3,,7,3,,32,48,,42,,5,19,13,,12,2,29,45,31,,12,9,13,15,12,14,16,18,33,11,29,19,15,2,20,23,8,5,9,8,16,7,16,9,13,12,18,15,14,8,30,19,22,,18,11,8,12,9,19,15,18,11,25,17,23,25,25,,24,20,26,,11,7,8,16,17,,16,11,4,,9,,8,1,12,10,,7,4,,,,4,,,,4,,,,9,,13,23,29,,23,,,16,22,17,22,22,,20,18,24,10,12,11,,10,,,9,25,19,25,10,29,42,35,32,16,52,16,26,67,79,75,93,89,62,14,16,21,22,33,27,36,29,29,26,28,,31,21,19,31,23,24,31,22,,,,,22,39,,29,20,23,22,19,32,26,27,23,25,18,23,49,42,,46,,,31,39,42,,44,48,,56,26,24,36,27,30,33,10,35,46,46,34,32,,179,150,271,29,34,43,33,22,21,,44,19,,48,25,,,32,,,,,24,,,,,,,,,,,,,,,,22,,,,,,,,,,,,,,,,,,,,,,,,,,,,,,,,,,,,,,31,8,12,16,23,6,6,10,5,,,14,23,15,19,13,,9,46,44,51,45,48,,,5,5,34,,,24,28,,22,45,42,,39,,41,28,,,26,97,,,43,39,33,,,31,23,39,33,25,27,21,17,20,5,16,13,4,7,9,7,19,16,14,10,18,25,12,11,,19,9,13,,12,8,15,22,26,23,7,20,9,27,23,34,,,15,14,13,,13,10,5,12,18,15,9,33,10,11,8,14,7,,,23,16,20,2,12,8,,21,10,13,,17,9,12,,3,6,8,10,10,7,,,6,9,15,18,15,8,8,10,,10,32,15,27,21,11,,4,,7,,,,2,8,9,13,5,8,,10,,19,19,15,19,23,31,23,14,15,10,11,15,,14,16,18,25,20,17,14,20,,22,6,13,49,18,21,1,28,34,27,37,18,32,29,27,,15,19,30,9,,,39,27,33,36,28,26,29,32,26,,26,36,36,27,29,26,24,26,21,20,21,,2,4,11,,17,7,12,2,,2,6,,,2,2,11,7,2,,12,14,9,12,5,9,3,,13,12,3,23,20,,12,13,18,36,24,21,23,18,14,19,11,15,,34,19,,,12,25,,12,13,6,12,,15,13,12,23,22,19,36,31,19,31,29,20,51,44,30,36,15,16,16,19,18,42,45,38,36,16,29,42,23,32,56,15,28,37,46,77,19,51,30,52,22,15,31,24,61,54,52,70,28,38,26,19,28,43,65,48,37,36,48,40,48,32,24,59,63,27,22,30,,59,38,33,24,15,,13,24,20,20,35,31,28,32,29,21,21,18,22,22,18,,,,37,39,,33,13,34,29,31,24,,29,35,30,,,,,30,41,39,43,36,41,,24,,25,15,17,14,19,20,18,23,29,39,17,,,,,46,22,23,20,,31,18,,17,16,13,26,30,9,25,7,32,34,34,42,41,52,,40,43,16,28,25,17,19,13,15,,21,8,,17,,,6,16,16,,65,,1,,,8,15,33,20,28,22,17,18,19,,9,16,24,,39,33,,23,30,147,,108,91,13,24,293,,,22,26,25,34,,,28,56,32,,32,34,56,27,17,28,28,,22,,,24,13,13,7,113,99,264,314,4,,21,32,21,90,79,165,177,185,179,,,25,30,,8,,21,33,29,26,20,21,6,25,23,9,1,16,2,,32,21,15,16,8,1,17,,8,,19,5,35,,20,26,261,30,5,31,18,32,12,6,,,14,13,24,10,,25,14,29,26,,6,11,,,24,15,18,12,10,12,20,24,14,19,25,44,22,31,27,,9,1,,41,16,27,26,7,34,45,17,39,24,24,27,24,5,7,56,19,18,17,23,14,29,9,12,10,,14,18,66,,29,34,38,26,24,29,23,19,17,10,19,37,16,32,16,19,57,9,,,13,22,46,14,24,14,,,42,12,15,11,17,12,21,22,5,141,5,33,16,16,23,4,5,7,,22,38,34,36,35,23,186,20,14,18,18,18,22,18,20,16,7,40,28,39,41,33,15,20,16,10,7,12,12,16,27,32,22,21,30,17,19,20,23,19,14,44,20,12,14,26,13,33,26,46,,11,,7,25,2,7,19,4,10,9,6,10,1,3,12,6,12,13,5,,9,24,27,23,47,36,29,39,31,19,34,41,43,,24,40,15,22,22,17,22,12,27,,12,12,11,5,17,34,46,,12,62,23,15,14,28,14,43,,46,32,31,24,15,20,18,13,15,18,57,30,27,7,21,39,38,7,7,17,16,14,23,16,15,11,15,14,19,18,14,5,26,23,50,37,20,39,15,25,42,20,28,16,17,9,14,22,14,11,17,26,3,7,8,6,20,8,14,20,18,2,5,16,2,,7,7,8,,,11,12,21,39,13,36,37,19,24,30,25,37,38,30,22,10,19,14,16,17,15,15,48,17,24,12,,,24,19,17,18,42,,40,28,20,19,10,26,19,13,31,33,41,71,53,41,21,22,31,19,23,25,,20,22,25,16,32,18,33,26,37,14,23,23,,15,8,40,37,30,18,3,8,72,5,12,4,11,14,25,24,25,4,39,3,17,15,16,19,24,2,13,8,6,5,10,7,4,10,22,24,27,34,24,18,25,37,18,34,31,39,72,61,19,17,20,8,16,44,34,29,33,22,32,33,13,36,56,,16,15,6,12,15,28,34,30,9,12,25,18,3,27,22,42,40,26,5,20,27,19,25,,38,9,23,170,38,26,4,37,4,10,4,11,10,50,25,11,19,26,22,14,19,15,12,5,7,13,9,12,36,34,20,20,9,46,28,54,31,9,14,11,21,4,29,17,17,17,14,50
20230729,22,PM10_24h,36,27,35,35,20,34,33,30,27,29,29,31,,,10,,9,16,11,,8,,7,6,,6,9,,34,44,28,27,32,32,21,,23,22,,24,18,9,17,22,,23,,16,14,11,24,32,35,44,,31,27,,38,33,38,33,32,32,32,31,37,28,,40,9,14,16,22,21,,22,16,22,18,35,,30,40,49,40,37,41,,29,27,,,28,30,37,36,29,30,27,,26,19,27,27,21,,22,8,10,12,9,18,9,3,8,15,11,29,26,27,25,27,18,18,27,31,22,26,36,31,43,42,43,43,48,47,36,43,50,20,23,20,12,21,,18,21,20,22,11,11,14,10,10,12,19,10,11,27,,16,18,16,16,16,15,11,11,11,6,10,20,,,,21,22,,32,15,15,,,,18,,14,16,14,9,18,11,12,11,16,,,,17,12,,17,17,19,14,14,,16,13,16,17,16,16,21,16,,22,,17,20,,19,18,,15,14,14,,17,25,16,17,13,12,9,,,9,9,12,21,23,22,36,,16,,,15,,14,13,,19,23,22,20,17,21,,17,16,17,15,15,12,16,12,12,11,13,8,13,14,16,10,10,14,6,,6,10,9,11,,16,22,11,6,5,,7,7,19,,13,15,16,15,,19,18,17,17,15,,,25,19,22,28,20,18,8,8,8,8,11,11,12,11,15,14,15,16,16,18,15,12,,21,11,13,13,20,12,25,18,10,14,14,24,23,35,,38,41,29,43,36,43,28,28,25,32,27,40,23,23,,19,29,27,27,24,19,24,20,28,29,38,28,,26,38,40,21,29,20,22,23,26,24,23,,,36,34,35,35,31,37,26,26,31,30,26,24,46,44,44,37,37,42,44,52,,30,32,32,28,23,,32,30,25,28,31,20,21,,,35,31,37,34,24,,24,25,30,27,,,30,18,23,21,22,14,26,29,27,22,27,,25,64,22,23,28,25,13,13,10,9,15,15,28,24,32,20,28,22,33,19,,52,,20,25,,37,,29,29,,,,,12,,,,26,29,89,87,79,94,83,,94,24,18,23,25,25,24,25,24,25,24,30,15,26,20,32,,37,34,35,32,50,44,40,36,53,,14,13,12,13,13,11,15,12,12,10,13,13,17,16,14,15,16,,,8,,20,11,9,15,16,,12,13,,,14,14,18,13,,11,12,9,,17,23,17,17,14,12,13,11,11,12,,,,14,,,20,,20,13,8,15,19,21,25,9,8,14,,12,,,31,,28,35,33,14,14,18,16,15,,42,35,36,32,45,28,38,37,32,38,19,21,23,17,19,42,14,26,27,28,,28,32,33,,18,18,,23,21,22,21,24,,35,19,,,16,16,,32,,42,36,41,45,14,15,,12,14,,56,62,,67,,27,36,42,,36,36,22,27,21,,15,13,18,23,17,15,19,34,24,17,23,16,26,14,20,27,13,13,23,18,18,16,23,26,13,14,17,19,16,12,24,16,29,,14,10,8,13,11,18,27,18,20,29,21,15,15,24,,15,20,19,,6,14,12,12,10,,13,13,5,,13,,17,8,14,13,13,11,10,,,,14,,14,,16,,8,,10,8,21,29,58,,31,,22,17,18,20,15,18,,16,13,16,11,13,13,,18,,,9,21,17,23,19,32,35,31,28,15,30,17,25,40,48,53,51,54,43,17,18,15,16,22,21,24,27,27,33,24,,32,19,26,29,14,21,18,15,,,,,14,28,,17,18,24,23,19,24,22,20,21,20,24,13,28,22,,31,33,,24,23,34,,26,29,,30,9,12,16,15,14,17,10,14,55,43,41,52,,90,65,173,17,27,23,22,11,11,,54,13,48,48,58,,,25,,,,,22,,,,,,,,,,,,,,,,13,,,,,,,,,,,,,,,,,,,,,,,,,,,,,,,,,,,,,,20,12,14,16,18,11,15,13,10,,,14,25,35,23,20,,20,48,66,41,49,58,26,,31,37,58,,,48,56,,39,34,32,,28,,41,33,,,35,23,,,30,34,38,,,17,17,27,22,22,23,15,27,32,14,27,26,12,18,13,25,27,23,29,24,30,38,27,29,,26,23,13,,10,6,29,33,28,19,12,17,14,42,16,23,,,15,14,10,17,10,22,23,11,11,21,13,36,13,16,19,19,14,,,22,10,18,3,22,20,,10,19,18,,15,17,16,,13,15,10,18,13,15,15,,11,14,14,20,12,11,7,10,,10,20,11,15,17,8,,7,,6,,,,4,8,5,8,11,14,,9,,15,16,11,14,16,16,17,8,17,16,16,17,,11,12,12,21,17,17,16,10,,11,9,11,29,13,23,6,20,23,22,20,15,28,32,26,,11,18,21,30,21,,26,21,26,28,31,26,26,26,23,,23,27,29,21,20,37,17,17,20,17,17,,6,8,7,,13,10,16,10,,10,10,11,,11,10,14,7,6,,12,13,10,9,13,14,11,,14,11,9,24,30,,21,23,13,27,21,19,17,15,14,17,13,18,,20,19,20,,6,10,,18,12,9,9,,14,11,11,35,21,25,33,26,26,29,26,22,32,23,34,28,19,14,21,16,18,27,26,31,26,27,16,31,25,29,39,16,20,25,31,29,24,30,27,22,20,16,22,21,53,52,58,61,31,31,26,22,26,43,44,34,33,39,39,29,45,29,31,32,38,37,34,34,,56,34,34,17,16,,12,17,19,23,20,14,16,22,24,28,31,23,33,16,20,,,,24,29,,28,24,23,24,25,29,,20,19,20,,,,,18,16,16,18,17,24,,18,,13,14,21,16,18,26,18,11,17,21,10,,,,,23,18,13,11,29,15,18,,16,12,14,19,20,12,16,6,30,23,20,24,28,32,,24,36,27,29,20,11,15,11,24,,21,14,,14,8,,7,12,12,,41,,6,,6,8,17,26,23,23,26,22,23,29,13,24,24,16,,23,20,,13,18,54,,66,75,10,19,190,194,,14,11,21,22,,,24,25,36,,27,20,21,33,8,22,21,,19,,,24,11,7,6,199,171,130,136,21,,91,40,36,68,71,143,179,178,169,,,31,26,,26,,36,77,78,107,20,14,14,32,7,8,5,34,24,,31,21,17,18,9,9,14,,9,,13,12,30,23,23,25,176,28,11,34,23,27,12,13,,,36,9,20,9,,27,23,29,17,,10,9,,,20,16,20,18,15,15,20,22,15,16,17,40,24,29,54,,9,11,,38,19,19,18,71,35,24,16,32,30,23,13,14,7,8,46,11,39,14,14,15,18,14,15,8,10,11,12,32,,36,14,30,18,20,25,21,20,18,10,20,26,28,25,15,19,32,17,,16,9,14,24,12,16,15,,,28,22,17,10,17,6,16,25,12,51,8,34,15,39,11,13,10,10,,12,28,31,32,28,24,126,19,21,18,20,22,16,18,20,22,26,32,26,34,39,28,17,16,15,9,12,21,19,18,22,39,37,45,38,33,31,24,28,26,18,35,30,28,16,29,33,35,36,36,6,21,,9,13,8,12,15,6,10,10,10,9,19,12,14,12,14,17,13,15,6,16,18,22,31,26,20,30,33,13,25,20,31,,25,16,27,19,13,14,16,11,18,,11,16,12,12,18,25,23,,11,39,22,16,16,29,15,37,43,34,29,41,34,11,19,13,9,10,13,33,23,17,30,29,42,33,13,8,11,16,17,13,16,15,11,14,14,25,17,18,92,91,79,100,107,73,23,13,19,31,26,23,23,33,23,26,26,19,37,40,23,4,15,26,32,7,13,16,12,12,15,15,15,7,13,8,9,9,17,13,11,22,32,22,11,27,22,22,25,17,27,19,22,19,20,11,17,13,20,18,13,13,16,7,22,9,,17,13,15,13,14,27,5,20,15,29,12,15,15,14,13,21,24,33,35,43,24,10,16,34,27,21,20,,20,19,22,16,21,18,31,19,24,9,12,15,16,14,17,49,34,25,28,17,14,67,36,34,39,13,30,26,28,22,12,47,28,33,54,52,49,55,32,45,11,8,13,17,7,6,10,34,23,21,18,23,40,33,26,33,25,19,89,96,83,16,18,43,31,24,43,31,28,18,24,35,34,26,29,43,,15,21,11,17,16,23,25,19,11,10,12,15,19,16,20,32,23,22,17,12,35,15,17,,23,11,25,146,63,51,14,57,27,30,44,29,36,41,27,19,18,32,19,14,17,11,21,17,24,24,33,27,40,30,18,23,10,39,26,41,23,9,25,16,8,7,26,13,15,13,14,40
20230729,22,SO2,3,3,3,3,3,3,1,3,3,3,3,3,,,5,,2,4,5,,4,,4,4,,3,2,,2,3,3,3,2,1,6,,3,3,,2,4,4,1,5,,4,,2,3,1,8,4,6,9,,7,,,3,3,9,6,6,8,7,4,3,3,,3,4,6,1,3,2,,6,4,1,4,5,,3,4,2,5,2,4,,4,6,,,8,6,6,7,4,8,9,,6,5,10,8,8,,7,4,4,7,4,6,5,4,6,5,6,4,3,4,5,3,5,,4,3,2,7,5,6,,6,7,4,5,2,5,6,8,4,8,6,3,4,,2,6,7,5,4,4,3,7,3,6,4,6,7,6,,6,8,8,7,8,6,7,9,6,5,5,4,,,,6,8,,6,8,5,,,,5,,3,4,9,5,10,4,8,5,6,,,,7,4,,3,2,8,3,6,,7,6,8,5,7,8,5,3,,5,,9,6,,6,3,,5,5,7,,7,4,6,5,2,4,7,,,3,4,4,5,6,5,5,,4,,,2,,7,3,,4,2,3,6,4,4,,2,4,4,8,3,4,5,4,5,4,4,3,5,5,8,8,6,9,2,,4,3,3,3,1,3,2,8,5,7,,5,4,13,,9,5,6,5,,5,7,,6,6,,,4,6,6,6,4,5,1,3,3,2,3,1,3,2,2,6,7,7,5,6,5,5,,6,6,4,4,4,1,4,2,4,3,2,4,3,3,,4,4,8,8,6,6,6,9,3,5,5,4,4,7,,5,6,5,7,4,7,4,4,4,7,5,6,,4,5,4,5,6,6,10,5,6,3,5,,,8,7,6,4,5,4,6,4,6,10,3,8,4,4,6,5,5,6,5,2,,6,5,7,6,8,,5,6,4,7,6,5,5,,,6,8,5,4,5,,3,3,2,1,,,3,2,4,4,2,5,3,4,4,5,2,,5,9,9,7,7,7,7,13,8,11,9,10,8,5,3,6,6,7,2,5,,4,,4,6,,6,,,5,,,,,4,,,,6,9,4,8,16,4,4,,6,9,5,10,11,6,4,3,4,7,6,1,6,4,7,10,,20,6,12,6,6,8,16,11,8,,5,5,4,2,4,6,3,3,2,4,1,5,2,2,9,7,8,3,,4,,4,2,5,1,6,,7,2,,,6,1,4,12,,8,6,7,,8,10,7,9,7,8,3,6,3,12,,,,10,,,5,,4,7,7,8,5,8,6,3,5,4,,5,,,12,,9,8,10,4,4,8,3,7,,6,7,4,7,5,4,6,5,4,4,2,2,3,7,4,6,4,5,4,6,,5,3,6,,4,4,,8,6,5,4,4,,18,4,,,4,4,,4,,8,7,8,9,7,10,,5,8,,8,6,,7,,6,6,7,,8,6,12,14,15,,6,6,4,4,1,3,4,2,9,11,6,8,15,4,4,6,5,6,5,4,6,21,3,2,6,6,6,7,4,6,5,4,7,,6,5,4,4,2,4,5,6,3,4,2,4,6,2,,7,9,7,,4,11,6,9,7,,10,17,7,,3,,3,3,5,3,8,5,4,,,,1,,1,,6,,,,1,6,6,4,2,,5,,6,2,5,2,9,6,,4,6,8,5,8,2,,4,,,7,4,,3,6,4,5,8,4,4,4,2,4,8,4,5,6,6,5,1,2,3,7,7,6,4,10,10,7,5,,10,7,18,10,3,4,7,3,,,,,1,3,,1,2,51,10,8,27,6,6,6,2,1,5,6,6,,4,,,8,2,5,,6,4,,3,7,6,5,9,4,5,6,4,4,6,5,4,,7,53,2,18,11,8,6,9,3,,6,7,6,6,5,,,5,,,,,5,,,,,,,,,,,,,,,,5,,,,,,,,,,,,,,,,,,,,,,,,,,,,,,,,,,,,,,7,3,1,3,1,2,2,4,2,,,2,11,10,11,10,,7,6,6,18,5,6,6,,7,6,5,,,2,4,,8,7,3,,5,,14,12,,,6,13,,,45,4,12,,,3,2,8,10,10,5,6,6,3,6,12,6,5,5,6,6,7,2,5,6,9,5,2,4,,6,4,7,,7,5,7,7,4,4,4,2,8,5,6,5,,,6,9,7,,10,11,7,8,3,4,5,14,,2,2,4,1,,,7,4,3,1,6,4,,6,3,4,,6,4,7,,8,8,7,7,5,2,,,4,3,3,7,1,3,4,3,,4,6,6,7,8,6,,4,,5,,,,1,5,7,16,2,3,,3,,10,6,5,7,6,6,6,2,6,2,8,10,5,5,8,3,2,2,2,3,2,,8,3,4,5,11,5,25,14,16,16,8,6,7,7,6,,3,6,4,2,4,,2,5,4,6,11,8,7,13,2,,3,2,22,1,4,5,6,4,1,4,4,,2,4,6,,5,1,5,4,,4,3,3,,1,7,6,7,4,,6,6,4,8,9,6,3,,4,5,4,6,5,,4,5,8,5,5,5,6,6,6,7,4,5,,7,8,6,,7,6,,8,5,5,3,,6,3,6,9,11,6,10,4,9,6,9,8,23,17,19,14,4,4,2,2,4,3,4,21,16,28,12,8,9,11,9,12,4,5,5,6,3,7,6,11,5,5,6,5,5,6,7,5,4,7,5,6,4,8,5,8,6,9,6,36,15,16,14,9,9,5,8,6,,8,4,2,8,3,,6,7,6,3,7,6,5,7,7,3,3,3,1,3,10,,,,7,8,,9,5,6,7,7,7,,8,8,6,,,,,6,6,7,7,8,4,,4,,5,5,9,7,7,8,2,5,4,5,5,,,,,2,2,4,5,,3,1,,2,7,7,10,9,3,7,9,4,9,4,6,5,6,,7,12,4,4,6,8,5,7,13,,9,6,,7,,,6,7,5,,8,,7,,8,8,1,6,7,7,5,7,6,8,5,5,4,6,,21,6,,7,5,6,,6,4,10,4,4,,,5,5,7,7,,,12,6,4,,11,10,14,11,11,9,5,,6,,,6,5,4,6,5,3,3,4,5,,5,8,10,6,6,6,2,3,2,,,6,5,,5,,4,8,7,10,13,3,4,5,5,4,4,3,10,,5,2,7,1,5,2,2,,3,,6,9,3,4,6,8,5,7,6,6,5,8,5,3,,,1,5,5,6,,5,9,6,5,,6,5,,,3,3,6,4,8,6,3,4,4,5,5,6,6,6,7,,3,2,,5,3,8,5,4,12,7,3,7,6,4,6,4,2,5,7,3,12,4,2,2,6,4,8,6,,8,12,8,,2,4,8,2,3,5,2,4,4,4,3,7,4,4,7,3,1,3,9,3,5,7,12,8,5,4,,,3,4,8,8,9,7,6,4,4,6,3,5,6,9,6,2,4,3,,5,11,4,7,34,5,5,6,7,6,7,5,6,3,5,6,3,7,8,21,3,10,4,8,7,8,7,6,2,4,4,5,6,10,7,4,4,6,3,6,6,7,6,1,6,5,8,9,4,2,6,8,,6,10,5,4,8,2,3,4,5,3,2,1,8,4,2,7,3,3,8,10,6,6,8,6,9,7,2,10,11,12,2,,2,6,2,4,6,10,7,4,5,,1,4,4,3,6,14,10,,6,11,6,6,5,7,5,5,23,6,8,9,10,2,1,3,6,5,3,8,5,5,3,3,7,12,4,1,6,9,5,4,5,5,6,7,4,4,2,5,4,4,1,4,5,6,6,7,5,9,6,4,4,4,8,3,4,6,6,3,2,5,4,4,2,8,3,3,7,6,3,3,4,2,6,3,4,1,6,8,3,8,6,10,9,9,7,4,3,3,2,6,5,6,7,3,4,8,3,4,6,5,4,2,5,6,,4,6,4,2,6,4,8,9,5,3,4,1,3,8,3,9,14,3,9,3,4,5,3,5,2,3,2,,8,5,7,9,7,6,13,6,4,5,5,1,5,3,2,9,9,5,7,12,7,11,3,1,1,1,8,3,9,4,3,5,6,9,8,8,7,9,6,8,2,2,5,3,7,10,2,6,5,5,8,6,4,4,3,2,5,9,4,2,4,5,5,5,6,7,30,10,5,10,2,7,8,4,12,9,,7,3,5,3,6,12,1,3,5,8,5,6,3,2,7,2,4,7,5,3,6,2,4,,5,6,1,8,4,7,8,4,3,1,3,3,3,6,6,4,4,8,9,6,8,4,6,4,3,3,3,3,6,5,6,2,6,8,4,12,6,4,4,3,6,7,10,10,4,8,6,12
20230729,22,SO2_24h,3,3,3,3,3,3,1,3,3,3,3,3,,,5,,2,4,5,,4,,4,4,,3,2,,2,2,3,3,3,1,6,,2,3,,2,3,4,2,5,,4,,2,3,2,8,4,6,9,,6,2,,2,3,9,6,7,9,8,5,2,2,,4,4,6,2,3,2,,6,4,3,4,7,,3,7,6,7,5,4,,6,6,,,8,7,6,7,5,10,19,,6,8,14,11,10,,9,4,4,7,4,7,5,4,6,5,6,4,4,4,6,3,5,4,4,3,3,8,5,6,4,7,7,5,5,3,4,5,8,4,8,6,3,4,,2,6,6,5,4,3,3,6,9,6,4,6,7,5,,6,7,8,6,8,6,7,8,5,4,5,4,,,,6,8,,6,7,4,,,,6,,3,5,8,5,10,4,8,5,6,,,,6,5,,3,3,6,5,6,,7,5,7,5,6,7,5,3,,5,,7,5,,6,4,,4,5,6,,6,4,6,5,2,4,7,,,3,4,4,5,6,5,4,,4,,,2,,7,3,,4,2,3,5,4,4,,2,3,4,6,3,4,4,3,5,4,4,3,5,5,8,8,7,8,2,,4,2,3,3,1,3,2,7,5,7,,5,4,11,,7,5,6,5,,4,7,5,6,6,,,5,7,8,6,5,5,1,1,3,2,2,1,3,2,3,6,8,7,5,6,5,5,,6,6,3,4,4,1,4,2,4,3,2,5,4,4,,5,5,9,6,6,6,5,8,4,5,6,4,4,7,,5,6,5,7,4,7,5,4,6,10,5,6,,6,5,8,5,6,7,11,5,6,3,5,,,9,7,7,4,5,5,6,4,9,15,7,10,5,6,7,5,5,8,6,7,,7,5,8,7,8,,5,5,4,7,6,5,6,,,6,9,5,4,8,,3,3,2,2,,,4,8,5,6,3,6,4,6,6,6,4,,10,8,8,4,7,7,7,13,8,11,10,10,7,5,3,6,6,6,2,5,,4,,4,7,,8,,5,7,,,,,5,,,,12,12,5,6,15,4,4,,6,10,3,10,13,6,4,4,4,6,6,1,6,4,7,17,,16,12,14,8,7,11,9,7,8,,5,5,4,2,4,6,3,3,2,5,1,5,2,2,8,7,8,2,,4,,4,2,4,1,6,,6,2,,,3,1,2,12,,9,7,6,,10,9,8,9,6,7,3,4,5,9,,,,11,,,5,,4,8,7,8,5,8,6,4,4,4,,8,,,17,,13,13,12,4,4,8,4,7,,13,10,6,9,8,4,7,7,4,10,1,4,2,8,4,6,4,5,4,6,,6,6,8,,4,4,,7,6,3,6,5,,12,4,,,4,5,,4,,8,9,10,10,7,10,,8,8,,9,8,,8,,8,6,8,,8,6,12,15,16,,7,6,5,5,3,4,4,4,6,7,6,5,7,4,3,6,5,6,6,10,7,12,3,3,6,5,6,6,4,6,5,3,7,,6,5,4,4,2,4,5,5,3,4,2,4,5,2,,6,8,6,,4,10,7,9,8,,10,11,7,,3,,3,4,5,3,8,5,4,,,,1,,2,,6,,3,,2,6,4,3,3,,6,,5,2,4,2,8,5,,7,7,8,6,7,2,,4,,,8,4,6,3,6,6,10,13,5,4,3,2,4,17,14,9,16,15,10,2,2,3,6,7,6,7,9,9,8,5,,15,7,18,8,4,5,7,3,,,,,1,2,,1,2,10,11,11,6,6,5,7,2,2,5,6,5,,4,3,,8,2,6,,6,4,,5,7,5,5,9,4,5,5,5,5,7,5,4,,19,16,4,18,26,8,10,9,3,,7,7,6,5,6,,,5,,,,,3,,,,,,,,,,,,,,,,5,,,,,,,,,,,,,,,,,,,,,,,,,,,,,,,,,,,,,,7,2,1,3,1,2,2,3,1,,,2,10,11,9,8,,8,7,9,7,5,7,9,,7,6,6,,,4,4,,14,12,3,,7,,16,20,,,5,5,,,8,4,14,,,3,3,8,10,10,5,6,3,3,6,8,4,3,6,10,8,10,5,6,11,9,5,2,4,,8,8,6,,7,5,7,6,4,3,6,3,8,6,8,5,,,6,9,7,9,10,13,6,9,4,5,6,13,6,3,3,4,1,,,9,8,4,2,5,3,,6,7,5,,6,5,6,,5,8,6,7,5,2,4,,4,4,5,8,3,4,4,4,,5,5,6,7,9,7,,5,,6,,,,2,6,8,9,3,3,,3,,9,7,5,7,6,7,6,2,9,3,7,10,5,4,7,3,2,3,3,4,2,,8,3,4,6,14,6,28,16,16,17,13,10,8,10,7,,3,5,4,4,4,,1,5,6,6,8,7,8,13,2,,3,3,7,2,4,4,5,4,3,8,8,,3,3,6,,6,2,5,4,,4,3,4,,1,8,6,7,4,,6,6,4,8,9,5,3,,4,6,4,6,5,,5,7,8,4,5,5,6,6,6,7,4,4,,7,8,5,,6,7,,10,5,5,2,,6,4,6,9,10,7,18,7,10,10,8,4,9,7,8,8,4,5,3,3,5,6,5,6,3,7,8,8,11,13,11,10,5,8,8,10,2,14,11,9,6,5,6,5,8,6,7,6,8,7,5,8,6,10,6,6,7,8,7,18,30,9,10,11,10,6,14,10,,16,4,3,7,3,,6,7,6,4,6,6,4,6,7,3,3,3,3,3,10,,,,7,8,,9,7,10,12,11,11,,7,8,6,,,,,5,6,6,6,7,2,,4,,4,6,10,12,9,13,3,5,8,5,5,,,,,4,2,4,4,24,5,2,,4,8,7,8,10,2,8,8,5,9,4,6,13,34,,9,15,6,5,7,9,5,8,15,,9,6,,7,7,,6,7,4,,8,,7,,8,8,1,6,10,8,5,8,7,8,5,5,5,8,,87,32,,6,5,7,,7,5,7,4,5,5,,5,5,7,7,,,9,5,4,,11,10,14,10,11,9,5,,5,,,6,5,4,6,6,4,4,5,5,,7,8,10,6,6,7,3,3,2,,,7,6,,5,,4,9,9,9,19,2,4,5,5,5,4,3,10,,6,2,8,2,5,2,2,,3,,6,9,3,4,7,8,11,8,5,5,6,9,5,3,,,2,4,5,6,,9,16,6,7,,5,4,,,2,3,6,4,8,6,2,4,5,5,5,6,6,8,9,,4,2,,6,4,9,6,4,16,5,6,14,3,3,5,3,2,4,17,3,22,4,2,2,6,4,8,5,9,7,9,6,,2,4,9,2,3,6,3,5,5,4,4,7,4,4,8,3,1,4,25,3,5,6,8,8,5,4,,,4,4,6,6,8,6,6,4,4,6,3,11,7,15,6,2,4,3,,5,9,6,13,37,5,7,6,7,6,7,5,7,2,5,6,3,6,8,19,12,11,2,7,7,7,7,6,2,4,4,6,6,9,7,4,6,6,3,6,6,7,13,2,6,6,8,6,8,2,6,8,,6,9,5,4,9,2,3,2,4,3,2,2,8,4,2,8,3,7,8,10,5,8,8,7,8,9,7,8,11,12,2,,3,6,6,4,6,10,8,4,5,,1,4,4,4,9,10,10,,6,7,5,7,7,7,5,5,12,26,8,10,7,2,1,4,5,4,4,5,6,4,4,3,17,14,4,2,5,7,4,4,5,5,6,6,3,5,2,7,4,5,2,6,6,10,5,8,5,8,6,4,5,5,9,3,5,7,7,2,2,5,4,5,5,8,4,3,6,6,3,3,4,2,6,3,3,2,9,8,4,18,6,11,7,9,8,5,3,3,2,6,5,5,8,3,4,9,3,4,7,6,5,2,6,7,,4,3,4,4,8,5,7,10,6,3,4,1,2,7,3,18,5,15,10,3,6,5,4,5,2,3,3,,8,5,7,8,7,6,9,6,5,5,4,2,6,4,2,12,9,6,7,12,6,9,2,2,1,3,3,3,3,4,6,5,7,9,4,8,7,10,7,9,2,3,5,3,8,9,2,7,7,5,8,7,5,4,3,3,6,9,5,4,5,4,7,7,7,6,25,10,6,10,3,7,8,7,18,14,,6,3,4,2,6,6,2,4,6,8,5,6,2,3,7,3,4,6,6,3,6,3,4,,5,6,2,8,6,7,8,5,3,2,3,3,3,8,8,4,4,16,10,8,5,4,4,2,3,3,3,3,7,6,5,3,7,6,5,11,6,4,5,5,6,7,10,12,4,7,5,11
20230729,22,NO2,8,3,7,10,20,11,14,2,16,10,15,16,,,28,,22,15,30,,24,,31,5,,2,11,,2,5,5,1,6,6,8,,25,23,,24,29,13,42,34,,34,,2,2,6,5,6,4,6,,8,12,,15,10,14,36,12,21,9,8,13,18,,10,3,8,4,3,7,,1,2,4,6,14,,5,20,16,23,14,21,,20,21,,,16,18,24,28,18,34,32,,21,17,21,27,21,,11,11,12,4,4,4,7,13,5,14,7,18,13,14,16,15,8,,15,16,19,7,9,12,,11,18,10,12,14,13,9,11,11,16,13,10,12,,11,13,15,17,7,10,7,5,10,9,14,9,6,14,,4,3,9,6,5,8,18,20,16,17,17,5,,,,4,7,,6,3,6,,,,15,,12,14,10,12,17,9,12,9,12,,,,6,13,,15,13,15,12,10,,10,13,17,13,14,12,3,5,,6,,12,12,,10,17,,20,22,16,,25,21,10,30,5,8,7,,,2,8,8,18,17,9,9,,8,,,16,,3,10,,4,4,9,16,8,8,,13,9,13,22,18,7,5,5,13,22,6,7,8,16,17,6,5,9,2,,11,10,13,8,8,16,12,17,25,45,,16,17,7,,16,14,24,18,,16,21,16,12,2,,,7,9,3,5,6,9,12,6,9,10,5,7,6,8,13,9,14,13,7,9,18,11,,20,12,28,14,29,40,15,29,12,19,14,5,19,12,,20,29,19,37,19,39,15,31,5,14,11,24,33,9,,7,7,6,27,10,7,10,2,17,17,21,12,,18,22,33,10,12,8,8,10,11,12,8,,,30,26,33,11,9,6,10,15,19,19,16,17,10,8,14,8,10,15,15,43,,11,20,9,10,8,,28,86,69,11,47,38,12,,,68,49,93,27,43,,10,9,21,16,,,19,3,19,28,19,20,15,26,14,20,24,,17,12,37,42,49,65,18,13,27,19,14,16,51,20,44,34,31,23,38,13,,17,,58,27,,21,,,24,,,,,5,,,,28,28,41,74,29,42,42,,6,28,21,25,24,27,7,31,13,10,9,2,6,45,8,32,,25,52,22,16,34,28,25,24,26,,27,11,13,8,2,8,3,9,14,7,1,7,2,9,22,21,18,9,,5,,7,5,5,3,2,,3,6,,,3,2,3,15,,3,7,6,,11,13,11,9,8,1,,2,2,,,,,4,,,6,,3,4,4,3,11,2,1,7,12,5,,1,,,10,,8,6,7,8,7,15,9,7,,25,19,28,17,16,7,4,8,6,10,9,24,20,5,6,6,6,9,6,2,,2,8,7,,6,6,,15,11,22,16,6,,16,10,,,2,6,,16,,19,16,10,20,3,8,,6,2,,22,22,,19,,16,15,13,,11,7,16,13,10,,5,7,7,7,8,5,2,16,18,16,18,14,26,10,17,16,8,14,11,8,5,10,11,12,9,11,13,11,10,2,19,16,17,,12,6,6,5,7,6,10,19,10,24,25,14,16,14,,8,11,16,,7,9,15,7,2,,25,17,1,,14,,14,14,12,9,3,2,2,,,,5,,5,,15,,,,13,10,16,26,25,,12,,14,13,15,13,16,27,,11,20,13,7,13,14,,16,,,4,11,,23,10,7,10,15,9,9,2,4,4,16,13,16,14,13,26,4,3,10,42,34,54,23,20,22,16,26,,12,14,32,24,26,10,15,12,,,,,5,18,,13,5,23,19,16,22,15,26,15,16,8,24,28,23,,23,,,12,7,18,,25,34,,43,6,9,34,27,19,34,26,23,35,55,45,22,,11,18,11,42,20,23,19,12,20,,7,6,19,12,5,,,24,,,,,6,,,,,,,,,,,,,,,,5,,,,,,,,,,,,,,,,,,,,,,,,,,,,,,,,,,,,,,10,7,4,23,12,6,6,6,2,,,4,17,19,22,19,,13,17,7,20,11,22,16,,16,22,17,,,14,27,,14,27,52,,12,,21,16,,,13,44,,,16,9,18,,,29,18,3,11,10,4,5,13,13,11,10,12,12,12,10,8,21,15,15,16,8,6,13,19,,13,7,7,,1,1,7,13,10,7,10,21,13,23,13,10,,,5,11,9,,7,12,6,9,16,6,7,1,3,6,4,5,2,,,4,20,14,2,9,9,,6,2,2,,4,4,4,,12,5,16,9,5,6,,,3,4,6,8,8,7,17,33,,20,13,9,5,14,10,,6,,8,,,,2,3,2,9,4,6,,6,,11,23,12,16,12,23,13,13,16,16,20,12,,6,16,6,13,16,14,9,8,,21,4,14,17,24,10,3,18,37,18,15,7,9,10,6,,3,14,16,15,10,,9,7,18,20,19,25,22,19,20,,13,16,16,10,3,4,2,4,4,4,1,,13,11,5,,8,1,8,6,,5,4,11,,7,1,2,3,2,,11,4,8,8,4,6,5,,7,4,6,7,5,,17,11,5,9,5,3,14,17,22,23,12,9,,16,11,16,,8,9,,9,4,7,9,,9,5,12,15,25,18,10,18,12,12,9,8,13,17,11,12,5,9,6,5,16,44,26,18,27,,6,28,16,16,20,2,18,22,11,43,4,13,8,25,6,4,11,16,11,12,8,10,22,15,14,14,12,18,32,17,15,12,11,13,11,16,12,21,17,12,9,14,,13,7,8,7,28,,10,18,26,43,40,18,19,17,13,11,15,17,13,4,17,,,,23,26,,27,19,45,43,50,26,,20,16,19,,,,,12,17,26,55,33,38,,18,,48,8,23,5,19,10,6,33,18,48,10,,,,,23,13,18,20,,41,39,,10,5,4,20,11,16,18,21,17,18,14,12,27,32,,21,22,7,10,13,14,27,14,9,,11,12,,10,,,4,9,34,,22,,4,,4,4,11,11,12,11,11,12,9,13,2,6,8,20,,8,8,,7,7,7,,14,12,18,32,18,,,6,6,21,24,,,35,37,11,,16,10,38,11,19,3,11,,7,,,13,21,4,7,14,9,8,7,8,,24,6,14,13,6,2,10,16,13,,,28,14,,9,,7,7,8,11,22,27,5,18,10,12,12,2,14,,62,5,14,14,6,12,16,,7,,4,6,24,24,21,12,7,6,4,21,18,14,9,5,,,12,5,8,16,,26,26,16,11,,12,12,,,13,12,17,3,8,6,4,7,6,11,10,60,16,8,19,,34,6,,18,7,13,13,5,11,27,2,23,25,23,15,10,34,2,103,3,12,3,15,8,32,8,9,20,,13,14,26,,,17,75,10,9,24,6,15,5,3,4,20,2,19,6,14,18,16,11,6,19,2,37,12,24,24,,,13,8,8,8,10,4,18,16,7,9,11,4,12,19,9,6,10,9,,5,21,25,11,20,10,14,16,14,11,12,10,8,15,12,7,6,20,18,17,21,18,12,6,5,13,5,4,15,15,11,34,28,29,22,14,16,9,15,19,3,9,12,5,6,2,8,25,16,6,4,14,,7,13,8,4,10,4,4,12,13,15,6,10,6,10,3,3,6,6,10,24,12,12,27,24,21,35,54,17,38,18,13,,10,24,9,3,22,11,4,5,3,,2,5,7,10,39,23,15,,14,22,13,30,12,10,3,15,18,18,14,12,9,7,4,11,4,4,4,23,26,2,9,10,23,18,2,10,12,14,12,9,15,5,9,2,13,2,10,4,9,42,20,58,10,10,30,8,6,8,14,12,16,4,7,6,3,2,8,4,29,6,5,10,17,26,5,12,15,21,7,7,9,3,6,8,4,8,19,7,3,6,16,19,6,38,28,12,5,14,13,40,37,23,7,4,6,6,8,5,10,2,15,7,2,9,,6,5,5,3,14,55,15,17,9,24,10,14,13,17,8,12,18,13,21,11,27,13,16,8,25,8,10,,11,8,21,7,18,15,30,25,23,12,19,10,29,8,4,11,21,12,8,13,2,70,3,6,5,21,19,27,35,3,2,4,9,16,13,10,4,4,14,12,8,11,20,17,14,9,11,11,24,5,27,2,16,13,26,36,13,8,26,15,15,26,21,17,14,18,23,8,26,10,16,34,30,14,21,101,,6,6,28,12,7,11,24,7,7,14,10,2,10,12,15,18,36,21,13,7,24,5,10,,19,6,4,8,14,18,2,16,13,12,10,11,12,19,9,7,17,22,12,5,3,8,32,28,7,9,11,5,22,17,6,2,6,10,10,14,10,6,8,3,15,5,19,2,5,3,24,19
20230729,22,NO2_24h,26,5,20,26,30,28,29,15,13,13,36,16,,,13,,16,16,18,,16,,22,7,,7,14,,10,12,14,7,12,13,12,,12,16,,16,13,11,20,27,,24,,4,2,8,10,12,11,12,,15,8,,14,14,10,24,18,19,21,9,16,19,,14,16,14,17,6,10,,5,6,8,12,22,,6,24,20,23,16,25,,20,24,,,21,24,26,21,16,25,18,,16,12,14,17,15,,10,13,13,8,8,9,10,14,9,14,11,16,11,9,10,11,6,2,11,11,10,8,9,8,7,11,15,15,14,14,6,9,12,9,11,8,9,3,,9,13,8,13,4,9,4,3,5,5,11,6,4,5,,2,2,5,2,2,4,11,12,8,10,9,4,,,,6,7,,7,4,7,,,,12,,8,12,5,8,12,8,8,7,11,,,,3,6,,14,11,11,9,7,,6,7,9,6,6,6,2,3,,4,,6,8,,13,11,,13,13,14,,13,9,15,14,5,9,7,,,2,8,6,13,9,5,10,,10,,,10,,2,9,,4,5,8,8,4,5,,12,13,11,12,11,8,5,5,11,12,5,7,7,11,7,10,5,9,2,,8,9,7,6,9,8,8,12,14,15,,8,10,6,,13,19,27,22,,21,27,24,24,2,,,6,8,8,8,7,8,12,6,10,12,7,7,7,9,13,15,19,16,16,15,19,18,,17,13,12,7,17,14,13,13,8,12,10,3,38,19,,28,29,23,27,30,25,23,18,13,14,14,18,17,20,,9,7,12,25,12,11,8,4,13,17,21,15,,11,25,24,10,9,7,6,9,10,11,8,,,21,19,23,17,13,12,12,17,22,22,19,22,20,18,32,18,17,18,27,30,,16,18,16,15,6,,22,38,20,12,31,16,13,,,35,29,32,18,26,,10,25,30,19,,,20,5,12,22,13,13,11,19,17,16,14,,14,12,14,19,15,20,8,15,17,10,14,12,23,13,24,13,16,14,12,8,,20,,19,20,,24,,21,28,,,,,10,,,,16,21,19,25,32,25,14,,14,12,10,13,16,10,8,16,10,8,11,4,5,16,6,28,,21,30,22,22,24,19,19,20,30,,12,10,11,6,4,8,6,10,14,7,2,9,3,10,8,10,7,9,,9,,6,2,4,3,5,,6,11,,,6,7,6,18,,12,12,9,,13,10,8,9,7,2,2,2,2,9,,,,5,,,8,,5,5,3,4,12,2,3,6,7,8,,4,,,12,,7,10,12,10,11,11,12,7,,17,17,18,14,17,12,9,10,10,13,12,14,15,5,6,5,12,11,11,10,,10,11,9,,8,9,,10,7,14,8,7,,17,10,,,3,11,,22,,23,21,18,27,7,10,,5,4,,20,22,,22,,14,14,13,,13,9,20,16,10,,7,8,9,12,12,8,3,18,17,11,17,7,17,9,16,23,9,9,11,10,5,9,12,13,7,8,9,7,7,3,10,11,12,,9,8,9,7,8,9,8,16,8,11,9,11,10,8,,5,8,10,,4,10,13,10,4,,17,12,2,,8,,9,11,12,10,4,2,3,,,,5,,7,,10,,2,,10,7,9,15,18,,8,,19,20,13,13,9,14,,8,15,8,11,10,4,,7,,,3,7,8,11,5,7,13,14,13,7,3,5,5,10,17,18,16,15,14,7,7,6,12,13,14,17,18,16,19,15,,17,15,27,32,16,12,5,7,,,,,4,10,,8,4,13,11,13,14,11,14,9,15,14,11,16,11,,12,16,,9,6,16,,14,16,,19,4,7,18,14,12,12,9,10,15,19,16,13,,15,16,15,11,10,13,12,4,6,,7,3,15,11,5,,,24,,,,,6,,,,,,,,,,,,,,,,5,,,,,,,,,,,,,,,,,,,,,,,,,,,,,,,,,,,,,,9,6,6,10,6,5,4,5,2,,,5,18,19,19,15,,16,20,18,20,16,25,16,,15,19,16,,,16,20,,22,27,24,,19,,11,14,,,13,12,,,10,7,19,,,12,9,5,8,13,6,5,12,11,10,7,7,7,8,9,14,16,19,17,19,8,8,13,13,,14,15,6,,4,3,8,11,7,6,10,8,12,17,10,12,,,5,13,11,15,7,10,6,9,12,12,11,1,6,8,7,10,4,,,10,16,11,2,10,8,,4,6,6,,5,7,8,,8,7,9,8,5,6,4,,7,7,8,13,8,7,10,10,,10,5,4,4,11,8,,8,,10,,,,2,5,4,7,4,5,,5,,14,16,13,8,4,8,5,6,13,15,13,9,,4,9,4,8,11,9,6,7,,10,4,8,11,12,8,4,8,12,9,10,6,9,11,8,,3,5,5,7,7,,8,5,10,11,10,8,10,13,31,,10,14,9,3,4,3,3,6,7,8,4,,13,10,8,,9,5,10,7,,6,4,8,,6,4,3,5,4,,8,3,6,4,7,9,6,,7,3,6,10,7,,14,15,5,5,4,4,12,11,11,11,8,5,,8,9,10,,4,5,,6,4,5,6,,3,5,6,11,13,8,9,11,10,12,9,6,7,9,9,8,4,6,6,3,4,36,11,16,14,19,6,12,12,10,13,2,10,7,6,11,4,15,10,10,5,4,8,10,28,12,20,21,20,12,12,12,11,23,18,13,12,11,9,10,15,14,13,16,13,9,13,15,,12,7,9,7,10,,6,6,13,15,16,11,12,12,15,12,15,17,14,5,25,,,,11,13,,13,16,22,22,27,20,,10,8,8,,,,,10,6,8,12,10,16,,9,,16,6,13,9,12,13,5,13,14,17,8,,,,,13,7,6,7,14,16,17,,5,8,6,12,12,8,15,17,14,12,11,11,20,20,,10,11,10,11,12,11,10,9,10,,10,10,,8,10,,7,8,13,,8,,8,,3,4,10,13,13,10,17,12,11,12,2,7,4,11,,12,12,,10,10,15,,8,9,19,18,15,18,,6,4,13,22,,,18,14,29,,11,9,12,11,7,4,16,,8,,,12,9,5,6,21,19,17,20,8,,14,9,10,8,6,10,12,14,11,,,18,13,,15,,8,8,8,11,21,7,7,19,7,14,11,9,14,,29,7,12,12,7,10,11,,10,,4,10,20,14,19,21,14,10,5,13,15,10,6,9,,,18,3,10,12,,21,16,17,5,,6,9,,,11,8,11,2,9,7,4,6,6,9,7,32,15,11,24,,15,6,,19,11,10,9,5,22,12,3,10,13,20,7,6,16,4,38,3,16,6,5,11,21,11,7,10,9,8,9,11,,4,13,35,6,8,22,3,6,5,4,5,21,6,12,13,12,14,11,18,6,10,2,22,11,13,15,,,16,7,9,13,6,4,7,12,11,13,8,8,10,24,7,6,8,5,,5,22,18,12,18,13,20,8,9,8,8,10,5,7,10,7,10,23,20,11,22,16,9,5,2,8,4,2,11,9,10,26,36,28,22,21,16,12,19,26,7,10,16,11,8,16,15,18,11,4,15,15,,13,8,10,5,9,3,3,5,13,10,6,6,6,8,5,8,12,8,15,13,12,7,15,14,13,20,23,10,21,15,16,,12,12,14,4,21,10,5,4,4,,2,7,10,13,15,20,13,,12,26,9,12,6,8,3,13,9,12,10,14,14,5,6,14,6,5,5,12,12,2,10,7,45,25,3,6,10,7,6,11,11,3,6,2,6,2,6,2,6,21,9,25,12,7,20,7,7,7,17,9,12,9,8,12,11,6,11,12,15,9,13,11,19,16,3,8,10,9,9,10,7,4,6,9,8,7,13,8,5,12,9,13,4,17,15,11,11,18,12,17,14,8,11,12,4,7,8,8,11,3,13,6,3,11,,11,8,8,4,11,23,8,12,4,17,6,13,7,7,5,13,13,12,13,8,11,4,7,13,13,4,6,,8,4,19,4,10,15,21,19,15,11,9,13,6,7,4,24,14,12,10,16,2,37,11,14,16,10,16,19,18,9,3,8,14,18,22,16,20,17,20,22,9,5,17,12,11,9,5,18,15,8,12,5,12,12,16,13,14,2,16,9,8,11,14,19,12,20,12,6,26,8,17,20,24,14,25,32,,4,4,7,8,12,10,7,7,8,20,13,6,12,8,11,15,14,19,12,7,17,14,15,,12,6,3,9,17,20,3,16,10,16,13,9,24,23,9,10,23,23,19,8,3,8,19,13,9,6,16,15,27,23,6,2,7,10,16,13,9,7,11,7,5,7,15,5,4,6,14,17
20230729,22,O3,23,9,27,27,28,35,40,29,31,32,33,27,,,14,,16,27,17,,12,,13,39,,38,43,,48,50,51,44,49,48,53,,22,22,,20,13,44,15,26,,27,,38,42,39,21,39,39,42,,45,62,,60,64,68,12,34,26,41,7,34,28,,34,36,33,34,36,38,,44,48,47,47,62,,46,53,50,46,51,28,,91,116,,,120,117,93,92,19,8,6,,14,17,16,14,20,,35,45,43,38,41,52,46,38,36,34,31,44,46,48,48,48,56,,41,40,44,84,63,110,,72,70,80,81,72,58,72,75,,18,16,24,17,,24,20,12,16,37,43,46,40,41,40,34,43,38,20,,24,26,25,25,20,21,16,13,17,12,17,32,,,,69,72,,76,76,78,,,,23,,27,28,16,29,22,24,23,27,27,,,,34,27,,28,28,33,25,24,,24,30,22,30,24,30,28,32,,35,,46,46,,32,25,,21,8,31,,15,18,40,15,,19,26,,,26,22,19,30,33,40,28,,40,,,33,,30,28,,42,37,35,13,20,18,,46,48,44,36,36,52,53,54,36,22,42,47,37,34,24,41,45,42,,,38,44,39,41,,16,28,23,30,4,,27,24,42,,27,22,11,16,,8,18,,33,25,,,30,34,29,43,39,29,48,48,51,53,46,44,48,41,48,59,47,54,56,57,36,56,,39,45,56,80,52,37,70,56,73,68,92,39,55,62,,49,40,59,24,61,43,57,39,45,49,41,42,35,60,,57,52,62,36,62,54,54,55,46,54,45,43,,84,64,49,54,52,45,39,53,57,62,64,,,47,45,44,61,64,79,58,54,69,68,63,68,69,71,71,71,81,67,61,22,,49,41,50,48,113,,46,84,15,107,55,74,88,,,96,49,37,70,39,,106,109,105,84,,,107,171,26,62,49,49,61,57,68,67,19,,66,117,43,58,52,27,90,91,80,87,93,90,33,42,,36,26,79,28,55,,65,,4,29,,112,,,106,,,,,102,,,,91,88,69,43,77,69,56,,98,63,93,61,,56,77,37,62,68,77,58,19,25,33,121,,119,86,131,107,101,119,108,101,105,,15,18,25,20,26,21,20,26,27,36,32,34,37,27,31,,32,,,41,,26,37,35,28,39,,39,41,,,22,28,24,25,,47,27,28,,49,69,53,62,63,24,35,34,33,,,,,27,,,,,47,31,42,31,25,31,35,30,33,35,,25,,,88,,86,69,86,48,60,37,57,53,,63,71,62,77,72,88,106,89,96,84,61,23,,62,57,52,58,50,57,66,,67,110,,,50,52,,38,40,33,32,20,,42,55,,,56,54,,89,,90,96,98,91,55,52,,45,50,,54,57,,57,,40,42,49,,49,61,120,118,123,,28,23,27,22,23,26,92,20,15,19,14,16,9,28,8,7,20,15,14,21,30,22,20,25,42,39,32,40,38,51,36,41,38,,47,30,27,24,24,29,71,46,60,45,32,60,57,58,,54,53,49,,56,48,44,54,61,,34,33,75,,34,,40,39,47,46,52,38,46,,,,43,,44,,32,,,,35,,26,43,38,,53,,,76,,49,72,59,,46,39,40,39,50,35,,53,,,52,29,,7,25,58,63,59,86,36,78,74,63,101,127,126,123,125,84,75,78,86,58,78,40,56,56,57,64,47,,72,52,44,45,12,52,30,49,,,,,128,130,,133,77,,78,79,60,80,47,63,62,68,32,50,51,,54,,,41,78,60,,29,28,,14,43,31,50,36,44,,42,60,37,20,33,57,,,114,121,64,102,94,96,110,101,,114,108,102,99,113,,,14,,,,,,,,,,,,,,,,,,,,,41,,,,,,,,,,,,,,,,,,,,,,,,,,,,,,,,,,,,,,60,24,44,20,40,42,38,41,37,,,,43,39,35,37,,41,76,89,85,93,62,50,,46,45,72,,,59,55,,55,35,6,,60,,106,111,,,66,35,,,114,141,91,,,30,37,118,114,129,125,130,26,18,31,26,,19,14,25,23,20,31,27,23,42,51,45,37,,38,44,58,,27,25,15,13,68,65,64,54,5,6,4,27,,,33,70,73,,60,79,89,79,106,79,82,64,93,95,97,95,139,,,114,34,42,47,70,63,,28,60,58,,62,58,62,,38,42,35,38,24,58,,,48,56,49,49,41,42,30,12,,26,14,20,16,,61,,40,,40,,,,52,49,49,42,41,43,,26,,29,36,56,32,23,27,30,,36,41,29,,,31,18,25,,32,29,29,,,15,30,23,21,15,32,34,42,33,38,48,16,27,37,37,,34,18,11,18,23,,38,42,,41,36,32,32,30,17,,15,25,28,9,58,57,58,63,48,42,47,,42,35,41,,36,50,38,44,,46,42,42,,47,52,56,50,54,,44,52,46,47,54,50,49,,49,44,45,32,38,,33,43,41,19,26,26,55,53,38,44,47,30,,62,72,61,,45,53,,30,52,40,29,,37,45,22,32,18,65,72,68,80,80,80,47,80,70,76,80,53,60,61,61,46,40,24,67,47,44,62,62,57,59,63,50,21,36,50,5,39,65,60,46,78,10,14,23,88,,83,75,59,53,68,71,70,79,55,66,,73,53,57,63,75,74,50,48,31,59,62,,68,76,66,73,31,,49,53,52,48,36,75,74,75,82,73,67,75,74,11,85,,,,60,63,,43,28,9,14,7,47,,83,66,70,,,,,94,82,82,55,83,22,,46,,11,70,54,61,55,66,17,10,39,8,36,,,,,55,47,21,22,,14,15,,39,36,43,56,72,38,36,56,20,22,21,22,30,22,,20,27,54,59,22,17,39,46,25,,46,28,,61,26,,100,94,37,,48,,97,,37,36,55,72,55,41,100,94,102,98,81,73,62,21,,92,101,,78,88,115,,129,130,50,31,112,,,74,74,81,79,,,87,88,110,,113,106,56,76,51,134,99,,101,,,69,60,86,81,113,112,123,124,43,,80,123,107,95,86,110,100,100,99,,,116,92,,106,,102,115,111,84,61,16,50,47,34,28,133,48,55,,6,59,25,35,25,31,32,,42,,26,47,90,10,65,56,129,89,43,14,17,75,28,89,,,31,36,39,26,,95,98,100,29,,52,24,,,25,27,24,29,76,70,33,28,32,30,66,61,74,90,62,,8,46,,104,54,70,74,71,95,31,28,32,50,14,18,23,9,50,34,32,53,41,35,34,24,40,48,38,,52,52,60,,,40,44,,90,81,58,48,62,50,45,87,38,24,62,24,60,42,118,,26,25,53,57,28,33,,,126,67,33,55,50,92,72,20,37,116,38,,57,54,24,42,46,31,,62,120,106,137,125,78,119,17,20,19,22,24,22,21,18,22,32,86,127,114,88,121,31,76,25,,25,31,28,25,88,47,50,38,51,55,50,27,46,61,71,55,69,65,63,66,124,45,31,66,38,39,,30,61,48,65,62,46,27,25,43,33,46,37,42,40,46,82,86,74,67,32,90,69,30,36,48,91,20,29,32,68,106,,108,47,76,35,22,65,30,27,25,,39,41,38,56,20,49,,,18,89,38,28,30,71,75,66,,45,61,78,67,29,48,35,40,35,45,21,16,25,38,23,137,91,46,40,52,25,36,37,25,36,35,25,19,34,24,29,67,65,86,57,92,106,84,53,85,74,48,65,47,99,79,67,,65,121,54,15,44,40,36,46,32,61,30,57,31,36,39,55,48,,47,51,40,30,,45,57,54,17,30,17,18,44,127,103,92,14,54,74,21,30,29,29,43,41,35,47,,33,30,,,38,21,24,27,104,51,,77,78,47,32,33,39,27,38,47,55,58,57,66,55,28,36,45,40,43,38,,22,,64,70,51,28,59,54,65,43,32,43,17,32,41,101,83,89,59,27,50,35,66,48,58,20,37,23,11,45,41,51,37,27,,,34,33,28,24,60,39,31,27,43,43,35,50,67,72,59,24,52,49,64,31,83,114,94,93,97,32,44,54,43,37,111,85,30,47,56,34,44,47,113,29,,60,57,25,43,69,73,100,34,33,19,24,32,51,92,69,72,19,54,31,29,19,41,46,,36,27,31,103,67,59,47,66,23,22,20,34,24,91,20,,8,135,88,51,43,31,14,14,24,31,21,34,116,120,113,68,45,59,29,47,26,25,52,58,46,67,56,30,35,27,16,112
20230729,22,O3_24h,62,119,83,46,60,79,85,90,102,113,82,85,,,59,,65,72,60,,61,,45,56,,62,85,,124,108,101,122,117,120,137,,66,55,,51,60,68,46,56,,74,,85,98,91,88,84,89,98,,98,150,,147,150,154,108,123,116,122,117,101,78,,85,71,75,68,86,86,,95,103,94,104,118,,122,112,100,115,100,112,,147,152,,,154,149,146,147,55,63,58,,61,58,70,62,68,,73,48,51,38,41,52,46,44,39,44,36,90,96,95,96,101,88,52,80,85,99,130,105,110,59,106,112,110,110,107,101,107,112,37,34,35,40,28,,43,30,30,27,76,83,92,81,81,84,69,81,85,54,,60,63,62,60,56,56,33,34,37,28,36,46,,,,75,79,,87,90,92,,,,83,,65,61,53,68,60,59,61,63,68,,,,76,71,,87,84,81,75,70,,74,71,68,74,68,72,50,52,,51,,80,81,,66,63,,74,73,73,,78,67,72,68,44,44,42,,,52,42,48,61,64,62,52,,54,,,74,,61,58,,55,49,47,22,28,24,,87,81,74,81,77,79,80,76,63,49,63,60,60,60,55,63,63,65,,,68,68,70,69,,49,38,68,77,72,,72,73,73,,86,33,40,36,,48,42,35,50,27,,,40,44,40,49,43,36,64,67,65,73,60,49,69,61,90,89,74,92,95,96,66,90,,68,67,100,101,108,107,122,99,100,120,117,90,163,174,,157,200,135,212,168,180,170,190,91,98,90,97,79,96,,113,93,83,121,109,106,97,112,171,148,142,117,,130,187,192,111,122,109,128,124,133,132,142,,,146,134,125,103,109,114,103,126,144,140,158,139,155,160,160,129,122,188,120,160,,108,107,127,108,113,,128,160,118,159,225,167,149,,,165,142,173,144,152,,175,190,166,170,,,203,171,98,126,103,118,98,106,122,131,109,,98,124,104,97,103,106,130,127,120,127,113,121,111,78,73,100,74,118,114,103,,92,,98,86,,195,,110,194,,,,,137,,,,173,162,102,97,88,92,85,,108,118,143,115,120,120,132,113,125,125,130,110,102,111,77,179,,170,181,174,163,164,169,171,165,167,,46,43,42,71,53,54,59,52,46,60,57,51,60,51,67,65,70,,,43,,52,45,51,41,79,,73,71,,,62,66,63,42,,47,34,38,,67,76,70,71,65,27,37,35,33,24,,,,42,,,59,,56,44,50,44,33,36,42,33,38,35,,51,,,129,,137,154,137,140,156,121,151,148,,123,115,123,121,124,115,164,137,134,136,75,79,78,95,98,86,108,94,106,90,,103,213,197,,105,110,,103,105,106,103,96,,126,84,,,68,67,,120,,133,130,132,124,119,119,,119,116,,96,100,,92,,128,132,134,,128,131,148,145,154,,65,56,63,58,51,61,108,71,66,70,62,70,64,54,26,23,43,44,42,50,53,49,51,54,73,94,58,82,79,82,90,86,94,,97,99,88,84,84,83,113,103,105,98,102,73,76,73,,93,91,93,,92,75,81,84,69,,81,87,75,,87,,97,92,96,91,64,65,68,,,,52,,50,,102,,59,,64,63,60,96,97,,101,,117,115,111,120,86,86,,78,76,82,74,79,86,,110,,,103,79,77,74,68,110,117,106,111,85,135,105,110,163,151,173,160,156,178,76,79,126,119,133,124,129,117,120,114,119,,100,97,96,122,84,103,101,96,,,,,184,183,,196,91,104,122,106,95,118,87,98,104,112,94,126,114,,127,64,,98,102,137,,120,126,,119,83,119,110,108,101,117,112,112,124,154,148,140,,141,147,160,144,155,126,132,126,128,,131,121,129,123,135,,,43,,,,,46,,,,,,,,,,,,,,,,41,,,,,,,,,,,,,,,,,,,,,,,,,,,,,,,,,,,,,,117,76,63,68,76,62,61,62,59,,,,90,87,81,86,,86,127,150,135,137,135,139,,134,130,133,,,101,87,,102,98,123,,121,,139,146,,,135,91,,,180,180,158,,,88,87,144,153,142,138,142,82,76,114,94,197,56,56,60,56,71,69,64,66,101,110,101,76,,93,89,78,,42,40,32,40,100,98,123,112,38,41,39,94,,,110,93,88,81,87,92,91,85,110,95,103,102,100,98,99,95,143,,,122,100,100,116,100,93,,80,74,70,,74,72,70,,56,62,64,60,39,60,70,,48,56,54,49,51,47,54,55,,63,54,52,59,86,93,,60,,61,,,,52,50,49,43,62,63,,44,,50,52,62,80,79,77,73,,72,72,76,,,68,68,70,,82,77,75,,,56,73,56,53,53,57,85,101,107,96,105,47,54,58,60,,47,77,76,71,62,,91,93,104,107,87,90,92,91,68,,65,72,82,66,62,57,58,63,48,59,53,,61,58,59,,60,63,58,61,,64,61,60,,65,69,74,70,72,,68,74,71,72,64,58,60,,74,74,71,68,70,,83,66,63,73,78,86,101,103,92,89,109,80,,92,93,93,,72,75,,89,66,52,89,,66,65,63,90,79,111,123,132,135,123,126,93,106,106,96,101,95,107,106,106,107,102,115,113,114,110,123,126,121,124,122,93,104,118,100,95,78,116,111,110,123,60,96,99,171,167,182,163,137,137,144,151,146,134,171,169,151,155,132,140,144,146,148,120,118,89,113,123,,178,122,109,100,88,,96,108,123,126,113,129,126,122,123,109,122,132,128,20,159,,,,112,109,,105,125,133,137,132,114,,147,140,130,,,,,113,146,145,130,147,99,,117,,94,116,130,106,102,109,86,82,81,72,78,,,,,133,136,70,73,52,103,97,,82,65,66,93,102,75,75,78,85,80,57,59,89,86,,82,93,91,94,93,89,88,74,57,,66,60,,83,90,,110,104,104,,107,,97,,50,50,95,106,112,104,158,140,147,140,95,111,98,67,,165,166,,117,118,159,,152,153,89,93,161,157,,84,87,153,143,,,168,176,161,,157,154,130,119,97,141,129,,132,,,114,98,102,96,113,112,131,131,94,,101,133,127,135,138,120,120,122,119,,,147,118,,112,,109,126,128,95,98,56,111,178,68,59,174,112,137,,118,87,88,84,48,66,73,,58,,40,66,191,45,89,85,161,119,66,67,57,108,66,96,,,84,56,59,79,,172,179,162,82,,85,74,,,42,76,74,47,83,85,37,37,45,73,88,154,128,153,109,,63,64,,214,112,109,110,121,148,95,62,85,97,59,78,71,57,59,173,36,138,41,91,38,92,76,80,109,51,101,94,100,,152,67,197,67,144,147,103,108,107,71,51,144,65,75,108,88,125,106,147,69,55,39,97,78,96,98,,,243,78,96,77,83,93,89,86,61,159,65,51,74,99,59,50,69,47,,80,211,198,196,180,112,156,33,37,38,48,44,43,56,35,34,115,122,168,149,149,160,81,92,56,60,38,53,87,63,156,196,176,170,162,92,91,88,88,95,109,129,138,111,81,104,212,140,98,117,68,57,,72,82,71,71,94,66,47,46,113,106,62,105,65,94,92,105,106,94,81,99,108,106,92,95,96,150,147,94,118,118,182,,158,101,140,38,36,71,61,33,39,,52,77,69,62,95,85,117,,40,165,100,99,85,145,92,105,174,137,158,164,142,58,67,59,49,50,56,73,80,40,93,99,165,158,87,86,92,60,77,76,62,76,83,60,36,48,71,49,114,113,106,101,101,122,202,170,93,156,105,118,129,139,184,103,89,122,206,111,74,82,87,101,76,63,71,55,84,69,54,52,59,65,56,60,61,60,103,72,67,88,107,89,74,87,98,98,159,167,174,99,130,143,41,36,44,54,54,57,49,51,45,37,39,81,,67,58,63,74,134,121,98,134,109,131,65,56,70,61,62,108,141,131,107,163,112,74,94,83,82,78,80,,45,68,139,89,89,110,99,110,114,76,82,73,64,65,57,142,153,125,116,116,132,130,117,95,101,59,47,53,58,99,112,124,105,67,79,89,110,120,100,95,72,86,46,83,74,64,58,107,112,100,90,30,140,143,134,148,116,132,113,118,114,94,92,99,128,82,142,118,70,177,157,122,147,111,199,180,,97,68,97,95,81,99,184,45,36,39,38,59,64,125,115,148,118,134,69,89,82,53,82,,88,71,38,120,96,94,60,102,82,68,65,80,54,134,65,52,33,177,88,57,59,88,61,55,106,96,60,89,166,152,139,79,73,130,88,121,87,47,104,71,95,108,122,60,48,45,45,168
20230729,22,O3_8h,33,42,34,34,35,46,40,38,45,51,35,42,,,35,,30,37,37,,27,,23,42,,44,58,,52,57,56,48,48,58,60,,42,37,,36,34,57,37,39,,52,,39,45,42,40,59,55,60,,68,109,,98,101,114,43,59,53,63,41,49,43,,48,46,45,45,54,55,,45,50,48,46,79,,74,68,69,78,74,77,,128,138,,,142,138,124,125,37,44,38,,44,43,47,43,47,,55,40,42,33,34,44,42,39,34,34,33,71,78,77,78,81,72,,67,68,80,107,87,98,,91,92,95,98,92,86,88,96,25,23,24,30,24,,28,24,21,22,61,67,74,64,65,66,55,66,68,33,,35,37,36,36,30,31,24,24,26,19,27,40,,,,71,75,,82,82,84,,,,58,,43,42,31,45,37,37,39,42,45,,,,53,48,,58,59,64,51,48,,50,55,50,57,50,55,41,43,,45,,72,73,,41,44,,40,43,46,,45,41,44,43,28,22,29,,,33,25,26,43,47,51,34,,44,,,50,,40,36,,45,38,37,17,24,19,,66,63,60,62,57,64,64,59,45,36,53,55,47,49,42,51,51,52,,,51,54,52,49,,25,31,35,42,36,,40,37,45,,39,26,24,28,,22,29,16,37,26,,,35,40,31,43,41,32,46,48,48,49,44,43,46,38,52,72,58,69,68,76,49,55,,51,50,86,92,92,76,100,82,87,105,107,68,100,109,,93,109,92,139,106,144,98,140,49,58,43,46,50,69,,66,61,70,39,80,73,74,75,106,104,93,84,,107,126,127,83,88,76,83,93,96,93,104,,,96,84,80,84,88,97,69,67,105,106,108,96,110,113,111,95,93,125,89,94,,69,70,75,67,105,,100,130,82,140,155,134,115,,,142,106,123,101,97,,137,152,137,136,,,161,140,70,95,84,91,86,90,89,102,82,,86,119,82,85,90,84,116,112,102,113,100,108,80,54,40,68,51,97,82,78,,81,,57,54,,170,,,162,,,,,121,,,,132,128,79,74,81,78,76,,102,102,112,100,113,101,108,93,99,102,110,86,70,86,63,154,,153,152,158,145,146,157,146,142,153,,31,26,34,23,24,20,17,34,34,42,31,33,34,27,46,45,50,,,38,,35,38,42,32,54,,54,50,,,41,46,44,35,,38,30,34,,59,72,61,64,62,22,32,30,32,19,,,,33,,,56,,50,37,46,37,29,34,39,31,34,27,,36,,,92,,102,88,109,55,64,50,64,64,,83,84,84,94,85,98,132,113,109,112,57,46,49,74,65,59,84,74,81,76,,81,155,148,,65,67,,68,71,73,65,58,,69,77,,,57,57,,99,,108,112,108,101,57,55,,53,53,,79,81,,79,,51,52,56,,56,62,121,119,130,,38,33,38,33,32,33,99,47,43,44,39,43,42,39,16,11,30,28,24,29,32,29,30,34,57,52,49,54,52,50,54,56,53,,58,45,41,36,38,40,96,73,80,70,70,67,71,68,,76,74,74,,76,57,59,63,59,,51,52,69,,48,,50,48,56,53,58,42,51,,,,48,,46,,42,,,,49,51,45,74,74,,80,,112,94,92,83,79,75,,67,57,62,54,66,64,,89,,,79,57,60,44,44,91,86,82,92,63,81,80,78,142,135,144,144,139,138,69,76,108,105,118,101,96,85,92,89,86,,82,78,75,90,59,84,76,80,,,,,160,161,,162,83,96,98,93,82,98,72,85,87,90,71,98,95,,99,,,79,90,96,,74,73,,70,69,84,90,90,87,103,94,91,85,100,100,96,,138,137,146,109,131,117,120,122,117,,126,114,105,109,126,,,28,,,,,43,,,,,,,,,,,,,,,,38,,,,,,,,,,,,,,,,,,,,,,,,,,,,,,,,,,,,,,90,42,51,42,51,51,48,51,47,,,,53,49,48,55,,48,109,125,113,119,111,74,,72,73,97,,,83,76,,76,73,72,,85,,125,126,,,100,78,,,150,158,130,,,59,62,126,130,136,132,136,44,36,55,47,51,31,28,35,34,48,53,46,47,52,58,56,47,,66,68,67,,28,25,20,21,85,83,88,88,22,22,18,59,,,70,62,68,61,63,84,83,74,99,74,81,70,86,88,86,82,123,,,93,55,63,71,87,81,,52,67,65,,67,66,66,,49,52,52,50,31,57,66,,43,48,43,37,41,42,42,41,,46,38,40,42,79,82,,50,,50,,,,46,46,44,36,48,49,,38,,36,43,54,49,47,53,48,,46,50,44,,,49,43,47,,52,53,54,,,38,47,33,32,28,38,59,81,84,76,84,39,44,49,50,,33,35,37,34,32,,68,72,88,73,60,60,62,59,41,,42,48,58,25,51,42,41,44,39,49,43,,48,46,50,,38,48,42,52,,55,52,51,,56,55,58,53,57,,59,65,62,63,54,47,48,,59,54,55,31,40,,41,41,50,47,48,56,77,78,71,72,56,42,,80,86,81,,53,56,,46,50,40,52,,54,56,48,52,42,91,106,102,105,105,105,66,96,90,87,92,77,89,89,89,86,77,85,97,90,84,98,105,95,106,105,72,62,76,74,62,55,98,94,82,102,32,58,70,134,142,145,123,81,91,94,107,107,96,126,138,142,130,98,99,102,107,108,75,74,67,86,91,,125,105,95,88,69,,81,86,92,85,92,113,111,107,111,92,97,104,100,18,120,,,,98,99,,91,65,66,69,59,74,,124,118,114,,,,,105,128,129,111,130,61,,94,,72,94,92,91,85,96,54,61,64,55,64,,,,,93,101,54,57,,74,51,,65,51,52,79,89,63,54,61,50,54,43,47,59,55,,57,69,74,73,52,47,73,63,32,,58,45,,65,69,,105,99,86,,95,,90,,46,46,76,95,93,90,129,119,126,124,87,91,84,43,,138,144,,90,90,140,,144,144,69,70,142,156,,73,76,135,125,,,143,150,140,,146,142,112,105,81,135,110,,113,,,97,86,94,89,103,99,124,125,62,,91,129,121,112,107,117,109,111,111,,,137,108,,103,,105,123,124,86,79,32,51,106,50,36,75,52,78,,62,58,59,63,29,43,48,,51,,31,52,157,30,83,73,145,108,57,44,44,100,44,90,,,43,45,45,40,,128,134,134,45,,77,50,,,32,50,47,40,77,79,34,35,40,50,76,118,100,125,87,,34,53,,156,71,94,98,110,127,64,42,66,81,42,36,40,32,48,134,34,82,36,78,32,71,57,64,74,,72,72,90,,113,52,154,56,123,116,85,85,90,56,47,116,36,56,76,59,98,50,137,56,44,31,84,59,74,78,,,184,72,54,56,76,88,80,58,46,140,52,47,63,76,38,45,54,39,,70,177,168,175,157,100,141,24,28,26,29,29,30,32,24,27,60,102,154,130,125,131,60,84,34,42,31,43,61,43,129,147,114,109,91,75,72,28,49,62,76,95,106,77,63,81,173,90,64,100,46,43,,44,73,59,68,82,53,37,36,47,44,52,41,52,43,49,85,89,81,62,70,96,94,65,77,83,136,95,64,83,90,149,,140,82,108,37,28,67,45,30,31,,41,55,53,56,72,69,107,,23,137,71,71,46,100,81,82,146,82,105,130,101,37,54,37,44,42,50,37,36,31,34,42,153,128,71,68,77,35,64,61,40,54,58,35,26,42,49,41,96,94,99,79,94,116,162,66,81,121,54,81,86,120,114,78,78,92,160,59,37,52,53,37,46,48,66,42,71,58,46,46,50,46,49,54,50,45,43,59,51,70,79,58,54,68,67,73,148,138,145,65,112,120,27,29,35,46,46,45,40,47,39,33,36,63,,48,40,43,48,122,101,89,110,96,98,46,33,45,40,49,79,99,99,79,117,84,56,68,56,57,56,57,,29,61,99,80,71,58,88,94,95,55,59,49,45,43,47,114,115,112,61,42,56,94,72,56,61,38,36,42,36,45,46,65,60,48,58,72,64,67,64,60,60,42,40,38,57,47,44,81,93,88,80,28,95,100,104,100,100,119,103,102,105,73,76,70,53,48,128,86,34,68,112,74,92,77,165,142,,81,63,54,54,66,90,154,40,34,27,32,44,53,108,98,105,73,100,39,48,45,36,61,,60,50,36,113,76,82,52,80,42,36,35,52,40,109,30,44,18,160,67,48,50,33,37,35,55,41,37,34,143,140,124,72,47,89,58,79,56,28,82,66,82,91,93,44,37,35,28,148
20230729,22,O3_8h_24h,59,95,60,41,56,60,61,61,81,81,53,66,,,52,,41,44,47,,44,,27,44,,44,64,,104,96,98,103,99,108,116,,47,38,,38,36,60,40,41,,55,,56,62,61,85,84,86,95,,98,134,,127,131,138,77,92,86,90,81,66,50,,56,54,52,50,75,72,,79,82,74,82,101,,100,95,89,102,93,102,,142,148,,,148,144,141,138,49,55,49,,54,53,58,52,59,,67,48,42,33,34,44,42,39,34,34,33,76,83,82,83,86,74,60,69,72,86,117,95,98,59,99,103,102,104,100,92,99,106,27,26,27,32,25,,30,26,23,23,64,70,78,68,69,70,59,70,73,44,,47,49,48,48,41,43,30,31,34,25,33,42,,,,71,75,,82,82,84,,,,72,,55,51,43,58,49,48,51,53,56,,,,64,64,,73,71,71,64,59,,62,60,56,63,56,60,45,48,,48,,74,75,,54,56,,56,60,59,,60,54,57,56,33,31,35,,,43,34,36,50,56,55,43,,46,,,58,,51,48,,49,44,41,19,25,21,,75,67,66,71,66,67,66,61,50,43,57,57,52,55,49,56,55,56,,,63,59,63,58,,46,33,49,57,52,,53,54,51,,59,26,30,32,,33,34,24,37,26,,,36,41,32,44,41,34,52,54,56,59,54,43,54,48,57,75,62,76,73,82,56,60,,54,58,90,94,96,90,106,91,90,110,110,81,129,141,,114,131,98,180,133,158,120,158,90,98,85,96,72,87,,87,72,70,90,108,98,88,81,129,126,118,97,,109,154,161,89,96,80,88,108,110,105,118,,,113,97,92,102,99,105,98,87,129,124,130,125,128,131,130,112,106,150,104,122,,91,91,100,90,105,,117,142,107,146,172,146,127,,,149,125,145,122,120,,149,167,151,154,,,181,140,81,105,89,100,92,97,98,111,97,,88,119,92,92,98,95,120,116,105,117,104,110,92,59,58,79,60,98,90,86,,81,,74,66,,188,,94,178,,,,,127,,,,149,143,85,92,85,84,76,,102,106,116,104,113,108,110,100,103,108,112,98,85,98,74,172,,164,173,168,159,154,165,155,152,159,,40,36,40,66,53,53,59,44,44,52,52,39,51,43,64,63,70,,,38,,40,39,44,34,62,,61,54,,,49,53,52,37,,38,30,35,,61,72,62,64,62,23,34,30,32,21,,,,38,,,56,,51,38,46,38,31,35,40,31,34,27,,42,,,106,,111,114,122,107,122,121,148,120,,102,98,100,102,98,101,136,117,110,118,62,68,64,81,84,76,90,81,88,82,,87,172,152,,83,86,,83,86,86,83,84,,92,80,,,58,58,,113,,123,123,122,114,118,119,,116,116,,88,93,,88,,119,112,123,,119,114,143,137,147,,48,42,50,45,42,45,101,61,59,60,56,57,55,47,23,17,38,37,34,43,53,45,44,47,63,59,54,59,58,58,77,78,74,,79,83,78,76,74,77,102,90,95,90,95,67,73,69,,78,75,77,,78,60,66,67,59,,63,60,69,,86,,91,89,96,91,58,49,59,,,,48,,46,,84,,65,,53,52,50,80,82,,85,,112,99,111,95,81,80,,72,68,75,67,70,79,,105,,,94,74,73,70,65,102,107,99,95,70,104,87,83,145,139,150,149,142,146,70,77,110,110,124,111,117,100,109,99,104,,82,79,76,95,75,94,92,91,,,,,160,162,,165,85,99,111,98,89,109,80,89,93,94,82,110,105,,103,58,,87,94,114,,106,109,,105,75,95,96,101,94,103,102,97,107,129,130,120,,138,141,150,136,143,123,130,124,128,,127,114,121,118,130,,,32,,,,,43,,,,,,,,,,,,,,,,38,,,,,,,,,,,,,,,,,,,,,,,,,,,,,,,,,,,,,,92,56,55,54,60,57,55,57,53,,,,78,76,74,75,,67,116,132,122,126,122,122,,120,117,108,,,92,83,,87,87,105,,107,,132,133,,,123,88,,,158,160,143,,,83,82,137,144,137,134,137,66,59,87,70,109,41,42,45,45,60,62,55,57,85,87,90,76,,75,74,67,,36,33,26,32,94,91,108,105,30,32,29,82,,,99,72,74,73,70,90,86,78,106,81,87,97,89,93,88,86,126,,,111,75,80,97,94,87,,62,68,66,,67,67,66,,52,57,57,53,34,57,66,,43,48,45,41,51,43,45,45,,50,52,50,51,79,85,,51,,52,,,,46,46,44,36,51,52,,42,,41,46,57,69,69,73,63,,58,58,58,,,58,57,57,,68,69,68,,,55,59,44,43,45,46,68,91,96,89,93,43,46,52,51,,38,56,56,53,51,,82,84,93,93,67,68,70,68,54,,54,60,68,56,57,47,46,48,39,50,44,,48,46,50,,44,48,42,52,,56,53,55,,60,62,66,61,63,,61,66,63,65,55,49,50,,64,61,61,52,58,,57,52,57,65,67,77,83,85,82,80,72,60,,81,86,83,,61,64,,67,52,50,64,,55,56,51,71,62,104,115,117,120,116,114,86,97,95,89,96,86,98,96,99,99,95,111,109,110,105,115,120,114,116,118,88,93,100,90,87,69,102,98,90,104,49,77,85,144,142,157,136,91,106,102,114,113,102,142,149,142,140,114,112,115,120,124,97,98,77,94,98,,150,114,103,90,80,,87,97,108,116,106,120,118,112,116,97,113,120,111,20,133,,,,106,105,,100,90,90,92,87,87,,130,124,118,,,,,109,138,138,124,140,80,,106,,82,101,107,99,93,102,79,76,71,68,75,,,,,105,114,68,69,45,96,77,,74,55,54,88,96,72,65,70,68,72,53,55,79,76,,77,88,82,84,63,58,82,68,42,,58,48,,72,78,,106,99,96,,102,,90,,47,48,79,97,96,96,145,133,138,136,87,99,89,55,,148,152,,106,100,148,,147,148,83,84,150,156,,83,85,147,135,,,157,164,153,,154,149,125,114,88,136,119,,121,,,108,95,98,94,103,103,125,126,83,,91,130,122,118,123,118,120,122,114,,,140,110,,103,,107,123,124,86,79,53,111,137,53,43,75,102,125,,101,70,73,72,37,58,56,,52,,36,54,178,45,86,85,147,115,61,56,52,105,52,91,,,49,53,49,50,,143,152,143,64,,78,62,,,34,63,61,43,77,79,34,35,41,62,81,136,111,132,100,,49,54,,172,90,101,103,115,138,86,50,80,85,54,55,62,38,48,153,35,119,36,87,33,84,65,74,88,44,82,80,96,,136,53,172,59,136,130,98,102,101,58,47,130,51,68,84,73,101,94,141,58,48,35,91,69,87,90,,,211,73,78,58,77,88,81,74,51,148,57,47,74,86,47,45,60,42,,70,192,182,181,163,108,145,26,33,28,38,33,34,42,27,28,90,115,162,138,141,152,71,84,44,50,33,47,74,54,133,166,141,129,108,76,74,88,78,92,101,110,124,95,66,87,179,106,82,112,53,44,,46,74,63,68,85,56,41,41,84,85,56,105,57,88,91,90,91,91,76,87,97,97,83,86,88,143,125,80,104,100,164,,151,94,122,37,30,67,51,32,34,,42,62,59,57,86,85,108,,40,151,81,80,67,118,86,95,146,114,117,141,116,49,58,46,45,44,50,52,51,36,93,79,164,140,74,72,79,48,71,65,52,65,68,47,33,43,60,45,105,96,100,90,94,116,174,104,81,131,74,112,105,122,138,97,80,99,170,99,43,54,56,64,46,49,66,47,73,65,48,46,50,52,51,54,50,45,86,64,59,74,102,77,69,83,82,81,154,154,160,88,122,128,38,29,38,50,48,47,42,47,39,33,37,68,,49,47,50,52,129,118,94,126,99,107,59,54,65,61,54,100,115,110,98,142,89,70,80,70,74,66,68,,34,62,113,84,80,87,92,100,98,64,69,57,64,53,51,128,136,119,112,116,132,119,103,84,94,39,36,43,38,70,77,121,93,54,62,72,79,83,77,73,60,53,43,82,59,47,48,85,103,88,86,29,117,118,107,128,102,132,103,115,107,85,85,92,110,66,135,97,67,116,130,92,110,94,179,168,,82,64,94,92,78,96,156,40,34,28,33,50,55,116,109,123,109,113,57,65,63,40,67,,80,64,36,120,85,88,52,90,61,52,48,67,49,123,44,44,25,169,78,49,52,60,39,38,84,76,51,69,156,148,125,73,60,116,78,105,78,38,88,66,89,97,107,51,39,40,39,154
20230729,22,CO,0.7,0.4,0.6,0.6,0.6,0.3,0.4,0.3,0.5,0.4,0.5,0.5,,,0.7,,0.7,0.6,0.7,,0.8,,0.1,0.3,,0.4,0.4,,0.4,0.2,0.3,0.3,0.2,0.2,0.5,,2,1.5,,1.4,1.5,0.2,0.3,0.3,,0.4,,0.2,0.3,0.3,0.1,0.3,0.4,0.4,,0.2,0.3,,0.4,0.2,0.7,0.6,0.5,0.6,0.5,0.5,0.4,0.5,,0.5,0.2,0.1,,0.3,0.3,,0.4,0.2,0.2,0.3,0.5,,0.4,0.6,0.5,1,0.5,0.5,,0.5,0.7,,,0.5,0.6,0.6,0.4,0.4,1,1.1,,0.9,0.9,1,1,0.9,,0.6,0.6,0.2,0.3,0.6,0.5,,0.1,0.6,0.5,0.4,,0.5,0.4,0.3,0.4,0.3,,0.4,0.4,0.4,0.7,0.6,0.6,,0.5,0.5,0.6,0.5,0.5,0.5,0.4,0.5,0.4,0.3,0.4,0.6,0.3,,0.4,0.4,0.3,0.4,0.3,0.4,0.1,0.5,0.4,0.6,0.1,0.3,0.4,0.4,,0.5,0.5,0.4,0.5,0.5,0.5,0.3,0.4,0.4,0.3,0.3,0.2,,,,0.3,0.3,,0.3,0.2,0.3,,,,0.2,,0.7,0.5,0.4,0.6,0.5,0.4,0.3,0.5,0.6,,,,0.4,0.5,,0.6,0.4,0.5,0.4,0.4,,0.5,0.7,0.5,0.7,0.7,0.4,0.4,0.3,,0.3,,0.6,0.5,,0.5,0.6,,0.4,0.7,0.7,,0.7,0.4,0.5,0.4,0.4,0.4,0.3,,,0.4,0.4,0.4,0.4,0.5,0.5,0.4,,0.4,,,0.5,,0.5,0.4,,0.5,0.3,0.4,0.4,0.4,0.3,,0.3,0.3,0.4,0.4,0.4,0.4,0.4,0.4,0.4,0.5,0.5,0.3,0.4,0.4,0.6,0.4,0.4,0.3,,,0.3,0.3,0.5,0.4,,0.4,0.3,0.5,0.4,0.7,,0.6,0.6,0.2,,0.4,0.4,0.2,0.5,,0.6,0.5,0.5,0.4,0.3,,,0.3,0.4,0.4,0.2,0.4,0.3,0.4,0.5,0.4,0.4,0.5,0.4,0.5,0.4,0.6,0.6,0.5,0.4,0.5,0.4,0.5,0.5,,0.5,0.6,0.4,0.6,0.5,0.4,0.4,0.4,0.6,0.5,0.7,0.5,0.8,0.6,,0.5,0.5,0.6,0.8,0.8,0.6,0.8,0.4,0.8,0.6,0.6,1,0.6,0.6,,0.6,0.6,0.9,0.6,0.5,0.4,0.3,0.5,0.5,0.6,0.4,0.6,,0.6,0.7,0.6,0.4,0.3,0.3,0.4,0.6,0.5,0.5,0.5,,,0.9,0.7,1,0.7,0.8,0.6,0.7,0.7,0.4,0.5,0.4,0.5,0.8,0.6,0.7,0.7,0.6,0.8,0.7,0.9,,0.4,0.4,0.3,0.4,0.3,,1,1.2,0.6,0.5,1,0.7,0.7,,,1,0.5,1.1,0.8,1,,0.4,0.4,0.5,0.6,,,0.6,0.6,0.7,0.6,0.4,0.7,0.3,,0.4,0.5,0.6,,0.6,0.5,0.7,0.6,0.8,0.8,0.3,0.3,0.3,0.2,0.2,0.1,0.9,0.7,0.7,0.7,0.7,0.9,0.8,0.6,,0.8,,1,0.9,,0.3,,,0.5,,,,,0.5,,,,0.4,0.4,0.4,0.4,0.2,0.6,0.5,,0.3,0.1,0.5,0.2,0.4,0.5,0.6,0.3,0.6,0.5,0.5,,0.4,0.6,0.4,0.5,,1,0.8,0.5,0.9,0.6,0.5,0.5,0.6,0.8,,1.3,0.4,0.4,0.5,0.6,0.9,0.6,0.5,0.3,0.3,0.2,0.1,0.4,0.1,0.6,,0.7,,,0.5,,0.1,,0.1,0.3,0.4,,0.3,0.6,,,0.1,0.2,0.2,,,0.1,,0.2,,0.2,0.3,0.4,0.4,0.2,0.6,0.2,0.4,0.3,,,,,0.2,,,0.5,,0.5,0.4,0.4,0.4,0.1,0.3,0.4,0.2,0.3,0.4,,,,,0.6,,0.6,0.5,0.5,0.6,0.5,0.7,0.7,0.5,,0.7,0.5,0.7,0.7,0.7,0.5,0.6,0.7,0.6,0.8,0.6,0.7,0.7,0.7,0.6,0.6,0.6,0.6,0.7,0.6,,0.5,0.4,,,0.5,0.5,,0.8,1,0.8,0.8,1,,0.6,0.7,,,0.2,0.1,,0.5,,0.6,0.6,0.5,0.5,0.5,0.5,,0.6,0.6,,0.8,0.9,,0.7,,0.7,0.5,0.7,,0.5,0.6,0.5,0.4,0.5,,0.5,1,0.9,0.7,1.2,0.3,0.7,0.3,0.6,0.5,1.3,0.6,0.6,0.3,1.6,1.7,0.7,0.6,0.4,0.3,0.5,0.4,0.3,0.4,0.5,0.7,0.5,0.6,0.6,0.6,0.7,0.4,0.4,,0.3,0.3,0.3,0.3,0.4,0.2,0.3,0.5,0.3,0.4,0.4,0.5,0.5,0.6,,0.6,0.7,0.5,,0.4,0.6,0.7,0.4,0.5,,0.7,0.6,0.5,,1.2,,1,0.8,0.7,0.7,0.5,0.2,0.1,,,,0.3,,0.7,,0.6,,,,0.5,0.6,0.4,1.1,0.8,,0.9,,0.4,0.3,0.5,0.4,0.5,0.5,,0.5,0.7,0.5,0.6,0.5,0.6,,0.6,,,0.4,0.2,,0.2,0.7,0.6,0.6,0.6,0.6,0.5,0.4,0.6,0.6,0.6,0.9,1,0.8,1,0.8,0.2,0.1,0.6,0.7,0.5,0.8,0.7,0.6,0.7,0.6,0.6,,0.8,0.7,1,1.2,0.4,0.6,0.6,0.6,,,,,0.5,0.6,,0.6,0.4,0.4,0.4,0.4,0.3,0.2,0.8,0.9,0.6,0.3,0.5,0.8,0.7,,0.9,,,1.2,0.8,0.8,,0.7,0.6,,1,0.5,0.6,0.7,0.6,0.7,0.6,0.6,0.8,0.6,0.7,0.7,0.6,,0.3,0.9,0.3,0.6,0.4,0.4,0.3,0.2,0.2,,0.3,0.2,0.3,0.3,0.2,,,0.4,,,,,0.4,,,,,,,,,,,,,,,,0.3,,,,,,,,,,,,,,,,,,,,,,,,,,,,,,,,,,,,,,0.5,0.4,0.5,0.5,0.5,0.4,0.3,0.5,0.5,,,,1.9,1.2,1.9,2.2,,0.9,0.7,0.5,0.6,0.7,0.5,0.4,,0.4,0.3,1.4,,,1.3,1.4,,0.6,0.6,0.6,,0.5,,0.7,0.6,,,0.1,0.7,,,0.6,0.4,0.6,,,0.4,0.4,0.3,0.3,0.5,0.5,0.5,0.6,0.5,0.9,0.5,0.5,0.3,0.3,0.3,0.6,0.5,0.5,0.4,0.4,0.6,0.6,0.6,0.7,,0.2,0.1,0.7,,0.3,0.1,0.4,0.5,0.4,0.5,,0.2,0.5,0.6,0.6,,,,,0.4,0.2,,0.1,0.5,0.1,0.4,0.2,0.2,0.3,0.2,0.3,0.4,0.4,0.4,0.4,,,0.7,0.6,0.4,0.4,0.3,0.3,,0.2,0.3,0.2,,0.3,0.2,0.3,,0.3,0.2,0.1,0.2,0.2,0.3,,,0.2,0.2,0.3,0.5,0.3,0.5,0.4,0.5,,0.3,0.4,0.5,0.3,0.1,,,0.5,,0.4,,,,0.1,0.2,0.2,0.4,0.6,0.5,,0.4,,0.3,0.4,0.4,0.9,0.9,0.6,0.7,,0.8,0.7,1.5,,,0.7,0.6,0.6,,0.7,0.5,0.3,,,1,0.5,0.3,0.4,0.5,0.2,0.4,1.1,2,0.6,0.4,1.2,0.5,0.4,0.6,,0.4,0.6,0.8,0.5,0.2,,1.2,0.7,0.8,0.9,0.7,0.6,0.6,0.8,0.7,,0.8,0.8,0.8,0.4,1.1,0.9,0.8,1,0.6,0.4,0.7,,0.6,0.4,0.4,,0.5,0.5,0.5,0.5,,0.4,0.4,0.5,,0.6,0.1,0.3,0.4,0.4,,0.4,0.4,0.2,0.4,0.8,0.3,0.5,,0.2,0.2,0.3,0.5,0.4,,0.4,0.4,0.6,0.8,0.4,0.3,0.6,0.6,0.6,0.6,0.6,0.7,,0.5,0.5,0.4,,0.6,0.7,,0.6,0.4,0.6,0.6,,0.6,0.6,0.6,0.7,0.7,0.5,0.6,0.6,0.6,0.7,0.6,0.4,0.3,0.4,0.4,0.4,0.3,0.6,0.6,0.6,0.8,0.7,0.7,0.5,0.5,0.5,0.5,0.7,0.5,0.5,0.6,0.7,0.6,0.6,0.7,0.5,0.5,0.5,0.6,1.3,0.4,0.6,0.6,0.7,0.8,0.7,1,0.7,0.5,0.6,0.5,0.6,0.5,1.1,0.9,1.2,0.7,0.6,0.6,0.8,0.6,0.7,0.8,0.9,0.7,0.4,0.6,0.5,,0.7,0.5,0.5,0.3,0.6,,0.3,0.5,0.5,0.5,0.5,0.5,0.5,0.4,0.5,0.6,0.5,0.6,0.7,0.3,0.4,,,,0.6,0.6,,0.6,0.2,0.5,0.4,0.5,0.5,,0.7,0.5,0.7,,,,,0.6,0.5,0.6,0.5,0.5,0.1,,0.5,,0.7,0.3,0.8,0.6,0.7,0.7,0.6,1.1,0.6,0.9,0.7,,,,,0.5,0.2,0.5,0.6,,0.7,0.6,,0.4,0.6,0.4,0.3,0.4,0.8,0.7,0.7,0.6,0.4,0.8,0.7,0.9,0.9,,0.6,0.6,0.3,0.4,0.6,0.5,0.7,0.7,0.9,,0.5,0.4,,0.4,0.7,,0.2,0.2,0.6,,0.7,,0.2,,0.4,0.4,0.4,0.7,0.5,0.5,0.5,0.8,0.6,0.8,0.3,0.4,0.5,0.5,,0.6,0.2,,0.5,0.6,0.3,,0.4,0.5,0.4,0.9,0.3,,,0.4,0.4,0.1,,,,0.3,0.4,0.3,,0.5,0.5,0.4,0.4,0.6,0.4,0.6,,0.6,,,0.3,0.5,0.5,0.4,0.3,0.3,0.1,0.3,0.5,,0.3,0.3,0.4,0.3,0.4,0.3,0.3,0.5,0.6,,,0.5,0.5,,0.5,,0.6,0.5,0.4,0.5,1.1,0.3,0.3,0.8,0.9,0.4,0.7,0.1,0.4,,0.7,0.6,0.3,0.4,0.3,0.4,0.5,,0.5,,0.1,,0.6,1.9,0.8,0.7,0.1,0.2,0.1,1.3,0.9,0.5,0.4,0.3,,,0.4,0.4,0.4,0.6,,0.5,0.5,0.5,0.7,,0.5,0.6,,,0.5,0.5,0.3,0.4,0.4,0.3,0.9,0.5,0.3,0.4,0.6,0.7,0.7,0.5,0.9,,0.4,0.5,,0.7,0.5,0.3,0.3,0.5,0.5,0.3,,0.7,1,0.5,0.3,0.5,0.6,0.6,0.9,,0.5,0.3,0.4,0.4,0.3,0.4,0.5,,,0.6,0.7,0.6,,0.4,0.2,1,,0.5,0.4,0.5,0.5,0.5,0.4,0.4,0.3,0.3,0.7,0.5,0.3,0.8,0.5,0.8,0.5,0.5,0.4,0.6,0.5,0.6,0.5,,,0.3,0.3,0.2,0.6,0.4,0.1,0.5,0.3,,0.2,0.6,0.3,0.3,0.5,1,0.4,0.6,0.5,,1.1,0.2,0.4,0.4,0.6,0.3,0.3,0.4,0.5,0.4,0.4,0.6,0.4,0.5,0.5,0.5,0.3,0.7,0.6,0.4,0.5,0.5,0.4,0.4,0.4,0.4,0.5,0.2,0.2,0.5,0.6,0.5,0.6,0.7,0.4,0.4,0.6,0.5,0.6,0.8,0.4,0.6,0.7,0.8,0.6,0.5,0.5,0.8,0.7,0.1,,0.5,,0.1,0.4,0.2,0.4,0.4,0.7,0.5,0.8,0.6,0.3,0.1,0.3,0.2,0.8,0.7,0.3,0.2,0.4,0.4,0.3,0.6,0.7,0.8,0.7,0.7,0.7,0.7,0.4,0.5,0.4,0.5,,0.6,0.5,0.5,0.3,0.4,0.2,0.3,0.3,0.1,,0.3,0.5,0.4,0.3,0.8,1.1,0.8,,0.4,0.3,0.6,0.6,0.8,0.6,0.6,0.7,,0.5,0.6,0.7,0.7,0.5,0.4,0.5,0.7,0.4,0.6,0.5,1.2,0.3,0.5,0.4,0.4,0.5,0.6,0.7,0.3,0.5,0.5,0.6,0.5,0.4,0.6,0.4,0.3,0.4,0.4,0.2,0.3,0.4,0.3,0.6,0.3,0.5,0.5,0.7,0.7,0.5,0.5,0.5,0.5,0.6,0.4,0.6,0.6,0.4,0.5,0.3,0.4,0.3,0.3,0.5,0.6,0.5,0.3,0.4,0.3,0.4,0.5,0.6,0.4,0.4,0.6,0.2,0.2,0.3,0.4,0.4,0.2,0.1,0.4,0.7,0.5,0.7,0.9,0.3,0.4,0.5,0.6,1.1,0.6,0.7,,0.2,0.5,0.7,0.4,0.4,0.5,0.4,0.4,0.2,0.4,0.3,,0.3,0.5,0.3,0.3,0.2,0.3,,0.5,0.5,0.6,0.7,0.3,0.3,0.7,0.3,0.5,1,0.7,0.7,0.7,0.6,0.5,0.3,0.3,0.3,0.6,0.6,,0.4,,0.3,0.4,0.5,0.7,0.6,0.6,0.9,0.4,0.6,0.4,,0.4,0.5,0.5,0.8,0.6,0.7,0.4,0.4,0.8,0.5,0.3,0.2,1.9,1.5,0.7,2.1,,0.6,0.2,0.2,0.1,0.2,0.2,0.2,0.2,0.3,0.3,,,0.4,0.8,0.2,0.2,0.4,0.7,0.7,0.6,1.1,0.4,0.6,0.6,0.7,0.7,0.6,0.2,0.2,0.7,0.8,0.6,0.6,0.5,0.6,1.4,0.4,0.4,0.8,0.9,0.7,0.8,0.8,0.5,0.5,1,,0.7,0.3,0.8,0.8,0.3,0.5,0.6,0.6,0.2,0.2,,0.4,0.3,0.4,0.4,1,0.7,0.6,0.6,0.4,0.6,0.5,0.3,,1.6,0.4,0.4,0.2,1.2,1.1,0.2,1.2,0.4,0.3,0.4,0.4,0.6,0.5,0.6,0.3,0.6,0.7,0.4,0.5,0.2,0.3,2.1,2.3,,0.6,0.6,0.5,0.5,0.6,0.5,0.4,0.2,0.2,0.2,0.3,0.3,,0.7,0.3,0.5,0.6,0.6,0.3,0.3,0.1,0.9,0.8
20230729,22,CO_24h,0.7,0.5,0.6,0.6,0.6,0.3,0.4,0.4,0.4,0.4,0.5,0.4,,,0.7,,0.6,0.5,0.7,,0.6,,0.1,0.5,,0.4,0.5,,0.5,0.3,0.4,0.5,0.4,0.3,0.7,,0.5,0.6,,0.8,0.7,0.4,0.3,0.3,,0.2,,0.3,0.4,0.3,0.2,0.3,0.5,0.4,,0.3,0.3,,0.4,0.2,0.6,0.5,0.5,0.5,0.5,0.5,0.4,0.5,,0.5,0.2,0.1,,0.4,0.4,,0.5,0.4,0.4,0.5,0.7,,0.5,0.9,0.6,0.9,0.7,0.6,,0.5,0.7,,,0.5,0.5,0.5,0.4,0.4,0.7,0.7,,0.6,0.6,0.6,0.7,0.5,,0.5,0.6,0.2,0.3,0.5,0.4,,0.1,0.5,0.5,0.4,0.5,0.5,0.4,0.3,0.4,0.3,0.5,0.4,0.4,0.4,0.7,0.6,0.5,0.6,0.5,0.5,0.6,0.5,0.7,0.4,0.3,0.5,0.4,0.3,0.4,0.6,0.4,,0.4,0.4,0.3,0.4,0.2,0.4,0.1,0.5,0.4,0.5,0.1,0.3,0.4,0.4,,0.5,0.4,0.4,0.4,0.5,0.5,0.3,0.4,0.4,0.4,0.3,0.2,,,,0.4,0.3,,0.3,0.2,0.3,,,,0.3,,0.7,0.6,0.2,0.6,0.5,0.4,0.2,0.5,0.6,,,,0.4,0.4,,0.6,0.5,0.5,0.3,0.4,,0.5,0.6,0.5,0.6,0.7,0.3,0.4,0.3,,0.3,,0.5,0.4,,0.5,0.6,,0.4,0.5,0.6,,0.7,0.4,0.5,0.5,0.4,0.4,0.3,,,0.4,0.4,0.4,0.4,0.4,0.5,0.4,,0.4,,,0.5,,0.5,0.4,,0.5,0.4,0.4,0.4,0.4,0.3,,0.4,0.4,0.4,0.4,0.4,0.4,0.4,0.4,0.3,0.4,0.5,0.2,0.3,0.3,0.5,0.4,0.4,0.3,,,0.3,0.3,0.5,0.4,,0.3,0.7,0.5,0.3,0.6,,0.5,0.6,0.5,,0.4,0.4,0.2,0.6,,0.6,0.6,0.5,0.6,0.3,,,0.2,0.4,0.4,0.2,0.4,0.3,0.4,0.4,0.4,0.4,0.5,0.4,0.4,0.4,0.5,0.7,0.5,0.4,0.5,0.5,0.4,0.5,,0.5,0.5,0.3,0.5,0.4,0.3,0.4,0.3,0.5,0.4,0.6,0.5,0.7,0.7,,0.6,0.5,0.6,0.7,0.8,0.6,0.8,0.4,0.9,0.7,0.7,1,0.6,0.7,,0.6,0.6,0.9,0.6,0.5,0.5,0.4,0.5,0.5,0.7,0.4,0.7,,0.6,0.7,0.6,0.4,0.5,0.3,0.4,0.5,0.5,0.5,0.5,,,1,0.7,1,0.7,0.8,0.6,0.8,0.7,0.5,0.5,0.4,0.5,0.8,0.7,0.8,0.8,0.6,0.8,0.7,0.9,,0.5,0.5,0.3,0.4,0.3,,0.9,1,0.6,0.5,0.7,0.7,0.7,,,0.9,0.4,0.9,0.7,1,,0.4,0.4,0.4,0.6,,,0.5,0.6,0.8,0.5,0.3,0.7,0.3,0.5,0.7,0.4,0.5,,0.6,0.5,0.6,0.4,0.6,0.6,0.2,0.3,0.2,0.2,0.1,0.2,0.7,0.7,0.6,0.5,0.7,0.7,0.7,0.4,,0.8,,0.7,0.6,,0.4,,0.5,0.6,,,,,0.6,,,,0.5,0.4,0.4,0.3,0.2,0.5,0.4,,0.4,,0.5,0.2,0.3,0.5,0.5,0.5,0.5,0.4,0.4,0.4,0.4,0.5,0.4,0.5,,0.8,0.9,0.5,0.8,0.6,0.5,0.4,0.5,0.9,,0.6,0.4,0.4,0.5,0.6,0.8,0.5,0.5,0.4,0.3,0.2,0.1,0.4,,0.6,0.6,0.6,,,0.5,,0.1,0.7,0.2,0.3,0.5,,0.3,0.7,,,0.2,0.3,0.3,0.1,,0.2,0.3,0.2,,0.2,0.3,0.3,0.3,0.2,0.6,0.1,0.1,0.3,0.2,,,,0.3,,,0.5,,0.5,0.3,0.3,0.4,0.2,0.3,0.4,0.2,0.2,0.4,,,,,0.6,,0.6,0.6,0.6,0.6,0.5,0.7,0.7,0.6,,0.7,0.6,0.7,0.6,0.7,0.6,0.6,0.7,0.6,0.9,0.6,0.6,0.6,0.7,0.6,0.6,0.6,0.6,0.7,0.7,,0.6,0.4,0.5,,0.5,0.6,,0.7,0.7,0.8,0.7,0.9,,0.7,1,,,0.2,0.2,,0.5,,0.6,0.6,0.7,0.7,0.7,0.7,,0.6,0.7,,1.1,1,,0.9,,0.9,0.8,0.9,,0.7,0.8,0.5,0.3,0.4,,0.6,0.9,0.8,0.8,1,0.5,0.6,0.4,0.6,0.4,0.6,0.4,0.6,0.2,1.1,2.3,0.6,0.6,0.4,0.4,0.5,0.4,0.5,0.5,0.5,0.7,0.5,0.6,0.6,0.6,0.5,0.3,0.3,,0.3,0.4,0.4,0.3,0.4,0.3,0.4,0.5,0.4,0.4,0.3,0.4,0.4,0.5,,0.6,0.6,0.5,,0.4,0.5,0.7,0.4,0.6,,0.8,0.6,0.6,,1.1,,0.9,0.8,0.7,0.6,0.5,0.2,0.2,,,,0.3,,0.6,,0.5,,0.6,,0.4,0.6,0.3,0.8,0.8,,0.8,,0.4,0.3,0.5,0.4,0.5,0.4,,0.5,0.6,0.5,0.5,0.4,0.6,,0.6,,,0.4,0.2,0.3,0.2,0.7,0.6,0.6,0.6,0.6,0.5,0.5,0.6,0.6,0.3,0.8,0.9,0.8,0.9,0.7,0.3,0.3,0.5,0.5,0.5,0.6,0.6,0.6,0.6,0.6,0.6,,1.4,0.7,1.4,2.4,0.4,0.6,0.6,0.5,,,,,0.5,0.5,,0.5,0.4,0.4,0.3,0.3,0.3,0.2,0.6,0.7,0.5,0.3,0.5,0.7,0.5,,0.7,1,,1,0.5,0.8,,0.6,0.5,,0.7,0.3,0.6,0.5,0.5,0.5,0.5,0.4,0.5,0.7,0.9,0.9,0.8,,0.5,0.7,0.4,0.5,0.5,0.4,0.3,0.2,0.1,,0.3,0.3,0.3,0.2,0.2,,,0.5,,,,,0.4,,,,,,,,,,,,,,,,0.3,,,,,,,,,,,,,,,,,,,,,,,,,,,,,,,,,,,,,,0.4,0.4,0.5,0.5,0.5,0.4,0.4,0.4,0.5,,,,1.7,1.6,1.4,1.2,,1.3,0.7,0.6,0.6,0.7,0.5,0.6,,0.6,0.6,1.3,,,1.5,1.3,,0.7,0.6,0.5,,0.5,,0.7,0.5,,,0.5,0.5,,,0.5,0.4,0.6,,,0.4,0.3,0.3,0.3,0.5,0.5,0.5,0.7,0.5,0.8,0.5,0.5,0.3,0.3,0.3,0.7,0.6,0.8,0.6,0.7,0.7,0.7,0.7,0.7,,0.4,0.3,0.5,,0.3,0.1,0.5,0.5,0.4,0.3,,0.2,0.5,0.6,0.6,0.1,,,,0.4,0.2,0.4,0.1,0.4,,0.3,0.4,0.5,0.8,0.5,0.4,0.5,0.4,0.4,0.4,,,0.8,0.5,0.4,0.4,0.4,0.4,,0.1,0.2,0.2,,0.3,0.2,0.3,,0.3,0.2,0.1,0.2,0.2,0.2,0.3,,0.2,0.2,0.3,0.5,0.2,0.5,0.4,0.6,,0.4,0.3,0.4,0.2,0.2,0.2,,0.5,,0.5,,,,0.1,0.2,0.2,0.4,0.6,0.5,,0.4,,0.2,0.2,0.4,0.7,0.8,0.5,0.6,,0.9,0.8,1,,,0.6,0.5,0.5,,0.6,0.4,0.3,,,0.8,0.5,0.2,0.4,0.4,0.2,0.4,0.6,0.5,0.5,0.5,0.9,0.5,0.5,0.9,,0.4,0.4,0.5,0.4,0.4,,1.2,0.6,0.9,0.9,0.7,0.6,0.6,0.7,0.6,,0.7,0.8,0.7,0.7,1.1,1,0.9,1,0.6,0.4,0.7,,0.6,0.4,0.4,,0.6,0.6,0.5,0.5,,0.4,0.3,0.5,,0.6,0.2,0.3,0.5,0.5,,0.4,0.3,0.2,0.3,0.8,0.3,0.4,,0.2,0.2,0.3,0.5,0.5,,0.6,0.5,0.6,0.8,0.4,0.3,0.6,0.5,0.6,0.5,0.6,0.6,,0.5,0.5,0.3,,0.6,0.6,,0.7,0.4,0.5,0.5,,0.6,0.6,0.7,0.7,0.6,0.3,0.6,0.6,0.7,0.9,0.6,0.3,0.3,0.4,0.4,0.1,0.4,0.5,0.5,0.6,0.7,0.8,0.6,0.5,0.5,0.4,0.5,0.7,0.5,0.6,0.6,0.7,0.6,0.8,0.7,0.5,0.5,0.7,0.9,1,0.4,0.6,0.5,0.6,0.9,0.7,1.2,0.7,0.7,0.6,0.7,0.7,0.7,0.7,0.8,0.8,0.7,0.6,0.6,0.7,0.6,0.7,0.8,0.7,0.6,0.5,0.8,0.7,,0.6,0.5,0.5,0.3,0.6,,0.3,0.5,0.3,0.3,0.3,0.4,0.4,0.4,0.5,0.6,0.5,0.7,0.8,0.3,0.5,,,,0.4,0.4,,0.4,0.2,0.4,0.4,0.4,0.5,,0.5,0.4,0.6,,,,,0.4,0.4,0.4,0.4,0.4,,,0.4,,0.3,0.3,0.8,0.7,0.8,0.6,0.3,0.6,0.7,0.5,0.6,,,,,0.4,0.3,0.3,0.4,0.3,0.4,0.6,,0.4,0.5,0.5,0.3,0.3,0.7,0.7,0.7,0.7,0.5,0.4,0.5,0.8,0.7,,0.5,0.5,0.4,0.4,0.5,0.4,0.6,0.6,0.8,,0.4,0.3,,0.4,0.5,,0.3,0.3,0.5,,0.3,,0.1,,0.5,0.4,0.4,0.7,0.6,0.5,0.6,0.8,0.6,0.7,0.3,0.5,0.5,0.4,,0.9,0.3,,0.4,0.5,0.4,,0.4,0.5,0.3,0.5,0.4,0.4,,0.4,0.4,0.1,,,,0.2,0.4,0.3,,0.4,0.4,0.5,0.4,0.5,0.4,0.5,,0.5,,,0.3,0.4,0.4,0.4,0.4,0.4,0.2,0.5,0.5,,0.3,0.3,0.4,0.3,0.3,0.3,0.3,0.4,0.6,,,0.5,0.5,,0.4,,0.6,0.4,0.4,0.4,1.5,0.2,0.6,0.8,0.5,0.4,0.6,0.3,0.6,,0.6,0.6,0.4,0.4,0.4,0.4,0.5,,0.4,,0.1,0.3,0.6,0.9,0.9,0.8,1.1,0.2,0.1,0.7,0.7,0.4,0.4,0.3,,,0.5,0.4,0.4,0.4,,0.5,0.5,0.5,0.7,,0.4,0.5,,,0.3,0.5,0.3,0.3,0.4,0.2,0.8,0.5,0.3,0.4,0.5,0.6,0.6,0.6,1.1,,0.5,0.5,,0.6,0.6,0.3,0.3,0.4,0.6,0.3,,0.6,0.8,0.8,0.3,0.4,0.7,0.7,0.9,,0.7,0.3,0.3,0.5,0.2,0.5,0.8,0.1,0.6,0.5,0.5,0.4,,0.3,0.1,0.7,0.4,0.4,0.4,0.5,0.5,0.5,0.1,0.4,0.4,0.5,0.6,0.6,0.4,0.6,0.4,0.6,0.3,0.5,0.3,0.5,0.4,0.5,0.5,,,0.6,0.3,0.3,0.6,0.4,0.1,0.5,0.3,0.3,0.3,0.6,0.4,0.3,0.6,0.9,0.4,0.6,0.4,,0.9,0.6,0.5,0.5,0.5,0.3,0.4,0.4,0.5,0.4,0.4,0.6,0.4,0.5,0.5,0.5,0.4,0.7,0.6,0.5,0.6,0.4,0.4,0.3,0.4,0.4,0.6,0.2,0.3,0.5,0.6,0.6,0.7,0.7,0.3,0.5,0.7,0.6,0.7,0.9,0.5,0.5,0.7,0.9,0.6,0.6,0.5,0.9,0.7,0.1,0.1,0.3,,0.2,0.4,0.3,0.4,0.5,0.6,0.4,0.5,0.5,0.4,0.4,0.2,0.2,0.8,0.7,0.6,0.3,0.7,0.4,0.3,0.6,0.7,0.7,0.6,0.5,0.7,0.6,0.5,0.5,0.5,0.5,,0.6,0.4,0.8,0.3,0.4,0.2,0.2,0.2,0.2,,0.3,0.6,0.5,0.3,0.7,1.1,0.8,,0.4,0.2,0.5,0.5,0.7,0.5,0.6,0.7,0.6,0.5,0.7,0.8,0.7,0.5,0.3,0.5,0.7,0.5,0.6,0.4,1,0.3,0.6,0.4,0.6,0.6,0.6,0.7,0.3,0.5,0.4,0.7,0.5,0.4,0.6,0.4,0.3,0.5,0.4,0.2,0.2,0.3,0.2,0.6,0.3,0.5,0.4,0.7,0.6,0.5,0.5,0.5,0.5,0.7,0.5,0.6,0.7,0.5,0.5,0.4,0.5,0.3,0.3,0.8,0.8,0.2,0.3,0.3,0.3,0.4,0.5,0.6,0.4,0.4,0.7,0.2,0.2,0.4,0.3,0.4,0.3,0.9,0.4,0.6,0.4,0.7,0.8,0.4,0.4,0.5,0.5,0.8,0.5,0.5,0.2,0.3,0.5,0.7,0.3,0.4,0.5,0.4,0.1,0.1,0.4,0.2,,0.3,0.5,0.3,0.4,0.3,0.3,0.4,0.6,0.4,0.7,0.6,0.3,0.2,0.6,0.3,0.4,0.7,0.6,0.6,0.7,0.4,0.4,0.4,0.4,0.4,0.6,0.5,,0.4,0.5,0.3,0.4,0.5,0.7,0.6,0.5,0.8,0.4,0.5,0.4,0.4,0.4,0.5,0.6,0.7,0.6,0.9,0.6,0.4,0.7,0.7,0.4,0.4,0.7,1.1,0.7,0.8,0.2,0.8,0.2,0.3,0.3,0.4,0.3,0.3,0.3,0.4,0.4,0.4,0.5,0.7,0.9,0.2,0.2,0.3,0.5,0.4,0.7,0.8,0.4,0.8,0.7,0.5,0.8,0.6,0.1,0.2,0.6,0.7,0.4,0.6,0.6,0.8,1.7,0.4,0.4,0.9,0.9,0.8,0.8,0.9,0.5,0.7,0.6,,0.6,0.3,0.7,0.7,0.4,0.5,0.5,0.5,0.2,0.3,0.1,0.4,0.3,0.4,0.3,0.9,0.5,0.5,0.6,0.4,0.6,0.5,0.4,,0.9,0.3,0.4,0.2,1.4,1.3,0.3,1.4,0.4,0.4,0.7,0.5,0.6,0.7,0.6,0.3,0.7,1,0.5,0.5,0.3,0.3,0.9,0.7,0.3,0.5,0.6,0.4,0.6,0.5,0.4,0.3,0.3,0.3,0.2,0.5,0.3,0.3,0.6,0.3,0.3,0.6,0.6,0.4,0.5,0.1,0.6,0.4
20230729,23,AQI,20,13,9,9,11,15,16,13,13,10,10,15,,,14,,12,16,14,,13,,20,13,,16,14,,19,16,25,13,15,16,15,,22,15,,33,15,9,22,22,,18,,11,13,12,5,10,19,30,,13,,,27,23,36,22,14,19,10,10,22,17,,26,12,11,16,12,11,,14,16,15,15,32,,15,22,17,29,22,21,,40,36,,,40,41,51,51,30,24,21,,18,15,23,28,20,,20,18,23,23,20,19,20,25,33,26,12,19,22,16,16,22,16,,25,15,19,29,40,63,,44,48,40,,48,52,43,49,19,18,17,16,18,,19,18,18,18,11,12,13,11,11,13,19,13,10,22,,18,18,20,18,19,16,10,11,11,10,10,19,,,,19,20,,22,21,22,,,,17,,14,13,16,10,34,8,14,19,15,,,,17,16,,23,15,,14,12,,17,13,17,17,12,,14,12,,17,,,19,,26,24,,19,22,18,,21,30,24,34,,12,9,,,15,9,14,31,31,38,40,,26,,,20,,18,15,,14,21,22,15,14,17,,27,28,18,20,21,20,20,19,14,19,13,15,12,19,24,14,13,13,,,22,20,23,21,,11,24,18,17,15,,14,22,33,,17,12,12,15,,19,17,,15,18,,,24,24,22,27,19,24,15,,15,16,13,13,,13,17,18,18,17,18,21,18,18,,15,13,72,24,34,29,27,36,28,,35,23,15,26,,21,29,17,33,20,47,21,27,26,23,23,52,27,19,,18,16,24,22,28,18,20,18,19,20,29,13,,34,22,24,17,,18,17,24,32,18,23,,,27,32,28,20,19,20,25,18,19,23,19,20,29,35,,35,30,36,30,42,,30,29,27,30,35,,36,43,39,31,45,31,25,,,45,35,56,47,40,,20,30,27,25,,,30,73,17,46,24,13,27,,22,28,24,,19,32,51,41,55,54,26,28,25,27,26,27,52,24,46,26,30,52,45,29,,44,,45,40,,40,,42,31,,,,,30,,,,36,37,31,48,140,42,38,,27,34,27,37,36,51,44,38,37,39,40,25,12,36,33,39,,50,44,36,42,62,48,53,58,51,,25,11,10,8,8,10,8,9,9,12,13,13,14,11,,22,18,,,14,,19,13,11,10,12,,13,12,,,18,12,20,19,,15,12,19,,14,29,19,19,18,17,20,18,14,,,,,18,,,,,16,12,15,12,22,27,24,19,22,25,,18,,,26,,28,36,31,14,16,11,18,21,,26,24,31,24,40,27,32,32,28,42,18,24,24,17,18,42,18,22,29,21,,22,34,,,17,17,,24,22,31,38,23,,26,35,,,18,17,,62,,58,42,41,48,15,14,,12,13,,20,35,,49,,15,19,15,,16,18,35,39,37,,11,8,10,15,15,13,29,16,48,16,27,28,18,9,30,22,7,10,6,9,18,13,13,12,17,14,18,18,15,16,21,18,27,,14,12,15,10,17,13,21,19,22,32,17,21,26,27,,20,20,22,,18,16,14,18,17,,21,12,23,,18,,15,11,11,18,17,12,15,,,,13,,,,30,,,,12,,20,30,40,,22,,,20,,15,24,24,,20,18,23,16,28,19,,16,,,15,25,25,22,16,41,42,36,32,15,32,24,32,99,72,62,73,67,65,24,24,30,27,48,33,27,30,31,25,23,,28,22,30,27,29,26,37,26,,,,,39,39,,38,28,43,32,24,35,28,26,36,27,21,25,38,44,,38,,,33,39,36,,39,42,,46,25,24,39,22,32,,16,35,48,59,46,51,,140,119,179,33,33,39,42,35,38,,46,33,31,36,35,,,29,,,,,,,,,,,,,,,,,,,,,22,,,,,,,,,,,,,,,,,,,,,,,,,,,,,,,,,,,,,,26,12,17,15,26,14,,13,,,,,,15,16,19,,13,57,55,51,49,57,13,,16,14,39,,,33,29,,28,44,53,,40,,43,41,,,22,51,,,48,46,33,,,27,34,37,37,40,40,41,12,19,10,19,,7,11,8,12,15,9,15,9,13,16,14,14,,20,19,14,,10,8,10,18,21,22,25,21,14,24,22,30,,,14,21,22,20,17,29,,26,35,22,22,36,27,29,27,26,44,,,40,10,22,18,20,18,,18,19,19,,22,19,20,,14,19,12,15,10,17,,,15,17,16,19,12,12,9,14,,11,28,7,27,18,,,12,,13,,,,18,16,17,16,12,13,,10,,18,23,17,20,17,18,21,,20,15,19,,,20,15,9,,39,16,17,,,23,12,18,69,29,10,13,33,31,26,31,23,34,34,33,,38,,,,,,44,27,52,36,26,24,27,33,29,,28,34,38,21,27,27,20,20,16,16,19,,19,,14,,11,49,13,14,,15,14,15,,16,15,16,15,15,,15,17,15,15,17,17,15,,15,13,28,24,20,,12,15,15,32,29,17,16,15,19,20,13,12,,20,23,18,,20,17,,13,19,13,13,,15,14,12,27,26,25,32,,23,33,,33,51,48,30,39,52,20,19,20,13,25,41,32,34,,28,36,20,25,42,14,23,44,37,66,21,29,28,40,28,15,33,25,46,,54,50,29,32,21,20,20,34,44,29,43,41,46,41,47,40,48,59,62,39,24,32,,52,43,34,28,23,,27,27,28,22,45,39,35,38,33,26,29,20,23,26,33,,,,36,40,,32,16,38,34,31,31,,29,34,26,,,,,29,43,46,46,31,28,,52,,29,20,18,19,17,22,26,28,19,42,18,,,,,51,24,24,25,,41,20,,20,12,15,29,41,14,28,13,33,27,37,49,42,43,,45,45,20,31,16,15,28,23,25,,25,13,,19,,,27,25,35,,85,,30,,10,10,15,34,28,26,29,26,30,29,24,18,18,16,,33,28,,25,29,114,,70,73,14,23,186,233,,25,27,27,29,,,36,53,43,,30,41,56,28,27,72,44,,31,,,20,20,28,26,70,66,81,87,11,,31,,27,71,74,111,119,115,108,,,46,51,,27,,30,31,52,28,24,19,14,26,34,14,36,18,15,,35,22,18,16,9,10,19,,13,,17,,26,,40,29,162,25,14,30,20,39,18,26,,,10,13,23,12,,28,30,33,18,,,18,,,9,19,20,12,20,20,19,22,12,20,22,35,35,35,23,,14,13,,33,17,26,32,27,38,47,21,46,,18,19,27,11,15,58,19,18,19,26,17,46,23,24,15,,29,18,57,,,29,54,18,28,24,18,16,19,16,13,27,,32,17,18,57,15,,19,14,22,34,19,24,13,,,39,22,11,18,18,30,21,22,,118,16,,22,22,22,15,14,11,,18,39,31,38,38,25,137,20,14,19,19,20,22,19,21,16,9,39,35,41,41,40,16,22,16,13,9,12,13,20,29,36,24,26,30,18,22,19,20,23,22,51,23,22,20,30,34,28,36,52,13,16,,9,23,14,19,18,14,12,12,11,21,15,16,12,18,16,24,25,,27,24,27,24,45,36,27,32,37,22,39,75,30,,32,39,24,20,14,18,19,19,22,,12,13,13,18,27,32,38,,15,55,26,29,25,31,24,39,,45,29,29,25,15,22,18,14,16,16,50,53,24,14,17,39,38,13,11,16,16,17,14,16,18,11,15,22,18,19,10,25,35,31,52,25,32,36,17,25,37,19,31,21,30,22,21,20,21,36,21,10,14,12,10,14,26,18,17,21,25,11,11,18,16,,16,16,12,,16,11,15,16,34,16,29,45,13,37,27,26,41,33,33,20,10,19,17,16,14,12,16,,17,22,12,,11,18,22,19,30,48,,36,40,28,22,15,19,16,18,35,33,39,57,51,39,23,22,30,25,22,23,,19,,33,22,30,19,29,32,40,19,23,22,,15,13,33,42,32,18,10,15,80,,14,,21,28,30,24,15,14,29,10,,,20,19,32,18,18,,32,13,18,14,15,15,27,32,29,28,24,30,24,42,32,35,43,44,63,,30,21,25,15,21,43,27,26,22,19,28,29,16,30,56,,17,16,11,14,32,29,33,30,17,19,22,24,17,29,97,27,40,21,10,20,28,18,22,,62,13,24,117,36,38,15,43,10,15,10,9,12,51,27,18,17,41,35,28,13,16,25,23,9,10,15,13,38,41,42,20,15,39,23,53,28,,23,20,17,17,29,19,11,14,16,51
20230729,23,PM2.5,14,6,6,,4,10,9,9,8,2,6,10,,,3,,6,8,7,,6,,9,5,,8,6,,13,9,17,2,6,,9,,13,6,,23,1,4,7,15,,6,,2,5,2,,5,13,12,,9,13,,16,16,18,9,8,9,3,7,7,11,,18,8,,4,2,5,,4,8,6,9,22,,10,14,10,20,15,13,,28,21,,,20,27,23,25,21,10,8,,10,4,6,14,12,,9,12,16,16,14,13,14,16,23,18,8,11,10,8,8,6,7,,7,10,5,20,15,15,,14,17,20,,18,14,16,9,5,10,5,6,6,,5,7,3,3,2,5,2,5,5,,5,9,5,12,,8,8,7,10,10,8,1,7,2,1,,7,,,,5,6,,10,5,6,,,,8,,2,7,9,2,14,5,7,2,9,,,,8,7,,10,8,11,7,7,,7,9,8,5,8,,7,5,,7,,,11,,11,9,,12,14,12,,11,13,10,10,4,8,4,,,5,6,7,15,13,16,13,,8,,,11,,6,10,,3,5,10,3,3,4,,9,9,10,11,10,5,7,8,5,12,9,2,5,7,9,5,,5,3,,4,8,14,9,9,4,6,12,7,7,,6,15,23,,10,5,2,10,,7,5,10,10,12,,,7,7,2,9,5,10,8,,3,2,5,6,4,1,2,5,2,10,6,7,12,5,,10,9,52,12,19,20,14,6,19,,24,16,2,12,,9,15,10,12,10,23,10,15,17,9,16,16,10,8,,8,8,8,10,19,9,14,5,11,14,13,9,,10,10,7,10,15,12,8,12,11,11,9,,,16,15,12,13,11,12,12,11,11,13,9,12,20,21,22,24,21,23,21,22,,14,16,16,15,5,,22,23,19,17,25,12,17,,,31,24,24,20,28,,14,4,14,17,,,12,16,,24,4,9,9,,14,19,14,,10,15,24,20,35,23,8,7,5,8,10,6,30,14,32,18,17,28,31,13,,20,,16,18,,28,,29,21,,,,,12,,,,25,19,15,21,107,10,11,,6,19,15,17,16,26,19,19,19,17,17,17,8,13,12,7,,15,21,21,24,19,19,12,19,14,,17,7,6,3,2,7,5,6,6,3,9,5,3,3,6,15,7,5,,7,,8,9,7,3,7,,9,1,,,11,2,11,7,,6,7,12,,7,5,,5,10,9,14,12,8,5,,,,12,,,2,,9,6,6,7,7,7,6,5,15,17,,12,,,11,,7,25,15,8,5,4,7,7,,12,13,17,12,25,16,17,22,5,29,12,11,10,8,6,29,12,15,12,14,,6,10,6,,8,9,,11,11,11,9,16,,15,16,,,,5,,44,,31,22,20,23,,,,2,4,,14,16,,34,,7,7,9,,1,10,17,23,12,,4,4,4,4,2,5,6,5,12,7,7,5,,2,20,10,4,5,3,6,7,7,4,6,7,9,9,8,10,8,14,3,5,,6,8,10,6,11,5,10,6,15,13,7,14,14,14,,14,11,11,,12,6,6,6,3,,11,7,1,,12,,10,4,7,12,7,,5,,,,9,,,,21,,,,6,2,2,13,15,,13,,9,7,7,5,16,7,,14,12,7,5,19,10,,11,,,1,17,17,15,11,19,23,24,22,6,2,9,17,74,52,36,53,48,47,4,5,16,14,19,23,14,19,20,15,15,,10,9,16,16,18,10,13,14,,,,,19,22,,26,19,30,10,9,24,15,13,25,13,13,17,16,16,,20,,,23,27,21,,18,21,,25,8,9,20,14,22,24,11,16,31,42,32,27,,48,58,66,10,12,13,19,5,26,,14,1,4,12,6,,,10,,,,,9,,,,,,,,,,,,,,,,12,,,,,,,,,,,,,,,,,,,,,,,,,,,,,,,,,,,,,,16,3,2,5,10,5,,,,,,14,,,2,5,,5,36,32,33,34,38,5,,11,6,15,,,23,20,,19,29,14,,13,,15,27,,,10,19,,,24,12,17,,,10,10,14,10,20,12,15,,2,3,13,10,2,3,5,8,8,2,3,6,,6,1,8,,14,13,6,,7,2,5,6,14,15,10,,3,8,3,9,,,9,10,7,6,9,4,,6,8,,4,9,4,6,3,4,1,,,12,6,5,5,4,5,,9,4,6,,9,12,3,,7,13,6,10,4,6,15,,4,6,6,4,2,1,5,4,,7,4,3,7,6,4,,1,,9,,,,,8,2,11,1,2,,4,,9,10,8,13,11,5,8,16,14,10,13,8,3,6,9,6,12,27,9,9,6,,14,8,10,50,20,2,8,23,17,12,20,16,22,13,20,,26,2,6,3,5,,28,14,18,22,15,14,16,17,15,,18,22,21,13,12,12,12,14,2,9,10,,13,,2,,1,34,5,1,,2,4,2,,3,5,10,2,4,,7,6,6,7,4,5,,,5,4,19,8,5,,3,,2,17,20,10,10,6,12,8,2,,,7,14,12,,11,5,,9,6,7,9,,10,7,7,13,14,17,11,,16,23,,23,31,26,21,26,4,5,7,7,4,16,28,20,20,24,12,22,13,13,23,4,13,24,15,25,9,16,12,4,19,10,18,15,32,29,38,35,10,12,5,7,8,14,28,20,27,17,18,20,20,24,26,39,44,27,16,22,,36,24,21,9,4,,9,11,9,14,14,27,24,21,23,18,20,12,12,12,9,,,,23,21,,22,3,5,5,14,7,,19,20,18,,,,,6,17,12,21,17,13,,22,,9,9,5,4,9,10,18,19,10,14,12,,,,,15,9,13,17,,14,14,,14,2,10,18,25,6,17,6,22,8,13,34,29,25,,30,31,10,15,10,10,18,16,17,,17,8,,6,,,2,5,18,,42,,1,,,6,10,13,15,18,11,13,13,13,5,4,6,6,,8,5,,16,10,46,,29,32,7,9,72,71,,7,8,17,20,,,25,20,30,,18,9,20,13,8,52,14,,18,,,8,6,7,3,8,7,29,24,4,,15,,12,24,29,63,47,60,38,,,19,24,,10,,,13,12,14,12,12,,10,21,8,3,12,,,11,10,9,8,6,6,11,,2,,7,2,15,51,21,12,66,9,4,9,11,23,12,6,,,6,5,8,6,,16,9,9,12,,10,7,,,5,5,5,7,2,2,10,7,5,6,9,17,13,11,14,,2,3,,10,8,17,22,,19,28,7,32,,7,9,12,5,,32,13,12,9,17,2,7,16,6,7,16,20,7,19,,24,4,25,3,14,9,7,8,10,4,7,12,,15,6,8,25,8,,5,5,9,18,6,10,8,,,20,9,4,12,10,,14,9,2,47,11,18,15,15,9,10,6,,,5,26,8,25,7,4,44,8,4,4,8,6,9,8,6,5,4,27,19,7,19,28,11,7,8,9,5,6,9,6,20,19,13,10,10,10,11,12,9,13,1,15,14,9,14,7,8,18,16,20,2,11,,5,15,8,7,9,4,3,5,5,12,3,2,,12,11,2,15,,8,12,14,11,24,17,16,22,23,10,27,28,14,,22,27,14,9,7,9,5,12,6,,5,9,8,,14,22,21,,10,23,12,7,17,18,9,27,,31,9,19,17,9,15,10,7,8,6,9,15,5,4,4,22,21,7,3,9,9,9,2,6,8,6,7,3,6,7,7,7,6,10,14,11,19,20,7,15,19,9,14,10,12,8,9,8,7,1,10,1,3,,7,9,13,2,4,14,11,4,4,12,4,,3,1,3,5,11,4,3,3,21,11,20,31,6,18,18,18,19,20,23,7,7,2,5,5,3,2,11,6,10,9,2,,3,8,7,6,2,20,,14,22,19,12,6,8,10,9,24,17,27,40,32,25,14,14,12,10,10,11,,6,,23,8,18,12,17,12,28,13,15,10,,8,6,22,25,22,6,2,4,44,,2,3,14,9,21,16,8,5,2,1,,4,14,13,6,12,12,5,4,9,12,,4,,18,22,6,19,2,16,13,28,17,13,10,2,36,,21,8,17,6,2,18,10,14,9,9,16,16,9,14,27,,10,6,6,4,5,20,21,7,5,5,8,7,,12,4,18,28,14,2,12,10,9,12,,11,9,10,43,25,26,2,17,2,9,4,5,8,21,7,5,7,16,8,8,6,11,17,8,4,7,7,3,26,24,26,3,2,10,9,37,10,5,16,14,9,2,14,9,7,9,11,12
20230729,23,PM2.5_24h,23,14,19,17,20,21,15,17,14,23,17,18,,,4,,5,6,7,,6,,2,3,,3,7,,21,25,26,14,16,18,9,,12,15,,20,7,5,9,14,,11,,8,6,5,15,13,14,15,,27,12,,18,20,19,16,14,14,14,14,19,22,,24,9,5,10,12,12,,10,14,12,14,28,,18,26,28,26,25,22,,15,14,,,14,17,16,16,20,12,11,,10,6,11,13,13,,13,3,8,6,5,6,4,5,7,7,4,12,12,11,10,11,9,10,11,12,11,17,12,11,14,13,14,19,,15,12,19,13,6,10,6,5,6,,5,7,5,8,2,3,1,2,4,2,7,6,5,19,,8,7,7,9,8,8,2,6,3,2,,4,,,,9,11,,10,11,11,,,,9,,5,6,7,4,6,8,6,3,7,,,,6,7,,7,9,9,8,7,,8,7,7,3,5,7,7,11,,10,,7,10,,8,8,,8,10,10,,11,8,8,8,7,6,5,,,4,4,4,13,11,10,12,,7,,,11,,4,7,,12,9,11,5,5,6,,7,8,8,8,8,5,7,4,6,9,10,3,8,10,4,6,4,8,2,,,2,3,3,10,6,6,8,7,4,,8,8,12,,9,9,5,8,,7,6,12,12,13,,,8,6,5,8,8,8,9,,5,4,7,5,6,15,4,6,4,9,6,11,12,6,,7,5,12,10,13,13,8,5,11,29,13,10,3,22,,19,21,20,17,17,20,19,19,15,13,22,16,12,14,,8,13,12,13,17,14,18,8,15,18,17,16,,13,20,26,18,16,19,15,15,13,18,13,,,20,19,16,18,12,13,16,15,18,20,19,18,28,26,27,28,26,25,26,33,,16,19,16,16,12,,22,26,18,15,20,11,13,,,21,22,21,16,17,,12,13,16,13,,,18,13,6,18,8,10,6,11,18,13,7,,14,33,15,15,20,16,8,6,6,6,7,6,19,13,49,11,19,16,22,9,,22,,10,14,,17,,21,19,,,,,12,,,,18,18,19,29,100,25,16,,27,12,10,13,13,12,13,10,11,14,14,17,9,10,6,13,,22,20,18,18,16,19,15,16,19,,7,6,5,10,8,10,11,6,6,3,10,7,8,7,5,11,7,6,,7,,10,8,7,5,11,,11,7,,,13,9,10,7,,5,8,9,,8,4,2,5,10,6,8,9,6,5,,,,8,,,8,,8,6,8,6,7,9,6,5,7,10,,10,,,17,,15,23,21,9,9,8,12,11,,23,22,23,19,27,20,26,28,17,28,10,11,11,10,10,19,9,10,13,19,,13,19,19,,14,13,,11,12,10,11,14,,17,12,,,5,12,,26,,22,19,16,21,6,8,,9,10,,45,31,,44,,18,19,18,,22,18,10,12,10,,6,6,7,9,8,6,6,12,12,8,9,8,8,6,9,14,6,5,11,12,7,9,8,9,8,9,9,8,10,8,12,4,6,,7,9,10,10,7,6,18,10,19,13,8,9,9,9,,10,9,10,,10,7,7,6,4,,6,6,4,,12,,11,7,9,12,8,3,6,,,,9,,4,,5,,9,,7,5,3,18,19,,19,,7,10,6,5,10,11,,15,10,6,7,13,8,,12,,,7,12,10,13,10,16,20,19,15,7,4,10,15,41,32,33,31,30,31,7,7,10,10,16,14,14,15,17,16,15,,14,9,14,20,8,7,7,4,,,,,13,13,,14,13,14,12,11,15,16,10,14,10,12,10,11,13,,19,23,,15,17,19,,16,18,,19,5,4,10,7,10,15,4,14,32,35,30,39,,19,22,50,9,15,11,13,4,10,,15,8,12,13,12,,,10,,,,,7,,,,,,,,,,,,,,,,5,,,,,,,,,,,,,,,,,,,,,,,,,,,,,,,,,,,,,,13,2,3,8,10,7,1,3,1,,,9,12,10,11,8,,17,26,29,22,26,28,16,,23,20,36,,,37,36,,28,30,17,,17,,14,16,,,24,15,,,16,15,22,,,12,12,11,7,15,10,13,12,9,6,18,14,5,7,7,10,11,9,11,12,10,13,3,13,,13,16,7,,4,2,6,6,16,14,5,7,7,12,3,10,,,8,8,9,9,8,11,10,6,7,5,11,15,9,10,10,10,10,,,13,7,9,8,12,13,,9,5,5,,9,9,4,,9,8,5,11,5,8,10,,4,8,5,5,6,4,6,5,,6,5,5,6,5,4,,3,,7,,,,1,2,3,8,5,3,,5,,7,6,6,6,5,4,6,29,10,10,11,7,3,4,10,6,13,12,8,9,4,,7,6,10,34,10,5,5,15,14,14,13,11,15,12,16,,8,7,7,8,9,,15,11,15,15,15,18,14,17,12,,13,16,16,10,11,9,10,7,8,8,6,,10,5,8,,2,2,6,9,,7,8,5,,5,6,13,5,6,,6,6,8,6,7,6,5,,6,7,11,4,7,,5,3,6,12,13,7,10,4,13,7,2,1,,8,25,11,,8,5,,10,6,9,5,,10,8,9,16,12,12,15,,15,18,12,17,16,8,18,17,6,10,9,9,6,14,18,16,19,19,15,25,19,25,26,6,14,17,14,15,8,15,16,13,14,9,9,10,32,27,31,31,14,16,12,9,14,15,26,23,24,19,20,18,20,16,18,17,21,26,20,21,,35,22,22,7,6,,4,8,6,10,6,16,17,10,15,23,19,14,20,10,5,,,,22,17,,19,6,5,7,10,7,,11,12,12,,,,,7,6,8,9,6,10,,15,,7,11,7,6,10,10,15,10,8,7,10,,,,,10,6,8,9,14,7,12,,11,5,7,12,17,6,11,6,14,10,13,19,23,19,,24,28,20,20,9,6,10,6,14,,11,8,,9,4,,5,5,5,,14,,2,,2,4,6,11,9,13,14,15,13,32,7,10,9,8,,8,5,,7,8,21,,18,26,6,6,50,52,,8,6,12,13,,,16,12,23,,16,9,14,17,3,14,8,,8,,,5,3,3,2,51,53,27,29,6,,26,9,12,24,29,48,38,50,40,,,13,13,,8,,5,22,21,25,10,8,6,16,3,5,3,24,13,,20,9,10,8,6,6,8,,4,,5,9,15,23,9,12,60,8,5,10,12,19,9,8,,,16,6,8,5,,12,13,12,11,,9,4,,,7,4,4,9,9,6,11,6,5,5,10,19,16,15,31,,4,10,,21,10,13,13,16,24,17,9,22,,8,6,4,5,2,24,7,27,6,11,3,5,13,11,5,8,10,8,10,,20,5,17,5,10,11,10,12,12,4,6,13,2,15,9,8,16,6,,6,5,5,15,8,10,9,,,19,6,15,8,9,1,9,9,10,18,11,11,12,24,6,9,10,2,,7,17,11,16,8,4,39,7,6,5,7,8,7,6,5,5,14,22,17,8,17,19,11,8,8,7,4,10,9,8,15,21,21,25,16,18,18,16,16,18,9,15,18,17,15,13,19,21,15,14,5,14,,5,10,7,6,8,5,3,4,6,4,5,7,4,12,12,9,13,12,8,13,15,10,21,12,15,26,24,10,17,12,22,,20,13,22,8,6,11,7,4,5,,6,13,12,2,11,19,17,,6,11,11,11,13,21,10,25,27,22,14,19,22,6,9,9,6,6,4,3,12,7,17,12,20,16,6,3,9,7,10,6,6,7,7,6,4,11,7,8,20,18,19,28,30,22,16,7,12,18,14,11,14,19,17,15,15,12,25,26,4,5,10,18,20,3,4,5,9,6,8,8,8,6,8,5,5,5,8,7,6,8,12,11,11,11,16,15,17,11,20,6,13,13,10,5,5,5,6,7,6,5,9,5,8,4,,11,10,10,4,5,17,13,9,11,20,8,5,7,5,7,17,15,19,25,26,15,8,9,16,9,11,10,,5,11,10,7,23,12,20,8,18,11,9,8,9,7,10,22,20,14,16,14,10,32,17,8,21,9,16,13,17,19,12,15,10,9,17,19,19,13,18,17,6,2,8,12,1,6,7,31,20,10,15,6,24,22,17,27,10,6,17,38,22,10,9,29,19,11,17,16,15,8,13,20,20,7,17,22,,9,5,7,6,6,13,11,7,5,2,11,4,6,6,6,21,23,12,2,10,9,8,9,,6,6,11,35,34,35,7,31,11,14,25,15,20,18,8,7,11,20,6,6,9,6,17,11,14,14,15,14,15,16,7,7,7,18,11,34,10,4,14,9,5,1,14,9,9,6,6,15
20230729,23,PM10,14,13,7,2,11,11,16,10,13,7,7,11,,,9,,11,16,14,,11,,20,13,,16,8,,3,16,11,6,14,8,5,,22,13,,21,4,4,4,19,,17,,7,5,2,5,10,11,30,,8,18,,27,16,36,22,14,19,7,10,22,17,,23,,10,16,12,4,,4,9,9,6,27,,15,22,17,28,21,21,,39,31,,,40,41,51,52,25,24,21,,18,15,23,28,20,,20,17,19,18,20,16,13,25,20,16,11,19,22,16,16,22,14,,25,13,19,25,40,75,,44,48,40,52,48,54,43,49,19,18,17,16,18,,19,18,18,18,8,7,7,9,9,13,19,8,9,22,,18,18,20,18,19,16,10,10,11,7,10,19,,,,5,9,,22,5,2,,,,17,,14,13,16,9,34,7,14,19,15,,,,17,16,,23,15,,14,12,,17,12,17,17,7,14,14,12,,17,,19,19,,26,24,,19,22,18,,21,30,24,34,5,10,8,,,15,9,14,31,31,38,40,,26,,,20,,18,13,,6,21,22,15,14,17,,27,28,18,20,21,20,20,19,14,19,12,2,9,19,24,5,9,7,12,,22,20,23,21,,11,24,18,17,14,,14,21,16,,17,12,12,12,,19,17,12,7,14,,,24,24,22,27,19,24,11,13,10,10,8,13,,10,12,10,18,16,15,21,17,13,,14,12,31,22,34,22,27,36,20,19,22,21,8,26,,21,29,17,33,20,47,21,27,26,23,19,54,23,18,,18,14,24,22,19,16,19,18,19,17,29,8,,34,7,10,16,,16,13,24,32,7,23,,,27,32,28,20,18,20,25,11,19,23,9,16,24,35,32,18,28,36,21,42,,30,29,27,30,16,,36,34,39,31,45,31,12,,,42,30,62,47,31,,20,18,26,25,,,30,25,17,46,24,12,27,,22,22,24,,14,16,52,41,59,57,18,11,15,18,16,27,53,24,36,26,30,54,45,29,,44,,45,40,,40,,41,30,,,,,8,,,,29,37,31,48,29,42,38,,14,34,27,37,36,52,44,38,37,39,40,22,12,36,33,32,,50,44,35,42,73,48,56,66,51,,15,11,8,5,5,8,7,8,9,9,4,7,14,8,,19,18,,,5,,19,9,5,9,9,,11,,,,18,12,20,19,,12,12,19,,14,29,19,19,14,17,17,14,14,22,,,,17,,,7,,13,12,5,12,22,27,24,19,20,20,,14,,,16,,16,24,31,14,16,10,17,21,,26,19,31,22,40,21,29,29,27,36,16,24,24,16,18,32,11,20,29,20,,20,6,11,,17,14,,24,22,31,38,23,,26,35,,,5,3,,47,,66,42,41,48,6,2,,4,10,,18,35,,40,,5,19,8,,8,11,28,39,31,,11,6,10,15,10,13,16,16,48,16,27,28,18,,30,22,6,10,2,7,18,13,13,12,17,14,18,18,14,9,21,18,27,,3,11,6,10,17,13,11,19,9,32,17,21,26,27,,13,20,22,,11,7,10,13,12,,9,12,4,,8,,8,,10,8,12,8,,,,,11,,10,,10,,,,7,7,20,30,40,,22,,19,12,9,15,24,24,,18,16,23,16,13,19,,9,,,9,24,19,19,8,41,42,36,27,15,32,12,32,73,80,74,81,77,58,13,8,21,24,48,33,27,30,31,25,23,,28,22,30,27,29,26,37,26,,,,,23,39,,30,10,29,32,22,30,28,26,25,27,21,23,38,44,,38,,,33,36,36,,39,42,,46,25,24,39,22,32,32,10,35,48,48,39,51,,229,188,307,28,20,39,42,23,26,,46,21,31,36,15,,,29,,,,,27,,,,,,,,,,,,,,,,22,,,,,,,,,,,,,,,,,,,,,,,,,,,,,,,,,,,,,,26,12,17,15,26,7,,3,2,,,22,13,15,12,16,,7,64,60,51,48,64,,,2,3,39,,,25,28,,21,44,56,,40,,43,30,,,22,51,,,48,44,33,,,27,34,22,28,26,25,20,12,19,7,18,10,7,11,8,11,15,6,15,8,13,4,14,11,,11,4,14,,10,2,10,18,21,20,2,21,14,24,22,30,,,14,10,9,13,8,15,5,13,18,13,11,36,6,8,10,10,4,,,14,9,22,2,11,7,,18,17,12,,22,19,19,,8,14,3,12,10,6,5,,6,10,10,19,12,10,9,11,,11,28,3,27,18,7,,3,,1,,,,5,4,3,1,7,12,,10,,18,23,17,20,17,18,21,10,12,8,16,13,,20,15,8,23,21,16,17,13,,23,8,18,48,19,10,13,25,29,26,31,20,34,34,33,,15,,,,,,44,27,54,36,26,24,27,33,29,,28,34,38,21,27,27,20,20,16,16,19,,2,2,2,,11,6,13,4,,2,8,4,,5,2,8,5,2,,11,14,7,8,5,17,7,,12,9,3,24,20,,7,15,8,32,24,17,13,11,15,19,13,12,,18,16,13,,20,17,,12,13,7,12,,14,14,12,27,26,25,32,29,22,28,32,32,52,48,26,39,53,14,19,15,,25,41,32,34,15,28,36,19,25,42,14,23,44,37,81,21,29,28,40,18,15,33,25,45,32,29,20,29,32,19,17,19,34,44,19,43,41,46,41,47,40,48,67,66,27,24,32,,50,43,34,11,22,,12,27,28,15,45,31,34,38,31,20,28,20,19,26,33,,,,36,40,,28,16,38,34,31,31,,29,34,26,,,,,24,43,46,46,31,28,,53,,29,17,16,15,17,18,19,21,19,42,17,,,,,51,24,24,22,,41,18,,19,12,14,29,41,10,28,12,33,27,37,43,27,43,,45,42,20,31,16,10,28,18,19,,23,13,,12,,,5,9,35,,120,,1,,3,10,14,34,28,26,18,25,22,17,8,11,18,16,,29,15,,16,26,178,,90,96,14,23,322,373,,20,11,24,28,,,34,55,37,,30,41,61,28,27,32,44,,27,,,17,20,17,9,89,82,111,123,6,,31,,26,91,97,171,187,180,165,,,46,51,,15,,21,31,54,28,24,19,4,26,34,14,7,18,,,35,22,18,16,9,1,19,,5,,17,5,26,41,40,29,273,22,6,30,20,39,13,5,,,8,13,23,12,,24,15,33,12,,,18,,,9,19,20,12,5,7,19,22,12,20,21,35,35,35,23,,7,4,,16,14,26,30,5,38,47,21,44,34,18,19,27,7,6,65,17,12,19,26,17,46,19,15,15,24,18,18,63,,18,29,35,10,17,24,18,16,12,,7,27,19,32,13,18,63,6,,11,6,22,34,10,24,13,,,39,22,4,11,18,10,21,22,7,186,5,35,14,21,22,7,2,11,,18,39,27,34,38,25,224,20,14,19,19,20,22,19,21,16,8,32,35,30,41,30,14,12,16,9,9,12,11,20,28,36,24,26,30,18,22,19,20,14,15,51,23,22,14,30,14,28,36,53,,16,,8,23,9,4,17,4,12,12,5,21,5,,10,4,9,11,7,3,7,24,27,24,45,36,27,32,37,22,39,99,30,,24,34,16,20,14,15,19,19,22,,12,9,13,,24,30,38,,8,59,26,29,19,31,17,22,108,44,29,29,24,15,20,18,14,16,13,50,56,24,7,17,31,38,12,7,16,16,17,14,16,18,10,15,22,18,19,9,14,35,31,54,23,9,36,17,25,37,19,31,21,24,12,13,16,12,6,21,6,4,12,10,14,26,8,17,21,25,5,5,15,9,,4,6,2,,8,11,15,13,34,15,18,33,13,24,17,25,41,33,33,20,5,19,17,16,13,12,12,,17,22,12,,6,18,22,19,18,48,,36,40,20,22,15,19,16,18,27,33,38,61,52,39,23,22,30,25,22,23,,19,,19,13,30,19,29,32,38,12,23,22,19,15,9,33,42,28,16,10,4,110,5,9,,20,28,18,24,4,4,29,4,8,18,6,14,32,14,17,4,32,13,11,6,3,5,27,23,29,27,24,30,24,42,32,35,43,44,75,56,25,14,22,9,21,41,12,26,22,19,28,29,16,30,61,,17,15,7,14,11,28,33,30,17,19,22,24,3,28,143,27,36,20,7,20,28,18,22,,74,9,24,184,36,27,4,43,4,15,6,9,11,51,27,12,17,28,12,28,13,13,11,4,8,9,15,4,31,41,22,16,2,39,23,46,28,10,18,17,17,10,29,19,9,14,12,51
20230729,23,PM10_24h,36,26,33,33,19,33,32,29,26,28,28,30,,,10,,9,16,10,,9,,7,6,,6,9,,32,42,26,25,30,31,19,,22,22,,24,17,9,16,21,,22,,16,13,11,23,31,34,43,,30,27,,38,33,37,32,31,31,31,30,36,27,,39,9,13,16,21,20,,20,15,20,16,34,,29,39,48,40,36,39,,27,26,,,29,29,38,36,28,29,26,,26,18,26,27,21,,21,9,10,12,9,18,9,5,8,15,11,28,26,26,25,27,17,17,27,30,22,26,36,34,44,42,44,43,49,48,38,44,51,20,23,19,11,21,,18,21,19,22,11,11,14,10,10,12,19,10,11,26,,16,17,16,16,16,15,11,11,12,6,10,20,,,,21,22,,32,15,14,,,,18,,14,16,14,9,19,11,13,11,16,,,,17,12,,17,17,19,15,14,,16,13,16,17,16,16,20,16,,22,,17,20,,19,18,,15,15,14,,17,25,17,17,12,12,9,,,9,9,12,21,23,23,37,,16,,,15,,14,13,,19,23,23,20,16,21,,17,17,17,15,14,13,17,13,12,11,13,6,13,14,16,10,10,13,7,,7,11,10,11,,15,22,10,6,5,,7,7,19,,12,15,16,15,,19,19,17,16,15,,,26,20,22,28,20,18,9,8,8,8,11,11,12,10,14,13,15,16,15,17,15,12,,21,11,14,14,21,13,26,20,11,15,15,24,22,34,,38,39,29,43,35,42,28,28,25,32,26,39,23,23,,18,28,27,26,23,19,24,19,27,28,38,28,,27,37,38,21,29,20,21,24,26,23,23,,,36,34,34,34,29,36,25,25,31,30,26,24,44,41,42,36,35,42,41,51,,30,32,32,28,22,,32,30,25,28,31,21,21,,,35,31,38,34,24,,24,25,29,28,,,31,19,23,22,23,15,26,29,27,23,26,,24,60,23,24,29,27,13,13,10,10,14,16,29,24,32,20,29,24,33,20,,52,,21,25,,37,,31,29,,,,,12,,,,26,29,88,87,78,93,82,,92,25,18,24,26,27,25,26,25,26,25,30,15,27,20,32,,38,34,35,32,52,45,41,38,53,,14,13,12,12,12,10,15,12,12,10,12,13,17,15,14,15,16,,,8,,20,11,9,15,15,,11,13,,,15,15,18,13,,11,12,9,,17,23,17,17,15,12,14,11,11,13,,,,15,,,20,,19,13,8,15,20,22,25,9,9,14,,12,,,30,,28,36,33,14,13,17,15,14,,41,34,36,31,44,28,36,36,32,38,19,21,23,16,18,40,13,26,26,26,,28,30,32,,18,18,,23,21,23,20,24,,35,19,,,15,15,,33,,42,36,41,44,13,14,,11,13,,55,61,,66,,26,35,41,,34,34,23,27,22,,15,13,17,23,16,15,18,33,25,17,23,17,25,12,20,26,12,13,21,17,18,16,24,25,12,14,17,19,16,12,22,15,28,,14,10,8,13,11,18,26,18,19,30,21,15,16,24,,16,21,20,,6,13,11,12,10,,12,13,5,,12,,16,7,14,12,13,11,9,,,,14,,14,,15,,7,,10,8,18,29,58,,30,,22,16,18,20,16,18,,16,13,17,11,13,13,,18,,,8,21,17,23,19,33,35,31,28,14,30,17,26,41,50,54,53,56,44,17,17,15,16,23,22,24,27,27,32,24,,32,20,26,29,15,22,19,15,,,,,14,28,,17,18,24,24,19,25,22,20,21,21,24,13,29,24,,32,33,,25,24,35,,27,30,,31,10,13,18,16,16,17,10,15,56,43,41,51,,93,67,179,18,26,24,23,11,12,,50,12,45,46,57,,,26,,,,,23,,,,,,,,,,,,,,,,13,,,,,,,,,,,,,,,,,,,,,,,,,,,,,,,,,,,,,,20,12,14,16,18,11,14,13,10,,,13,25,34,22,20,,20,49,65,42,49,58,24,,29,35,58,,,47,54,,38,33,32,,29,,41,32,,,34,24,,,29,34,38,,,17,17,26,22,22,23,15,26,32,14,27,26,12,17,13,24,27,23,28,23,28,35,26,28,,25,22,13,,10,5,29,33,27,19,12,17,14,42,17,23,,,15,14,10,17,10,22,23,11,11,21,13,35,12,15,19,18,14,,,22,10,19,2,22,20,,11,19,17,,15,17,16,,13,15,10,18,13,14,15,,11,14,14,20,12,11,7,10,,10,20,10,15,17,8,,6,,6,,,,5,7,5,7,11,14,,9,,15,17,11,15,17,17,17,8,17,16,16,17,,11,11,12,22,18,16,16,10,,12,9,11,30,13,23,6,21,24,23,21,15,29,32,26,,11,18,21,30,20,,27,22,28,28,30,27,27,27,23,,23,28,29,21,20,32,17,18,21,17,17,,5,8,6,,13,10,16,10,,10,11,11,,11,10,14,7,6,,12,13,10,9,12,14,11,,14,11,9,24,29,,20,22,13,26,21,19,17,16,14,17,13,17,,19,18,19,,7,10,,18,12,9,9,,14,11,12,35,21,25,33,27,26,30,27,22,33,24,35,29,21,14,21,16,16,27,27,31,27,27,16,32,25,29,40,16,20,27,32,31,24,30,28,23,20,16,23,22,53,52,57,60,31,31,26,21,25,43,43,32,33,37,38,30,45,29,32,33,39,37,33,35,,56,33,33,16,15,,12,18,20,23,21,14,16,23,24,27,31,22,33,17,20,,,,25,29,,28,22,24,24,25,28,,20,20,21,,,,,18,16,16,19,17,24,,19,,14,14,21,16,18,26,19,12,17,23,10,,,,,24,18,13,11,29,16,18,,16,12,15,20,21,11,16,7,30,23,21,25,27,32,,25,36,26,29,20,11,15,10,24,,21,14,,14,8,,7,12,12,,44,,5,,6,8,17,27,24,23,25,21,22,29,13,24,24,17,,23,20,,13,19,58,,65,76,10,19,195,202,,15,11,21,22,,,24,26,35,,27,20,21,33,9,21,21,,19,,,24,11,7,6,199,170,132,137,20,,88,40,35,66,71,148,183,182,169,,,31,27,,25,,35,69,71,105,20,14,13,32,8,8,5,33,22,,31,21,18,18,9,8,15,,9,,13,12,30,24,23,25,184,27,11,33,22,28,12,13,,,34,9,20,9,,27,22,30,16,,10,10,,,20,16,20,18,15,14,20,23,15,16,17,40,24,30,53,,9,11,,37,18,20,19,69,35,25,17,32,31,23,13,14,7,8,46,12,38,14,14,15,20,14,15,8,12,12,12,30,,36,14,30,18,20,24,21,20,17,10,18,26,27,26,16,19,33,15,,16,9,15,25,12,17,15,,,29,22,16,9,17,6,16,25,12,56,8,34,15,38,12,13,10,10,,12,29,31,32,28,23,130,19,21,18,20,21,16,18,20,21,25,31,27,34,39,29,17,16,15,9,11,20,17,18,22,39,36,45,37,32,30,24,27,25,17,35,30,28,16,29,32,34,36,37,5,20,,8,13,8,12,15,6,10,10,9,8,19,11,14,11,13,17,12,14,6,16,18,21,31,27,20,30,33,13,25,22,32,,25,17,27,19,13,14,16,12,19,,11,15,12,11,18,26,24,,10,39,22,16,16,30,15,35,47,35,28,39,34,11,19,13,9,11,13,33,25,17,28,28,38,33,13,8,12,16,17,13,16,16,11,14,14,25,17,18,91,91,79,100,103,66,24,12,19,31,26,22,22,31,23,25,25,18,36,38,22,5,15,24,30,8,12,16,12,13,14,14,15,6,13,8,8,9,16,13,11,22,32,22,11,26,23,22,25,17,27,19,22,19,21,11,17,13,20,17,13,13,16,8,22,9,,17,13,16,13,14,27,5,20,16,30,13,14,14,13,13,22,24,33,36,43,25,11,16,34,27,21,20,,19,19,22,15,21,18,31,20,24,10,13,15,15,14,17,49,34,25,27,17,12,67,33,32,38,13,28,25,27,21,10,46,26,31,50,49,47,54,32,43,10,9,13,16,7,6,10,34,23,22,18,24,40,33,26,34,25,20,87,89,75,16,18,43,29,24,43,31,27,17,24,34,34,26,29,43,,16,21,10,16,16,23,26,20,12,11,12,16,18,16,25,33,24,21,16,11,35,15,18,,25,11,26,151,62,51,13,57,25,29,43,28,34,41,27,19,18,33,18,14,16,11,20,16,24,23,32,26,39,29,19,22,9,39,26,41,23,9,25,16,8,7,26,13,15,13,14,41
20230729,23,SO2,3,3,3,3,3,3,1,3,3,3,3,3,,,5,,2,4,5,,4,,3,3,,3,2,,2,3,3,3,2,1,6,,3,3,,3,3,4,2,5,,4,,2,3,1,8,5,6,8,,7,,,1,3,9,6,6,8,7,4,3,1,,4,4,6,1,4,2,,6,4,4,4,5,,3,4,2,4,2,5,,5,6,,,7,6,6,6,8,8,8,,6,6,10,8,8,,9,4,4,7,4,7,5,3,6,5,6,4,3,4,5,3,5,,4,3,2,8,5,5,,6,7,5,5,3,4,6,7,4,8,6,3,4,,2,6,7,5,4,4,3,7,3,6,4,6,8,5,,6,8,8,7,9,6,8,9,6,5,5,3,,,,5,8,,6,8,4,,,,6,,3,5,9,5,10,5,9,5,6,,,,6,4,,3,2,6,3,6,,7,6,8,5,6,8,5,3,,5,,7,7,,6,3,,6,5,6,,6,5,5,5,2,4,7,,,2,4,4,5,6,5,5,,4,,,3,,7,3,,4,2,3,5,4,4,,2,3,4,8,3,5,5,4,5,4,4,3,5,5,8,8,7,8,2,,4,3,3,3,1,1,2,10,11,7,,6,6,12,,8,5,6,5,,5,7,,6,5,,,4,6,6,6,4,5,1,1,3,2,1,1,3,2,3,6,7,7,4,6,5,5,,6,6,4,4,4,1,4,2,4,1,1,5,3,3,,5,5,8,6,6,6,6,8,3,5,5,4,4,6,,5,6,5,6,4,7,4,4,4,7,5,5,,5,4,4,5,6,6,10,5,5,3,5,,,9,7,5,4,5,4,6,5,7,11,4,8,4,5,6,5,5,5,5,2,,6,5,7,6,7,,5,6,4,6,6,5,5,,,6,8,5,4,4,,3,3,2,1,,,3,3,5,4,2,5,3,5,4,6,2,,5,6,8,11,8,6,6,13,8,11,10,10,8,5,3,6,6,7,2,4,,4,,4,7,,4,,3,5,,,,,4,,,,7,9,5,9,16,4,4,,5,10,4,11,10,6,13,4,6,12,15,1,6,4,7,10,,33,6,34,9,6,8,12,9,7,,6,5,4,1,4,7,3,4,2,4,1,5,1,2,9,7,8,3,,4,,4,2,5,1,6,,6,2,,,6,1,3,13,,8,6,6,,8,10,7,9,7,9,3,4,4,12,,,,11,,,5,,5,7,7,7,5,8,6,3,5,4,,4,,,25,,14,8,9,4,4,8,3,7,,6,8,5,7,5,4,6,4,4,5,2,2,3,7,4,6,4,5,4,6,,5,3,6,,4,4,,9,7,5,5,4,,8,5,,,4,4,,4,,7,6,8,8,7,10,,5,8,,8,6,,7,,7,6,6,,8,6,12,12,15,,6,5,4,5,1,3,4,1,9,14,7,9,11,4,3,6,5,6,6,5,5,25,3,3,6,6,7,6,4,6,5,5,8,,6,5,4,4,2,4,5,6,3,4,2,4,6,3,,7,9,6,,4,10,8,9,8,,10,17,7,,3,,3,3,5,3,8,5,4,,,,1,,3,,6,,,,3,6,9,3,3,,6,,7,2,5,1,10,6,,7,10,9,5,10,3,,3,,,8,4,6,3,6,4,5,10,4,4,3,2,4,12,4,5,7,6,5,2,2,3,7,7,6,4,10,11,7,6,,5,7,16,9,3,4,7,4,,,,,1,1,,1,2,35,8,24,26,5,6,7,2,1,4,7,8,,4,,,8,2,4,,6,5,,4,7,6,5,9,4,5,6,4,4,6,5,4,,9,134,2,18,11,8,52,9,4,,6,6,6,4,7,,,5,,,,,6,,,,,,,,,,,,,,,,5,,,,,,,,,,,,,,,,,,,,,,,,,,,,,,,,,,,,,,8,3,1,3,1,2,2,4,1,,,3,12,9,11,12,,7,8,8,5,5,7,6,,7,6,5,,,4,3,,12,8,3,,5,,22,22,,,7,5,,,87,5,10,,,3,3,8,10,10,5,6,7,3,6,12,7,4,5,8,6,8,2,5,6,8,5,1,4,,6,6,8,,7,6,7,7,5,4,5,3,8,6,6,4,,,6,9,6,18,9,11,7,9,3,5,6,14,4,2,2,4,1,,,7,4,3,1,5,4,,6,3,4,,6,4,6,,5,9,6,8,5,2,24,,4,3,3,8,2,3,4,4,,4,5,6,7,8,6,,5,,5,,,,1,5,6,15,2,3,,3,,24,7,5,7,6,6,6,1,6,2,8,10,5,5,8,4,2,1,3,3,2,,9,3,4,5,8,7,25,29,17,21,11,6,7,7,6,,3,1,2,3,3,,1,6,4,6,10,12,9,14,1,,1,1,12,1,4,4,6,4,1,3,4,,3,4,5,,5,2,5,4,,4,3,4,,2,8,6,8,4,,6,6,4,8,9,6,3,,4,5,4,8,5,,4,5,8,6,5,5,6,5,6,7,4,4,,9,7,6,,6,7,,11,5,5,3,,6,3,6,9,11,9,8,5,9,6,7,5,20,15,29,11,4,4,2,2,4,4,13,20,18,30,9,6,10,11,10,13,4,5,5,5,2,8,6,11,5,4,5,5,5,7,7,5,4,6,5,7,4,7,6,6,6,9,6,65,20,38,17,11,8,5,8,6,,9,4,3,8,3,,6,6,6,3,7,7,5,7,7,3,3,3,1,3,10,,,,7,8,,9,5,6,7,6,6,,7,8,6,,,,,5,6,7,7,8,2,,4,,5,5,11,7,7,7,2,4,3,6,5,,,,,1,2,4,4,,3,1,,2,7,6,20,11,2,8,9,4,11,4,8,5,5,,6,10,4,4,7,9,5,8,14,,9,6,,7,8,,6,7,5,,10,,6,,8,8,1,5,7,7,5,7,6,8,6,5,4,7,,99,7,,8,3,6,,7,4,9,4,4,5,,4,5,7,7,,,15,7,4,,10,10,16,8,11,10,5,,5,,,6,5,5,6,5,3,3,4,5,,5,8,10,7,5,6,2,3,2,,,7,5,,5,,4,14,7,9,21,3,4,4,5,6,4,3,10,,5,2,8,2,5,2,2,,3,,6,9,3,5,9,8,4,7,5,7,6,8,5,4,,,2,4,5,6,,10,13,6,7,,6,5,,,3,2,7,4,7,6,3,4,4,5,5,7,6,6,7,,3,2,,5,2,8,6,4,28,4,3,5,3,4,6,3,2,4,8,3,12,4,2,2,6,4,9,4,11,8,11,7,,2,4,8,2,3,5,3,5,4,4,3,7,5,4,7,3,1,3,9,2,5,6,9,8,5,4,,,3,4,6,6,9,6,6,3,4,6,1,5,6,9,6,2,4,3,,5,12,5,10,32,5,5,6,8,6,8,5,6,3,5,6,3,7,12,24,11,10,6,7,7,9,7,6,2,4,4,5,6,8,6,4,5,6,3,6,4,6,5,1,6,5,7,8,3,2,6,7,,6,10,6,5,9,2,3,2,6,6,2,3,7,4,2,7,3,3,8,10,5,7,8,6,11,7,3,10,11,12,2,,2,6,2,4,6,9,7,3,5,,1,4,4,3,7,16,9,,6,9,6,7,6,8,5,6,15,8,7,10,8,2,1,3,6,6,4,6,5,6,3,3,8,12,4,1,6,8,5,4,5,5,6,7,4,4,2,5,4,4,1,5,5,6,6,7,4,9,6,3,5,4,8,3,4,6,6,3,3,5,4,3,4,8,3,5,7,6,3,3,3,2,5,3,3,1,6,8,4,7,6,10,9,9,7,4,3,3,2,7,4,5,9,3,3,8,3,4,6,5,4,2,6,6,,4,5,4,5,6,5,,7,5,3,4,1,3,8,3,23,13,3,10,3,4,5,3,5,2,2,3,,8,5,6,9,7,6,6,8,4,5,5,2,5,3,2,9,8,5,6,10,6,15,3,1,1,3,7,3,7,4,3,5,7,9,8,9,7,10,6,8,2,3,5,3,7,10,2,6,8,5,8,6,4,4,4,2,5,10,4,3,4,5,5,5,6,6,38,8,6,10,3,8,7,4,12,10,,7,3,4,3,6,8,1,3,5,9,5,6,3,2,7,1,4,6,5,3,6,2,4,,4,7,1,8,8,7,8,4,3,1,3,3,3,6,6,4,4,8,9,5,10,4,9,3,3,3,3,3,6,5,7,2,7,8,3,10,5,4,6,3,6,7,10,10,4,8,5,10
20230729,23,SO2_24h,3,3,3,3,3,3,1,3,3,3,3,3,,,5,,2,4,5,,4,,4,4,,3,2,,2,2,3,3,3,1,6,,2,3,,3,3,4,2,5,,4,,2,3,2,8,4,6,9,,6,2,,2,3,9,6,7,9,8,5,2,2,,4,4,6,2,3,2,,6,4,3,4,7,,3,6,5,7,5,4,,6,6,,,8,7,6,7,5,10,18,,6,8,13,11,9,,9,4,4,7,4,7,5,4,6,5,6,4,4,4,6,3,5,4,4,3,3,8,5,6,4,7,7,5,5,3,4,6,8,4,8,6,3,4,,2,6,6,5,4,3,3,6,8,6,4,6,7,5,,6,7,8,6,8,6,7,8,5,4,5,4,,,,6,8,,6,7,4,,,,6,,3,5,8,5,10,4,8,5,6,,,,6,5,,3,3,6,5,6,,7,6,7,5,6,8,5,3,,5,,7,5,,6,4,,4,5,6,,6,4,6,5,2,4,7,,,3,4,4,5,6,5,4,,4,,,2,,7,3,,4,2,3,5,4,4,,2,3,4,6,3,4,4,3,5,4,4,3,5,5,8,8,7,8,2,,4,2,3,3,1,3,2,8,5,7,,5,5,11,,7,5,6,5,,4,7,5,6,6,,,5,7,8,6,5,5,1,1,3,2,2,1,3,2,3,6,8,7,5,6,5,5,,6,6,3,4,4,1,4,2,4,3,2,5,4,4,,5,5,9,6,6,6,5,8,4,5,6,4,4,7,,5,6,5,7,4,7,4,4,6,10,5,6,,6,5,8,5,6,7,11,5,6,3,5,,,9,7,7,4,5,5,6,4,9,15,7,10,5,6,7,5,5,8,6,6,,7,5,8,7,8,,5,5,4,7,6,5,6,,,6,9,5,4,8,,3,3,2,2,,,4,8,5,6,3,6,4,6,6,6,4,,9,8,8,4,7,7,7,13,8,11,10,10,7,5,3,6,6,6,2,5,,4,,4,7,,8,,5,7,,,,,5,,,,12,12,5,6,15,4,4,,6,10,3,10,13,6,4,4,4,6,7,1,6,4,7,16,,16,12,15,8,7,11,9,8,8,,5,5,4,2,4,6,3,3,2,5,1,5,2,2,8,7,8,3,,4,,4,2,4,1,6,,6,2,,,3,1,2,13,,9,7,6,,10,9,7,9,7,7,3,4,5,9,,,,11,,,5,,4,8,7,8,5,8,6,4,4,4,,8,,,17,,13,13,12,4,4,8,4,7,,13,10,6,9,8,4,7,6,4,9,1,4,2,8,4,6,4,5,4,6,,6,6,8,,4,4,,7,6,3,6,5,,12,4,,,4,5,,4,,8,10,10,10,7,10,,8,8,,9,8,,8,,8,6,8,,8,6,12,15,16,,7,6,5,5,2,4,4,4,6,8,6,6,7,4,3,6,5,6,6,10,6,13,3,3,6,5,6,6,4,6,5,3,7,,6,5,4,4,2,4,5,5,3,4,2,4,5,2,,7,8,6,,4,10,7,9,8,,10,12,7,,3,,3,4,5,3,8,5,4,,,,1,,2,,6,,3,,2,6,4,3,3,,6,,5,2,4,2,8,5,,7,7,8,6,8,2,,4,,,8,4,6,3,6,5,9,13,5,4,3,2,4,17,14,9,16,14,10,2,2,3,6,7,6,6,9,9,8,5,,15,7,18,8,4,5,7,3,,,,,1,2,,1,2,12,11,11,7,6,5,7,2,2,5,6,5,,4,3,,8,2,6,,6,4,,5,7,5,5,9,4,5,5,4,5,7,5,4,,18,19,4,18,25,8,12,9,3,,7,7,6,5,6,,,5,,,,,3,,,,,,,,,,,,,,,,5,,,,,,,,,,,,,,,,,,,,,,,,,,,,,,,,,,,,,,7,2,1,3,1,2,2,3,1,,,2,10,11,9,9,,8,7,9,7,5,8,8,,7,6,6,,,4,4,,11,9,3,,7,,17,20,,,5,5,,,11,4,14,,,3,3,8,10,10,5,6,4,3,6,8,4,3,6,10,8,9,4,6,11,9,5,2,4,,8,8,6,,7,5,7,6,4,3,6,3,8,6,8,5,,,6,9,7,9,10,13,6,9,4,6,6,13,5,3,3,4,1,,,9,8,4,2,5,3,,6,6,5,,6,5,6,,5,8,6,7,5,2,5,,4,4,5,8,3,4,4,4,,5,5,6,7,9,7,,5,,5,,,,2,6,8,9,3,3,,3,,10,7,5,7,6,7,6,2,8,3,7,10,5,5,7,3,2,2,3,4,2,,8,3,4,6,14,6,28,17,17,17,13,10,8,10,7,,3,5,4,4,4,,1,5,6,6,8,8,8,13,1,,3,3,8,2,4,4,5,4,3,7,8,,3,3,6,,6,2,5,4,,4,3,4,,1,8,6,7,4,,6,6,4,8,9,5,3,,4,6,4,6,5,,5,7,8,5,5,5,6,6,6,7,4,4,,7,8,5,,6,7,,11,5,5,2,,6,4,6,9,10,7,18,7,10,10,8,4,9,7,9,9,4,5,3,3,5,6,5,7,4,8,8,8,11,14,11,10,5,8,8,10,2,14,11,9,6,5,6,5,8,6,7,6,8,7,5,8,6,10,6,6,6,8,7,20,30,11,10,11,10,6,14,10,,16,4,3,7,3,,6,7,6,4,6,6,4,6,7,3,3,3,3,3,10,,,,7,9,,9,7,10,12,10,11,,7,8,6,,,,,5,6,6,6,7,2,,4,,4,6,10,11,9,12,3,5,8,5,5,,,,,4,2,4,4,25,4,2,,4,8,7,9,10,2,8,8,5,9,4,6,13,33,,9,15,6,5,7,9,5,8,15,,9,6,,7,7,,6,7,4,,8,,7,,8,8,1,6,10,8,5,7,7,8,5,5,5,8,,84,31,,6,5,7,,7,5,8,4,5,5,,5,5,7,7,,,9,5,4,,11,10,14,10,11,9,5,,5,,,6,5,5,6,6,4,4,5,5,,7,8,10,6,6,7,3,3,2,,,7,5,,5,,4,9,9,9,18,3,4,5,5,5,4,3,10,,6,2,8,2,5,2,2,,3,,6,9,3,4,7,8,11,8,5,6,6,9,5,3,,,2,4,5,6,,9,16,6,7,,5,4,,,2,3,6,4,8,6,2,4,5,5,5,6,6,7,9,,3,2,,6,4,9,6,4,16,5,6,13,3,3,5,3,2,4,17,3,21,4,2,2,6,4,8,5,9,8,9,6,,2,4,9,2,3,6,3,5,5,4,4,7,4,4,8,3,1,4,25,3,5,6,8,8,5,4,,,4,4,6,6,8,6,6,4,4,6,3,11,7,14,6,2,4,3,,5,9,7,13,35,5,7,6,7,6,7,5,7,2,5,6,3,6,8,19,12,11,2,7,7,7,7,6,2,4,4,6,6,9,7,4,6,6,3,6,6,7,13,2,6,6,8,6,8,2,6,8,,6,9,5,4,9,2,3,2,4,3,2,2,8,4,2,8,3,6,8,10,5,8,8,7,9,9,7,8,11,12,2,,3,6,6,4,6,9,8,4,5,,1,4,4,4,9,11,10,,6,7,5,7,7,7,5,5,12,23,8,10,7,2,1,4,5,4,4,5,6,4,4,3,15,14,4,2,5,7,4,4,5,5,6,6,3,5,2,7,4,5,1,6,6,9,5,7,4,8,6,4,5,5,9,3,5,7,7,2,2,5,4,5,5,8,4,3,6,6,3,3,4,2,6,3,3,1,9,8,4,17,6,11,7,9,8,5,3,3,2,6,5,5,8,3,4,9,3,4,7,6,5,2,6,7,,4,3,4,4,8,5,7,10,6,3,4,1,2,7,3,18,5,14,11,3,6,5,4,5,2,3,3,,8,5,7,8,7,6,9,6,5,5,4,2,6,4,2,12,9,6,7,12,6,10,2,2,1,3,3,3,3,4,6,5,7,9,4,8,7,10,7,9,2,3,5,3,8,10,2,7,7,5,8,7,5,4,3,3,6,9,5,4,5,5,7,7,7,6,26,10,6,10,3,7,8,7,18,14,,6,3,4,2,6,7,2,4,6,8,5,6,2,3,7,3,4,6,6,3,6,3,4,,5,6,2,8,6,7,8,5,3,2,3,3,3,8,8,4,4,15,10,8,5,4,4,2,3,3,3,3,7,6,5,3,7,6,5,11,6,4,4,5,6,7,11,12,4,8,5,11
20230729,23,NO2,8,5,6,10,17,9,12,10,17,7,13,13,,,28,,24,20,24,,26,,22,2,,3,14,,5,6,7,2,7,7,8,,20,20,,26,20,17,43,40,,35,,1,2,6,3,7,3,3,,7,10,,15,7,11,26,12,19,12,8,14,16,,12,4,9,7,3,6,,2,2,3,6,15,,5,21,16,30,14,24,,22,18,,,37,23,20,22,25,33,28,,22,16,17,24,18,,13,10,7,3,4,5,5,10,6,12,7,16,12,14,16,16,7,,15,21,11,10,6,10,,10,17,9,17,14,12,11,11,12,18,14,11,14,,12,14,16,20,7,11,8,6,11,8,15,10,8,12,,4,3,9,5,3,6,20,22,18,20,18,5,,,,3,5,,5,2,4,,,,16,,12,14,11,12,17,11,12,8,13,,,,7,13,,16,13,15,12,10,,9,13,18,13,13,12,3,5,,6,,10,13,,6,10,,18,20,10,,11,19,9,14,5,8,7,,,2,5,6,16,17,12,11,,6,,,16,,1,9,,4,4,8,20,7,8,,12,8,18,26,15,7,5,5,11,18,7,8,10,16,20,8,6,9,1,,13,12,18,8,8,15,9,16,15,30,,14,14,5,,15,12,23,18,,15,21,16,16,2,,,3,5,4,7,6,7,12,6,9,10,6,8,6,7,12,10,13,12,7,9,15,10,,15,12,34,14,31,37,15,44,18,15,19,6,22,18,,26,30,19,35,26,28,20,30,12,11,15,22,54,8,,7,2,4,25,6,6,6,3,17,16,20,11,,15,12,10,8,,7,5,10,10,12,7,,,21,20,24,10,8,5,10,13,19,17,17,15,9,9,15,8,9,18,20,34,,9,14,8,8,10,,28,85,66,10,47,37,12,,,53,49,78,31,35,,18,15,29,17,,,26,4,15,39,31,26,14,,18,48,28,,20,7,63,58,56,67,17,12,24,18,19,31,42,27,39,51,43,46,34,16,,18,,54,49,,17,,36,30,,,,,6,,,,26,33,52,64,28,32,47,,8,33,10,27,20,29,13,28,15,13,15,1,8,37,8,21,,19,35,23,25,37,25,32,28,29,,20,9,8,4,2,9,4,10,14,8,1,7,2,7,27,26,18,12,,4,,6,3,7,1,2,,4,7,,,2,2,3,14,,3,6,6,,11,15,11,10,9,2,18,1,2,,,,,4,,,6,,4,4,3,3,10,2,1,6,8,3,,2,,,12,,8,6,6,12,11,19,10,9,,12,13,29,17,16,7,3,8,6,13,9,18,17,5,7,8,7,10,7,2,,2,8,7,,6,6,,16,13,23,13,6,,14,13,,,2,6,,14,,19,15,15,19,5,10,,9,6,,20,20,,19,,13,18,15,,11,8,18,15,11,,4,5,5,10,8,6,2,17,18,19,20,16,21,8,22,14,6,10,11,10,7,11,14,15,8,11,12,10,8,3,19,20,20,,11,5,6,5,6,6,12,20,10,21,18,14,16,13,,8,11,14,,6,8,28,6,1,,41,18,1,,24,,17,14,20,14,2,2,2,,,,6,,7,,22,,,,12,10,21,46,24,,12,,14,17,8,14,17,29,,16,30,21,6,18,11,,16,,,3,10,14,10,8,8,10,11,8,8,3,4,4,15,15,16,16,13,26,3,4,9,53,51,51,21,29,29,28,23,,11,16,28,22,26,26,16,27,,,,,4,20,,14,6,27,27,17,26,32,34,27,11,15,28,31,22,,21,,,21,10,21,,23,35,,38,12,10,36,26,18,14,26,26,37,48,46,24,,10,19,12,10,13,27,35,7,8,,12,5,23,13,7,,,25,,,,,6,,,,,,,,,,,,,,,,4,,,,,,,,,,,,,,,,,,,,,,,,,,,,,,,,,,,,,,7,13,4,23,10,6,5,11,1,,,14,17,16,21,17,,13,28,16,18,13,27,20,,21,22,16,,,16,23,,18,30,50,,33,,15,13,,,13,39,,,14,10,17,,,26,21,4,10,9,4,4,13,13,10,9,11,9,14,12,10,19,16,15,18,7,5,17,27,,11,10,7,,3,1,11,18,8,6,9,19,15,20,11,6,,,3,9,9,10,8,8,2,8,18,8,5,1,5,4,5,8,3,,,4,15,9,2,10,9,,6,3,3,,5,5,5,,6,6,13,8,6,6,,,4,5,6,12,7,10,16,28,,19,9,7,5,12,11,,7,,9,,,,2,2,2,6,5,6,,7,,10,26,13,17,9,25,12,12,15,15,26,12,,13,14,5,13,44,14,13,8,,18,5,14,14,15,11,3,11,25,12,21,9,9,10,5,,2,4,8,7,3,,8,5,18,22,19,21,17,17,25,,11,14,18,2,4,2,2,5,3,3,3,,15,9,5,,10,1,6,6,,5,4,7,,5,2,1,4,3,,10,3,9,8,4,6,4,,7,5,6,14,2,,13,10,5,7,3,3,17,18,11,12,13,10,,11,7,14,,12,12,,13,4,2,11,,5,7,11,17,26,15,9,19,13,11,9,10,13,14,10,13,5,10,7,4,20,39,16,15,21,,5,18,11,16,16,2,22,18,8,40,4,11,6,14,6,5,12,14,4,7,10,5,28,10,15,16,15,19,30,8,21,16,5,16,13,18,18,16,11,10,9,9,,8,10,8,6,8,,2,26,33,43,58,18,18,20,13,9,26,21,12,5,19,,,,31,34,,23,20,42,40,47,38,,20,13,17,,,,,12,18,21,46,32,20,,14,,43,9,14,5,11,5,5,31,12,42,7,,,,,18,8,17,26,,43,19,,11,4,4,23,19,11,15,20,15,27,14,17,14,14,,18,15,7,9,10,11,40,21,7,,10,9,,8,37,,1,6,39,,24,,4,,5,9,13,11,13,11,14,13,9,12,4,11,8,18,,13,10,,8,8,8,,12,11,26,41,15,9,,5,4,14,18,,,29,44,23,,20,10,35,9,20,3,15,,7,,,14,27,4,5,13,7,11,8,8,,27,10,26,14,11,6,15,17,16,,,74,25,,12,,8,16,13,11,31,24,5,23,9,23,15,3,19,,64,5,16,14,5,10,14,,8,,3,7,25,23,36,27,5,8,5,18,21,17,8,6,,,13,5,6,20,,28,24,30,11,,12,13,,,8,12,17,3,7,6,6,6,6,10,6,61,16,7,22,,27,7,,13,7,10,13,5,10,31,2,15,43,25,17,10,21,2,97,2,11,3,15,8,36,8,12,21,,14,14,19,,,17,108,4,8,24,6,8,4,4,7,17,2,14,10,15,23,11,15,4,27,2,63,8,23,23,,,14,7,5,8,10,2,20,17,9,8,11,5,11,20,10,8,10,10,,4,20,28,10,16,7,13,18,14,13,14,12,9,15,12,11,8,19,23,15,19,18,12,4,4,11,9,4,15,16,11,39,34,34,26,29,27,10,12,11,2,8,16,7,4,2,13,18,15,9,3,12,,7,15,10,6,11,4,5,22,14,26,6,4,8,10,7,4,5,6,9,21,11,9,21,27,20,14,52,15,35,38,27,,14,17,8,2,21,13,1,5,4,,1,4,7,9,54,21,12,,13,60,9,26,17,11,2,14,27,23,13,15,9,5,3,9,5,3,3,35,20,2,7,12,18,21,2,11,13,13,12,11,15,6,10,2,16,2,9,4,9,42,26,77,14,4,33,10,9,8,12,7,6,3,8,6,4,2,6,4,20,8,5,16,26,18,3,13,14,17,8,9,13,2,9,8,3,8,33,8,6,5,16,17,9,27,22,12,7,22,18,29,44,17,6,5,5,4,8,5,10,4,17,6,2,10,,5,5,4,3,14,60,,19,11,34,12,15,12,16,12,13,12,12,18,15,43,12,17,9,30,7,7,,10,,18,5,20,15,27,29,18,12,20,8,23,8,4,10,17,13,7,13,3,72,2,6,4,23,17,21,28,2,2,5,8,16,19,11,7,6,17,16,9,12,20,20,10,7,2,33,33,6,16,1,22,10,30,26,16,7,26,18,16,23,11,12,13,16,15,6,22,8,16,29,21,18,30,69,,7,8,21,14,6,8,22,6,6,16,10,1,9,12,16,11,30,15,13,9,12,5,9,,18,6,5,9,13,17,1,13,7,10,8,9,10,16,7,8,16,17,11,4,5,6,31,20,6,13,5,5,56,18,7,1,4,10,6,11,4,5,9,3,11,10,17,1,4,4,19,10
20230729,23,NO2_24h,25,5,19,26,29,27,28,14,13,13,35,16,,,14,,17,16,19,,17,,22,7,,7,14,,10,12,13,7,12,13,12,,13,16,,17,13,11,20,28,,25,,4,2,8,9,12,10,12,,15,8,,14,14,9,24,18,19,20,8,15,19,,13,16,14,17,6,10,,5,6,8,12,22,,6,23,20,23,16,25,,19,23,,,20,22,25,20,15,24,19,,16,12,14,18,15,,10,13,13,8,8,8,10,13,9,14,11,16,11,9,10,12,6,2,11,11,10,8,9,8,6,10,15,15,14,14,7,8,12,9,11,8,9,4,,9,13,8,14,4,9,4,2,5,5,11,6,4,5,,2,2,5,2,2,4,12,13,9,11,9,4,,,,5,7,,7,4,6,,,,11,,8,12,6,8,12,8,8,7,10,,,,3,6,,13,10,10,9,7,,6,7,9,6,6,6,2,3,,5,,6,8,,13,11,,13,14,14,,13,9,15,14,5,9,7,,,2,8,7,13,10,6,10,,10,,,10,,2,9,,4,5,8,9,4,6,,12,12,11,12,11,9,5,5,11,13,5,7,7,11,8,10,5,9,2,,9,9,8,6,9,8,8,12,14,16,,8,10,6,,13,18,26,21,,21,26,23,23,2,,,6,8,7,8,7,8,12,6,10,12,7,7,7,9,13,13,18,15,14,14,19,17,,16,13,13,7,17,14,13,14,8,12,9,3,37,19,,27,28,23,27,30,25,23,18,12,14,14,19,18,18,,9,7,11,25,12,10,7,4,13,17,21,15,,11,25,23,10,9,7,6,9,10,11,8,,,21,19,23,16,13,11,12,17,22,22,19,22,17,16,28,17,14,18,25,29,,16,17,15,15,6,,21,38,22,12,31,16,12,,,34,30,32,18,26,,10,24,30,19,,,20,5,12,22,14,14,11,19,17,17,14,,14,12,16,20,17,21,8,15,17,10,13,12,24,14,23,15,17,16,13,8,,20,,20,22,,23,,24,28,,,,,9,,,,17,21,20,26,32,25,15,,13,13,10,14,16,10,9,16,10,9,11,4,5,17,6,26,,20,29,22,21,24,19,19,20,31,,13,10,11,6,4,8,6,10,14,7,2,8,3,10,9,11,7,10,,8,,6,2,4,3,4,,6,11,,,6,7,5,17,,12,11,9,,12,10,8,9,7,3,3,2,2,9,,,,5,,,7,,5,5,3,4,12,2,2,6,7,8,,3,,,12,,7,10,12,10,11,11,12,7,,17,17,19,14,17,11,8,10,9,12,11,15,15,5,6,5,11,11,10,10,,9,11,9,,8,9,,10,7,14,8,6,,17,10,,,3,11,,22,,22,19,18,26,7,10,,5,4,,20,22,,22,,14,15,13,,12,9,20,16,10,,7,8,9,12,12,8,3,18,17,11,17,7,17,9,16,23,9,9,11,10,5,9,12,13,6,8,9,7,7,3,10,11,12,,9,7,9,7,7,8,8,16,8,12,10,11,11,8,,5,8,10,,4,10,14,10,4,,18,12,2,,9,,10,11,12,10,4,2,3,,,,5,,7,,11,,2,,10,7,10,16,18,,8,,18,18,13,13,9,15,,8,15,8,11,11,4,,8,,,3,7,8,10,6,7,12,14,13,7,3,5,5,11,17,17,16,14,14,7,7,6,12,13,14,17,19,17,19,15,,17,16,27,32,16,12,6,8,,,,,4,9,,8,4,13,12,13,14,12,15,10,14,13,11,17,11,,13,16,,9,6,16,,14,17,,19,4,7,18,14,12,12,10,11,16,20,17,14,,15,15,15,11,10,14,13,4,7,,7,3,14,10,4,,,24,,,,,6,,,,,,,,,,,,,,,,5,,,,,,,,,,,,,,,,,,,,,,,,,,,,,,,,,,,,,,9,6,6,11,6,5,4,6,2,,,5,18,19,19,15,,16,20,18,20,16,25,16,,15,19,16,,,15,20,,22,26,24,,19,,11,14,,,13,13,,,10,7,19,,,13,10,5,8,12,6,5,12,11,10,7,8,7,9,9,14,16,18,17,18,8,8,13,13,,14,15,6,,4,3,8,11,7,6,10,9,12,17,10,12,,,5,13,10,15,7,10,6,9,13,12,11,1,6,7,7,10,4,,,9,16,11,2,10,8,,4,6,6,,5,6,7,,8,7,9,8,5,6,4,,7,7,8,13,8,7,10,11,,11,5,5,4,11,8,,8,,9,,,,2,5,4,7,4,5,,5,,14,16,12,9,5,9,5,6,13,15,14,10,,5,9,4,8,13,9,6,7,,11,4,8,12,12,8,4,9,13,10,10,6,9,12,8,,3,5,5,7,7,,8,5,10,12,10,9,10,13,31,,9,14,10,3,4,3,3,6,7,8,4,,13,10,7,,9,5,10,7,,6,4,8,,6,4,3,5,4,,8,3,6,5,6,9,6,,7,4,6,10,6,,14,15,5,5,4,4,13,12,11,11,8,5,,8,8,10,,5,5,,6,4,4,6,,4,5,6,11,14,8,9,12,10,12,8,6,7,9,9,8,5,6,6,3,5,36,11,15,14,19,6,13,12,10,13,2,11,7,6,12,4,15,10,11,5,4,9,10,26,12,20,20,20,12,13,12,11,23,18,11,12,10,8,10,15,14,13,16,13,9,13,14,,11,7,8,7,9,,6,7,14,17,18,12,12,12,15,12,15,17,13,5,24,,,,12,14,,13,16,22,22,27,20,,9,8,8,,,,,10,7,8,13,10,16,,9,,17,6,13,8,11,12,5,14,13,18,7,,,,,13,8,7,8,14,16,17,,6,8,6,12,12,8,15,18,14,13,11,11,19,19,,10,11,9,11,12,11,11,9,9,,11,10,,8,11,,6,8,14,,9,,8,,3,4,11,13,14,10,16,12,11,12,3,6,4,11,,12,12,,9,10,14,,8,8,18,19,15,18,,6,4,12,22,,,19,14,28,,11,9,13,11,8,4,16,,7,,,12,10,5,5,20,19,16,16,8,,14,9,10,8,6,9,11,12,12,,,20,13,,14,,8,9,8,11,21,8,7,19,7,14,11,9,14,,29,7,12,11,7,10,11,,10,,4,10,20,15,19,21,14,10,5,13,14,11,6,8,,,17,3,10,13,,20,16,17,5,,7,9,,,11,8,11,2,8,7,4,6,6,9,7,32,15,11,23,,16,6,,18,11,10,9,5,22,13,3,10,14,20,7,6,17,5,39,3,16,5,6,11,21,11,7,10,9,8,9,11,,4,13,38,5,8,20,4,6,5,4,5,19,6,12,12,12,15,11,17,6,10,2,23,11,13,15,,,16,7,9,12,6,4,8,12,11,13,9,8,10,23,7,7,8,6,,5,22,19,12,18,12,20,9,9,8,8,10,5,8,10,7,9,19,19,12,23,16,8,4,2,8,4,2,11,9,10,27,36,28,22,21,16,12,19,25,7,10,16,11,8,15,15,18,11,5,14,15,,13,9,10,5,9,3,3,5,13,10,6,6,6,8,5,8,12,8,15,13,12,7,15,14,13,19,24,10,21,16,17,,11,12,13,4,21,10,4,4,4,,2,7,9,12,16,20,13,,11,26,9,13,6,8,3,12,10,12,10,14,13,5,6,14,6,5,5,13,13,2,10,7,36,24,2,7,10,8,7,11,11,3,6,2,7,2,6,2,6,22,10,27,12,7,20,7,7,7,17,9,12,8,8,11,10,6,11,11,16,8,13,11,19,17,3,8,10,10,9,9,7,4,6,9,8,7,14,8,5,12,10,13,4,17,15,10,10,17,11,17,14,8,11,11,4,7,8,7,11,3,13,6,3,11,,11,8,7,4,11,24,7,12,4,18,7,14,7,8,6,12,12,12,14,9,12,5,8,12,13,4,6,,8,4,20,4,11,15,21,20,15,11,9,12,8,7,4,23,14,12,10,16,2,37,10,13,14,11,15,19,19,8,3,7,14,17,20,16,19,16,20,21,9,6,17,12,11,9,5,18,16,7,13,4,13,12,17,14,14,2,17,9,8,11,14,19,12,20,12,6,26,8,17,21,24,14,26,31,,4,4,7,8,11,10,7,7,8,20,13,6,12,8,11,15,15,18,12,6,17,14,15,,13,6,4,9,17,19,3,16,9,15,12,8,23,22,8,9,23,22,18,8,3,8,20,13,8,6,14,14,27,21,6,2,7,10,15,13,9,7,11,6,5,7,15,4,4,5,15,17
20230729,23,O3,24,20,26,26,28,34,39,29,31,29,30,26,,,10,,13,20,18,,8,,19,39,,32,43,,46,48,50,41,47,49,48,,24,20,,15,17,27,10,20,,23,,35,40,38,12,28,28,35,,38,63,,55,61,58,21,37,31,32,5,29,29,,30,37,35,35,34,35,,43,49,47,45,58,,38,50,51,37,52,17,,87,113,,,78,103,89,95,12,5,6,,9,16,18,15,19,,28,46,49,40,40,49,49,44,35,41,33,38,42,40,40,40,50,,35,31,44,78,70,83,,73,70,78,73,71,51,64,66,16,15,14,23,14,,22,18,12,13,34,37,40,33,35,35,28,38,32,20,,24,24,24,24,22,21,13,12,16,9,15,29,,,,58,61,,66,66,68,,,,19,,29,29,17,30,23,24,23,28,24,,,,31,25,,26,26,29,23,22,,23,25,16,25,20,25,27,30,,33,,39,36,,36,33,,22,5,36,,32,20,40,11,,20,28,,,24,26,22,34,31,37,24,,40,,,30,,29,27,,42,37,35,8,19,16,,45,48,33,29,37,47,49,51,37,23,40,46,36,33,18,42,40,40,,,34,37,27,38,,17,30,23,30,10,,26,23,30,,27,22,11,16,,11,16,4,25,23,,,31,35,25,39,36,31,45,45,48,51,41,41,45,39,52,55,45,52,55,56,34,56,,38,38,42,75,37,38,70,28,71,82,70,40,46,46,,39,33,52,25,48,51,45,32,44,50,33,29,19,60,,54,51,62,33,71,56,53,55,41,51,40,37,,62,69,74,54,50,41,52,48,54,56,62,,,53,46,52,56,59,64,54,55,60,61,58,62,74,73,,74,84,62,56,31,,52,46,50,50,109,,45,69,10,87,41,67,80,,,102,44,36,60,35,,64,94,86,61,,,86,178,28,38,29,38,41,34,56,27,12,,59,102,7,30,34,17,83,87,78,85,82,68,36,30,,15,12,36,27,43,,58,,3,8,,104,,84,98,,,,,95,,,,88,71,51,46,65,68,42,,85,48,84,48,58,41,63,30,52,58,67,37,15,26,28,122,,112,100,115,99,81,106,86,77,89,,16,23,31,23,24,20,19,25,27,36,39,39,44,34,20,16,28,,,44,,25,34,33,32,38,,37,37,,,20,25,22,25,,48,31,29,,42,61,45,50,56,23,34,30,32,,,,,26,,,,,50,32,46,31,24,29,32,30,36,36,,24,,,83,,87,63,82,39,51,35,55,45,,76,75,57,74,68,84,102,81,89,75,54,34,27,54,51,46,51,44,52,65,,69,108,,,50,52,,35,36,28,35,21,,48,41,,,56,54,,83,,87,93,83,89,48,44,,38,39,,47,49,,48,,46,42,48,,50,57,109,106,116,,27,23,27,18,21,25,90,17,13,15,10,13,11,27,5,8,22,17,15,22,31,23,17,23,49,39,37,44,43,51,28,32,29,,44,32,27,24,24,28,65,41,58,46,37,52,50,50,,46,45,43,,52,49,31,55,54,,17,32,72,,25,,34,35,34,38,53,37,48,,,,39,,37,,17,,,,36,,19,9,36,,50,,,64,,46,66,53,,41,25,24,38,42,37,,47,,,45,25,18,24,18,47,62,57,69,42,66,75,63,100,106,106,99,106,82,75,76,96,41,38,29,47,39,39,37,40,,65,45,45,35,5,24,21,28,,,,,122,113,,103,66,61,53,75,51,48,27,35,67,41,21,34,41,,53,,,15,53,53,,26,22,,15,33,22,34,34,40,,33,35,28,26,39,51,,,102,128,104,104,80,67,112,112,,98,104,94,97,110,,,14,,,,,,,,,,,,,,,,,,,,,39,,,,,,,,,,,,,,,,,,,,,,,,,,,,,,,,,,,,,,58,20,31,16,35,44,42,39,43,,,,43,40,35,38,,40,56,79,79,69,45,40,,38,42,68,,,54,50,,47,34,3,,28,,129,131,,,59,33,,,126,147,93,,,32,27,118,116,127,126,130,24,16,32,24,,20,10,20,19,16,26,22,18,39,49,36,25,,33,36,44,,25,24,11,10,62,60,78,55,4,5,4,25,,,28,65,69,62,53,90,96,82,109,69,68,50,85,92,86,82,138,,,126,32,47,55,64,57,,28,58,59,,55,59,63,,43,38,36,37,17,53,53,,45,53,49,45,36,37,28,14,,24,23,20,15,46,53,,36,,38,,,,55,50,53,45,37,40,,26,,22,34,53,29,24,26,27,,30,36,20,,,21,20,28,,10,29,20,,,17,27,24,25,25,28,33,44,42,40,39,14,21,29,34,,23,48,37,39,42,,35,39,40,34,29,30,33,32,17,,16,26,23,23,61,52,54,59,45,51,38,,41,40,42,,34,49,39,43,,45,42,48,,49,46,50,46,48,,45,52,46,46,54,47,45,,47,39,42,24,39,,37,40,45,19,26,24,49,48,59,62,39,28,,61,73,52,,36,40,,25,58,40,23,,39,36,25,27,14,60,67,55,69,70,72,34,72,65,70,74,50,61,60,63,41,36,39,58,45,48,62,56,62,47,56,41,16,39,55,11,35,68,61,63,75,6,11,17,79,,76,76,53,54,66,63,64,71,52,77,54,61,55,57,62,66,61,49,45,30,50,61,,102,65,60,89,71,,86,27,38,48,26,64,62,59,73,70,44,64,73,10,77,,,,46,43,,52,17,7,11,4,19,,66,59,64,,,,,91,73,90,54,78,29,,46,,4,63,56,60,51,69,15,9,53,12,48,,,,,52,40,19,11,,5,24,,30,34,41,41,52,43,32,39,16,5,12,12,40,35,,19,23,55,57,24,14,12,31,20,,38,26,,59,,,84,79,35,,36,,93,,30,25,48,43,52,31,91,82,95,91,74,55,51,20,,80,88,,78,92,104,,129,129,39,14,123,129,,80,84,85,79,,,79,58,78,,79,105,68,74,45,132,96,,99,,,64,50,88,82,116,114,115,119,33,,76,113,84,82,75,95,90,93,90,,,57,74,,86,,93,94,97,74,49,17,42,38,34,19,115,46,46,,4,64,21,33,27,31,31,,41,,27,43,72,6,28,30,136,78,42,14,11,61,27,83,,,29,34,39,18,,87,94,73,30,,42,20,,,28,26,23,27,61,63,28,26,28,30,70,52,72,87,48,,11,41,,104,54,74,59,86,93,10,27,31,21,6,14,23,21,46,21,33,45,44,22,38,8,38,74,30,43,43,47,60,,,35,6,55,87,73,51,49,58,49,39,84,29,29,53,22,45,48,110,58,16,25,19,60,24,30,,,116,63,35,49,40,93,61,18,31,108,37,,51,51,18,37,42,17,,54,112,99,121,101,78,124,14,23,16,20,21,19,18,17,19,28,84,106,129,88,113,29,70,24,27,19,28,26,23,86,34,39,29,42,36,33,30,45,71,68,53,58,60,58,63,107,50,30,56,39,36,,28,49,43,58,55,42,15,7,34,18,46,50,37,37,38,75,78,68,84,28,85,70,32,27,46,90,12,24,21,37,72,,92,56,76,34,23,55,29,21,24,,37,34,34,56,5,47,57,,20,15,51,30,25,61,74,69,54,34,61,69,65,28,47,37,35,32,49,8,20,24,43,25,123,83,40,33,44,23,31,32,26,34,33,24,15,30,24,27,80,70,71,35,78,100,48,47,66,61,49,63,59,96,70,66,63,66,113,57,18,42,35,28,31,36,56,35,49,37,34,33,44,49,,49,49,38,12,47,35,43,50,11,17,16,13,38,118,86,72,16,40,65,18,32,33,24,46,43,36,45,,33,27,14,,33,18,22,18,96,42,79,58,55,28,22,30,40,26,31,43,62,51,53,71,15,25,27,48,29,43,38,,21,29,61,69,49,20,58,46,60,43,24,45,25,31,40,97,79,80,56,26,47,30,62,43,54,16,30,23,14,45,42,34,30,21,,28,30,31,25,20,58,34,28,23,43,47,48,19,48,63,65,24,41,42,49,34,71,108,86,89,94,30,65,57,46,39,137,86,30,48,47,36,49,38,91,40,,49,49,29,38,102,79,88,32,30,17,24,32,52,92,64,72,16,67,32,32,36,39,46,,36,20,26,94,64,50,48,67,29,28,31,26,26,90,15,56,8,129,111,49,41,31,14,19,27,28,25,40,67,109,132,63,46,51,26,42,24,26,42,63,47,54,50,28,33,27,15,109
20230729,23,O3_24h,62,119,68,46,58,79,85,90,102,113,82,85,,,59,,65,72,60,,61,,45,49,,62,85,,108,98,101,104,106,113,119,,66,55,,51,60,68,46,56,,74,,72,80,77,88,84,89,98,,98,150,,147,150,154,108,123,116,122,117,94,75,,83,71,75,68,81,72,,92,88,91,102,118,,122,112,100,115,100,112,,147,152,,,154,149,146,147,55,63,58,,61,58,70,62,68,,73,48,51,40,41,52,49,44,39,44,36,90,96,95,96,101,88,50,80,85,99,130,105,110,57,106,112,110,110,107,101,107,112,37,34,35,40,28,,43,30,30,27,76,83,92,81,81,84,69,81,85,54,,60,63,62,60,56,56,33,34,37,28,36,46,,,,75,79,,87,90,92,,,,83,,65,61,53,68,60,59,61,63,68,,,,76,71,,87,84,81,75,70,,74,71,68,74,68,72,50,52,,51,,80,81,,66,63,,74,73,73,,78,67,72,68,44,44,42,,,52,42,48,61,64,62,52,,54,,,74,,61,58,,55,49,47,22,28,24,,87,81,74,81,77,79,80,76,63,49,63,60,60,60,55,63,63,65,,,68,68,70,69,,49,38,68,77,72,,72,73,73,,86,33,40,36,,48,42,35,50,27,,,40,44,40,49,43,36,56,58,61,59,55,49,59,53,57,89,74,92,95,96,66,90,,68,67,100,101,108,107,122,99,100,120,117,90,163,174,,157,200,135,212,168,180,170,190,91,98,90,97,79,96,,95,93,83,98,109,106,97,112,171,148,142,117,,130,187,192,111,122,109,128,124,133,132,142,,,146,134,118,103,109,114,103,103,144,140,158,139,155,160,160,129,122,188,120,160,,108,107,127,108,113,,128,160,118,159,225,167,149,,,165,142,173,144,152,,175,190,166,170,,,203,178,98,126,103,118,98,106,122,131,109,,98,124,104,97,103,106,130,127,120,127,113,121,111,78,73,100,74,118,114,103,,92,,98,86,,195,,201,194,,,,,137,,,,173,162,102,97,88,92,85,,108,118,143,115,120,120,132,113,125,125,130,110,102,111,77,179,,170,181,174,163,164,169,171,165,167,,46,43,42,71,53,54,59,52,46,60,57,51,60,51,67,65,70,,,44,,52,45,51,41,70,,71,71,,,62,66,63,42,,48,34,38,,67,76,70,71,65,27,36,34,33,22,,,,42,,,59,,56,44,50,44,33,36,42,33,38,36,,51,,,129,,137,154,137,140,156,121,150,127,,123,115,123,121,124,115,164,137,134,136,75,79,78,93,93,85,108,94,106,90,,103,213,197,,105,110,,103,105,106,103,96,,126,84,,,68,67,,120,,133,130,132,124,119,119,,119,116,,96,100,,92,,127,118,134,,124,115,148,145,154,,65,56,63,58,51,61,108,71,66,70,62,70,64,54,26,23,43,44,42,50,53,49,51,54,66,65,58,67,67,73,90,86,94,,97,99,88,84,84,83,113,103,105,98,102,73,76,73,,93,91,93,,92,75,81,84,69,,81,87,75,,87,,94,90,96,91,64,57,63,,,,52,,48,,96,,57,,64,63,60,96,97,,101,,117,115,111,120,86,86,,78,76,82,74,79,86,,110,,,103,79,77,74,68,110,117,106,111,85,135,105,110,163,151,173,160,156,178,76,79,126,119,133,124,129,117,120,114,119,,100,97,96,122,84,103,101,96,,,,,184,183,,196,91,104,122,106,95,118,87,98,104,112,94,126,114,,127,63,,98,102,137,,120,126,,119,83,119,110,108,101,117,112,112,124,154,148,140,,141,147,160,144,155,126,132,126,128,,131,120,129,123,135,,,43,,,,,46,,,,,,,,,,,,,,,,41,,,,,,,,,,,,,,,,,,,,,,,,,,,,,,,,,,,,,,117,76,63,68,76,62,61,62,59,,,,90,87,81,86,,86,127,150,135,137,135,132,,129,127,133,,,101,87,,102,98,123,,121,,139,146,,,135,91,,,180,180,158,,,88,87,144,153,142,138,140,82,76,114,94,197,56,56,60,56,71,69,64,66,91,97,90,76,,93,89,75,,42,40,32,40,100,98,123,112,38,41,39,94,,,110,93,88,81,87,92,96,85,110,95,103,102,100,98,99,95,143,,,126,78,89,108,100,93,,68,74,70,,74,72,70,,56,62,64,60,39,60,70,,48,56,54,49,51,47,54,55,,63,54,52,59,86,93,,60,,61,,,,55,50,53,45,62,63,,44,,50,52,62,80,79,77,73,,72,72,76,,,68,68,70,,82,77,75,,,56,73,56,53,53,57,85,101,107,96,105,47,54,58,60,,47,77,76,71,62,,91,93,104,107,87,90,92,91,68,,65,72,82,66,62,57,58,63,48,59,53,,55,54,56,,46,58,50,61,,64,61,60,,65,69,74,70,72,,68,74,71,72,64,58,60,,74,74,71,68,70,,83,66,63,73,78,86,101,103,92,89,109,80,,92,93,93,,72,75,,89,66,52,89,,66,65,63,90,79,111,123,132,135,123,126,93,106,106,96,101,95,107,106,106,107,102,115,113,114,110,123,126,121,124,122,93,104,118,100,95,78,116,111,110,123,60,96,99,171,167,182,163,137,137,144,151,146,134,171,169,151,155,132,140,144,146,148,120,118,89,113,123,,178,122,109,100,88,,96,108,123,126,113,129,126,122,123,109,122,132,128,20,159,,,,112,109,,105,125,133,137,132,114,,147,140,130,,,,,113,146,145,130,147,99,,117,,94,116,130,106,102,109,86,82,81,72,78,,,,,133,136,70,73,52,103,97,,82,65,66,93,102,75,75,78,85,80,57,59,89,86,,82,93,91,94,93,89,88,74,57,,66,60,,83,90,,110,104,104,,107,,97,,50,50,95,106,112,104,158,140,147,140,95,111,98,67,,165,166,,117,118,159,,152,153,89,93,161,157,,84,87,153,143,,,168,176,161,,157,154,130,119,97,141,129,,132,,,114,98,102,96,116,114,131,131,94,,101,133,127,135,138,120,120,122,119,,,147,118,,112,,109,126,128,95,98,55,111,178,68,59,174,108,134,,118,80,88,84,48,66,73,,58,,40,66,191,45,89,85,161,119,66,67,57,108,66,96,,,76,56,59,79,,172,179,162,82,,85,74,,,42,76,74,47,83,85,37,37,45,73,88,154,128,153,109,,63,64,,214,112,109,110,121,148,95,62,85,97,59,78,71,47,56,173,36,138,44,91,38,92,74,80,109,51,101,94,100,,152,67,197,67,144,147,103,108,107,64,50,144,65,75,108,88,125,97,147,69,55,39,97,78,96,98,,,243,78,83,77,83,93,89,86,61,159,65,51,74,99,59,48,69,47,,80,211,198,196,180,112,156,33,37,38,48,44,43,56,35,34,115,122,168,149,149,160,81,92,56,60,38,53,87,63,156,196,176,170,162,92,91,88,88,95,102,129,138,95,81,104,212,140,98,117,68,53,,72,82,71,71,94,66,47,46,108,104,62,105,65,89,92,105,106,94,84,99,108,106,92,95,96,150,147,94,118,118,182,,158,101,140,38,36,71,61,33,39,,52,69,69,62,95,85,117,,40,165,100,99,85,145,92,105,174,137,158,164,142,58,67,59,49,50,56,73,80,40,93,99,173,158,87,86,92,60,77,76,62,76,83,60,36,48,71,49,114,113,106,101,101,122,202,122,93,156,83,114,129,139,184,102,89,122,206,111,74,70,77,81,54,62,71,55,84,69,54,52,59,55,56,60,57,52,103,72,67,88,107,89,74,87,98,98,159,167,174,99,130,143,41,36,44,54,54,57,49,51,45,37,39,81,,67,58,63,74,134,121,98,134,109,131,65,56,70,61,62,108,141,131,107,163,112,72,94,83,82,78,80,,45,68,139,89,89,110,99,110,114,76,82,73,64,65,57,142,153,125,116,116,132,130,104,94,101,59,47,53,58,88,92,124,99,67,79,86,110,120,100,95,68,64,46,82,74,51,58,107,112,100,90,30,140,143,134,148,116,132,113,118,114,94,92,99,128,82,142,118,70,142,157,120,147,111,199,180,,97,68,94,94,102,99,184,45,36,39,38,59,64,125,115,148,118,134,69,89,82,53,82,,88,70,38,120,96,94,58,102,82,68,56,80,54,134,65,56,33,177,111,57,59,88,61,55,106,96,60,89,166,152,139,79,64,130,88,121,87,47,104,71,95,108,122,60,48,45,45,168
20230729,23,O3_8h,31,31,33,32,34,43,39,36,40,43,34,37,,,28,,24,31,33,,20,,22,41,,43,52,,50,55,55,46,47,56,58,,41,36,,35,33,52,32,34,,45,,39,45,42,38,55,51,57,,64,98,,88,91,102,38,53,47,56,31,43,40,,44,41,40,41,50,51,,45,50,48,46,74,,67,64,66,70,69,66,,121,134,,,133,134,117,120,34,36,32,,38,38,42,38,42,,50,40,43,34,34,45,42,39,34,34,33,66,73,72,73,76,70,,62,62,73,101,83,98,,88,88,92,94,88,80,83,91,22,21,22,28,22,,26,23,19,20,57,63,69,60,61,62,52,63,63,29,,31,33,32,32,27,28,22,21,24,17,24,38,,,,70,74,,81,81,83,,,,50,,39,38,27,41,32,33,34,37,40,,,,48,43,,51,53,58,45,42,,44,50,45,52,46,50,38,41,,43,,67,67,,37,40,,34,35,42,,40,35,41,37,29,22,29,,,31,25,25,40,44,48,31,,42,,,44,,36,33,,44,37,35,16,23,19,,63,60,55,57,53,60,60,56,42,34,50,53,44,46,37,49,48,49,,,47,50,47,46,,24,31,32,39,31,,38,33,44,,36,25,20,26,,19,26,12,34,25,,,34,39,30,42,40,32,46,47,49,50,43,43,46,39,52,69,55,64,64,71,45,51,,50,49,79,89,83,68,95,74,84,101,102,62,89,95,,80,88,82,116,94,128,88,122,51,59,44,45,48,70,,64,59,70,39,77,67,72,68,94,95,82,76,,101,114,114,79,83,72,78,84,88,86,96,,,86,76,74,78,82,90,68,66,95,96,95,91,101,102,105,91,90,111,81,78,,64,64,67,62,106,,92,119,69,131,140,124,106,,,134,94,110,92,82,,124,140,128,122,,,147,147,64,86,76,82,80,81,82,91,70,,83,116,72,78,82,74,110,107,97,108,96,103,72,48,31,58,43,88,72,72,,78,,46,44,,160,,154,153,,,,,116,,,,121,117,75,70,80,76,72,,101,95,109,92,103,92,103,84,93,97,106,79,62,76,58,147,,146,143,152,137,136,149,139,133,144,,28,24,32,23,23,19,18,32,32,40,32,33,35,28,42,40,45,,,39,,32,37,40,30,50,,50,48,,,36,40,39,33,,41,30,33,,56,70,58,63,62,22,33,30,32,17,,,,31,,,56,,49,36,46,36,28,34,38,31,33,28,,34,,,89,,100,79,105,53,61,47,62,60,,77,79,75,88,78,95,127,107,106,105,57,42,44,70,64,58,76,67,74,74,,78,142,141,,58,60,,60,64,63,58,50,,65,72,,,55,55,,96,,104,108,103,98,54,52,,49,50,,74,75,,73,,48,49,53,,53,59,116,114,125,,33,29,33,28,28,29,98,40,36,37,33,36,35,36,13,9,27,24,20,26,31,26,26,30,56,50,46,52,50,50,49,51,49,,54,41,37,32,34,36,91,66,74,63,62,65,68,65,,73,71,70,,74,54,53,60,57,,44,45,70,,45,,48,46,53,51,57,42,51,,,,46,,44,,38,,,,45,49,40,66,67,,75,,117,88,92,73,77,72,,62,50,54,50,62,58,,83,,,74,50,51,38,38,84,80,77,88,58,79,78,73,139,130,135,138,133,133,71,76,106,95,108,90,86,75,82,79,77,,83,75,73,82,48,75,67,72,,,,,158,157,,157,80,89,90,89,77,89,65,77,84,82,62,88,86,,92,,,72,85,86,,63,62,,58,64,75,84,82,80,108,87,85,73,86,86,85,,138,132,143,105,124,112,113,121,116,,122,113,103,106,123,,,26,,,,,43,,,,,,,,,,,,,,,,39,,,,,,,,,,,,,,,,,,,,,,,,,,,,,,,,,,,,,,87,37,48,37,47,50,47,48,45,,,,50,45,44,50,,45,101,118,107,111,101,65,,64,65,90,,,77,71,,70,66,60,,75,,125,126,,,90,72,,,147,157,123,,,53,56,124,127,135,132,135,39,30,49,41,47,27,22,30,30,42,48,42,42,49,55,52,42,,60,62,64,,27,24,18,19,81,80,86,81,18,18,13,52,,,62,61,67,58,61,84,84,74,99,73,79,59,85,88,86,82,125,,,95,49,59,65,84,78,,48,65,63,,65,64,65,,48,50,49,47,28,57,64,,42,48,43,37,38,41,39,36,,43,34,36,36,75,79,,47,,47,,,,47,47,46,36,46,47,,36,,35,41,54,44,41,47,44,,42,47,40,,,43,37,41,,45,48,49,,,33,42,29,28,25,34,55,76,78,71,78,35,40,46,48,,32,34,35,33,31,,60,65,78,64,54,54,55,52,36,,36,42,52,22,52,42,42,45,41,50,43,,48,45,50,,39,50,43,51,,54,50,50,,54,52,56,50,54,,57,64,60,61,52,46,47,,57,51,53,28,38,,39,40,48,41,41,48,71,72,68,68,54,39,,78,85,78,,50,53,,39,49,40,44,,53,55,45,46,36,87,99,94,100,100,101,60,93,88,85,89,72,84,84,84,78,70,76,90,81,77,91,96,88,97,97,65,53,68,69,52,50,96,91,79,100,28,51,63,124,140,133,114,75,83,86,101,101,88,111,130,126,118,88,89,92,98,98,66,67,61,79,84,,116,99,90,89,69,,81,78,82,78,81,106,105,102,106,87,88,96,93,17,113,,,,90,91,,84,55,55,59,48,66,,115,110,106,,,,,103,120,123,103,122,53,,85,,62,88,85,86,79,91,45,52,60,48,61,,,,,86,91,48,49,,62,44,,59,48,50,72,83,59,48,57,42,46,38,42,54,50,,50,60,70,70,43,39,64,59,30,,55,41,,63,67,,102,96,78,,86,,91,,44,43,72,88,88,81,122,113,121,118,86,85,78,39,,128,136,,86,87,133,,142,142,63,61,138,148,,74,77,128,118,,,134,137,131,,137,137,105,100,75,134,106,,109,,,91,80,92,87,105,102,123,124,58,,91,127,117,107,102,114,106,109,108,,,126,104,,102,,103,120,121,86,76,30,48,92,48,31,80,50,70,,51,58,52,58,28,39,43,,49,,30,50,142,25,75,64,143,102,54,38,38,94,39,89,,,39,43,42,32,,117,124,122,40,,72,44,,,31,44,41,38,77,78,33,33,38,45,77,106,94,118,80,,27,52,,142,64,91,93,106,121,55,39,60,72,36,32,35,30,50,118,34,71,37,70,33,61,53,63,65,43,65,66,85,,107,49,127,54,118,110,80,80,86,55,46,111,35,51,69,52,90,49,133,54,40,29,75,59,66,70,,,175,71,50,53,70,89,78,50,43,134,49,47,59,70,34,44,52,35,,69,169,156,168,149,96,138,22,26,23,26,27,27,27,22,25,54,98,147,129,118,126,55,83,31,36,30,40,53,38,123,130,101,92,76,71,68,30,50,65,74,86,98,75,62,76,160,81,56,92,43,41,,40,70,56,66,79,51,33,32,45,40,50,44,49,43,48,83,87,74,63,62,96,91,59,70,78,130,78,56,74,84,136,,132,77,100,36,27,66,41,29,29,,40,51,49,56,62,63,98,,21,119,66,63,41,92,79,78,136,71,98,118,93,33,51,34,43,40,50,32,31,29,34,36,151,119,67,63,73,31,59,58,35,49,53,32,24,40,43,38,93,89,95,74,92,114,148,62,77,110,55,75,78,116,104,75,74,88,150,59,34,50,50,35,43,46,65,41,68,54,43,44,49,47,49,54,51,45,37,55,47,66,72,50,47,60,59,66,143,128,134,55,101,114,26,30,34,42,46,43,39,47,38,33,34,53,,45,35,38,43,118,92,86,102,90,86,42,33,44,37,47,71,91,89,73,107,75,50,62,53,51,53,52,,26,56,89,79,66,50,84,87,91,51,53,46,42,39,45,110,107,107,59,38,54,81,70,53,59,37,36,41,34,46,45,62,56,45,55,63,54,56,55,50,58,41,38,36,53,48,42,72,87,85,76,28,82,88,96,86,96,118,103,101,104,66,74,67,50,45,128,85,34,64,98,66,81,71,153,127,,77,61,51,52,69,88,147,38,34,26,30,40,52,104,92,97,60,92,36,41,40,34,59,,55,45,34,110,73,77,51,76,36,32,33,47,37,105,28,44,16,154,70,49,50,33,35,34,49,36,34,32,132,135,124,72,47,80,51,70,50,27,75,65,76,85,85,41,36,33,26,142
20230729,23,O3_8h_24h,59,95,60,41,56,60,61,61,81,81,53,66,,,52,,41,44,47,,44,,27,44,,44,64,,104,96,98,103,99,108,116,,47,38,,38,36,60,40,41,,55,,56,62,61,85,84,86,95,,98,134,,127,131,138,77,92,86,90,81,66,50,,56,54,52,50,75,72,,79,82,74,82,101,,100,95,89,102,93,102,,142,148,,,148,144,141,138,49,55,49,,54,53,58,52,59,,67,48,43,34,34,45,42,39,34,34,33,76,83,82,83,86,74,57,69,72,86,117,95,98,57,99,103,102,104,100,92,99,106,27,26,27,32,25,,30,26,23,23,64,70,78,68,69,70,59,70,73,44,,47,49,48,48,41,43,30,31,34,25,33,42,,,,71,75,,82,82,84,,,,72,,55,51,43,58,49,48,51,53,56,,,,64,64,,73,71,71,64,59,,62,60,56,63,56,60,45,48,,48,,74,75,,54,56,,56,60,59,,60,54,57,56,33,31,35,,,43,34,36,50,56,55,43,,46,,,58,,51,48,,49,44,41,19,25,21,,75,67,66,71,66,67,66,61,50,43,57,57,52,55,49,56,55,56,,,63,59,63,58,,46,33,49,57,52,,53,54,51,,59,26,30,32,,33,34,24,37,26,,,36,41,32,44,41,34,52,54,56,59,54,43,54,48,57,75,62,76,73,82,56,60,,54,58,90,94,96,90,106,91,90,110,110,81,129,141,,114,131,98,180,133,158,120,158,90,98,85,96,72,87,,87,72,70,90,108,98,88,81,129,126,118,97,,109,154,161,89,96,80,88,108,110,105,118,,,113,97,92,102,99,105,98,87,129,124,130,125,128,131,130,112,106,150,104,122,,91,91,100,90,106,,117,142,107,146,172,146,127,,,149,125,145,122,120,,149,167,151,154,,,181,147,81,105,89,100,92,97,98,111,97,,88,119,92,92,98,95,120,116,105,117,104,110,92,59,58,79,60,98,90,86,,81,,74,66,,188,,185,178,,,,,127,,,,149,143,85,92,85,84,76,,102,106,116,104,113,108,110,100,103,108,112,98,85,98,74,172,,164,173,168,159,154,165,155,152,159,,40,36,40,66,53,53,59,44,44,52,52,39,51,43,64,63,70,,,39,,40,39,44,34,62,,61,54,,,49,53,52,37,,41,30,35,,61,72,62,64,62,23,34,30,32,21,,,,38,,,56,,51,38,46,38,31,35,40,31,34,28,,42,,,106,,111,114,122,107,122,121,148,120,,102,98,100,102,98,101,136,117,110,118,62,68,64,81,84,76,90,81,88,82,,87,172,152,,83,86,,83,86,86,83,84,,92,80,,,58,58,,113,,123,123,122,114,118,119,,116,116,,88,93,,88,,119,112,123,,119,114,143,137,147,,48,42,50,45,42,45,101,61,59,60,56,57,55,47,23,17,38,37,34,43,53,45,44,47,63,59,54,59,58,58,77,78,74,,79,83,78,76,74,77,102,90,95,90,95,67,73,69,,78,75,77,,78,60,66,67,59,,63,60,70,,86,,91,89,96,91,58,49,59,,,,48,,46,,84,,62,,53,52,50,80,82,,85,,117,99,111,95,81,80,,72,68,75,67,70,79,,105,,,94,74,73,70,65,102,107,99,95,70,104,87,83,145,139,150,149,142,146,71,77,110,110,124,111,117,100,109,99,104,,83,79,76,95,75,94,92,91,,,,,160,162,,165,85,99,111,98,89,109,80,89,93,94,82,110,105,,103,58,,87,94,114,,106,109,,105,75,95,96,101,94,108,102,97,107,129,130,120,,138,141,150,136,143,123,130,124,128,,127,114,121,118,130,,,32,,,,,43,,,,,,,,,,,,,,,,39,,,,,,,,,,,,,,,,,,,,,,,,,,,,,,,,,,,,,,92,56,55,54,60,57,55,57,53,,,,78,76,74,75,,67,116,132,122,126,122,122,,120,117,108,,,92,83,,87,87,105,,107,,132,133,,,123,88,,,158,160,143,,,83,82,137,144,137,134,137,66,59,87,70,109,41,42,45,45,60,62,55,57,85,87,90,76,,75,74,67,,36,33,26,32,94,91,108,105,30,32,29,82,,,99,72,74,73,70,90,86,78,106,81,87,97,89,93,88,86,126,,,111,75,80,97,94,87,,62,68,66,,67,67,66,,52,57,57,53,34,57,66,,43,48,45,41,51,43,45,45,,50,52,50,51,79,85,,51,,52,,,,47,47,46,36,51,52,,42,,41,46,57,69,69,73,63,,58,58,58,,,58,57,57,,68,69,68,,,55,59,44,43,45,46,68,91,96,89,93,43,46,52,51,,38,56,56,53,51,,82,84,93,93,67,68,70,68,54,,54,60,68,56,57,47,46,48,41,50,44,,48,46,50,,44,50,43,52,,56,53,55,,60,62,66,61,63,,61,66,63,65,55,49,50,,64,61,61,52,58,,57,52,57,65,67,77,83,85,82,80,72,60,,81,86,83,,61,64,,67,52,50,64,,55,56,51,71,62,104,115,117,120,116,114,86,97,95,89,96,86,98,96,99,99,95,111,109,110,105,115,120,114,116,118,88,93,100,90,87,69,102,98,90,104,49,77,85,144,142,157,136,91,106,102,114,113,102,142,149,142,140,114,112,115,120,124,97,98,77,94,98,,150,114,103,90,80,,87,97,108,116,106,120,118,112,116,97,113,120,111,20,133,,,,106,105,,100,90,90,92,87,87,,130,124,118,,,,,109,138,138,124,140,80,,106,,82,101,107,99,93,102,79,76,71,68,75,,,,,105,114,68,69,44,96,77,,74,55,54,88,96,72,65,70,68,72,53,55,79,76,,77,88,82,84,63,58,82,68,42,,58,48,,72,78,,106,99,96,,102,,91,,47,48,79,97,96,96,145,133,138,136,87,99,89,55,,148,152,,106,100,148,,147,148,83,84,150,156,,83,85,147,135,,,157,164,153,,154,149,125,114,88,136,119,,121,,,108,95,98,94,105,103,125,126,83,,91,130,122,118,123,118,120,122,114,,,140,110,,103,,107,123,124,86,79,53,111,137,53,43,80,102,125,,101,70,73,72,37,58,56,,52,,36,54,178,45,86,85,147,115,61,56,52,105,52,91,,,49,53,49,50,,143,152,143,64,,78,62,,,34,63,61,43,77,79,34,35,41,62,81,136,111,132,100,,49,54,,172,90,101,103,115,138,86,50,80,85,54,55,62,38,50,153,35,119,37,87,33,84,65,74,88,44,82,80,96,,136,53,172,59,136,130,98,102,101,58,47,130,51,68,84,73,101,94,141,58,48,35,91,69,87,90,,,211,73,78,58,77,89,81,74,51,148,57,47,74,86,47,45,60,42,,70,192,182,181,163,108,145,26,33,28,38,33,34,42,27,28,90,115,162,138,141,152,71,84,44,50,33,47,74,54,133,166,141,129,108,76,74,88,78,92,101,110,124,95,66,87,179,106,82,112,53,44,,46,74,63,68,85,56,41,41,84,85,56,105,57,88,91,90,91,91,76,87,97,97,83,86,88,143,125,80,104,100,164,,151,94,122,37,30,67,51,32,34,,42,62,59,57,86,85,108,,40,151,81,80,67,118,86,95,146,114,117,141,116,49,58,46,45,44,50,52,51,36,93,79,164,140,74,72,79,48,71,65,52,65,68,47,33,43,60,45,105,96,100,90,94,116,174,104,81,131,74,112,105,122,138,97,80,99,170,99,43,54,56,64,46,49,66,47,73,65,48,46,50,52,51,54,51,45,86,64,59,74,102,77,69,83,82,81,154,154,160,88,122,128,38,30,38,50,48,47,42,47,39,33,37,68,,49,47,50,52,129,118,94,126,99,107,59,54,65,61,54,100,115,110,98,142,89,70,80,70,74,66,68,,34,62,113,84,80,87,92,100,98,64,69,57,64,53,51,128,136,119,112,116,132,119,103,84,94,39,36,43,38,70,77,121,93,54,62,72,79,83,77,73,60,53,43,82,59,48,48,85,103,88,86,29,117,118,107,128,102,132,103,115,107,85,85,92,110,66,135,97,67,116,130,92,110,94,179,168,,82,64,94,92,78,96,156,40,34,28,33,50,55,116,109,123,109,113,57,65,63,40,67,,80,64,36,120,85,88,52,90,61,52,48,67,49,123,44,44,25,169,78,49,52,60,39,38,84,76,51,69,156,148,125,73,60,116,78,105,78,38,88,66,89,97,107,51,39,40,39,154
20230729,23,CO,0.8,0.4,0.5,0.5,0.4,0.3,0.4,0.3,0.4,0.3,0.4,0.5,,,0.7,,0.6,0.5,0.7,,0.5,,0.4,0.3,,0.5,0.4,,0.4,0.2,0.3,0.4,0.2,0.2,0.5,,1.9,1.5,,1.8,1.5,0.2,0.3,0.3,,0.3,,0.2,0.3,0.3,0.1,0.3,0.3,0.4,,0.2,0.3,,0.3,0.2,0.7,0.6,0.6,0.6,0.5,0.5,0.5,0.4,,0.5,0.2,0.1,,0.3,0.3,,0.4,0.2,0.2,0.3,0.6,,0.4,0.6,0.4,0.9,0.5,0.5,,0.5,0.7,,,0.6,0.6,0.6,0.4,0.5,1,1.1,,0.9,0.8,0.8,0.9,0.8,,0.7,0.6,0.2,0.3,0.6,0.5,,0.1,0.6,0.6,0.3,0.4,0.4,0.3,0.3,0.3,0.2,,0.3,0.3,0.3,0.7,0.6,0.7,,0.4,0.5,0.6,0.4,0.5,0.4,0.4,0.5,0.4,0.3,0.4,0.6,0.3,,0.4,0.4,0.3,0.4,0.2,0.4,0.1,0.5,0.4,0.6,0.1,0.3,0.4,0.4,,0.5,0.5,0.4,0.5,0.5,0.6,0.4,0.4,0.4,0.4,0.3,0.2,,,,0.3,0.3,,0.3,0.2,0.3,,,,0.2,,0.7,0.5,0.4,0.6,0.5,0.5,0.2,0.5,0.6,,,,0.4,0.5,,0.6,0.5,0.5,0.5,0.5,,0.5,0.7,0.5,0.7,0.7,0.4,0.4,0.3,,0.3,,0.6,0.6,,0.5,0.6,,0.4,0.6,0.6,,0.6,0.4,0.4,0.4,0.5,0.4,0.3,,,0.4,0.4,0.4,0.4,0.5,0.5,0.4,,0.4,,,0.5,,0.4,0.4,,0.5,0.3,0.5,0.4,0.4,0.3,,0.3,0.3,0.4,0.4,0.3,0.4,0.4,0.4,0.3,0.5,0.6,0.3,0.4,0.4,0.6,0.5,0.4,0.3,,,0.3,0.3,0.5,0.5,,0.4,0.4,0.5,0.4,0.7,,0.5,0.6,0.2,,0.5,0.3,0.2,0.5,,0.6,0.6,0.4,0.4,0.3,,,0.2,0.4,0.4,0.2,0.4,0.3,0.4,0.5,0.4,0.4,0.5,0.5,0.5,0.4,0.6,0.6,0.5,0.4,0.5,0.5,0.4,0.5,,0.6,0.6,0.5,0.6,0.5,0.4,0.4,0.5,0.6,0.4,0.7,0.5,0.8,0.6,,0.5,0.5,0.6,0.7,0.8,0.6,0.8,0.4,0.7,0.6,0.6,1,0.6,0.6,,0.6,0.6,0.9,0.6,0.5,0.4,0.3,0.5,0.5,0.6,0.4,0.6,,0.6,0.6,0.5,0.4,0.3,0.3,0.4,0.6,0.5,0.5,0.4,,,0.9,0.6,0.9,0.7,0.8,0.6,0.8,0.7,0.4,0.5,0.4,0.5,0.7,0.6,0.7,0.7,0.6,0.8,0.7,0.8,,0.4,0.4,0.3,0.4,0.3,,1,1.1,0.6,0.5,0.8,0.7,0.7,,,1,0.5,1,0.8,1,,0.4,0.4,0.5,0.6,,,0.8,0.6,0.7,0.6,0.5,0.7,0.3,0.6,0.7,0.8,0.6,,0.6,0.4,1,0.6,0.9,0.8,0.2,0.3,0.2,0.3,0.2,0.2,0.8,0.8,0.6,0.8,0.8,1.1,0.8,0.6,,0.8,,0.9,0.9,,0.3,,0.3,0.5,,,,,0.5,,,,0.4,0.5,0.5,0.4,0.2,0.6,0.5,,0.4,0.1,0.5,0.3,0.3,0.6,0.7,0.3,0.6,0.5,0.6,,0.4,0.6,0.5,0.4,,1,0.7,0.7,0.9,0.6,0.5,0.5,0.5,0.8,,0.7,0.4,0.4,0.5,0.5,1,0.7,0.5,0.4,0.3,0.2,0.1,0.4,,0.6,0.5,0.7,,,0.5,,0.1,0.5,0.1,0.3,0.5,,0.2,0.6,,,0.1,0.2,0.2,,,0.1,,0.2,,0.2,0.3,0.4,0.3,0.2,0.6,0.2,0.4,0.3,,,,,0.3,,,0.5,,0.5,0.3,0.3,0.4,0.1,0.3,0.4,0.2,0.3,0.4,,,,,0.6,,0.7,0.5,0.5,0.6,0.5,0.7,0.7,0.5,,0.7,0.6,0.6,0.7,0.7,0.5,0.6,0.6,0.5,0.7,0.5,0.7,0.7,0.7,0.6,0.6,0.6,0.6,0.7,0.6,,0.5,0.3,0.5,,0.5,0.5,,1,1,0.9,1,1,,0.6,0.7,,,0.2,0.1,,0.5,,0.6,0.6,0.5,0.5,0.6,0.7,,0.9,0.9,,0.8,0.9,,0.7,,0.7,0.5,0.7,,0.5,0.6,0.5,0.4,0.5,,0.4,0.8,0.7,0.7,1.5,0.3,0.7,0.3,1.1,0.6,1,0.7,0.4,0.3,3,1.1,0.7,0.7,0.4,0.3,0.5,0.4,0.3,0.5,0.5,0.7,0.5,0.6,0.7,0.7,0.8,0.5,0.5,,0.3,0.3,0.3,0.2,0.4,0.2,0.3,0.5,0.3,0.4,0.4,0.5,0.5,0.6,,0.6,0.6,0.5,,0.4,0.5,0.8,0.4,0.4,,0.7,0.6,0.4,,1.3,,1,0.7,0.8,0.7,0.5,0.2,0.1,,,,0.3,,0.7,,0.7,,,,0.5,0.6,0.6,1,0.9,,1,,0.4,0.3,0.5,0.4,0.5,0.5,,0.6,0.7,0.5,0.6,0.5,0.6,,0.6,,,0.4,0.2,0.3,0.1,0.7,0.6,0.6,0.6,0.6,0.5,0.4,0.6,0.6,0.6,0.9,1,0.8,1,0.8,0.3,0.1,0.5,0.7,0.6,0.8,0.7,0.6,0.7,0.7,0.6,,0.7,0.7,1,1.2,0.4,0.7,0.7,0.7,,,,,0.5,0.6,,0.7,0.4,0.4,0.4,0.4,0.4,0.3,0.8,0.9,0.6,0.3,0.5,0.8,0.7,,0.8,,,1.2,0.8,0.8,,0.7,0.6,,0.9,0.5,0.5,0.8,0.7,0.7,0.6,0.6,0.7,0.6,0.7,0.8,0.7,,0.3,1.1,0.3,0.5,0.3,0.4,0.4,0.2,0.1,,0.4,0.2,0.4,0.3,0.2,,,0.5,,,,,0.4,,,,,,,,,,,,,,,,0.3,,,,,,,,,,,,,,,,,,,,,,,,,,,,,,,,,,,,,,0.4,0.4,0.5,0.5,0.5,0.4,0.4,0.5,0.5,,,,1.8,1.1,1.6,1.9,,0.9,0.7,0.5,0.6,0.7,0.5,0.4,,0.4,0.3,1.3,,,1.5,1.2,,0.6,0.6,0.6,,0.5,,0.7,0.5,,,0.1,0.7,,,0.6,0.4,0.5,,,0.4,0.4,0.3,0.3,0.5,0.5,0.5,0.6,0.5,0.8,0.5,0.5,0.3,0.4,0.3,0.7,0.6,0.6,0.5,0.7,0.6,0.7,0.6,0.7,,0.2,0.1,0.7,,0.3,0.1,0.5,0.5,0.3,0.3,,0.2,0.5,0.6,0.6,,,,,0.4,0.2,0.2,0.2,0.4,,0.4,0.2,0.2,0.3,0.5,0.5,0.4,0.4,0.4,0.4,,,0.7,0.6,0.4,0.3,0.3,0.3,,0.2,0.3,0.3,,0.4,0.3,0.3,,0.3,0.2,0.1,0.2,0.2,0.3,0.9,,0.2,0.2,0.3,0.5,0.3,0.5,0.4,0.5,,0.3,0.5,0.5,0.3,0.1,,,0.5,,0.4,,,,0.1,0.2,0.2,0.3,0.6,0.5,,0.5,,0.3,0.4,0.4,0.8,0.8,0.5,0.6,,0.7,0.7,1.7,,,0.8,0.6,0.6,,0.6,0.5,0.4,,,0.9,0.6,0.2,0.4,0.4,0.2,0.4,0.6,3.1,0.4,3,1.3,0.5,0.5,0.6,,0.3,0.4,0.4,0.4,0.1,,1.2,0.6,0.8,0.9,0.7,0.6,0.6,0.8,0.7,,0.7,0.7,0.7,0.5,1.1,0.9,0.8,1,0.6,0.3,0.7,,0.4,0.4,0.4,,0.5,0.5,0.5,0.5,,0.4,0.4,0.4,,0.6,0.2,0.3,0.4,0.4,,0.4,0.4,0.2,0.4,0.8,0.3,0.4,,0.2,0.2,0.3,0.7,0.4,,0.5,0.4,0.6,0.8,0.3,0.3,0.7,0.6,0.5,0.5,0.7,0.7,,1,0.7,0.3,,0.6,0.6,,0.8,0.4,0.6,0.6,,0.6,0.6,0.6,0.7,0.7,0.4,0.6,0.6,0.6,0.7,0.6,0.3,0.4,0.5,0.4,0.5,0.3,0.6,0.5,0.6,0.7,0.7,0.6,0.5,0.5,0.4,0.5,0.7,0.5,0.5,0.5,0.8,0.6,0.6,0.7,0.5,0.5,0.4,0.6,1,0.4,0.6,0.6,0.7,0.9,0.6,0.9,0.6,0.4,0.5,0.3,0.6,0.5,0.8,0.8,0.7,1,0.8,0.6,0.8,0.6,1,0.9,0.8,0.6,0.4,0.7,0.5,,0.6,0.5,0.5,0.3,0.6,,0.3,0.7,0.5,0.4,0.4,0.5,0.5,0.5,0.5,0.6,0.6,0.6,0.7,0.3,0.5,,,,0.6,0.5,,0.6,0.2,0.4,0.4,0.4,0.5,,0.6,0.5,0.6,,,,,0.5,0.5,0.6,0.5,0.5,0.1,,0.5,,0.7,0.3,0.7,0.6,0.7,0.5,0.6,1,0.6,0.9,0.7,,,,,0.4,0.2,0.5,0.6,,0.7,0.5,,0.5,0.5,0.4,0.4,0.4,0.8,0.7,0.7,0.6,0.5,0.7,0.6,0.8,0.8,,0.6,0.5,0.3,0.6,0.6,0.4,0.8,0.7,0.8,,0.5,0.4,,0.3,,,0.2,0.2,0.6,,1,,0.2,,0.4,0.5,0.4,0.6,0.5,0.5,0.5,0.8,0.6,0.7,0.3,0.5,0.5,0.5,,0.7,0.3,,0.5,0.6,0.4,,0.4,0.5,0.4,0.8,0.3,0.5,,0.4,0.3,0.1,,,,0.3,0.5,0.3,,0.4,0.5,0.4,0.4,0.6,0.4,0.5,,0.6,,,0.3,0.5,0.5,0.4,0.3,0.3,0.1,0.3,0.5,,0.4,0.2,0.5,0.4,0.3,0.3,0.4,0.5,0.6,,,1,0.6,,0.5,,0.6,0.4,0.4,0.5,1.6,0.4,0.5,0.8,0.8,0.6,0.8,0.1,0.4,,0.7,0.6,0.4,0.4,0.3,0.4,0.5,,0.3,,0.1,,0.6,,2.2,0.8,,0.2,0.1,1.2,1,0.5,0.4,0.3,,,0.4,0.4,0.4,0.4,,0.5,0.5,0.5,0.9,,0.5,0.5,,,0.4,0.5,0.3,0.3,0.4,0.5,0.9,0.6,0.3,0.4,0.7,0.7,0.7,0.5,0.9,,0.4,0.5,,0.6,0.5,0.3,0.4,0.5,0.5,0.3,,0.7,1,0.5,0.3,0.4,0.5,0.6,1.5,,0.4,0.3,0.4,0.4,0.3,0.4,0.6,0.7,4.1,0.7,0.7,0.4,,0.4,0.1,1.3,0.5,0.5,0.4,0.5,0.4,0.5,0.3,0.4,0.3,0.3,0.7,0.5,0.3,0.8,0.4,0.6,0.5,0.5,0.3,0.6,0.4,0.6,0.5,,,0.3,0.3,0.2,0.6,0.4,0.1,0.5,0.3,,0.3,0.6,0.3,0.3,0.5,1.1,0.4,0.6,0.5,,1.2,0.2,0.4,0.4,0.8,0.3,0.3,0.4,0.5,0.4,0.4,0.6,0.4,0.5,0.5,0.5,0.3,0.7,0.7,0.4,0.5,0.5,0.5,0.3,0.4,0.4,0.5,0.2,0.2,0.4,0.6,0.5,0.6,0.7,0.4,0.4,0.7,0.5,0.6,0.8,0.4,0.5,0.7,0.8,0.6,0.5,0.6,0.8,0.7,0.1,,0.5,,0.1,0.4,0.3,0.4,0.4,0.7,0.5,0.6,0.5,0.5,0.1,0.3,0.2,0.8,0.8,0.3,0.2,0.4,0.4,0.3,0.6,0.7,0.7,0.7,0.7,0.5,0.6,0.5,0.6,0.5,0.5,,0.6,0.5,0.5,0.3,0.4,0.2,0.3,0.3,0.1,,0.3,0.6,0.4,0.3,0.8,1,0.8,,0.4,0.4,0.6,0.5,1,0.6,0.6,0.7,0.8,0.5,0.6,0.7,0.7,0.5,0.3,0.5,0.7,0.4,0.5,0.5,1.1,0.3,0.4,0.4,0.4,0.5,0.6,0.7,0.3,0.5,0.5,0.6,0.5,0.4,0.6,0.4,0.4,0.4,0.4,0.2,0.3,0.4,0.3,0.6,0.3,0.5,0.5,0.7,0.7,0.5,0.5,0.4,0.5,0.6,0.5,0.6,0.6,0.4,0.4,0.3,0.3,0.3,0.2,0.4,0.8,0.2,0.3,0.4,0.3,0.5,0.6,0.5,0.4,0.4,0.5,0.2,0.1,0.3,0.4,0.4,0.2,0.1,0.4,0.7,0.5,0.7,0.8,0.3,0.4,0.5,0.6,1,0.6,0.7,,0.2,0.4,0.7,0.5,0.4,0.5,0.4,0.3,0.1,0.4,0.3,,0.3,0.5,0.3,0.3,0.2,0.3,0.5,0.5,0.5,0.7,0.7,0.4,0.3,0.6,0.3,0.5,0.8,0.6,0.7,0.7,0.6,0.5,0.6,0.3,0.4,0.6,0.6,,0.4,0.6,0.3,0.4,0.5,0.7,0.5,0.6,0.8,0.4,0.5,0.4,0.5,0.4,0.5,0.5,0.8,0.6,0.7,0.3,0.5,0.8,0.5,0.3,0.1,2.1,1.5,1,1.3,,0.5,0.1,0.1,0.1,0.3,0.3,0.3,0.3,0.5,0.5,,0.5,0.4,0.9,0.2,,0.2,0.8,0.7,0.6,0.9,0.4,0.7,0.6,0.8,0.8,0.6,0.2,0.2,0.6,0.8,0.6,0.6,0.5,0.6,1.2,0.4,0.3,0.8,0.8,0.7,0.8,0.8,0.4,0.6,1.2,,0.7,0.3,0.9,0.9,0.3,0.5,0.6,0.6,0.1,0.2,,0.4,0.3,0.4,0.4,0.9,0.7,0.5,0.5,0.4,0.6,0.5,0.3,,1.6,0.4,0.3,0.2,1.4,1.1,0.2,1.2,0.5,0.4,0.5,0.4,0.6,0.5,0.6,0.3,0.6,0.7,0.5,0.5,0.2,0.3,1.7,2.3,,0.5,0.6,0.4,0.6,0.6,0.5,0.4,0.2,0.2,0.1,0.3,0.2,,0.7,0.3,0.4,0.6,0.6,0.3,0.3,0.1,0.6,0.4
20230729,23,CO_24h,0.7,0.5,0.6,0.6,0.6,0.3,0.4,0.4,0.4,0.4,0.5,0.4,,,0.7,,0.6,0.5,0.7,,0.6,,0.2,0.5,,0.4,0.5,,0.5,0.3,0.4,0.5,0.4,0.3,0.6,,0.6,0.7,,0.8,0.7,0.4,0.3,0.3,,0.2,,0.3,0.4,0.3,0.2,0.3,0.5,0.4,,0.3,0.3,,0.4,0.2,0.6,0.5,0.5,0.5,0.5,0.5,0.4,0.5,,0.5,0.2,0.1,,0.4,0.4,,0.5,0.3,0.4,0.4,0.7,,0.5,0.8,0.6,0.9,0.6,0.6,,0.5,0.7,,,0.5,0.5,0.5,0.4,0.4,0.7,0.7,,0.6,0.6,0.6,0.7,0.5,,0.5,0.6,0.2,0.3,0.5,0.4,,0.1,0.5,0.5,0.4,0.5,0.5,0.4,0.3,0.4,0.3,0.5,0.4,0.4,0.4,0.7,0.6,0.5,0.6,0.5,0.5,0.6,0.5,0.7,0.4,0.3,0.5,0.4,0.3,0.4,0.6,0.4,,0.4,0.4,0.3,0.4,0.2,0.4,0.1,0.5,0.4,0.5,0.1,0.3,0.4,0.4,,0.5,0.4,0.4,0.4,0.5,0.5,0.3,0.4,0.4,0.4,0.3,0.2,,,,0.4,0.3,,0.3,0.2,0.3,,,,0.2,,0.7,0.6,0.2,0.6,0.5,0.4,0.2,0.5,0.6,,,,0.4,0.5,,0.6,0.5,0.5,0.3,0.4,,0.5,0.6,0.5,0.6,0.7,0.3,0.4,0.3,,0.3,,0.5,0.4,,0.5,0.6,,0.4,0.5,0.6,,0.7,0.4,0.5,0.5,0.5,0.4,0.3,,,0.4,0.4,0.4,0.4,0.4,0.5,0.4,,0.4,,,0.5,,0.5,0.4,,0.5,0.4,0.4,0.4,0.4,0.3,,0.3,0.4,0.4,0.4,0.4,0.4,0.4,0.4,0.3,0.4,0.5,0.2,0.3,0.3,0.5,0.4,0.4,0.3,,,0.3,0.3,0.5,0.4,,0.3,0.6,0.5,0.3,0.6,,0.5,0.6,0.5,,0.4,0.4,0.2,0.6,,0.6,0.6,0.5,0.6,0.3,,,0.3,0.4,0.4,0.2,0.4,0.3,0.4,0.4,0.4,0.4,0.5,0.4,0.4,0.4,0.6,0.6,0.5,0.4,0.5,0.4,0.4,0.5,,0.5,0.5,0.3,0.5,0.4,0.3,0.4,0.3,0.5,0.4,0.6,0.5,0.7,0.7,,0.6,0.5,0.6,0.7,0.8,0.6,0.8,0.4,0.9,0.7,0.7,1,0.6,0.7,,0.6,0.6,0.9,0.6,0.5,0.5,0.3,0.5,0.5,0.7,0.4,0.7,,0.6,0.7,0.6,0.4,0.5,0.3,0.4,0.6,0.5,0.5,0.5,,,1,0.7,1,0.7,0.8,0.6,0.8,0.7,0.5,0.5,0.4,0.5,0.8,0.6,0.8,0.8,0.6,0.8,0.7,0.9,,0.5,0.5,0.3,0.4,0.3,,0.9,1,0.6,0.5,0.7,0.7,0.7,,,0.9,0.4,0.9,0.7,1,,0.4,0.4,0.5,0.6,,,0.5,0.6,0.8,0.5,0.3,0.7,0.3,0.5,0.7,0.5,0.5,,0.6,0.5,0.6,0.4,0.6,0.6,0.2,0.3,0.2,0.2,0.1,0.2,0.7,0.7,0.6,0.5,0.7,0.8,0.7,0.4,,0.8,,0.7,0.7,,0.4,,0.5,0.6,,,,,0.6,,,,0.5,0.4,0.4,0.3,0.2,0.5,0.4,,0.4,,0.5,0.2,0.3,0.5,0.5,0.5,0.5,0.4,0.4,0.4,0.4,0.5,0.4,0.5,,0.8,0.9,0.5,0.8,0.6,0.5,0.4,0.5,0.9,,0.6,0.4,0.4,0.5,0.6,0.8,0.5,0.5,0.4,0.3,0.2,0.1,0.4,,0.6,0.6,0.6,,,0.5,,0.1,0.7,0.2,0.3,0.5,,0.3,0.7,,,0.2,0.3,0.3,,,0.2,0.3,0.2,,0.2,0.3,0.3,0.3,0.2,0.6,0.1,0.2,0.3,0.2,,,,0.3,,,0.5,,0.5,0.3,0.3,0.4,0.2,0.3,0.4,0.2,0.2,0.4,,,,,0.6,,0.6,0.6,0.6,0.6,0.5,0.7,0.7,0.6,,0.7,0.5,0.7,0.6,0.7,0.6,0.6,0.7,0.6,0.9,0.6,0.6,0.6,0.7,0.6,0.6,0.6,0.6,0.7,0.7,,0.5,0.4,0.5,,0.5,0.5,,0.7,0.8,0.8,0.7,0.9,,0.7,1,,,0.2,0.2,,0.5,,0.6,0.6,0.7,0.7,0.7,0.7,,0.6,0.8,,1,1,,0.9,,0.8,0.7,0.8,,0.7,0.7,0.5,0.4,0.4,,0.6,0.9,0.8,0.8,1.1,0.5,0.6,0.4,0.6,0.4,0.7,0.4,0.6,0.2,1.2,2.2,0.6,0.6,0.4,0.4,0.5,0.4,0.5,0.5,0.5,0.7,0.5,0.6,0.6,0.6,0.5,0.3,0.3,,0.3,0.4,0.4,0.3,0.4,0.3,0.3,0.5,0.4,0.4,0.4,0.4,0.4,0.5,,0.6,0.6,0.5,,0.4,0.5,0.7,0.4,0.6,,0.8,0.6,0.6,,1.1,,0.9,0.8,0.7,0.6,0.5,0.2,0.2,,,,0.3,,0.6,,0.5,,0.6,,0.4,0.6,0.3,0.8,0.8,,0.8,,0.4,0.3,0.5,0.4,0.5,0.4,,0.5,0.6,0.5,0.5,0.4,0.6,,0.6,,,0.4,0.2,0.3,0.2,0.7,0.6,0.6,0.6,0.6,0.5,0.5,0.6,0.6,0.4,0.8,0.9,0.8,0.9,0.7,0.3,0.3,0.5,0.5,0.5,0.6,0.6,0.6,0.6,0.6,0.6,,1.4,0.7,1.4,2.4,0.4,0.6,0.6,0.6,,,,,0.5,0.5,,0.5,0.4,0.4,0.3,0.3,0.3,0.2,0.6,0.7,0.5,0.3,0.5,0.7,0.6,,0.7,1,,1,0.5,0.8,,0.6,0.5,,0.7,0.3,0.6,0.5,0.5,0.5,0.5,0.4,0.5,0.7,0.8,0.9,0.8,,0.5,0.7,0.4,0.5,0.5,0.4,0.3,0.2,0.1,,0.3,0.3,0.3,0.2,0.2,,,0.5,,,,,0.4,,,,,,,,,,,,,,,,0.3,,,,,,,,,,,,,,,,,,,,,,,,,,,,,,,,,,,,,,0.4,0.4,0.5,0.5,0.5,0.4,0.4,0.5,0.5,,,,1.8,1.6,1.4,1.3,,1.3,0.7,0.6,0.6,0.7,0.5,0.6,,0.6,0.5,1.3,,,1.5,1.3,,0.7,0.6,0.5,,0.5,,0.7,0.5,,,0.4,0.5,,,0.5,0.4,0.6,,,0.3,0.3,0.3,0.3,0.5,0.5,0.5,0.7,0.5,0.8,0.5,0.5,0.3,0.3,0.3,0.7,0.6,0.7,0.6,0.7,0.7,0.7,0.7,0.7,,0.4,0.3,0.6,,0.3,0.1,0.5,0.5,0.4,0.3,,0.2,0.5,0.6,0.6,0.1,,,,0.4,0.2,0.4,0.1,0.4,,0.3,0.4,0.5,0.8,0.5,0.4,0.5,0.4,0.5,0.4,,,0.8,0.5,0.4,0.4,0.4,0.4,,0.1,0.2,0.2,,0.3,0.2,0.3,,0.3,0.2,0.1,0.2,0.2,0.2,0.3,,0.2,0.2,0.3,0.5,0.2,0.5,0.4,0.6,,0.4,0.3,0.4,0.2,0.2,0.2,,0.5,,0.5,,,,0.1,0.2,0.2,0.4,0.6,0.5,,0.4,,0.2,0.3,0.4,0.7,0.8,0.5,0.6,,0.9,0.8,1,,,0.6,0.5,0.5,,0.6,0.4,0.3,,,0.8,0.5,0.2,0.4,0.4,0.2,0.4,0.6,0.6,0.5,0.6,0.9,0.5,0.5,0.9,,0.4,0.4,0.5,0.4,0.4,,1.2,0.6,0.9,0.9,0.7,0.6,0.6,0.7,0.6,,0.7,0.8,0.7,0.7,1.1,1,0.9,1,0.6,0.4,0.7,,0.6,0.4,0.4,,0.6,0.6,0.5,0.5,,0.4,0.3,0.5,,0.6,0.2,0.3,0.5,0.5,,0.4,0.3,0.2,0.3,0.8,0.3,0.4,,0.2,0.2,0.3,0.5,0.5,,0.6,0.5,0.6,0.8,0.4,0.2,0.6,0.5,0.6,0.5,0.6,0.6,,0.5,0.5,0.3,,0.6,0.6,,0.7,0.4,0.5,0.5,,0.6,0.6,0.7,0.7,0.6,0.2,0.6,0.6,0.7,0.9,0.6,0.3,0.3,0.4,0.4,0.1,0.4,0.5,0.5,0.6,0.7,0.8,0.6,0.5,0.5,0.4,0.5,0.7,0.5,0.6,0.5,0.7,0.6,0.8,0.7,0.5,0.5,0.7,0.9,1,0.4,0.6,0.5,0.6,0.9,0.7,1.2,0.7,0.7,0.6,0.7,0.7,0.7,0.7,0.8,0.8,0.7,0.6,0.6,0.7,0.6,0.7,0.8,0.7,0.6,0.5,0.8,0.7,,0.6,0.5,0.5,0.3,0.6,,0.3,0.5,0.3,0.3,0.3,0.4,0.4,0.4,0.5,0.6,0.5,0.7,0.8,0.3,0.5,,,,0.4,0.4,,0.4,0.2,0.5,0.4,0.5,0.5,,0.5,0.4,0.6,,,,,0.4,0.4,0.4,0.4,0.4,,,0.4,,0.3,0.3,0.8,0.6,0.7,0.6,0.4,0.6,0.7,0.5,0.6,,,,,0.4,0.3,0.3,0.5,0.3,0.4,0.6,,0.4,0.5,0.5,0.3,0.4,0.7,0.7,0.7,0.6,0.4,0.4,0.5,0.8,0.7,,0.5,0.5,0.4,0.4,0.5,0.4,0.6,0.6,0.8,,0.4,0.3,,0.4,0.5,,0.3,0.3,0.5,,0.3,,0.1,,0.5,0.4,0.4,0.7,0.6,0.5,0.6,0.8,0.6,0.7,0.3,0.5,0.5,0.4,,0.9,0.3,,0.4,0.5,0.4,,0.4,0.5,0.3,0.5,0.4,0.5,,0.4,0.4,0.1,,,,0.2,0.4,0.3,,0.4,0.4,0.5,0.4,0.5,0.4,0.5,,0.5,,,0.3,0.4,0.4,0.4,0.4,0.4,0.2,0.4,0.5,,0.3,0.3,0.4,0.3,0.3,0.3,0.3,0.4,0.6,,,0.5,0.5,,0.4,,0.6,0.4,0.4,0.4,1.5,0.2,0.6,0.8,0.5,0.4,0.6,0.3,0.6,,0.6,0.6,0.4,0.4,0.4,0.4,0.5,,0.4,,0.1,0.3,0.6,0.9,0.9,0.8,1.1,0.2,0.1,0.7,0.7,0.4,0.4,0.3,,,0.5,0.4,0.4,0.4,,0.5,0.5,0.5,0.7,,0.4,0.5,,,0.3,0.5,0.3,0.4,0.4,0.2,0.8,0.5,0.3,0.4,0.5,0.6,0.6,0.6,1.1,,0.4,0.5,,0.6,0.6,0.3,0.3,0.4,0.6,0.3,,0.6,0.8,0.8,0.3,0.4,0.7,0.7,0.9,,0.7,0.3,0.3,0.5,0.2,0.5,0.8,0.2,0.9,0.5,0.6,0.4,,0.3,0.1,0.8,0.4,0.4,0.4,0.5,0.5,0.5,0.1,0.4,0.3,0.4,0.6,0.6,0.4,0.6,0.4,0.6,0.3,0.5,0.3,0.5,0.4,0.5,0.5,,,0.6,0.3,0.3,0.6,0.4,0.1,0.5,0.3,0.4,0.3,0.6,0.4,0.3,0.6,1,0.4,0.6,0.4,,1,0.6,0.5,0.5,0.5,0.3,0.4,0.4,0.5,0.4,0.4,0.6,0.4,0.5,0.5,0.5,0.4,0.7,0.6,0.5,0.6,0.4,0.4,0.3,0.4,0.4,0.6,0.2,0.3,0.5,0.6,0.6,0.7,0.7,0.3,0.5,0.7,0.6,0.7,0.9,0.5,0.5,0.7,0.9,0.6,0.6,0.5,0.9,0.7,0.1,0.1,0.3,,0.2,0.4,0.3,0.4,0.5,0.6,0.4,0.5,0.5,0.4,0.4,0.2,0.2,0.8,0.7,0.6,0.3,0.6,0.4,0.3,0.6,0.7,0.7,0.6,0.5,0.7,0.6,0.5,0.5,0.5,0.5,,0.6,0.4,0.8,0.3,0.4,0.2,0.2,0.2,0.2,,0.3,0.6,0.5,0.3,0.7,1.1,0.8,,0.4,0.2,0.5,0.5,0.7,0.5,0.6,0.7,0.6,0.5,0.7,0.8,0.7,0.5,0.3,0.5,0.7,0.5,0.6,0.4,1,0.3,0.6,0.4,0.5,0.6,0.6,0.7,0.3,0.5,0.4,0.6,0.5,0.4,0.6,0.4,0.3,0.5,0.4,0.2,0.2,0.3,0.2,0.6,0.3,0.5,0.4,0.7,0.6,0.5,0.5,0.5,0.5,0.7,0.5,0.6,0.7,0.5,0.5,0.4,0.5,0.3,0.3,0.7,0.8,0.2,0.3,0.3,0.3,0.4,0.5,0.6,0.4,0.4,0.7,0.3,0.2,0.3,0.3,0.4,0.3,0.8,0.4,0.6,0.4,0.7,0.8,0.4,0.4,0.5,0.5,0.8,0.5,0.5,0.2,0.3,0.5,0.7,0.3,0.4,0.5,0.4,0.1,0.1,0.4,0.2,,0.3,0.5,0.3,0.3,0.3,0.3,0.4,0.6,0.4,0.7,0.6,0.3,0.2,0.6,0.3,0.4,0.7,0.6,0.6,0.7,0.5,0.4,0.4,0.4,0.4,0.6,0.5,,0.4,0.5,0.3,0.4,0.5,0.7,0.6,0.5,0.8,0.4,0.5,0.4,0.4,0.4,0.5,0.6,0.7,0.6,0.9,0.6,0.4,0.7,0.7,0.4,0.4,0.8,1.1,0.7,0.9,0.2,0.8,0.2,0.3,0.3,0.4,0.3,0.3,0.3,0.4,0.4,0.4,0.5,0.7,0.9,0.2,0.2,0.3,0.6,0.4,0.7,0.8,0.4,0.8,0.7,0.5,0.8,0.6,0.1,0.2,0.6,0.7,0.4,0.6,0.6,0.7,1.8,0.4,0.4,0.9,0.9,0.8,0.8,0.9,0.5,0.7,0.6,,0.6,0.3,0.7,0.7,0.4,0.5,0.5,0.5,0.2,0.3,0.1,0.4,0.3,0.4,0.3,0.9,0.5,0.5,0.6,0.4,0.6,0.5,0.4,,0.9,0.3,0.4,0.2,1.4,1.3,0.3,1.4,0.4,0.4,0.7,0.5,0.6,0.7,0.6,0.3,0.7,1,0.5,0.5,0.3,0.3,1,0.8,0.3,0.5,0.6,0.4,0.5,0.5,0.4,0.3,0.3,0.3,0.2,0.5,0.3,0.3,0.6,0.3,0.3,0.6,0.6,0.4,0.5,0.1,0.6,0.4